722055 OCALA MUNI (AWOS)      FL  -5  N29 10  W082 13    27  1010
 1991-2010
 MO AVGLO FL SDGLO AVDIR FL SDDIR AVDIF FL SDDIF AVETR AETRN  TOT  OPQ   H2O   TAU  MAX_T  MIN_T  AVG_T  AVGDT  RH  HTDD  CLDD AVWS
  1  3186 K6   328  4303 K7   973  1159 K6   113  6121 14804  5.1  4.4  2.05  0.08  20.20   6.86  13.31  16.27  70   160    11  2.5
  2  3992 K6   346  4758 K7   918  1392 K6   159  7413 15599  4.7  4.2  2.05  0.09  21.92   8.49  14.97  17.99  67   107    19  2.5
  3  5049 K6   464  5201 K7   923  1775 K6   156  8991 16531  4.3  3.7  2.20  0.12  24.33  10.44  17.44  20.19  66    65    36  2.7
  4  6177 K6   268  5750 K7   529  2150 K6   152 10337 17427  3.6  3.2  2.45  0.15  26.97  12.94  19.95  22.84  65    27    76  2.4
  5  6612 K6   317  5632 K7   535  2478 K6   150 11136 18138  3.4  3.1  3.18  0.19  30.43  17.06  23.69  26.07  68     3   171  2.2
  6  6141 K6   597  4756 K7   902  2590 K6   117 11407 18449  4.2  3.3  4.33  0.21  31.45  21.07  25.61  27.43  76     0   238  1.9
  7  6171 K6   688  4925 K7  1028  2494 K6    92 11214 18187  3.5  2.8  4.69  0.23  32.28  21.91  26.39  28.13  78     0   272  1.7
  8  5759 K6   712  4727 K7  1076  2330 K6   111 10538 17477  3.6  2.9  4.81  0.22  31.67  21.91  26.02  27.87  79     1   263  1.7
  9  5032 K6   525  4377 K7   945  2121 K6   138  9373 16603  4.0  3.3  4.39  0.19  30.89  20.85  25.17  27.40  76     1   228  1.9
 10  4301 K6   313  4436 K7   688  1717 K6   122  7851 15699  4.0  3.5  3.29  0.15  27.48  16.35  21.51  24.02  74    12   123  2.0
 11  3527 K6   256  4400 K7   804  1305 K6   135  6415 14896  4.2  3.7  2.47  0.11  24.16  11.47  17.58  20.43  72    61    45  2.1
 12  2944 K6   270  4018 K7   894  1127 K6   137  5701 14502  5.0  4.5  2.18  0.09  20.55   7.28  13.70  16.76  70   150    13  2.1
 13  4908 K6   162  4774 K7   337  1886 K6    78  8875 16526  4.1  3.5  3.17  0.15  26.86  14.72  20.45  22.95  72   588  1495  2.1
 1991
  1  2834 J8   971  3437 J8  1953  1150 J8   283  6114 14801  7.0  6.5  2.50  0.07  21.10  10.88  15.67  17.82  74    97    24  2.8
  2  4192 J8  1104  5370 J8  2528  1241 J8   392  7395 15586  4.1  3.9  2.08  0.08  23.17  10.45  16.57  19.53  63    66    23  2.2
  3  4993 J8  1453  5143 J8  2483  1676 J8   441  8967 16517  4.6  4.3  2.44  0.10  24.18  11.99  18.08  20.25  62    55    48  3.1
  4  6514 J8   558  6494 J8  1041  1921 J8   426 10320 17412  3.5  3.2  3.14  0.14  27.78  16.73  21.97  24.12  60    15   133  2.2
  5  6963 J8   391  6282 J8  1200  2282 J8   408 11128 18128  3.4  3.1  3.88  0.18  30.56  19.49  24.69  26.63  73     0   208  1.9
  6  7056 J8   517  6222 J8  1504  2430 J8   612 11406 18447  3.7  3.0  4.44  0.21  31.14  20.25  25.26  27.19  73     0   221  1.8
  7  7090 J8   288  6406 J8  1106  2339 J8   473 11220 18196  2.8  2.4  4.77  0.23  31.32  21.27  26.15  27.65  75     7   254  2.3
  8  6498 J8   568  5584 J8  1556  2374 J8   638 10553 17488  3.5  3.1  4.74  0.25  31.70  20.98  26.06  27.96  75     5   253  1.9
  9  5599 J8   647  4947 J8  1298  2186 J8   477  9395 16616  3.6  3.0  4.14  0.26  31.17  16.98  24.34  27.22  72    25   197  1.9
 10  4224 J8   847  3813 J8  1689  1875 J8   482  7875 15711  4.9  4.2  3.33  0.25  26.23  13.67  20.08  22.49  73    49    99  2.2
 11  3233 J8   651  2934 J8  1312  1670 J8   308  6432 14907  5.7  5.0  2.28  0.25  22.61   9.00  16.12  18.83  71   109    34  2.1
 12  2866 J8   470  2925 J8  1207  1422 J8   257  5704 14505  6.1  5.6  2.44  0.25  22.24   9.59  15.97  18.57  73   103    28  2.1
 13  5172 J8  1668  4963 J8  1357  1880 J8   452  8876 16526  4.4  3.9  3.35  0.19  26.93  15.11  20.91  23.19  70   530  1521  2.2
 1992
  1  2887 J8   889  2936 J8  1653  1384 J8   262  6107 14793  5.8  5.3  2.21  0.26  19.09   7.73  13.53  15.86  68   157     4  3.1
  2  3996 J8   814  3719 J8  1625  1806 J8   428  7409 15593  4.9  4.4  2.32  0.27  21.52   9.25  15.16  17.95  72   107    21  2.5
  3  5007 J8  1154  4199 J8  1973  2208 J8   461  9004 16537  4.9  4.1  2.00  0.28  23.61   9.66  17.11  19.63  70    72    19  3.1
  4  6331 J8   902  5204 J8  1699  2513 J8   540 10345 17433  3.7  3.5  2.43  0.30  24.67  10.95  18.08  20.75  61    74    58  2.4
  5  6637 J8   747  4913 J8  1512  2840 J8   520 11140 18140  4.6  4.2  2.82  0.32  27.53  12.81  20.78  22.98  73    50   107  2.4
  6  6379 J8  1129  4455 J8  1838  2899 J8   600 11406 18448  5.0  4.3  4.49  0.33  31.14  20.40  25.59  27.40  78     6   229  2.2
  7  7268 J8   571  6402 J8  1284  2432 J8   529 11210 18184  1.5  1.2  4.12  0.33  33.59  21.70  27.07  29.27  74     0   289  1.6
  8  6762 J8   403  5858 J8  1324  2467 J8   572 10531 17474  1.6  1.3  4.75  0.30  31.05  21.64  25.30  27.07  81     0   248  1.3
  9  5549 J8   852  4983 J8  1668  2116 J8   491  9362 16597  2.8  2.3  4.44  0.26  30.78  21.33  24.98  27.04  79     0   232  1.5
 10  4614 J8   925  4968 J8  1941  1623 J8   396  7837 15695  3.3  3.0  2.91  0.21  26.23  14.61  19.94  22.78  73    10    75  1.8
 11  3340 J8   595  3552 J8  1448  1479 J8   269  6404 14893  5.7  4.9  3.17  0.17  24.14  13.85  18.38  20.52  70    66    86  2.4
 12  2546 J8   643  2455 J8  1571  1361 J8   279  5700 14501  7.1  6.5  2.39  0.14  21.00   8.34  14.42  17.46  69   120     6  1.9
 13  5110 J8  1628  4470 J8  1160  2094 J8   554  8871 16524  4.2  3.8  3.17  0.26  26.20  14.36  20.03  22.39  72   661  1375  2.2
 1993
  1  2640 J8   993  2678 J8  1970  1290 J8   210  6131 14810  7.5  6.9  2.83  0.12  22.16  11.29  16.32  18.90  70    85    36  2.1
  2  3554 J8  1154  3478 J8  2089  1571 J8   345  7424 15606  6.2  5.8  1.92  0.12  19.36   6.10  12.88  15.80  62   157     1  2.4
  3  4653 J8  1245  4143 J8  1936  1894 J8   393  8996 16536  6.7  5.7  2.08  0.14  22.45   9.12  15.70  18.48  66   100    21  3.0
  4  5718 J8  1404  4823 J8  2239  2224 J8   466 10341 17434  4.9  4.7  1.97  0.18  25.32   9.93  17.85  20.98  65    42    21  2.4
  5  6769 J8   919  5690 J8  1824  2541 J8   541 11139 18141  4.0  3.6  2.92  0.21  29.10  15.55  22.31  24.76  68     0   124  1.8
  6  7010 J8   668  5890 J8  1418  2559 J8   540 11407 18452  4.1  3.4  3.92  0.23  31.85  20.35  25.37  27.45  73     0   233  1.6
  7  6913 J8   522  5815 J8  1633  2521 J8   682 11213 18186  3.9  2.8  4.74  0.25  32.79  22.05  26.52  28.34  76     0   282  1.3
  8  6399 J8   594  5499 J8  1382  2365 J8   539 10535 17474  4.1  3.3  4.40  0.23  33.17  21.66  26.64  28.82  75     0   282  1.3
  9  5716 J8   595  5469 J8  1179  1990 J8   386  9369 16600  3.4  2.9  4.38  0.20  31.59  20.72  25.40  27.82  80     0   235  1.1
 10  4116 J8  1292  4021 J8  2290  1685 J8   440  7846 15695  5.4  4.7  3.65  0.16  27.22  17.91  22.13  24.06  80     7   139  1.6
 11  2983 J8   864  3008 J8  1621  1407 J8   220  6411 14892  7.0  6.3  2.97  0.12  23.39  11.40  17.23  19.80  78    67    39  1.9
 12  2799 J8   711  3466 J8  1810  1172 J8   237  5700 14502  6.4  5.9  2.08  0.09  18.57   4.16  11.14  14.47  74   217     1  1.8
 13  4939 J8  1685  4498 J8  1173  1935 J8   509  8876 16527  5.3  4.7  3.16  0.17  26.41  14.19  19.96  22.47  72   676  1412  1.9
 1994
  1  2925 J8   951  3562 J8  2151  1182 J8   282  6123 14807  6.7  5.8  2.26  0.08  18.69   6.62  12.56  15.20  76   181     5  2.1
  2  3320 J8   978  2986 J8  1867  1626 J8   324  7410 15598  7.0  6.6  2.37  0.09  23.24  11.21  16.83  19.54  72    65    34  2.1
  3  4495 J8  1363  4198 J8  2149  1796 J8   350  8982 16526  6.8  6.1  2.37  0.11  24.93  10.55  17.84  20.71  67    61    43  2.2
  4  5896 J8  1067  5345 J8  1715  2118 J8   335 10331 17420  5.1  4.7  2.98  0.15  28.76  15.09  21.66  24.61  69     9   117  0.8
  5  6399 J8   791  5362 J8  1499  2407 J8   439 11134 18136  5.0  4.5  3.34  0.19  29.93  17.14  23.23  25.58  69     0   162  0.8
  6  7077 J8   487  6218 J8  1316  2451 J8   558 11407 18450  3.4  2.8  4.55  0.21  31.40  21.31  25.54  27.36  78     0   241  0.7
  7  7203 J8   538  6596 J8  1582  2302 J8   629 11216 18188  2.3  1.9  4.52  0.23  32.32  21.55  25.93  27.76  77     0   267  0.8
  8  6900 J8   436  6753 J8  1239  2038 J8   498 10544 17479  1.8  1.4  4.59  0.21  30.48  21.60  25.07  26.71  82     0   239  1.2
  9  5067 J8   872  4134 J8  1579  2255 J8   404  9381 16608  5.5  5.0  4.46  0.19  30.22  20.23  24.15  26.43  80     0   207  1.5
 10  4217 J8   803  4004 J8  1871  1798 J8   452  7859 15702  5.9  5.0  3.51  0.14  27.09  17.91  21.85  24.02  79     0   129  1.8
 11  2920 J8   834  2847 J8  1639  1435 J8   294  6421 14900  7.0  6.2  2.96  0.11  25.76  14.12  19.64  22.41  78    19    67  2.0
 12  2472 J8   712  2593 J8  1690  1228 J8   233  5702 14503  7.6  6.9  2.31  0.08  21.01  10.55  15.20  17.66  79   103    24  2.0
 13  4907 J8  1762  4550 J8  1473  1886 J8   447  8876 16526  5.3  4.7  3.35  0.15  26.98  15.66  20.79  23.17  75   438  1534  1.5
 1995
  1  2811 J8   837  3141 J8  1760  1277 J8   259  6115 14803  7.1  6.5  1.88  0.07  18.79   5.65  12.00  15.19  70   192     2  2.1
  2  3646 J8   982  3660 J8  1622  1505 J8   273  7397 15588  7.1  6.6  2.13  0.08  21.13   6.62  13.91  16.94  67   139    14  2.7
  3  4795 J8  1134  4394 J8  1991  1899 J8   396  8969 16517  6.0  5.2  2.43  0.10  24.53  11.45  18.11  20.88  71    44    34  2.4
  4  5618 J8  1246  4699 J8  2293  2250 J8   426 10321 17413  5.5  5.1  2.62  0.14  27.26  13.77  20.50  23.47  70    11    76  1.8
  5  6669 J8   747  5825 J8  1435  2304 J8   451 11128 18128  5.0  4.3  3.35  0.18  31.77  19.08  25.22  27.65  69     0   220  2.1
  6  6549 J8   882  5248 J8  1461  2654 J8   438 11406 18447  5.5  4.4  3.89  0.21  30.43  20.58  25.04  26.81  76     0   215  2.0
  7  6869 J8   553  5776 J8  1386  2518 J8   538 11220 18196  3.5  2.9  4.66  0.22  32.44  22.26  26.50  28.33  77     0   280  1.4
  8  6431 J8  1150  5767 J8  2080  2260 J8   587 10552 17486  2.9  2.5  4.86  0.21  31.86  21.77  26.53  28.36  79     6   269  1.8
  9  5226 J8   757  4618 J8  1683  2079 J8   433  9393 16616  4.9  4.5  4.42  0.18  30.79  21.21  25.12  27.26  80     0   230  1.2
 10  4117 J8   738  3969 J8  1635  1742 J8   409  7873 15711  5.5  4.8  4.04  0.14  28.06  18.30  22.79  24.97  77    12   163  1.8
 11  3372 J8   624  3791 J8  1490  1375 J8   284  6431 14907  6.1  5.2  2.55  0.10  22.41   8.06  15.11  18.49  72   120    27  1.9
 12  2748 J8   707  3334 J8  1846  1182 J8   236  5704 14505  6.6  5.6  2.27  0.08  19.64   6.39  12.47  15.85  71   174     9  1.8
 13  4904 J8  1544  4518 J8   968  1920 J8   500  8876 16526  5.5  4.8  3.26  0.14  26.59  14.59  20.28  22.85  73   697  1539  1.9
 1996
  1  2607 J8   907  2645 J8  2149  1348 J8   287  6108 14794  7.5  6.6  1.96  0.07  20.01   5.08  12.36  15.62  70   189    10  2.5
  2  3592 J8  1028  3793 J8  2218  1539 J8   403  7410 15593  7.2  5.9  1.86  0.08  21.34   6.70  13.67  16.98  67   145    20  2.7
  3  4192 J8  1492  3615 J8  2452  1953 J8   449  9006 16538  6.4  5.6  2.03  0.11  21.65   7.82  14.48  17.30  66   138    27  3.1
  4  5927 J8   953  5410 J8  1879  2135 J8   458 10347 17435  5.6  4.6  2.25  0.14  26.59  11.11  18.89  22.22  67    41    56  2.0
  5  6623 J8   512  5831 J8  1195  2416 J8   404 11140 18140  4.1  3.4  3.32  0.18  31.12  17.99  24.39  26.73  70     0   193  1.4
  6  6419 J8  1025  5129 J8  1586  2629 J8   412 11406 18448  5.0  3.9  4.21  0.21  30.84  20.22  24.89  26.80  77     0   216  1.5
  7  6883 J8   580  6255 J8  1493  2437 J8   567 11210 18183  2.2  1.9  4.34  0.22  33.08  21.84  26.98  28.94  73     0   283  1.9
  8  6491 J8   769  5967 J8  1551  2273 J8   466 10530 17472  2.6  1.7  4.43  0.21  30.96  20.86  25.42  27.49  79     0   235  1.5
  9  5897 J8   794  6195 J8  1928  1834 J8   622  9360 16596  2.2  1.2  4.07  0.18  30.83  19.89  25.04  27.54  76     2   213  1.7
 10  4100 J8  1105  4298 J8  2579  1691 J8   520  7835 15694  3.8  3.1  3.37  0.14  27.14  17.18  21.81  24.05  75     4   123  2.1
 11  3787 J8   689  5292 J8  1890  1150 J8   352  6402 14891  2.9  2.3  2.50  0.10  23.64  10.32  16.92  19.83  72    71    31  2.4
 12  3279 J8   732  5169 J8  2192   942 J8   333  5699 14501  3.2  2.7  2.06  0.08  21.04   7.77  14.16  17.52  72   127     5  1.9
 13  4983 J8  1528  4967 J8  1141  1862 J8   542  8871 16524  4.4  3.6  3.03  0.14  26.52  13.90  19.92  22.58  72   718  1412  2.1
 1997
  1  3490 J8   840  5207 J8  2328  1043 J8   340  6132 14810  3.9  3.2  2.10  0.07  20.29   6.69  13.20  16.36  70   160    10  2.6
  2  4488 J8   912  6303 J8  2356  1199 J8   542  7425 15607  2.3  2.0  2.54  0.08  24.62  10.82  17.36  20.53  69    54    37  2.3
  3  5465 J8  1129  6453 J8  2341  1517 J8   496  8998 16536  2.8  2.3  2.84  0.10  26.97  14.76  20.74  23.32  68     3    82  2.5
  4  6206 J8  1319  6392 J8  2532  1930 J8   601 10343 17436  2.3  2.0  2.82  0.14  26.05  13.39  19.88  22.42  63    19    60  3.1
  5  6946 J8  1047  6741 J8  2172  2161 J8   660 11140 18142  1.9  1.8  3.39  0.18  29.38  16.77  23.13  25.48  68     3   150  2.2
  6  6267 J8  1414  5298 J8  2373  2508 J8   560 11407 18451  3.5  2.7  4.04  0.21  30.83  20.36  25.23  27.15  71     0   218  2.6
  7  6863 J8   957  6029 J8  2015  2480 J8   633 11212 18185  2.2  1.9  4.58  0.22  32.06  21.35  26.35  28.18  76     0   260  2.2
  8  6564 J8   659  6300 J8  1501  2157 J8   548 10534 17472  1.6  1.1  4.60  0.21  31.73  21.93  26.09  28.10  75     0   263  1.8
  9  5797 J8   857  6156 J8  1960  1784 J8   543  9367 16598  1.7  1.4  4.24  0.18  32.57  20.88  26.12  28.86  68     0   252  1.8
 10  4420 J8  1350  5259 J8  2643  1430 J8   434  7844 15694  2.8  2.4  3.07  0.14  28.12  15.26  21.54  24.53  70    12   116  2.0
 11  3863 J8   757  5747 J8  2000  1026 J8   372  6410 14891  2.2  1.9  2.64  0.10  22.41   9.68  15.97  18.90  71    82    13  2.0
 12  2811 J8   979  3804 J8  2735  1066 J8   371  5700 14502  6.1  5.1  2.64  0.08  20.58   8.45  14.33  16.81  71   148    30  2.3
 13  5265 J8  1406  5807 J8   811  1692 J8   555  8876 16527  2.8  2.3  3.29  0.14  27.13  15.03  20.83  23.39  70   480  1491  2.3
 1998
  1  3207 K4  1017  4164 K6  2735  1227 K4   404  6124 14808  4.4  3.1  2.17  0.07  20.60   8.97  14.65  17.02  72   121    11  2.5
  2  3840 K4  1600  4590 K6  3453  1312 K4   547  7412 15600  5.1  3.7  1.86  0.08  21.90   8.22  15.05  17.91  68   109    17  3.3
  3  5240 K4  1563  5774 K6  2918  1688 K4   556  8984 16528  3.1  2.0  2.04  0.10  23.14   8.25  15.93  18.94  59   119    37  2.8
  4  5976 K4  1431  5269 K6  2588  2344 K4   571 10332 17420  2.9  2.1  2.39  0.14  27.23  13.72  20.46  23.30  63    16    81  2.9
  5  6613 K4  1611  5674 K6  2605  2407 K4   581 11134 18136  3.0  2.1  3.13  0.18  31.69  17.23  24.58  27.21  65     0   190  2.7
  6  6865 K4   805  5636 K6  1585  2584 K4   396 11407 18450  3.2  1.8  3.79  0.21  34.41  21.95  27.82  30.21  68     0   296  2.8
  7  5611 K4  1203  3977 K6  1813  2657 K4   344 11216 18188  4.4  2.8  5.02  0.22  32.27  22.38  26.75  28.42  79     0   279  2.3
  8  5465 K4  1090  4201 K6  1795  2425 K4   439 10542 17479  4.6  3.1  4.68  0.21  32.25  21.68  26.38  28.47  79     0   268  1.6
  9  3824 K4  1308  2226 K6  1844  2344 K4   460  9379 16608  5.7  4.5  5.01  0.18  30.11  21.74  25.40  27.11  82     0   228  1.9
 10  4588 K4   776  4939 K6  1735  1747 K4   416  7858 15702  3.2  2.3  2.97  0.14  29.31  17.63  23.04  25.71  73     1   160  1.8
 11  3485 K4  1038  4347 K6  2233  1304 K4   329  6420 14898  3.8  3.3  2.68  0.10  26.03  13.97  19.52  22.42  76    18    68  1.0
 12  3072 K4  1060  4621 K6  2668  1021 K4   278  5702 14503  4.1  4.0  2.37  0.08  23.48  11.23  16.74  19.88  75    74    44  1.4
 13  4815 K4  1328  4618 K6   982  1922 K4   600  8876 16527  4.0  2.9  3.18  0.14  27.70  15.58  21.36  23.88  72   458  1679  2.2
 1999
  1  3534 K4   905  5263 K6  2434  1111 K4   384  6116 14803  3.3  3.0  1.86  0.07  22.44   7.66  14.68  18.38  70   120    18  1.7
  2  4340 K4  1137  5474 K6  2683  1382 K4   484  7399 15592  3.5  3.3  1.77  0.08  22.71   8.69  15.36  18.78  64    95    21  2.4
  3  5574 K4  1349  6276 K6  2581  1630 K4   511  8970 16520  2.2  1.9  1.63  0.10  24.13   7.98  15.95  19.46  60    78     7  2.1
  4  6306 K4  1415  5915 K6  2426  2156 K4   548 10322 17416  2.9  2.7  2.48  0.14  28.82  15.29  21.71  24.57  64    18   129  2.3
  5  6249 K4  1567  5120 K6  2351  2512 K4   527 11129 18128  2.2  2.2  2.73  0.18  29.60  16.85  23.06  25.41  66     3   154  2.1
  6  5189 K4  1318  3145 K6  1813  2774 K4   352 11406 18447  4.1  3.6  4.52  0.21  30.47  21.27  25.15  26.80  76     0   226  1.3
  7  6365 K4   954  5159 K6  1491  2487 K4   328 11219 18195  3.1  2.5  4.27  0.22  32.69  22.21  27.09  28.93  77     0   283  1.7
  8  5578 K4   935  4311 K6  1351  2453 K4   300 10551 17484  3.7  2.8  4.78  0.21  32.61  22.43  26.66  28.58  80     0   285  1.8
  9  4783 K4  1563  3999 K6  2543  2111 K4   377  9392 16615  4.4  3.4  4.16  0.18  30.25  19.78  24.50  26.74  76     0   201  1.8
 10  4172 K4  1283  4338 K6  2450  1693 K4   387  7871 15709  4.0  3.4  3.24  0.14  27.33  16.52  21.54  23.95  76    11   123  1.8
 11  3757 K4   802  4965 K6  1997  1279 K4   327  6430 14907  3.3  3.2  1.98  0.10  23.90  10.80  16.94  20.03  72    54    25  1.7
 12  3041 K4  1106  4484 K6  2780  1030 K4   333  5704 14503  4.4  4.1  2.09  0.08  20.27   7.02  13.36  16.63  73   152     7  1.5
 13  4907 K4  1145  4871 K6   865  1885 K4   606  8876 16527  3.4  3.0  2.96  0.14  27.10  14.71  20.50  23.19  71   530  1479  1.8
 2000
  1  3264 K4   998  4626 K6  2569  1150 K4   383  6109 14796  5.2  4.1  1.69  0.07  20.23   7.43  13.49  16.24  74   145     5  2.1
  2  4547 K4  1007  6035 K6  2270  1306 K4   480  7412 15594  2.6  2.4  1.68  0.08  22.38   6.76  14.38  18.06  69   115     6  1.9
  3  5508 K4  1099  5929 K6  2398  1852 K4   593  9008 16539  3.5  3.2  2.03  0.11  26.23  10.94  18.77  21.76  71    23    31  2.7
  4  6516 K4  1407  6421 K6  2399  2011 K4   587 10348 17435  2.8  2.6  2.04  0.14  26.43  11.13  19.19  22.10  65    31    45  3.1
  5  7149 K4   642  6382 K6  1187  2481 K4   391 11141 18142  2.0  1.7  2.78  0.18  32.11  16.94  24.66  27.30  65     0   192  2.7
  6  5947 K4  1635  4628 K6  2315  2493 K4   402 11406 18448  3.9  3.1  4.23  0.21  32.24  20.63  25.61  27.58  74     0   243  2.0
  7  5836 K4  1426  4424 K6  1923  2473 K4   423 11209 18183  3.8  3.1  4.74  0.22  32.19  21.68  26.39  28.15  79     0   267  2.3
  8  5814 K4  1108  4800 K6  1639  2274 K4   335 10529 17472  3.0  2.4  4.63  0.21  32.29  21.46  26.14  28.25  79     0   265  1.7
  9  4495 K4  1341  3486 K6  2132  2190 K4   431  9358 16593  4.8  4.0  4.51  0.18  30.15  21.40  24.87  26.79  84     0   223  2.3
 10  4605 K4   749  4903 K6  1976  1766 K4   504  7833 15691  3.1  2.5  2.48  0.14  26.98  14.33  20.27  23.27  72    12    84  2.4
 11  3590 K4  1075  4691 K6  2371  1250 K4   397  6401 14891  4.7  3.1  2.22  0.10  23.55   9.97  16.68  19.70  69    93    46  2.3
 12  3231 K4   963  4986 K6  2476   988 K4   298  5699 14501  4.0  3.2  1.71  0.08  18.16   3.85  10.89  14.16  64   232     5  2.7
 13  5042 K4  1285  5109 K6   893  1853 K4   557  8871 16524  3.6  3.0  2.89  0.14  26.91  13.88  20.11  22.78  72   652  1413  2.4
 2001
  1  3437 K4   976  4920 K6  2542  1143 K4   406  6133 14812  5.3  3.5  1.51  0.07  17.83   2.81  10.12  13.38  67   252     3  2.5
  2  4008 K4  1420  4714 K6  2705  1432 K4   454  7427 15608  5.9  3.3  2.37  0.08  24.03  10.40  16.83  20.03  72    56    25  2.7
  3  4625 K4  1851  4606 K6  3125  1749 K4   594  8999 16537  5.0  3.6  2.13  0.10  24.96  10.27  17.64  20.58  64    63    40  3.6
  4  6507 K4  1142  6236 K6  2299  2136 K4   623 10344 17436  3.3  2.4  2.24  0.14  27.58  13.56  20.41  23.31  65    22    89  2.3
  5  6838 K4   973  5833 K6  1708  2583 K4   445 11140 18143  3.9  2.8  2.70  0.18  30.56  16.19  23.58  26.08  66     5   161  2.1
  6  5955 K4  1337  4499 K6  1867  2596 K4   317 11407 18451  4.9  2.8  3.99  0.21  31.24  21.48  25.70  27.34  75     0   241  2.1
  7  5586 K4  1569  3906 K6  2182  2659 K4   411 11212 18185  5.9  3.8  4.71  0.22  32.56  21.52  26.26  28.18  76     0   270  0.9
  8  5617 K4  1194  4400 K6  1971  2377 K4   352 10533 17472  5.2  3.7  4.48  0.21  31.92  21.82  26.17  28.09  79     1   265  2.2
  9  4522 K4  1412  3482 K6  2068  2173 K4   431  9366 16597  5.0  2.3  4.06  0.18  29.88  20.33  24.35  26.47  78     0   203  1.3
 10  4091 K4  1147  3878 K6  2256  1842 K4   436  7842 15693  4.7  3.2  2.53  0.14  26.10  15.10  20.23  22.68  72    25    95  2.7
 11  3551 K4   907  4402 K6  2206  1353 K4   357  6408 14889  5.2  3.0  2.26  0.10  24.71  12.18  18.20  20.99  74    43    47  2.4
 12  3041 K4   777  4122 K6  2230  1216 K4   343  5700 14502  4.4  2.4  2.08  0.08  21.12   7.35  14.11  17.32  72   142    15  2.4
 13  4815 K4  1259  4583 K6   791  1938 K4   560  8876 16527  4.9  3.1  2.92  0.14  26.87  14.42  20.30  22.87  72   607  1455  2.3
 2002
  1  3091 K4  1049  3961 K6  2805  1257 K4   448  6125 14808  6.0  3.3  2.32  0.07  21.70   8.47  14.95  17.80  74   119    19  2.8
  2  3997 K4  1537  4918 K6  2909  1331 K4   383  7414 15601  4.9  3.8  2.06  0.08  21.27   7.60  14.15  17.11  68   130    21  2.4
  3  5340 K4  1484  5658 K6  2513  1792 K4   528  8986 16528  4.8  2.7  2.52  0.10  24.89  10.84  17.76  20.74  66    57    43  2.7
  4  6228 K4  1356  5715 K6  2189  2252 K4   500 10334 17425  3.5  3.2  3.29  0.14  29.07  16.75  22.48  24.93  73     2   139  2.0
  5  6792 K4  1133  5859 K6  1720  2504 K4   424 11135 18136  2.6  2.5  3.11  0.18  31.32  17.48  24.31  26.65  68     0   188  2.8
  6  5245 K4  1648  3398 K6  2113  2690 K4   410 11407 18450  5.8  4.9  4.69  0.21  30.91  21.25  25.40  26.98  80     0   232  2.0
  7  5578 K4  1449  4106 K6  1906  2498 K4   339 11215 18188  4.6  3.5  4.91  0.22  31.14  21.45  25.52  27.04  84     0   247  1.6
  8  5046 K4  1492  3615 K6  2317  2411 K4   310 10541 17479  4.9  4.2  4.80  0.21  31.23  21.48  25.33  27.09  84     0   249  1.6
  9  4875 K4  1167  3958 K6  2178  2290 K4   380  9378 16607  4.5  3.9  4.88  0.18  31.63  22.18  26.04  28.14  83     0   257  2.1
 10  4372 K4  1074  4487 K6  2004  1739 K4   339  7856 15701  4.1  3.7  3.97  0.14  29.26  18.54  23.13  25.50  81     2   175  1.6
 11  3582 K4   966  4491 K6  2329  1314 K4   383  6419 14898  3.7  3.4  2.43  0.10  22.55   8.63  15.46  18.52  75   114    32  1.8
 12  2986 K4  1120  4318 K6  2887  1037 K4   349  5702 14503  4.6  4.1  1.99  0.08  19.16   5.65  12.46  15.23  75   186     3  1.8
 13  4761 K4  1194  4540 K6   831  1926 K4   583  8876 16527  4.5  3.6  3.41  0.14  27.01  15.03  20.58  22.98  76   611  1605  2.1
 2003
  1  3798 K4   786  5918 K6  2180  1004 K4   358  6117 14803  3.9  3.2  1.42  0.07  16.84   1.65   9.33  12.58  67   282     0  2.7
  2  3747 K4  1553  4410 K6  3087  1361 K4   433  7400 15595  5.2  4.9  2.25  0.08  22.04   8.42  14.94  17.77  73   104    17  2.6
  3  4437 K4  1836  4032 K6  2988  1898 K4   553  8972 16520  5.4  5.1  3.02  0.10  25.52  14.35  19.65  21.75  79    25    75  2.5
  4  6233 K4  1120  5502 K6  2261  2340 K4   555 10324 17416  4.2  3.1  2.59  0.14  26.69  13.06  19.66  22.51  72    34    80  2.1
  5  6469 K4  1359  5209 K6  2204  2633 K4   471 11130 18131  3.3  3.0  3.51  0.18  31.57  18.96  24.96  27.30  71     0   215  2.3
  6  5522 K4  1749  3835 K6  2333  2633 K4   432 11406 18447  5.6  4.8  4.72  0.21  30.90  21.58  25.50  27.09  80     0   237  2.0
  7  5399 K4  1191  3794 K6  1622  2577 K4   404 11219 18193  5.0  3.8  4.83  0.22  31.45  22.31  25.85  27.27  81     0   265  1.6
  8  5205 K4  1395  3788 K6  1828  2410 K4   395 10549 17484  4.8  3.9  5.01  0.21  31.03  22.35  25.73  27.31  83     0   259  1.7
  9  4657 K4  1399  3743 K6  2365  2207 K4   407  9390 16614  5.0  4.4  4.45  0.18  30.27  20.64  24.88  26.94  77     0   214  2.0
 10  3908 K4  1217  3661 K6  2456  1818 K4   476  7870 15708  4.3  3.9  3.32  0.14  27.58  16.74  21.80  24.13  77     1   120  1.9
 11  3603 K4   887  4581 K6  2000  1318 K4   349  6429 14906  3.5  3.4  2.73  0.10  25.31  13.14  18.85  21.62  75    43    70  2.2
 12  3222 K4   748  4736 K6  2342  1095 K4   343  5703 14504  3.6  3.4  1.62  0.08  19.99   4.83  12.29  15.73  69   184     0  2.3
 13  4683 K4  1075  4434 K6   768  1941 K4   614  8876 16527  4.5  3.9  3.29  0.14  26.60  14.84  20.29  22.67  75   673  1553  2.2
 2004
  1  3501 K4  1009  5266 K6  2677  1045 K4   368  6110 14797  3.3  3.0  1.89  0.07  19.86   5.27  12.28  15.53  69   186     8  2.3
  2  3817 K4  1653  4718 K6  3308  1291 K4   424  7414 15597  6.3  6.2  2.35  0.08  19.74   8.93  14.08  16.17  69   128    12  3.0
  3  5466 K4  1365  5947 K6  2626  1807 K4   586  9010 16541  2.9  2.8  2.08  0.11  24.71  10.75  17.95  20.80  56    53    34  2.4
  4  6094 K4  1452  5708 K6  2715  2147 K4   631 10349 17436  3.0  2.7  2.09  0.14  26.27  11.13  19.01  22.10  63    40    52  2.5
  5  6812 K4  1236  5938 K6  2158  2508 K4   523 11142 18143  2.4  2.3  3.19  0.18  31.19  17.29  24.37  26.74  62     0   184  2.1
  6  6084 K4  1065  4702 K6  1629  2556 K4   327 11406 18448  4.1  3.3  4.76  0.21  32.72  21.52  26.25  28.27  73     0   264  1.8
  7  5620 K4  1426  4262 K6  1951  2404 K4   400 11209 18182  4.4  3.5  4.88  0.22  32.00  21.97  26.14  27.80  78     0   268  1.7
  8  4836 K4  1459  3356 K6  2030  2410 K4   418 10528 17471  5.1  4.2  5.17  0.21  31.01  22.55  26.01  27.64  78     0   262  1.8
  9  4335 K4  1561  3336 K6  2270  2141 K4   473  9357 16592  5.5  4.7  4.66  0.18  30.22  22.22  25.49  27.16  72     0   237  3.8
 10  4409 K4   830  4507 K6  1767  1809 K4   381  7831 15688  3.7  3.4  3.49  0.14  28.26  16.83  22.27  24.82  71     5   136  1.7
 11  3663 K4   890  4830 K6  2116  1231 K4   324  6400 14890  3.4  3.2  2.49  0.10  25.04  11.70  18.22  21.33  66    38    40  2.1
 12  2953 K4   991  4199 K6  2504  1114 K4   341  5699 14501  4.4  4.0  2.13  0.08  19.26   6.51  12.80  15.63  65   184    15  2.6
 13  4799 K4  1214  4731 K6   883  1872 K4   573  8871 16524  4.0  3.6  3.27  0.14  26.69  14.72  20.40  22.83  68   634  1509  2.3
 2005
  1  3257 K4  1159  4687 K6  2867  1069 K4   349  6134 14813  4.9  4.8  2.23  0.07  20.95   8.03  13.96  16.96  66   128     9  2.5
  2  3722 K4  1368  4268 K6  3078  1438 K4   485  7429 15609  5.0  4.8  2.35  0.08  21.54   8.50  14.77  17.82  61   102     9  2.8
  3  4418 K4  2060  4454 K6  3552  1634 K4   558  9001 16540  4.8  4.3  2.32  0.10  22.03   9.12  15.85  18.08  60   112    27  3.0
  4  6420 K4  1474  6455 K6  2393  1927 K4   461 10345 17436  2.3  2.1  2.04  0.14  25.70  10.50  18.24  21.38  56    37    30  2.7
  5  6204 K4  1902  5166 K6  2383  2416 K4   512 11141 18144  3.6  3.3  3.26  0.18  28.39  16.13  22.25  24.38  68     2   124  1.9
  6  5161 K4  1514  3239 K6  2123  2681 K4   455 11408 18450  5.9  4.7  4.82  0.21  30.07  22.06  25.27  26.58  80     0   232  1.8
  7  5944 K4  1292  4647 K6  1892  2513 K4   370 11211 18184  3.6  2.8  4.97  0.22  32.61  22.63  26.88  28.52  77     0   288  1.6
  8  5418 K4  1200  4259 K6  1674  2261 K4   413 10532 17472  4.3  3.4  5.23  0.21  32.45  23.00  26.70  28.51  80     0   291  1.4
  9  5048 K4  1105  4428 K6  2108  2167 K4   437  9364 16596  3.3  2.8  4.18  0.18  31.60  21.26  25.72  28.15  70     0   243  2.2
 10  3935 K4  1104  3910 K6  2357  1734 K4   431  7841 15692  4.4  4.1  3.56  0.14  27.23  16.74  21.37  23.81  68    29   143  2.2
 11  3606 K4   976  4577 K6  2156  1312 K4   345  6407 14889  3.3  3.2  2.55  0.10  25.05  11.40  18.08  21.13  58    33    30  2.3
 12  3013 K4  1145  4380 K6  2699  1037 K4   311  5700 14502  4.3  4.1  2.02  0.08  18.77   4.77  11.76  15.12  57   203     0  2.4
 13  4679 K4  1182  4539 K6   762  1849 K4   565  8876 16527  4.1  3.7  3.29  0.14  26.37  14.51  20.07  22.54  67   647  1426  2.2
 2006
  1  3582 K4   790  5344 K6  2400  1103 K4   418  6126 14808  2.9  2.7  1.97  0.07  20.01   4.89  12.29  15.59  70   190     8  2.8
  2  4076 K4  1335  5035 K6  2888  1395 K4   465  7415 15601  3.4  3.3  1.88  0.08  20.81   7.72  14.29  17.12  66   130    16  2.6
  3  5816 K4  1070  6729 K6  2284  1625 K4   550  8988 16530  1.7  1.4  1.96  0.10  25.86  10.94  18.50  21.40  70    27    29  2.6
  4  6607 K4   781  6276 K6  1703  2192 K4   545 10335 17426  2.8  2.7  2.39  0.14  28.61  15.33  21.75  24.39  70    11   121  2.8
  5  6776 K4  1357  5937 K6  2141  2400 K4   514 11136 18138  2.1  1.9  2.91  0.18  29.52  16.36  22.77  25.14  68     0   143  2.6
  6  5907 K4  1762  4612 K6  2302  2536 K4   415 11407 18452  3.0  2.3  4.04  0.21  31.63  21.70  25.57  27.23  80     0   250  2.0
  7  6163 K4  1420  4842 K6  2049  2451 K4   305 11215 18188  2.2  1.9  4.55  0.22  32.42  22.13  26.46  28.14  79     0   277  1.4
  8  5599 K4  1434  4484 K6  1944  2350 K4   350 10540 17478  2.2  1.9  4.92  0.21  30.63  22.48  25.81  27.35  81     0   255  1.5
  9  5136 K4  1312  4796 K6  2057  2010 K4   390  9376 16604  2.3  1.9  4.27  0.18  30.42  21.21  24.98  27.03  78     0   225  1.5
 10  4686 K4   827  5073 K6  1969  1721 K4   456  7854 15700  1.8  1.7  2.98  0.14  27.18  14.54  20.45  23.51  73    10    88  2.0
 11  3685 K4   887  4832 K6  2069  1288 K4   332  6417 14897  3.0  2.9  2.19  0.10  24.14  13.85  18.38  20.52  70    66    86  2.4
 12  2716 K4   985  3410 K6  2470  1241 K4   321  5702 14503  4.9  4.7  2.88  0.08  21.19   8.69  14.66  17.61  70   116    10  2.2
 13  5062 K4  1308  5114 K6   879  1859 K4   526  8876 16527  2.7  2.4  3.08  0.14  26.87  14.99  20.49  22.92  73   551  1509  2.2
 2007
  1  3130 K4  1080  4151 K6  2705  1224 K4   371  6118 14804  4.8  4.7  2.62  0.07  23.30  10.83  16.82  19.65  73    66    27  2.4
  2  4294 K4  1227  5255 K6  2711  1393 K4   458  7402 15595  3.6  3.5  1.94  0.08  23.07  10.13  16.20  19.05  67    74    26  2.6
  3  5399 K4  1415  5837 K6  2634  1750 K4   604  8974 16521  3.5  3.3  2.22  0.10  22.84   9.53  16.27  18.65  63    93    27  2.3
  4  6120 K4  1765  5852 K6  2797  2016 K4   537 10325 17416  3.3  3.0  2.28  0.14  26.78  11.69  19.40  22.50  58    27    54  2.7
  5  6474 K4   934  5237 K6  1703  2672 K4   458 11130 18132  4.2  4.0  2.88  0.18  30.46  16.12  23.40  26.02  63     0   154  2.4
  6  6132 K4  1439  4675 K6  2137  2616 K4   385 11406 18447  3.9  3.5  4.17  0.21  31.73  20.42  25.35  27.38  73     0   232  2.3
  7  5455 K4  1213  3800 K6  1660  2609 K4   449 11218 18193  3.1  2.8  4.92  0.22  32.66  21.98  26.43  28.23  76     0   279  1.9
  8  6098 K4  1317  5285 K6  1763  2185 K4   325 10548 17484  3.3  2.7  4.79  0.21  32.45  22.96  26.70  28.51  80     0   291  1.5
  9  4981 K4  1239  4369 K6  1785  2096 K4   319  9388 16614  3.7  3.2  4.55  0.18  31.60  21.26  25.72  28.15  70     0   243  2.1
 10  3752 K4  1315  3368 K6  2241  1814 K4   376  7868 15708  4.6  4.4  4.26  0.14  27.53  17.52  21.85  24.17  76     4   134  2.2
 11  3786 K4   937  5055 K6  2216  1229 K4   323  6428 14905  3.3  3.2  2.33  0.10  25.75  13.96  19.50  22.38  78    19    65  2.1
 12  3114 K4   836  4403 K6  2328  1164 K4   324  5703 14504  4.5  4.4  2.51  0.08  23.82   9.88  16.64  19.72  70    73    27  2.0
 13  4895 K4  1233  4774 K6   781  1897 K4   562  8876 16527  3.8  3.6  3.29  0.14  27.67  15.52  21.19  23.70  71   357  1558  2.2
 2008
  1  3088 K4  1211  4236 K6  2951  1130 K4   352  6111 14798  5.0  4.8  2.20  0.07  18.57   4.30  11.26  14.29  68   222     8  2.6
  2  4143 K4  1370  5151 K6  3077  1364 K4   473  7415 15598  3.8  3.7  2.10  0.08  22.43   8.52  15.07  18.12  68   101    18  2.4
  3  5188 K4  1645  5411 K6  2805  1721 K4   551  9011 16541  4.2  4.0  2.11  0.11  25.08  10.02  17.67  20.72  66    57    33  2.5
  4  6172 K4  1538  5675 K6  2531  2227 K4   526 10351 17436  4.0  3.7  2.50  0.14  27.03  13.57  20.27  23.04  65    23    82  2.5
  5  6683 K4  1285  5615 K6  2202  2613 K4   620 11142 18144  3.3  3.2  2.91  0.18  30.17  16.68  23.18  25.62  67     3   161  2.9
  6  5616 K4  1339  4115 K6  1830  2612 K4   384 11406 18448  2.7  2.2  4.33  0.21  31.57  21.16  25.64  27.47  75     0   241  1.6
  7  5346 K4  1213  3756 K6  1508  2561 K4   313 11208 18181  3.1  2.8  4.84  0.22  31.85  21.89  25.79  27.39  79     0   265  1.6
  8  4683 K4  1832  3303 K6  2523  2324 K4   366 10526 17470  4.2  3.8  5.07  0.21  30.90  22.46  25.67  27.19  82     0   259  2.8
  9  5038 K4  1088  4326 K6  2001  2191 K4   454  9355 16590  4.3  3.9  4.05  0.18  31.41  21.75  25.54  27.62  77     0   247  2.0
 10  4304 K4  1125  4553 K6  2335  1678 K4   480  7830 15688  4.2  4.1  2.87  0.14  27.16  14.61  20.49  23.35  67    36   115  2.4
 11  3624 K4   948  4794 K6  2335  1212 K4   367  6399 14890  3.2  3.1  1.93  0.10  23.38   9.17  16.08  19.29  70    78    16  2.5
 12  3271 K4   695  4851 K6  2050  1114 K4   337  5699 14501  4.5  4.5  2.12  0.08  22.92   9.37  15.93  18.93  69    94    27  2.1
 13  4763 K4  1125  4649 K6   742  1895 K4   594  8871 16524  3.9  3.6  3.09  0.14  26.87  14.46  20.21  22.75  71   614  1473  2.3
 2009
  1  3269 K4  1174  4795 K6  2890  1048 K4   377  6135 14815  3.9  3.8  1.85  0.07  22.08   8.09  14.76  17.87  71   106     5  2.4
  2  4569 K4  1233  6208 K6  2719  1164 K4   448  7431 15611  2.5  2.4  1.53  0.08  19.97   6.55  13.13  16.29  60   154    12  2.4
  3  5459 K4   958  5870 K6  2299  1830 K4   589  9003 16540  3.7  3.4  2.23  0.10  25.36  10.73  18.19  21.04  66    40    31  2.6
  4  6090 K4  1786  5822 K6  2880  2074 K4   624 10346 17439  3.1  3.0  2.19  0.14  25.86  10.91  18.56  21.58  57    33    35  3.0
  5  5715 K4  1706  4427 K6  2302  2453 K4   417 11142 18144  4.5  4.4  3.75  0.18  30.00  16.91  23.17  25.47  67     0   159  2.4
  6  6236 K4  1561  5096 K6  1990  2431 K4   346 11408 18450  3.4  3.0  4.33  0.21  32.06  21.16  26.01  27.85  74     0   248  2.3
  7  5463 K4  1650  3936 K6  2073  2491 K4   402 11211 18183  3.6  3.1  4.65  0.22  32.54  22.36  26.65  28.32  76     0   283  2.0
  8  4869 K4  1421  3454 K6  2013  2444 K4   347 10531 17471  3.4  3.0  4.93  0.21  32.00  21.00  25.96  28.10  76     0   253  1.4
  9  4866 K4  1105  4073 K6  2007  2198 K4   356  9362 16594  4.0  3.7  4.60  0.18  31.39  21.17  25.59  27.96  69     0   239  1.6
 10  4282 K4  1103  4377 K6  1940  1747 K4   275  7839 15691  3.8  3.6  3.86  0.14  27.99  17.15  22.15  24.42  77     1   132  2.1
 11  3389 K4  1128  4107 K6  2425  1314 K4   399  6406 14889  3.9  3.8  2.45  0.10  23.99  11.58  17.62  20.10  78    54    38  2.1
 12  2406 K4   962  2665 K6  2316  1248 K4   342  5700 14502  5.6  5.4  2.66  0.08  19.00   4.65  11.59  14.92  74   203     1  2.6
 13  4718 K4  1197  4569 K6  1047  1870 K4   556  8876 16527  3.8  3.6  3.25  0.14  26.85  14.36  20.28  22.83  70   591  1437  2.2
 2010
  1  3376 K4  1247  5123 K6  3011   986 K4   402  6127 14808  4.0  3.6  1.56  0.07  19.52   4.79  12.00  15.12  70   200     8  2.7
  2  3954 K4  1642  5081 K6  3229  1190 K4   388  7417 15604  3.6  3.5  1.54  0.08  22.13   8.13  14.79  18.21  65   109    19  2.7
  3  4917 K4  1925  5344 K6  3335  1586 K4   476  8989 16531  3.6  3.5  1.63  0.10  23.59   9.73  16.60  19.28  62    74    23  2.7
  4  6058 K4  1596  5786 K6  2705  2078 K4   605 10336 17429  2.9  2.8  2.27  0.14  26.81  11.20  19.04  22.41  66    41    61  2.4
  5  6470 K4  1194  5593 K6  1759  2423 K4   387 11136 18139  3.7  3.4  3.69  0.18  32.65  19.27  25.73  28.26  72     0   236  2.0
  6  6213 K4  1255  5082 K6  2044  2480 K4   457 11407 18452  2.6  2.2  4.70  0.21  31.38  21.65  25.95  27.63  79     0   246  1.7
  7  5962 K4  1388  4617 K6  2246  2461 K4   359 11214 18187  4.2  3.6  4.88  0.22  31.53  21.66  26.15  27.77  83     0   256  1.8
  8  4919 K4  1468  3554 K6  2073  2338 K4   324 10539 17477  4.6  4.0  5.39  0.21  31.58  22.08  26.07  27.83  82     0   264  2.1
  9  5223 K4  1027  4821 K6  1739  2061 K4   319  9375 16604  3.2  2.9  4.22  0.18  31.02  20.77  25.18  27.50  75     0   227  1.7
 10  5101 K4   704  6389 K6  1394  1390 K4   298  7853 15699  1.6  1.6  2.40  0.14  27.66  15.93  21.55  24.19  69    11   118  1.7
 11  3723 K4  1022  5158 K6  2415  1155 K4   309  6416 14897  3.7  3.5  2.10  0.10  25.42  12.70  18.80  21.80  68    27    48  2.0
 12  3301 K4  1037  5449 K6  2618   868 K4   290  5701 14502  2.5  2.4  1.19  0.08  19.80   6.61  13.19  16.05  65   165     6  2.6
 13  4935 K4  1126  5166 K6   688  1751 K4   620  8876 16527  3.4  3.1  2.96  0.14  26.92  14.54  20.42  23.00  71   626  1512  2.2
