702606 CHULITNA               AK  -9  N62 53  W149 50   381   968
 1991-2010
 MO AVGLO FL SDGLO AVDIR FL SDDIR AVDIF FL SDDIF AVETR AETRN  TOT  OPQ   H2O   TAU  MAX_T  MIN_T  AVG_T  AVGDT  RH  HTDD  CLDD AVWS
  1   218 J8    32   688 J8   358   159 J8    14   649  8364  6.5  5.8  0.47  0.06  -7.69 -12.76 -10.16  -9.64  75   885     0  4.2
  2   834 J8   117  1565 J8   693   526 J8    51  2017 12219  6.6  5.5  0.49  0.08  -5.28 -11.43  -8.46  -7.39  75   754     0  3.7
  3  2097 J8   280  3055 J8  1059  1103 J8   142  4479 16258  5.9  5.0  0.46  0.10  -2.27 -10.65  -6.53  -5.04  70   769     0  3.6
  4  3633 J8   356  4146 J8   825  1789 J8   129  7507 20232  6.5  5.1  0.62  0.11   5.25  -3.69   0.64   1.93  66   527     0  2.7
  5  4707 J8   575  4399 J8  1176  2423 J8   137 10132 23970  7.1  5.8  0.94  0.12  11.53   2.69   7.14   7.90  61   348     0  2.6
  6  5073 J8   559  4186 J8  1011  2804 J8   157 11404 26291  7.7  6.3  1.41  0.11  17.74   8.08  13.05  13.53  65   165     2  2.8
  7  4223 J8   580  3011 J8  1084  2622 J8   135 10682 24867  8.4  7.3  1.77  0.09  17.97   9.83  13.68  14.13  77   139     2  2.4
  8  3153 J8   486  2631 J8   991  1930 J8   126  8346 21221  8.1  7.4  1.63  0.07  15.76   7.70  11.63  12.70  81   205     1  2.1
  9  2132 J8   280  2504 J8   890  1220 J8    84  5406 17353  7.7  6.9  1.16  0.05   9.64   2.45   5.82   6.96  80   369     0  2.4
 10  1116 J8   116  2006 J8   604   654 J8    53  2705 13394  6.8  6.0  0.75  0.04   1.23  -4.45  -1.68  -0.64  77   618     0  3.1
 11   348 J8    46   995 J8   418   234 J8    19   942  9393  6.9  6.2  0.56  0.04  -5.18  -9.88  -7.58  -7.09  76   776     0  3.6
 12   103 J8    14   504 J8   232    77 J8     5   333  6815  6.8  6.0  0.50  0.04  -6.92 -11.83  -9.34  -9.24  75   859     0  4.0
 13  2303 J8   194  2474 J8   420  1295 J8    53  5383 16698  7.1  6.1  0.90  0.08   4.32  -2.83   0.68   1.51  73  6413     5  3.1
 1991
  1   189 J8   143   649 J8  1054   127 J8    54   644  8342  7.3  7.1  0.53  0.05  -8.00 -13.78 -10.97 -10.55  78   906     0  3.6
  2   836 J8   400  1336 J8  1445   573 J8   210  1994 12174  7.6  6.1  0.63  0.07  -5.77 -12.24  -9.00  -7.90  73   765     0  4.9
  3  1853 J8   941  2820 J8  2992   951 J8   358  4436 16197  6.2  5.6  0.53  0.09  -1.85 -10.79  -6.57  -4.94  77   764     0  3.8
  4  3352 J8  1252  3608 J8  2973  1783 J8   518  7462 20172  7.1  5.4  0.65  0.10   5.89  -3.54   0.90   2.31  68   515     0  3.6
  5  4865 J8  1709  4856 J8  3679  2313 J8   528 10100 23917  6.8  5.7  0.91  0.11  12.29   2.40   7.00   7.82  72   341     0  3.2
  6  5617 J8  1664  5268 J8  3681  2687 J8   673 11399 26281  7.1  6.1  1.57  0.10  19.65   9.14  14.61  15.14  63   130    12  3.3
  7  4769 J8  1577  4228 J8  3255  2486 J8   602 10707 24914  7.5  6.5  1.70  0.09  17.28   8.94  12.98  13.45  78   162     0  3.0
  8  3385 J8  1344  3067 J8  3281  1948 J8   596  8388 21281  7.1  6.4  1.60  0.10  15.23   6.29  10.65  11.85  79   235     0  3.4
  9  2237 J8  1027  2345 J8  2257  1300 J8   317  5450 17413  8.1  7.0  1.20  0.11  11.74   4.21   7.71   8.91  81   311     0  3.2
 10  1103 J8   524  1789 J8  1726   652 J8   241  2739 13457  5.4  4.8  0.71  0.12   0.43  -5.60  -2.58  -1.47  75   648     0  3.1
 11   332 J8   187   623 J8   834   244 J8   108   959  9451  6.0  5.4  0.61  0.14  -4.81  -8.99  -7.04  -6.50  77   757     0  4.5
 12    75 J8    31    76 J8   222    70 J8    22   335  6824  7.6  6.8  0.53  0.17  -7.53 -11.99  -9.65  -9.65  84   871     0  2.9
 13  2385 J8  1976  2556 J8  1719  1261 J8   957  5384 16702  7.0  6.1  0.93  0.10   4.54  -3.00   0.67   1.54  75  6404    12  3.5
 1992
  1   174 J8    83   110 J8   177   164 J8    76   637  8317  7.0  6.7  0.51  0.21  -5.57 -10.43  -7.84  -7.29  88   816     0  3.4
  2   744 J8   306   811 J8   962   572 J8   227  2014 12208  5.9  5.2  0.50  0.24  -8.04 -13.57 -10.85  -9.82  88   845     0  3.4
  3  2061 J8   836  2016 J8  1578  1339 J8   421  4507 16296  6.2  4.4  0.53  0.27  -2.28 -10.44  -6.46  -4.94  84   765     0  2.8
  4  3976 J8  1052  3982 J8  2103  2063 J8   558  7535 20266  4.1  3.2  0.59  0.30   3.98  -6.40  -1.17   0.37  72   586     0  3.8
  5  5136 J8  1430  4589 J8  3166  2623 J8   597 10152 23999  5.2  4.5  0.91  0.28   9.97  -0.10   5.20   6.03  58   415     0  3.4
  6  5311 J8  1817  4141 J8  3269  2902 J8   591 11406 26295  6.1  5.5  1.27  0.26  18.57   7.62  13.41  13.97  55   157     0  3.5
  7  4411 J8  1830  3341 J8  3386  2536 J8   515 10666 24837  7.6  6.5  1.73  0.22  18.03  10.01  13.82  14.29  77   135     2  2.7
  8  3069 J8  1418  2007 J8  2340  2031 J8   520  8320 21187  8.8  7.8  1.58  0.19  14.37   7.00  10.69  11.69  85   237     0  2.6
  9  2471 J8   960  3499 J8  2837  1165 J8   440  5377 17319  5.4  4.9  0.81  0.15   5.60  -2.93   1.15   2.50  75   510     0  3.7
 10  1103 J8   531  2085 J8  1945   610 J8   318  2682 13354  5.9  5.3  0.67  0.13  -0.25  -6.65  -3.54  -2.15  77   675     0  3.2
 11   290 J8   157   428 J8   509   236 J8   112   930  9352  6.7  6.0  0.62  0.11  -4.07  -9.09  -6.61  -6.02  81   747     0  3.5
 12    89 J8    20   202 J8   215    78 J8    17   331  6804  5.8  5.2  0.47  0.11 -11.38 -16.00 -13.60 -13.74  72   993     0  3.9
 13  2403 J8  1959  2268 J8  1626  1360 J8  1039  5380 16686  6.2  5.4  0.85  0.21   3.24  -4.25  -0.48   0.41  76  6883     2  3.3
 1993
  1   207 J8   111   493 J8   501   160 J8    78   658  8397  6.2  5.6  0.43  0.11  -9.76 -15.19 -12.37 -12.12  77   955     0  3.8
  2   699 J8   384   784 J8  1124   532 J8   243  2029 12247  7.6  6.5  0.63  0.13  -4.26 -10.28  -7.53  -6.52  80   717     0  4.3
  3  2120 J8   783  2586 J8  1947  1227 J8   409  4486 16272  5.7  4.8  0.54  0.14  -0.98  -9.15  -5.17  -3.67  73   725     0  3.2
  4  3864 J8  1305  4794 J8  3266  1731 J8   554  7515 20244  5.0  4.3  0.69  0.15   6.36  -2.55   1.73   3.07  70   493     0  2.9
  5  5412 J8  1767  5893 J8  4167  2285 J8   726 10138 23982  5.3  4.2  1.17  0.15  14.25   4.26   9.36  10.20  56   281     0  2.5
  6  6206 J8  1547  6667 J8  3448  2529 J8   637 11405 26294  5.8  4.5  1.36  0.14  18.31   8.46  13.46  13.96  68   148     0  2.6
  7  5368 J8  1661  5180 J8  3750  2471 J8   593 10679 24859  6.7  5.6  1.87  0.12  21.10  11.30  16.09  16.70  68    72     6  2.7
  8  2882 J8  1382  2125 J8  2983  1876 J8   563  8339 21207  8.5  7.8  1.82  0.09  15.20   8.35  11.58  12.57  83   203     0  2.4
  9  1889 J8   840  1979 J8  2725  1195 J8   380  5398 17342  8.4  7.4  1.28  0.07   7.90   2.24   4.96   5.90  85   398     0  3.3
 10  1026 J8   583  1673 J8  2204   616 J8   273  2699 13380  7.3  6.5  0.92  0.05   2.62  -1.90   0.22   1.20  80   557     0  3.5
 11   297 J8   200   677 J8  1029   216 J8   104   939  9384  7.4  7.2  0.60  0.05  -5.17 -10.39  -7.92  -6.96  76   783     0  3.1
 12    98 J8    36   434 J8   601    76 J8    23   332  6814  7.3  6.3  0.55  0.05  -4.87 -10.00  -7.32  -7.04  76   799     0  3.6
 13  2506 J8  2221  2774 J8  2258  1243 J8   923  5385 16702  6.8  5.9  0.99  0.10   5.06  -2.07   1.42   2.28  74  6132     6  3.2
 1994
  1   195 J8   100   486 J8   619   155 J8    79   651  8374  7.0  6.6  0.55  0.06  -6.60 -10.92  -8.81  -8.17  76   840     0  4.3
  2  1010 J8   514  3062 J8  2152   375 J8    98  2012 12209  2.8  2.4  0.41  0.08  -9.62 -16.12 -13.14 -11.52  72   874     0  5.4
  3  1737 J8   901  2059 J8  2472  1048 J8   352  4462 16235  7.8  6.9  0.47  0.10  -2.97 -10.20  -6.71  -5.23  84   772     0  4.0
  4  3744 J8  1245  4048 J8  2943  1886 J8   543  7490 20211  6.9  5.2  0.64  0.11   6.02  -3.49   1.18   2.60  68   512     0  3.0
  5  5140 J8  1446  5084 J8  3200  2426 J8   558 10120 23952  6.9  5.2  0.90  0.12  12.75   2.80   7.70   8.53  54   327     0  3.4
  6  5719 J8  1819  5539 J8  3594  2630 J8   546 11402 26291  6.8  5.1  1.36  0.11  17.16   7.76  12.52  13.01  67   177     1  3.1
  7  4665 J8  1464  3547 J8  2894  2712 J8   575 10692 24886  7.7  7.0  1.76  0.09  19.15  10.04  14.30  14.85  72   117     1  2.5
  8  3630 J8  1464  3705 J8  3487  1842 J8   563  8362 21243  7.3  6.6  1.79  0.07  17.23   8.89  12.96  14.06  83   165     2  2.3
  9  2335 J8  1096  3071 J8  3445  1200 J8   463  5423 17375  7.3  6.4  1.04  0.05  10.88   3.12   6.62   8.02  78   340     0  2.3
 10  1073 J8   419  1596 J8  1471   718 J8   261  2718 13418  7.5  6.9  0.59  0.04  -0.03  -4.83  -2.70  -1.66  77   644     0  3.3
 11   348 J8   175  1119 J8  1312   232 J8   120   949  9413  6.5  5.9  0.44  0.03 -10.16 -14.47 -12.31 -11.79  76   919     0  3.9
 12    97 J8    45   418 J8   609    75 J8    30   333  6820  7.7  6.5  0.45  0.04  -8.79 -13.62 -11.09 -10.68  80   915     0  3.9
 13  2475 J8  2032  2811 J8  1696  1275 J8   994  5385 16702  6.9  5.9  0.87  0.08   3.75  -3.42   0.04   1.00  74  6602     3  3.5
 1995
  1   206 J8   104   572 J8   832   158 J8    78   644  8346  6.3  5.7  0.52  0.05  -7.16 -12.57  -9.85  -9.01  78   874     0  4.2
  2   868 J8   437  1880 J8  1892   491 J8   262  1996 12179  6.7  5.4  0.48  0.07  -5.18 -11.17  -8.27  -6.96  74   742     0  4.7
  3  2412 J8   863  4726 J8  2761   896 J8   413  4439 16201  3.2  2.7  0.41  0.09  -4.16 -14.23  -9.41  -7.62  66   853     0  4.7
  4  3735 J8  1276  4823 J8  3519  1638 J8   547  7465 20176  5.6  4.7  0.71  0.10   7.59  -2.28   2.41   3.87  65   470     0  3.0
  5  4935 J8  1475  4670 J8  3161  2417 J8   563 10102 23920  7.0  5.6  1.11  0.11  12.64   3.48   8.10   8.89  64   318     0  2.9
  6  5069 J8  1680  4269 J8  3542  2751 J8   608 11399 26281  7.3  6.4  1.56  0.10  17.57   7.52  12.75  13.28  66   174     1  3.0
  7  4785 J8  1892  4688 J8  3693  2273 J8   545 10705 24910  7.2  6.3  1.84  0.09  19.12  10.36  14.53  15.02  75   112     1  1.9
  8  3301 J8  1544  3537 J8  3688  1680 J8   689  8385 21275  7.1  6.4  1.58  0.06  15.23   6.29  10.65  11.85  79   235     0  2.2
  9  2177 J8  1067  2522 J8  2474  1191 J8   287  5447 17408  8.1  7.0  1.57  0.05  11.74   4.21   7.71   8.91  81   311     0  2.1
 10  1247 J8   580  2905 J8  2626   580 J8   302  2737 13453  5.4  4.8  0.74  0.03   0.43  -5.60  -2.58  -1.47  75   648     0  3.6
 11   389 J8   242  1448 J9  1621   206 J8    97   958  9443  6.0  5.4  0.42  0.03  -4.81  -8.99  -7.04  -6.49  77   757     0  4.3
 12   103 J8    45   620 J8   835    71 J8    23   334  6825  6.4  5.2  0.52  0.03  -5.39  -9.61  -7.39  -7.26  81   801     0  3.2
 13  2436 J8  1899  3055 J8  1631  1196 J8   943  5384 16701  6.4  5.5  0.95  0.07   4.80  -2.72   0.97   1.92  74  6296     2  3.3
 1996
  1   246 J8   119  1420 J8  1151   126 J8    56   638  8321  3.4  3.3  0.39  0.05 -13.17 -17.61 -15.32 -14.70  80  1045     0  3.3
  2   735 J8   382  1257 J8  1435   500 J8   214  2016 12213  7.2  6.4  0.37  0.07  -8.44 -14.84 -11.59 -10.77  85   869     0  2.4
  3  2320 J8   935  4496 J8  2945   865 J8   314  4510 16300  3.8  3.3  0.48  0.09  -0.57  -9.02  -4.77  -3.36  78   717     0  2.5
  4  3591 J8  1360  4245 J8  3325  1739 J8   500  7538 20271  6.9  4.8  0.56  0.10   5.14  -3.59   0.68   1.93  75   527     0  1.9
  5  5230 J8  1496  5522 J8  3718  2384 J8   603 10154 24004  6.8  5.1  0.95  0.11  12.47   2.64   7.69   8.47  61   334     0  3.0
  6  5390 J8  1840  4890 J8  3654  2772 J8   615 11406 26297  8.0  5.5  1.25  0.10  17.33   8.25  12.77  13.18  68   168     2  1.7
  7  3770 J8  1807  2503 J8  3266  2478 J8   529 10664 24835  8.7  7.9  1.62  0.09  17.30  10.12  13.41  13.80  78   143     0  1.4
  8  2688 J8  1188  1894 J8  2920  1858 J8   524  8317 21182  8.5  8.1  1.39  0.06  14.86   7.18  10.98  11.98  80   227     0  2.2
  9  2310 J8  1204  3167 J8  3103  1150 J8   343  5374 17315  6.9  6.0  0.97  0.04   7.79   0.91   4.15   5.14  81   419     0  2.1
 10  1340 J8   614  3535 J8  2567   533 J8   271  2679 13350  4.4  3.9  0.57  0.03  -2.65  -9.17  -6.14  -4.85  83   751     0  3.1
 11   358 J8   171  1468 J8  1476   209 J8   104   929  9350  5.4  5.2  0.57  0.03  -7.34 -12.34  -9.74  -9.12  79   845     0  3.2
 12   112 J8    42   729 J8   602    75 J8    26   331  6804  5.7  5.0  0.40  0.03  -8.25 -13.71 -11.06 -11.01  74   909     0  3.9
 13  2341 J8  1864  2927 J8  1609  1224 J8   985  5380 16687  6.3  5.4  0.79  0.07   2.87  -4.27  -0.74   0.06  77  6955     2  2.6
 1997
  1   241 J8   136   772 J8   771   174 J8    89   658  8400  6.4  5.8  0.38  0.05  -9.31 -14.48 -11.82 -11.36  74   937     0  3.7
  2   694 J8   374   856 J8  1250   531 J8   222  2031 12253  8.5  7.1  0.54  0.07  -0.71  -5.59  -3.46  -2.65  80   601     0  2.2
  3  2219 J8   959  3576 J8  2992  1051 J8   356  4489 16275  4.8  4.2  0.37  0.09  -3.79 -12.42  -8.27  -6.82  55   820     0  4.2
  4  3539 J8  1489  3963 J8  3544  1741 J8   488  7518 20247  6.7  5.5  0.61  0.10   5.12  -3.87   0.63   1.83  56   531     0  2.7
  5  3985 J8  1920  3287 J8  3948  2304 J8   580 10140 23985  7.7  6.9  0.94  0.11  10.78   2.98   7.00   7.64  56   355     0  2.8
  6  4821 J8  1768  4016 J8  3319  2720 J8   533 11406 26295  7.6  6.5  1.42  0.10  18.76   9.33  14.21  14.66  58   134     6  3.7
  7  3796 J8  1523  2295 J8  2841  2643 J8   688 10677 24856  8.9  7.9  1.93  0.09  19.23  11.62  15.00  15.41  77    92     2  2.6
  8  2415 J8  1037  1124 J8  1656  1895 J8   495  8336 21204  9.3  8.7  1.83  0.06  16.36   8.58  12.22  13.23  83   182     0  2.4
  9  1814 J8   881  1592 J8  2463  1266 J8   364  5395 17337  8.2  7.7  1.27  0.05  12.42   4.20   8.01   9.18  76   301     0  2.8
 10  1205 J8   582  2453 J8  2343   631 J8   255  2697 13379  6.1  5.6  0.50  0.03  -0.72  -7.41  -4.02  -2.91  61   694     0  4.7
 11   255 J8   121   253 J8   668   227 J8    94   938  9383  8.8  8.6  0.54  0.03  -1.65  -6.64  -4.08  -3.98  76   674     0  3.4
 12    79 J8    34   241 J8   421    67 J8    19   332  6813  8.1  7.7  0.42  0.03  -6.99 -12.55  -9.79  -9.83  79   871     0  3.5
 13  2089 J8  1647  2036 J8  1422  1271 J8   973  5385 16702  7.6  6.9  0.90  0.07   4.96  -2.19   1.30   2.03  69  6192     8  3.2
 1998
  1   203 J8    94   714 J8   918   147 J8    60   652  8377  6.7  6.1  0.47  0.05  -7.85 -12.23  -9.97  -9.55  74   880     0  5.1
  2   761 J8   378  1214 J8  1696   524 J8   186  2015 12218  6.7  5.9  0.54  0.07  -2.68  -8.05  -5.68  -4.75  70   663     0  4.4
  3  1933 J8   580  2451 J8  2059  1192 J8   444  4465 16241  6.9  5.5  0.66  0.09   1.01  -7.14  -3.24  -1.85  64   663     0  2.8
  4  2735 J8  1236  2089 J8  2514  1819 J8   366  7493 20215  8.6  7.5  0.68  0.10   4.84  -1.89   1.34   2.29  71   506     0  2.4
  5  2982 J8  1180  1017 J8  1758  2439 J8   469 10123 23954  9.5  9.0  0.95  0.11   8.15   1.53   4.90   5.43  71   418     0  2.7
  6  3901 J8  1656  2241 J8  2687  2723 J8   538 11403 26289  8.9  7.9  1.62  0.10  15.62   7.18  11.48  11.87  69   208     0  2.3
  7  3128 J8  1145  1204 J8  1778  2515 J8   610 10690 24882  9.3  8.9  1.97  0.09  17.39   9.52  13.20  13.61  77   151     0  2.1
  8  2362 J8  1170  1102 J8  1669  1853 J8   459  8359 21238  9.5  8.8  1.71  0.06  12.52   6.17   9.32  10.09  84   279     0  2.2
  9  1606 J8   607  1194 J8  2012  1223 J8   323  5419 17370  8.8  8.3  1.35  0.05   9.72   3.29   6.23   7.13  83   355     0  2.1
 10  1194 J8   721  2443 J8  2615   594 J8   216  2715 13414  6.3  5.9  0.78  0.03   2.06  -4.36  -1.23  -0.36  69   604     0  3.6
 11   380 J8   231  1071 J8  1185   244 J8   105   947  9410  7.3  6.5  0.72  0.03  -3.45  -8.74  -6.28  -5.78  74   733     0  4.3
 12    95 J8    38   393 J8   565    76 J8    24   333  6821  7.4  6.7  0.53  0.03  -7.82 -12.75 -10.39 -10.23  65   887     0  5.1
 13  1773 J8  1270  1428 J8   695  1279 J8   974  5385 16702  8.0  7.3  1.00  0.07   4.13  -2.29   0.81   1.49  72  6346     0  3.3
 1999
  1   182 J8   104   503 J8   749   142 J8    75   645  8349  6.7  6.3  0.48  0.05 -10.70 -16.03 -13.17 -12.51  75   983     0  4.8
  2   797 J8   355  1496 J8  1427   521 J8   215  1998 12184  6.3  5.5  0.36  0.07  -9.97 -16.77 -13.38 -12.13  70   888     0  5.5
  3  1707 J8   869  2113 J8  2532  1030 J8   343  4442 16204  6.9  6.2  0.53  0.09  -1.67 -10.04  -5.74  -4.42  66   750     0  3.4
  4  3676 J8  1369  4213 J8  3230  1773 J8   539  7468 20180  6.4  5.0  0.68  0.10   3.79  -4.91  -0.55   0.58  70   567     0  3.1
  5  4453 J8  1483  3920 J8  3197  2471 J8   490 10105 23922  7.6  6.0  0.85  0.11   9.35   1.17   5.40   6.12  61   405     0  3.3
  6  4513 J8  1843  3415 J8  3709  2694 J8   523 11400 26282  8.1  7.1  1.42  0.10  17.91   8.02  13.20  13.67  63   161     0  2.9
  7  3764 J8  1752  2347 J8  3088  2536 J8   592 10703 24907  8.7  7.9  1.93  0.09  17.77  10.29  13.76  14.13  77   142     9  2.8
  8  2557 J8  1061  1382 J8  2158  1930 J8   397  8382 21273  8.9  8.5  1.99  0.06  16.66   8.88  12.51  13.54  77   172     0  2.5
  9  1818 J8   935  1422 J8  1961  1268 J8   322  5444 17403  8.8  8.2  1.22  0.05  10.50   3.61   7.01   8.04  81   338     0  2.4
 10   980 J8   509  1311 J8  2003   673 J8   213  2734 13448  8.0  7.1  0.80  0.03   0.40  -4.75  -2.31  -1.47  76   636     0  3.3
 11   400 J8   237  1201 J8  1485   252 J8   120   957  9439  6.3  5.8  0.66  0.03  -6.18 -10.53  -8.54  -8.18  68   801     0  3.8
 12    97 J8    46   547 J8   716    69 J8    27   334  6824  6.4  6.1  0.55  0.03  -9.99 -15.55 -12.75 -12.86  73   964     0  4.3
 13  2079 J8  1668  1989 J8  1249  1280 J8   977  5384 16701  7.4  6.7  0.95  0.07   3.15  -3.89  -0.38   0.38  72  6806     9  3.5
 2000
  1   196 J8   123   420 J8   575   161 J8    91   639  8323  7.7  6.6  0.45  0.05  -9.17 -13.95 -11.45 -11.13  75   927     0  3.7
  2   789 J8   365  1167 J8  1192   561 J8   193  2018 12217  7.8  6.7  0.56  0.07  -2.77  -8.41  -5.68  -4.76  84   694     0  3.0
  3  1517 J8   649  1376 J8  1746  1103 J8   303  4513 16306  7.9  7.1  0.55  0.09  -0.96  -7.77  -4.57  -3.35  80   704     0  2.9
  4  3808 J8  1202  4288 J8  2857  1877 J8   463  7541 20276  6.6  4.9  0.61  0.10   3.74  -4.48  -0.35   0.74  69   561     0  3.2
  5  4615 J8  1691  4424 J8  3770  2356 J8   608 10156 24008  6.5  5.6  0.77  0.11   8.18   0.87   4.58   5.26  59   428     0  2.7
  6  4623 J8  1925  3623 J8  4018  2717 J8   684 11407 26296  8.1  6.6  1.35  0.10  17.85   7.56  12.83  13.35  61   169     0  2.0
  7  3221 J8  1150  1055 J8  1285  2644 J8   557 10662 24831  9.7  9.1  1.66  0.09  16.00   9.27  12.41  12.77  80   177     0  2.4
  8  2962 J8  1399  2493 J8  3221  1837 J8   480  8313 21177  8.2  7.6  1.53  0.06  14.65   6.15  10.30  11.39  74   246     0  2.2
  9  1966 J8   903  1908 J8  2406  1289 J8   413  5371 17311  8.7  7.8  1.05  0.04   9.10   2.14   5.35   6.40  74   381     0  2.5
 10   979 J8   592  1485 J8  2110   622 J8   260  2677 13346  7.7  7.1  0.77  0.03   1.90  -4.61  -1.12  -0.06  74   610     0  3.1
 11   328 J8   211   847 J8  1080   228 J8   110   928  9347  8.0  7.0  0.62  0.03  -3.01  -7.47  -5.32  -4.84  82   707     0  2.7
 12    98 J8    46   544 J8   695    71 J8    23   331  6803  6.8  6.2  0.59  0.03  -4.31  -8.98  -6.70  -6.58  78   774     0  3.5
 13  2092 J8  1698  1969 J8  1420  1289 J8   979  5380 16687  7.8  6.9  0.88  0.07   4.27  -2.47   0.86   1.60  74  6377     0  2.8
 2001
  1   198 J8   126   224 J8   420   175 J8    92   659  8405  9.2  8.5  0.56  0.05  -2.60  -7.37  -4.94  -4.37  78   723     0  3.1
  2   670 J8   384   899 J8  1338   489 J8   156  2033 12253  7.4  7.0  0.50  0.07  -4.05  -9.55  -6.86  -6.09  76   704     0  3.0
  3  1767 J8  1029  2109 J8  2686  1060 J8   448  4492 16279  7.5  6.5  0.47  0.09  -1.91  -9.04  -5.55  -4.37  72   738     0  3.1
  4  2964 J8  1600  2645 J8  3132  1765 J8   525  7521 20251  8.1  7.0  0.60  0.10   6.58  -2.65   1.74   3.10  68   491     0  2.4
  5  4570 J8  1781  4273 J8  3465  2319 J8   559 10143 23988  7.3  6.1  0.79  0.11  11.12   2.69   6.99   7.71  63   354     0  2.0
  6  5105 J8  1657  4167 J8  3201  2877 J8   588 11406 26294  7.9  6.5  1.47  0.10  19.58   9.07  14.45  14.99  60   122     2  3.2
  7  3778 J8  1594  2146 J8  2209  2647 J8   560 10674 24853  9.5  7.9  1.78  0.09  15.84   9.06  12.18  12.55  82   183     1  3.8
  8  2526 J8  1095  1194 J8  1959  1978 J8   545  8333 21200  9.3  8.8  1.75  0.06  16.45   8.66  12.60  13.64  80   179     0  3.1
  9  2176 J8   853  2785 J8  2711  1197 J8   398  5392 17332  7.6  6.5  1.22  0.05  11.95   3.65   7.50   8.90  74   316     0  2.6
 10   895 J8   400  1191 J8  1591   646 J8   258  2694 13373  7.8  7.4  0.68  0.03  -0.15  -6.23  -3.30  -2.28  79   667     0  3.8
 11   339 J8   177  1232 J8  1402   211 J8   103   937  9381  5.7  5.4  0.57  0.03  -5.95 -10.53  -8.43  -7.88  72   797     0  4.5
 12   120 J8    46   866 J8   787    76 J8    31   332  6812  5.2  4.7  0.40  0.03  -8.35 -13.82 -11.01 -11.09  73   912     0  4.1
 13  2092 J8  1735  1978 J8  1296  1287 J8  1005  5385 16702  7.7  6.9  0.90  0.07   4.88  -2.17   1.28   2.07  73  6186     3  3.2
 2002
  1   180 J8   105   250 J8   584   158 J8    82   653  8381  8.8  8.1  0.61  0.05  -4.89  -9.04  -6.92  -6.48  78   784     0  3.5
  2   660 J8   382   843 J8  1440   496 J8   212  2017 12222  8.1  7.1  0.45  0.07  -5.02 -10.65  -8.05  -7.09  69   733     0  2.5
  3  2505 J8   913  5113 J8  2872   861 J8   363  4468 16244  3.3  2.8  0.35  0.09  -2.57 -12.31  -7.31  -5.55  52   799     0  2.5
  4  3205 J8  1400  3986 J8  3833  1563 J8   593  7496 20219  6.3  5.6  0.59  0.10   0.88  -7.63  -3.26  -2.03  62   651     0  1.7
  5  5161 J8  1922  5736 J8  4043  2217 J8   680 10125 23957  6.1  4.8  0.94  0.11  11.08   3.01   7.25   7.96  57   350     0  2.2
  6  4158 J8  1849  2757 J8  2867  2692 J8   537 11403 26290  8.4  7.6  1.40  0.10  15.65   6.44  11.07  11.55  73   219     0  2.1
  7  3871 J8  1463  2490 J8  2389  2593 J8   570 10688 24879  8.8  7.8  1.75  0.09  17.29   9.16  13.14  13.64  75   159     1  2.8
  8  2772 J8  1635  2327 J8  3303  1692 J8   455  8356 21233  8.2  7.8  1.57  0.06  14.52   7.12  10.71  11.72  84   233     0  1.2
  9  1814 J8  1065  1816 J8  2595  1139 J8   421  5416 17366  8.2  7.8  1.27  0.05  10.45   3.90   6.89   7.93  84   335     0  1.9
 10   997 J8   458  1338 J8  1513   691 J8   222  2713 13411  8.4  7.3  1.06  0.03   4.52  -0.05   2.23   3.02  86   499     0  1.8
 11   363 J8   216   818 J8  1007   264 J8   144   946  9406  8.2  7.2  0.89  0.03   1.39  -2.19  -0.45  -0.27  79   562     0  2.7
 12   102 J8    31   395 J8   402    83 J8    20   333  6821  7.6  6.5  0.62  0.03  -5.45  -9.33  -7.29  -6.98  76   797     0  2.9
 13  2149 J8  1722  2322 J8  1812  1204 J8   937  5384 16703  7.5  6.7  0.96  0.07   4.82  -1.80   1.50   2.29  73  6120     1  2.3
 2003
  1   232 J8   116   697 J8   696   170 J8    86   646  8352  6.4  5.7  0.60  0.05  -5.23  -9.88  -7.54  -7.05  70   802     0  3.6
  2   904 J8   380  1711 J8  1536   559 J8   216  2000 12188  6.7  5.3  0.73  0.07  -2.96  -8.93  -6.03  -5.10  77   680     0  2.0
  3  2283 J8   728  3318 J8  2221  1207 J8   359  4445 16208  5.5  4.7  0.39  0.09  -2.03 -11.14  -6.52  -4.91  59   772     0  4.0
  4  3998 J8  1273  5334 J8  3382  1627 J8   543  7471 20186  5.3  4.2  0.62  0.10   5.84  -3.41   0.87   2.32  54   513     0  2.3
  5  4577 J8  1534  3956 J8  3418  2529 J8   544 10107 23930  7.8  6.4  0.86  0.11   9.80   1.81   5.96   6.67  67   388     0  2.6
  6  4894 J8  1703  3895 J8  3024  2803 J8   458 11400 26283  8.0  6.6  1.41  0.10  15.79   7.36  11.66  12.13  73   203     0  2.5
  7  4670 J8  1682  3521 J8  3166  2785 J8   512 10701 24902  8.1  6.4  1.89  0.09  18.78   9.10  13.93  14.45  77   139     3  2.4
  8  3435 J8  1426  2937 J8  3276  2028 J8   404  8378 21269  8.2  7.2  1.61  0.06  15.49   7.43  11.21  12.31  83   213     0  1.9
  9  2420 J8   880  3197 J8  3102  1272 J8   415  5440 17399  6.9  6.2  1.05  0.05   9.93   2.35   5.96   7.10  75   366     0  2.8
 10  1198 J8   523  2099 J8  2106   717 J8   280  2732 13439  6.7  5.7  0.99  0.03   5.16  -0.96   1.96   3.03  77   503     0  2.6
 11   364 J8   199  1047 J8  1261   242 J8   121   956  9434  7.8  6.8  0.61  0.03  -6.00 -11.50  -8.81  -8.45  76   812     0  2.9
 12   116 J8    43   601 J8   661    84 J8    25   334  6823  6.9  5.6  0.49  0.03  -7.27 -12.08  -9.67  -9.50  68   868     0  4.4
 13  2424 J8  1846  2693 J8  1471  1335 J8  1017  5384 16701  7.0  5.9  0.94  0.07   4.77  -2.49   1.08   1.92  71  6260     3  2.8
 2004
  1   236 J8   113   911 J8   962   163 J8    84   640  8326  5.8  4.8  0.32  0.05  -8.35 -14.03 -11.24 -10.59  62   915     0  5.2
  2   887 J8   415  1344 J8  1344   614 J8   235  2020 12223  7.6  6.0  0.60  0.07  -1.76  -7.68  -4.83  -3.86  75   668     0  3.1
  3  2128 J8   908  3187 J8  2652  1101 J8   442  4516 16309  6.4  5.2  0.46  0.09  -3.43 -12.25  -7.87  -6.41  66   811     0  3.4
  4  3537 J8  1045  3345 J8  2379  2048 J8   486  7545 20279  7.6  5.8  0.75  0.10   5.73  -2.71   1.43   2.72  59   505     0  2.4
  5  4176 J8  1320  3391 J8  2897  2464 J8   595 10158 24015  7.8  6.9  1.23  0.11  13.35   4.96   9.20   9.97  61   284     0  1.3
  6  4948 J8  2023  4344 J8  3991  2612 J8   739 11407 26296  7.4  6.2  1.74  0.10  19.31  10.10  14.84  15.30  72   123    14  1.9
  7  4858 J8  1485  4019 J8  2949  2747 J8   454 10660 24828  8.2  6.4  1.92  0.09  20.57  11.96  16.05  16.55  73    71     8  2.3
  8  3921 J8  1373  4471 J8  3449  1830 J8   599  8310 21172  6.2  5.6  1.82  0.06  21.02  10.27  15.52  16.90  75    89     5  1.3
  9  2137 J8  1113  2680 J8  2953  1184 J8   416  5367 17305  7.0  6.5  0.95  0.04   7.65  -0.12   3.50   4.71  81   437     0  2.6
 10  1029 J8   528  1613 J8  2088   660 J8   282  2675 13344  7.7  6.9  0.83  0.03   2.08  -2.45  -0.34   0.56  77   574     0  1.6
 11   265 J8   178   344 J8   707   225 J8   126   927  9346  9.2  8.7  0.67  0.03  -3.31  -7.19  -5.24  -5.06  85   707     0  1.9
 12    97 J8    39   425 J8   527    76 J8    24   331  6804  7.3  6.7  0.53  0.03  -5.49  -9.92  -7.71  -7.56  72   807     0  4.7
 13  2352 J8  1862  2506 J8  1514  1310 J8   995  5380 16687  7.4  6.3  0.98  0.07   5.61  -1.59   1.94   2.77  72  5992    27  2.6
 2005
  1   274 J8   158  1170 J8  1183   161 J8    79   660  8408  5.6  4.3  0.50  0.05  -7.02 -11.69  -9.16  -8.62  65   858     0  4.3
  2   883 J8   418  1717 J8  1477   545 J8   238  2035 12255  6.8  5.0  0.48  0.07  -5.32 -11.21  -8.42  -7.51  70   745     0  3.1
  3  2056 J8   781  2311 J8  2041  1308 J8   416  4495 16285  7.8  6.1  0.57  0.09   0.89  -6.25  -2.75  -1.48  70   651     0  2.7
  4  4204 J8  1293  5625 J8  3365  1689 J8   526  7524 20258  5.4  3.8  0.65  0.10   6.40  -2.68   1.48   2.78  56   494     0  2.4
  5  4563 J8  1509  4124 J8  3249  2448 J8   617 10145 23992  7.7  6.1  1.12  0.11  12.44   4.05   8.28   9.05  65   313     0  1.1
  6  5785 J8  1362  5230 J8  3204  2914 J8   638 11406 26293  7.6  5.3  1.55  0.10  18.52   8.84  13.55  14.05  65   141     1  3.0
  7  4417 J8  1349  3366 J8  2567  2718 J8   571 10672 24852  8.4  6.9  1.71  0.09  17.28   8.89  12.96  13.45  78   163     0  2.3
  8  3610 J8  1460  3661 J8  3899  1926 J8   658  8330 21197  7.2  6.6  1.69  0.06  17.82   8.81  13.05  14.19  80   162     6  1.4
  9  1915 J8   861  1914 J8  2147  1224 J8   292  5389 17328  8.8  7.8  1.37  0.05   9.75   3.76   6.58   7.64  88   347     0  1.7
 10  1117 J8   556  1705 J8  1841   716 J8   251  2692 13370  7.3  6.6  0.75  0.03   2.68  -2.66  -0.13   0.80  76   568     0  3.5
 11   403 J8   242  1555 J8  1567   218 J8   116   936  9379  5.7  4.8  0.43  0.03  -8.41 -12.22 -10.43 -10.01  71   859     0  5.7
 12    99 J8    45   383 J8   489    80 J8    30   332  6810  8.2  7.3  0.73  0.03  -3.32  -7.50  -5.36  -5.20  76   736     0  5.0
 13  2444 J8  1977  2730 J8  1654  1329 J8  1015  5385 16702  7.2  5.9  0.96  0.07   5.14  -1.66   1.64   2.43  72  6037     8  3.0
 2006
  1   276 J8   119  1100 J8   795   178 J8    76   654  8385  4.3  3.4  0.34  0.05 -11.42 -16.77 -14.05 -13.71  67  1005     0  6.9
  2   857 J8   458  1452 J8  1501   565 J8   231  2019 12228  7.7  5.8  0.42  0.07  -7.64 -15.37 -11.57 -10.22  70   835     0  4.2
  3  2247 J8   896  3582 J8  2659  1077 J8   407  4471 16249  5.5  4.5  0.39  0.09  -3.40 -12.29  -7.67  -6.16  60   811     0  5.3
  4  3587 J8  1559  4045 J8  3657  1768 J8   545  7499 20222  7.6  5.5  0.51  0.10   4.53  -3.70   0.20   1.35  70   537     0  3.6
  5  5164 J8  1403  5227 J8  3224  2438 J8   570 10127 23960  7.4  5.0  0.91  0.11  11.67   2.98   7.23   7.99  59   341     0  2.7
  6  5198 J8  1333  4019 J8  2826  3012 J8   539 11403 26290  8.3  6.3  1.33  0.10  16.87   6.45  12.07  12.61  62   200     0  3.5
  7  4416 J8  1428  3299 J8  2451  2710 J8   587 10686 24873  8.4  6.8  1.62  0.09  17.46   9.91  13.19  13.57  82   144     0  2.3
  8  3521 J8  1124  2963 J8  2461  2133 J8   488  8353 21230  8.2  7.2  1.44  0.06  15.18   6.85  11.00  12.10  84   227     0  1.6
  9  2105 J8   906  2303 J8  2181  1275 J8   371  5413 17360  8.2  7.3  1.22  0.05  10.62   4.29   7.28   8.32  85   326     0  1.9
 10  1029 J8   335  1507 J8  1392   717 J8   234  2711 13409  7.6  6.5  0.81  0.03   1.95  -3.86  -0.85   0.18  75   598     0  2.5
 11   395 J8   165  1650 J8  1370   229 J8   136   945  9401  4.9  4.2  0.24  0.03  -7.73 -13.21 -10.46  -9.86  62   864     0  4.9
 12   105 J8    45   421 J8   605    82 J8    29   333  6821  8.0  7.4  0.46  0.03  -4.37 -10.03  -7.25  -7.10  76   791     0  4.5
 13  2408 J8  1916  2631 J8  1448  1349 J8  1041  5384 16702  7.2  5.8  0.81  0.07   3.64  -3.73  -0.07   0.75  71  6681     0  3.6
 2007
  1   206 J8   109   456 J8   626   166 J8    74   647  8353  8.3  6.9  0.43  0.05  -8.35 -14.48 -11.40 -10.80  71   922     0  3.3
  2  1080 J8   438  3042 J8  1945   476 J8   178  2002 12191  3.8  2.6  0.37  0.07  -6.20 -12.24  -9.55  -8.41  64   771     0  4.8
  3  2576 J8   768  4807 J8  2360  1044 J8   391  4448 16215  3.8  3.0  0.23  0.09  -6.62 -15.58 -11.16  -9.57  64   912     0  5.9
  4  3749 J8  1143  4183 J8  2809  1902 J8   442  7475 20189  7.4  5.2  0.61  0.10   6.72  -2.30   2.12   3.38  73   484     0  2.1
  5  4105 J8  1060  2749 J8  1819  2773 J8   409 10109 23933  8.5  7.1  0.95  0.11  12.55   3.04   7.96   8.76  57   327     0  2.3
  6  5233 J8  1358  4198 J8  2568  2957 J8   329 11400 26284  7.8  6.5  1.33  0.10  18.76   9.00  13.87  14.34  62   137     4  2.9
  7  4566 J8  1439  3673 J8  2942  2658 J8   554 10699 24899  8.3  6.7  1.75  0.09  17.18   9.47  13.03  13.43  79   155     0  1.9
  8  3556 J8  1159  3147 J8  2638  2104 J8   467  8375 21262  7.7  7.0  1.60  0.06  14.24   6.96  10.62  11.58  85   240     0  1.6
  9  2191 J8   934  2456 J8  2151  1291 J8   387  5437 17395  8.1  7.1  1.14  0.05   5.60  -2.93   1.15   2.47  75   510     0  1.3
 10  1235 J8   477  2317 J8  1937   700 J8   264  2730 13436  7.1  5.4  0.61  0.03  -0.05  -6.70  -3.47  -2.07  77   673     0  2.7
 11   294 J8   136   518 J8   672   240 J8    94   955  9431  9.0  7.8  0.63  0.03  -4.62 -10.43  -7.45  -6.71  77   776     0  2.4
 12   108 J8    49   490 J8   682    81 J8    22   334  6824  7.4  6.4  0.42  0.03  -8.06 -14.08 -10.96 -11.08  75   911     0  4.3
 13  2408 J8  1821  2670 J8  1508  1366 J8  1075  5384 16701  7.3  6.0  0.84  0.07   3.43  -4.19  -0.44   0.44  72  6818     4  3.0
 2008
  1   228 J8   130   579 J8   580   175 J8    85   641  8330  7.1  5.9  0.38  0.05  -4.59 -10.28  -7.36  -7.00  78   799     0  4.0
  2   986 J8   410  2674 J8  1682   485 J8   227  2022 12226  4.6  3.3  0.38  0.07  -7.19 -14.89 -10.97  -9.81  70   852     0  4.8
  3  1995 J8   867  2269 J8  2348  1229 J8   323  4519 16312  6.8  6.1  0.49  0.09  -3.29 -12.10  -7.65  -6.01  76   807     0  2.7
  4  3543 J8  1638  4154 J8  3521  1692 J8   596  7548 20284  6.8  5.4  0.61  0.10   4.06  -4.88  -0.57   0.58  68   562     0  2.4
  5  4836 J8  1534  4519 J8  3367  2542 J8   542 10160 24017  7.0  5.6  0.80  0.11  11.94   2.38   7.15   7.98  55   346     0  2.6
  6  4858 J8  1357  3333 J8  2370  3103 J8   430 11407 26296  8.4  7.0  1.29  0.10  18.46   8.37  13.54  14.01  62   154     7  3.0
  7  4142 J8  1311  2551 J8  2145  2779 J8   545 10658 24823  9.0  7.9  1.60  0.09  16.74   8.95  12.67  13.11  79   170     0  2.3
  8  3378 J8  1143  2787 J8  2306  2083 J8   492  8307 21166  8.1  7.2  1.34  0.06  16.45   8.10  12.17  13.32  81   188     0  1.4
  9  2154 J8   724  2126 J8  2023  1389 J8   348  5364 17301  8.4  7.6  1.11  0.04   7.90   2.24   4.96   5.90  85   398     0  2.0
 10  1118 J8   466  2298 J8  2205   631 J8   268  2672 13339  6.0  5.5  0.52  0.03  -0.22  -6.28  -3.22  -2.18  80   669     0  3.5
 11   398 J8   204  1294 J8  1279   254 J8   143   926  9342  6.2  5.4  0.46  0.03  -3.99  -8.42  -6.23  -5.62  78   736     0  3.4
 12   115 J8    34   537 J8   526    88 J8    27   331  6804  6.4  5.5  0.44  0.03  -8.98 -14.42 -11.81 -11.90  75   931     0  3.9
 13  2313 J8  1784  2427 J8  1235  1371 J8  1072  5380 16687  7.1  6.0  0.78  0.07   3.94  -3.44   0.22   1.03  74  6612     7  3.0
 2009
  1   227 J8    99   949 J8   989   158 J8    87   661  8410  5.4  5.0  0.42  0.05  -6.80 -11.87  -9.27  -8.74  79   858     0  4.8
  2   933 J8   382  1935 J8  1325   550 J8   208  2037 12263  5.9  4.8  0.41  0.07  -2.97  -9.85  -6.25  -5.00  76   693     0  2.4
  3  2273 J8   683  3160 J8  2238  1254 J8   451  4498 16289  6.0  5.0  0.40  0.09  -1.85 -10.79  -6.57  -4.96  77   764     0  4.1
  4  3932 J8  1109  4994 J8  2871  1762 J8   461  7527 20261  5.8  4.4  0.52  0.10   5.74  -3.44   0.90   2.21  64   515     0  2.0
  5  5254 J8  1655  5960 J8  3748  2197 J8   595 10147 23995  5.6  4.2  0.81  0.11  12.61   2.54   7.25   8.09  71   333     0  3.1
  6  5475 J8  1345  4484 J8  2776  3066 J8   444 11406 26293  8.0  5.9  1.27  0.10  17.62   7.74  13.16  13.63  59   169     0  2.8
  7  4379 J8  1411  2957 J8  2696  2804 J8   413 10670 24847  8.5  7.3  1.73  0.09  16.83   8.98  12.66  13.06  79   168     0  1.8
  8  3900 J8  1260  4054 J8  3115  2034 J8   541  8327 21191  7.1  6.0  1.42  0.06  15.21   7.29  11.18  12.25  82   219     0  2.3
  9  2297 J8  1020  2922 J8  2346  1220 J8   315  5385 17324  7.6  6.4  1.12  0.05  10.37   3.67   6.78   8.03  82   339     0  2.3
 10  1271 J8   453  2716 J8  1860   663 J8   293  2689 13368  5.5  4.6  0.94  0.03  -0.03  -4.83  -2.70  -1.66  77   644     0  2.3
 11   374 J8   196  1336 J8  1336   225 J8   104   935  9370  5.7  4.7  0.39  0.03 -10.16 -14.47 -12.31 -11.79  76   919     0  4.2
 12   110 J8    43   621 J8   699    79 J8    30   332  6809  6.7  5.6  0.57  0.03  -6.36 -11.01  -8.65  -8.48  74   838     0  2.3
 13  2535 J8  1987  3007 J8  1650  1334 J8  1038  5385 16702  6.5  5.3  0.83  0.07   4.18  -3.00   0.51   1.39  75  6460     0  2.9
 2010
  1   273 J8   126  1290 J8   948   160 J8    86   654  8387  4.3  3.3  0.47  0.05  -7.16 -12.56  -9.84  -9.01  78   874     0  5.7
  2   891 J8   321  1810 J8  1470   560 J8   231  2021 12231  6.7  5.1  0.51  0.07  -4.99 -11.26  -8.11  -6.98  74   741     0  3.7
  3  2227 J8   851  3032 J8  2416  1213 J8   427  4474 16253  5.9  5.1  0.41  0.09  -2.93 -10.13  -6.67  -5.25  84   771     0  3.7
  4  3917 J8   974  4552 J8  2774  1915 J8   560  7503 20228  6.2  4.5  0.56  0.10   6.04  -3.49   1.20   2.62  68   512     0  2.8
  5  4975 J8  1286  4781 J8  3180  2513 J8   598 10129 23964  6.7  5.5  0.88  0.11  13.27   4.27   8.67   9.48  57   296     0  2.6
  6  4634 J8  1509  3216 J8  2808  2909 J8   518 11403 26290  8.5  7.1  1.34  0.10  15.56   7.34  11.54  11.98  74   206     0  2.6
  7  3690 J8  1274  1806 J8  1738  2706 J8   585 10684 24870  9.6  8.4  1.67  0.09  19.03   9.57  14.23  14.78  72   129     5  1.9
  8  3189 J8   961  2640 J8  2379  2040 J8   449  8349 21227  8.0  7.2  1.56  0.06  16.46   8.73  12.64  13.65  80   178     0  1.9
  9  2809 J8   883  5179 J8  2861   970 J8   416  5410 17356  4.7  4.0  1.03  0.05  11.12   3.21   6.90   8.13  80   335     0  2.1
 10  1173 J8   442  2053 J8  2084   713 J8   309  2708 13401  7.5  6.4  0.67  0.03   4.51  -0.15   2.16   2.93  85   501     0  2.7
 11   381 J8   156   962 J8   806   282 J8   139   944  9397  7.3  6.2  0.59  0.03  -4.25  -9.76  -6.96  -6.48  79   760     0  3.1
 12   136 J8    32  1132 J8   673    77 J8    24   333  6820  3.5  2.6  0.34  0.03  -5.45  -9.65  -7.38  -6.98  75   802     0  6.0
 13  2358 J8  1755  2705 J8  1470  1338 J8  1035  5384 16702  6.6  5.5  0.83  0.07   5.10  -1.99   1.53   2.41  76  6105     5  3.2
