704540 ADAK NAS               AK -10  N51 53  W176 39     5  1012
 1991-2010
 MO AVGLO FL SDGLO AVDIR FL SDDIR AVDIF FL SDDIF AVETR AETRN  TOT  OPQ   H2O   TAU  MAX_T  MIN_T  AVG_T  AVGDT  RH  HTDD  CLDD AVWS
  1   657 J8    74   683 J8   293   498 J8    27  2306 11768  8.6  8.3  0.79  0.08   2.35  -1.59   0.53   0.86  74   556     0  6.8
  2  1162 J8   100   933 J8   282   849 J8    51  3870 13910  8.7  8.1  0.77  0.11   2.69  -1.25   0.82   1.32  72   497     0  6.9
  3  1973 J8   177  1297 J8   326  1379 J8    77  6207 16395  8.6  8.1  0.81  0.14   3.27  -0.89   1.24   1.77  74   531     0  6.6
  4  2701 J8   266  1280 J8   326  1987 J8   113  8727 18840  8.9  8.5  0.93  0.16   4.63   0.36   2.45   3.02  71   475     0  6.9
  5  3140 J8   363  1212 J8   512  2359 J8   193 10680 20895  9.1  8.9  1.19  0.17   6.88   2.73   4.72   5.20  75   419     0  5.6
  6  3271 J8   366  1162 J8   444  2490 J8   156 11539 21914  9.3  9.0  1.71  0.16   9.34   4.96   6.94   7.38  77   335     0  5.2
  7  2997 J8   504  1156 J8   619  2228 J8   145 11031 21248  9.3  9.0  2.43  0.14  11.57   7.34   9.28   9.72  81   275     0  4.8
  8  2702 J8   331  1380 J8   437  1891 J8   164  9324 19315  9.0  8.7  2.42  0.10  12.86   8.18  10.38  10.94  82   242     0  5.1
  9  2209 J8   245  1402 J8   522  1544 J8   102  6962 16969  8.7  8.4  1.70  0.08  11.26   6.68   8.95   9.66  79   281     0  6.5
 10  1508 J8   111  1364 J8   375  1023 J8    51  4522 14516  8.2  7.9  1.17  0.06   8.26   3.52   5.95   6.75  76   386     0  6.2
 11   867 J8    84  1054 J8   354   605 J8    27  2655 12230  8.3  7.9  0.94  0.05   5.26   1.09   3.24   3.82  75   455     0  7.1
 12   551 J8    56   774 J8   289   402 J8    24  1859 10989  8.2  8.0  0.80  0.06   2.93  -1.30   1.07   1.48  74   543     0  6.8
 13  1978 J8   136  1141 J8   196  1438 J8    75  6640 16583  8.7  8.4  1.30  0.11   6.78   2.49   4.63   5.16  76  4996     0  6.2
 1991
  1   523 J8   168   258 J8   427   463 J8   101  2299 11757  9.3  9.1  1.00  0.07   2.96  -0.46   1.36   1.65  75   530     0  6.2
  2  1168 J8   423   830 J8   986   898 J8   232  3847 13881  8.7  8.3  0.70  0.10   1.30  -3.67  -1.11  -0.39  63   546     0  5.6
  3  2069 J8   729  1461 J8  1436  1406 J8   317  6168 16357  8.7  8.0  0.93  0.13   4.24  -0.54   1.95   2.56  67   511     0  6.6
  4  3082 J8  1044  1583 J8  1295  2150 J8   356  8691 18802  8.8  8.3  0.84  0.15   4.59  -0.16   2.04   2.71  67   483     0  5.0
  5  3452 J8   917  1238 J8  1055  2654 J8   391 10657 20866  9.1  9.0  1.19  0.16   6.95   2.44   4.54   5.08  73   423     0  4.4
  6  3648 J8  1677  1745 J8  2275  2466 J8   388 11536 21912  9.1  8.6  1.67  0.15   8.85   4.35   6.20   6.63  77   352     0  4.1
  7  2897 J8  1164   868 J8  1359  2326 J8   451 11049 21271  9.7  9.4  2.31  0.13  11.32   7.38   9.13   9.56  80   278     0  2.8
  8  2857 J8  1114  1376 J8  1395  2004 J8   376  9356 19350  9.4  8.9  2.19  0.13  12.86   8.56  10.34  10.80  80   236     0  4.1
  9  2075 J8   750   980 J8  1091  1586 J8   339  7000 17008  9.0  8.9  1.44  0.14  10.50   5.92   8.20   8.94  75   304     0  5.1
 10  1342 J8   493   677 J8   729  1079 J8   262  4555 14553  8.8  8.6  1.21  0.14   8.26   3.55   5.83   6.81  75   385     0  3.5
 11   756 J8   227   563 J8   565   613 J8   140  2675 12261  8.4  8.1  0.97  0.16   5.45   0.49   3.07   3.92  74   461     0  3.5
 12   465 J8   136   287 J8   265   406 J8    92  1862 10992  8.2  8.1  0.82  0.19   2.54  -1.79   0.66   1.18  68   557     0  6.2
 13  2028 J8  1158   989 J8   496  1504 J8   811  6641 16584  8.9  8.6  1.27  0.14   6.65   2.17   4.35   4.96  73  5066     0  4.8
 1992
  1   553 J8   147   189 J8   175   506 J8   120  2290 11743  9.0  8.7  0.73  0.24   1.46  -1.98  -0.11   0.14  68   576     0  5.4
  2  1070 J8   338   477 J8   610   906 J8   220  3867 13906  9.0  8.4  0.86  0.28   3.00  -0.58   1.38   1.84  67   496     0  6.6
  3  1845 J8   881   880 J8  1088  1409 J8   450  6231 16417  8.6  8.2  0.72  0.32   2.60  -1.52   0.62   1.13  72   552     0  7.4
  4  2538 J8  1030   763 J8  1163  2076 J8   442  8748 18860  9.3  8.9  0.93  0.33   4.39   0.56   2.32   2.85  65   476     0  5.3
  5  3485 J8  1230  1115 J8  1420  2719 J8   518 10693 20908  9.2  9.0  1.14  0.32   7.15   2.89   4.71   5.20  69   413     0  4.9
  6  3392 J8  1298   995 J8  1381  2715 J8   548 11541 21915  9.5  9.1  1.42  0.29   8.81   4.65   6.47   6.85  78   348     0  5.5
  7  3149 J8  1376  1172 J8  1560  2360 J8   426 11020 21236  9.4  8.9  1.97  0.25  10.58   6.15   7.95   8.40  79   309     0  4.2
  8  2837 J8  1217  1205 J8  1725  2108 J8   420  9304 19293  9.1  8.5  1.94  0.21  11.83   6.48   8.89   9.58  79   284     0  5.3
  9  2029 J8   712   866 J8   994  1575 J8   340  6938 16950  9.0  8.8  1.90  0.16  10.95   6.00   8.36   8.94  76   296     0  5.9
 10  1347 J8   592   842 J8   895  1027 J8   309  4500 14492  8.6  8.2  1.18  0.13   7.51   2.68   5.21   6.10  71   410     0  4.7
 11   746 J8   228   519 J8   496   610 J8   134  2641 12213  8.5  8.4  0.88  0.12   4.33  -0.45   2.17   2.70  64   492     0  7.2
 12   449 J8   153   302 J8   308   386 J8    98  1857 10989  8.7  8.6  0.95  0.12   3.55  -1.44   1.28   1.81  62   535     0  6.3
 13  1953 J8  1121   777 J8   337  1533 J8   853  6636 16577  9.0  8.7  1.22  0.23   6.35   1.95   4.10   4.63  71  5187     0  5.7
 1993
  1   653 J8   293   584 J8   742   504 J8   128  2317 11785  8.1  7.9  0.70  0.13   2.27  -2.92  -0.19   0.63  55   578     0  6.1
  2  1173 J8   568   829 J8   980   878 J8   261  3884 13926  8.8  8.3  0.71  0.15   3.11  -1.04   1.13   1.84  56   484     0  5.2
  3  2150 J8   794  1344 J8  1250  1513 J8   413  6214 16403  8.8  8.1  0.72  0.17   3.73  -1.14   1.24   2.09  53   528     0  4.6
  4  3211 J8  1290  1859 J8  1781  2141 J8   453  8733 18848  8.7  8.1  0.70  0.19   4.42  -0.45   1.92   2.60  50   490     0  5.5
  5  3409 J8   966  1281 J8  1048  2530 J8   358 10685 20904  9.3  9.1  1.02  0.19   6.31   1.90   3.84   4.35  52   441     0  4.9
  6  3444 J8  1113  1147 J8  1213  2623 J8   355 11541 21917  9.3  9.2  1.55  0.19   9.11   4.53   6.55   6.98  54   345     0  4.6
  7  3174 J8  1212  1201 J8  1399  2371 J8   465 11029 21244  9.5  9.1  2.26  0.16  10.90   6.79   8.59   9.00  72   294     0  4.8
  8  3090 J8  1143  1723 J8  1521  2016 J8   302  9319 19310  8.8  8.6  2.23  0.12  12.70   7.47   9.87  10.50  81   256     0  5.2
  9  2191 J8   776  1205 J8  1396  1603 J8   289  6955 16959  8.8  8.7  1.68  0.09  10.56   5.91   8.19   8.99  80   303     0  5.0
 10  1585 J8   579  1365 J8  1282  1072 J8   194  4516 14508  8.2  7.8  1.12  0.07   7.64   2.73   5.37   6.10  75   407     0  6.3
 11   922 J8   337  1140 J8  1048   621 J8   145  2651 12223  7.9  7.7  0.94  0.06   4.91   0.23   2.70   3.21  71   473     0  7.9
 12   558 J8   160   625 J8   470   437 J8    80  1858 10988  7.8  7.5  0.70  0.06   1.25  -3.72  -0.71  -0.38  77   607     0  5.1
 13  2130 J8  1123  1192 J8   383  1526 J8   811  6642 16585  8.7  8.3  1.20  0.13   6.41   1.69   4.04   4.66  65  5206     0  5.4
 1994
  1   628 J8   267   545 J8   673   497 J8   143  2308 11769  9.0  8.7  0.82  0.09   2.53  -1.02   0.92   1.13  80   545     0  5.6
  2  1150 J8   541   878 J8  1221   848 J8   213  3866 13909  9.0  8.1  1.02  0.11   4.02   0.47   2.40   2.66  82   450     0  7.8
  3  1818 J8   795   922 J8  1175  1399 J8   361  6192 16381  9.0  8.5  0.74  0.14   1.33  -2.36  -0.40  -0.12  76   584     0  7.3
  4  2913 J8  1212  1523 J8  1893  2021 J8   394  8713 18829  8.8  8.2  0.75  0.16   3.80  -0.20   1.72   2.28  75   496     0  5.7
  5  3670 J8  1331  1718 J8  1606  2534 J8   365 10672 20887  9.0  8.7  1.03  0.17   5.63   1.91   3.59   3.97  79   451     0  6.2
  6  3854 J8  1384  1557 J8  1606  2789 J8   429 11539 21912  9.2  8.7  1.75  0.16   8.65   4.58   6.50   6.86  85   351     0  6.0
  7  3359 J8  1475  1568 J8  2069  2342 J8   344 11038 21255  9.4  8.6  2.46  0.13  11.83   7.15   9.30   9.78  88   274     0  5.9
  8  3079 J8  1142  1668 J8  1610  2089 J8   370  9336 19326  8.8  8.4  2.46  0.10  13.79   8.63  11.04  11.47  89   221     0  5.3
  9  2053 J8   890  1151 J8  1448  1499 J8   317  6976 16983  8.9  8.7  1.90  0.07  10.74   6.38   8.63   9.20  88   293     0  5.8
 10  1551 J8   550  1276 J8  1242  1074 J8   232  4534 14528  8.2  8.0  1.10  0.05   7.74   3.29   5.63   6.27  79   397     0  6.4
 11   828 J8   302   826 J8   962   626 J8   153  2662 12240  8.7  8.1  0.99  0.04   6.27   1.79   3.91   4.14  78   429     0  8.6
 12   560 J8   175   653 J8   724   434 J8    82  1860 10990  7.9  7.8  0.76  0.05   3.00  -2.26   0.70   1.17  78   557     0  7.0
 13  2122 J8  1213  1190 J8   417  1513 J8   830  6642 16584  8.8  8.4  1.32  0.11   6.61   2.36   4.49   4.90  81  5049     0  6.5
 1995
  1   717 J8   299   618 J8   672   562 J8   175  2300 11757  8.6  8.3  0.61  0.07   0.89  -2.83  -0.78  -0.43  74   598     0  7.2
  2  1210 J8   373   785 J8   794   949 J8   187  3849 13883  9.1  8.4  0.76  0.10   2.96  -0.56   1.37   1.82  86   480     0  6.8
  3  2096 J8   777  1394 J8  1368  1458 J8   312  6171 16360  8.6  8.0  0.73  0.13   3.90  -0.24   1.84   2.33  81   511     0  7.5
  4  3186 J8   919  1807 J8  1157  2168 J8   305  8694 18806  8.5  7.7  0.82  0.15   4.74  -0.25   2.25   2.87  82   483     0  6.9
  5  3130 J8  1126  1104 J8  1330  2422 J8   407 10659 20868  9.2  9.1  1.04  0.16   6.59   2.86   4.70   5.12  86   422     0  5.1
  6  3682 J8  1392  1594 J8  1655  2603 J8   485 11537 21914  9.2  8.8  1.28  0.15   8.24   4.23   6.11   6.52  77   363     0  4.9
  7  3235 J8  1168  1220 J8  1385  2436 J8   417 11047 21268  9.4  8.8  2.06  0.13  10.71   7.03   8.67   9.03  87   293     0  4.6
  8  3192 J8  1101  1816 J8  1628  2086 J8   368  9354 19349  8.8  8.5  2.18  0.10  13.37   8.57  10.82  11.40  86   228     0  5.2
  9  2400 J8   824  1515 J8  1669  1660 J8   353  6997 17005  8.6  8.3  1.67  0.07  11.80   7.30   9.46   9.97  87   263     0  6.5
 10  1572 J8   594  1198 J8  1150  1119 J8   267  4553 14551  8.3  8.0  1.04  0.05   7.57   3.16   5.44   6.12  79   402     0  6.6
 11   900 J8   288  1004 J8   933   645 J8   133  2674 12261  8.4  7.9  0.79  0.04   5.30   2.21   3.88   4.33  80   437     0  6.4
 12   513 J8   168   492 J8   721   414 J8    67  1862 10992  9.0  8.9  0.94  0.05   4.15   0.88   2.73   3.24  84   490     0  6.0
 13  2153 J8  1137  1212 J8   437  1543 J8   796  6641 16584  8.8  8.4  1.16  0.10   6.69   2.70   4.71   5.19  83  4971     0  6.2
 1996
  1   698 J8   305   732 J8   817   519 J8   153  2291 11745  8.7  8.4  0.74  0.07   3.65   0.03   2.08   2.48  76   511     0  6.0
  2  1181 J8   481   874 J8  1390   901 J8   225  3869 13908  8.6  8.3  0.77  0.10   3.27  -0.78   1.51   2.10  74   495     0  8.5
  3  1931 J8   943  1326 J8  1590  1320 J8   294  6234 16419  8.4  8.1  0.97  0.13   4.40  -0.13   2.40   3.07  75   502     0  6.9
  4  2743 J8   803  1279 J8  1234  2041 J8   361  8751 18864  9.0  8.4  0.81  0.15   4.25   0.38   2.14   2.69  63   480     0  6.5
  5  3207 J8  1234  1283 J8  1486  2402 J8   445 10695 20910  9.3  8.7  1.25  0.16   7.74   3.61   5.74   6.26  82   392     0  6.0
  6  3807 J8  1784  1933 J8  2484  2526 J8   579 11541 21914  8.8  8.2  1.81  0.15  10.04   4.85   7.27   7.82  76   327     0  5.4
  7  2621 J8   834   690 J8  1434  2156 J8   294 11019 21235  9.6  9.5  2.83  0.13  12.07   8.17  10.02  10.45  84   254     0  6.7
  8  2681 J8  1076  1548 J8  1933  1800 J8   239  9302 19293  9.0  8.7  2.88  0.10  13.11   8.70  10.95  11.47  84   230     0  4.4
  9  2223 J8  1006  1480 J8  1943  1520 J8   297  6936 16944  8.4  8.3  1.32  0.07  11.57   7.06   9.30  10.01  77   270     0  7.2
 10  1714 J8   672  2124 J8  2051   956 J8   250  4498 14491  6.8  6.7  1.12  0.05   9.04   4.00   6.66   7.56  74   366     0  7.3
 11   927 J8   409  1414 J8  1578   566 J8   166  2640 12210  8.3  7.8  1.00  0.04   6.87   2.61   4.64   5.25  75   408     0  6.1
 12   563 J8   239   992 J8  1020   369 J8    96  1857 10989  8.0  7.6  0.82  0.05   4.04   0.39   2.36   2.72  78   499     0  7.0
 13  2025 J8  1037  1306 J8   443  1423 J8   763  6636 16577  8.6  8.2  1.36  0.10   7.51   3.24   5.42   5.99  76  4736     0  6.5
 1997
  1   750 J8   232  1158 J8  1081   488 J8   126  2318 11790  8.0  7.9  0.74  0.07   2.69  -1.54   0.80   1.26  73   550     0  7.0
  2  1247 J8   545  1251 J8  1464   821 J8   181  3886 13930  8.2  7.5  0.78  0.10   3.05  -0.54   1.43   1.89  67   478     0  5.7
  3  1949 J8   904  1323 J8  1485  1343 J8   308  6216 16406  8.5  8.2  0.65  0.13   2.55  -1.55   0.57   1.08  71   553     0  6.3
  4  2764 J8   984  1545 J8  1452  1912 J8   310  8736 18848  8.6  8.3  0.81  0.15   4.35   0.52   2.29   2.82  65   477     0  7.0
  5  3146 J8  1390  1381 J8  1850  2235 J8   424 10686 20904  9.1  8.9  1.20  0.16   7.08   2.80   4.63   5.13  69   415     0  6.2
  6  3021 J8   930   800 J8   932  2414 J8   319 11541 21917  9.6  9.5  1.64  0.15   8.76   4.53   6.38   6.77  78   351     0  5.1
  7  2957 J8  1318  1097 J8  1725  2177 J8   400 11027 21242  9.4  9.2  2.43  0.13  10.45   6.12   7.87   8.31  79   311     0  4.5
  8  2720 J8  1374  1852 J8  2828  1674 J8   349  9316 19307  8.4  8.3  2.68  0.10  11.93   6.52   8.97   9.66  79   282     0  4.8
  9  2140 J8   610  1113 J8  1180  1614 J8   380  6953 16957  9.0  8.8  1.63  0.07  12.36   7.62  10.01  10.84  74   250     0  5.9
 10  1487 J8   512  1258 J8  1423  1048 J8   234  4514 14507  8.4  7.9  1.21  0.05  10.28   5.06   7.74   8.55  80   330     0  5.5
 11   817 J8   298   734 J8   688   639 J8   178  2650 12220  8.7  8.4  0.93  0.04   5.55   1.06   3.25   3.82  85   451     0  8.6
 12   537 J8   178   602 J8   690   417 J8    79  1858 10988  8.8  8.7  0.65  0.05   2.82  -1.62   0.86   1.02  74   550     0  6.5
 13  1961 J8   968  1176 J8   350  1399 J8   710  6642 16585  8.7  8.5  1.28  0.10   6.82   2.41   4.57   5.10  74  4998     0  6.1
 1998
  1   635 J8   255   538 J8   694   508 J8   126  2309 11773  8.7  8.4  0.72  0.07   2.33  -1.93   0.36   0.62  76   562     0  7.2
  2  1064 J8   516   733 J8  1174   812 J8   184  3869 13912  8.8  8.6  0.53  0.10   1.79  -2.88  -0.31   0.26  74   528     0  6.4
  3  1950 J8   888  1310 J8  1628  1348 J8   320  6195 16384  9.0  8.0  0.77  0.13   3.48  -0.85   1.49   2.03  76   527     0  6.9
  4  2536 J8  1272  1323 J8  2040  1781 J8   390  8716 18831  8.7  8.5  1.00  0.15   4.83   0.85   2.72   3.10  71   465     0  9.2
  5  2757 J8   744   595 J8   645  2390 J8   376 10674 20888  9.4  9.3  1.09  0.16   7.36   2.72   5.09   5.59  84   412     0  6.3
  6  2993 J8   898   763 J8   980  2514 J8   420 11539 21913  9.6  9.2  1.58  0.15   8.67   4.42   6.44   6.88  82   354     0  5.7
  7  3088 J8  1523  1363 J8  2245  2169 J8   317 11037 21254  9.2  8.9  2.97  0.13  11.66   7.12   9.21   9.68  81   277     0  4.9
  8  2969 J8  1357  1937 J8  2572  1850 J8   509  9334 19324  8.7  8.2  2.77  0.10  12.98   8.64  10.77  11.22  83   233     0  5.5
  9  2246 J8   943  1471 J8  1994  1562 J8   412  6973 16982  8.4  8.2  1.67  0.07  10.85   6.15   8.43   9.22  80   295     0  7.1
 10  1427 J8   501  1156 J8  1215  1036 J8   229  4532 14525  8.5  8.3  1.04  0.05   7.79   1.96   5.05   5.97  74   417     0  6.8
 11   904 J8   373  1116 J8  1101   617 J8   157  2661 12237  8.3  8.0  0.89  0.04   5.43   0.46   3.07   3.67  75   462     0  6.8
 12   462 J8   170   456 J8   692   380 J8    94  1860 10990  9.0  8.9  0.71  0.05   2.75  -1.11   1.12   1.41  72   543     0  7.7
 13  1919 J8   981  1063 J8   449  1414 J8   746  6642 16584  8.9  8.5  1.31  0.10   6.66   2.13   4.45   4.97  77  5075     0  6.7
 1999
  1   666 J8   258   656 J8   983   518 J8   126  2301 11759  8.6  8.4  0.74  0.07   2.14  -1.05   0.77   1.00  74   551     0  8.1
  2  1147 J8   415   795 J8   845   889 J8   228  3851 13886  8.6  7.9  0.51  0.10   2.02  -2.43  -0.11   0.55  74   519     0  7.0
  3  2061 J8   972  1568 J8  1882  1353 J8   342  6174 16363  8.0  7.7  0.70  0.13   2.41  -1.68   0.72   1.01  77   557     0  7.6
  4  2326 J8   883   883 J8  1150  1854 J8   390  8696 18808  9.3  8.7  1.03  0.15   4.51   0.29   2.33   2.79  79   478     0  7.7
  5  2820 J8  1223   974 J8  1762  2224 J8   362 10661 20871  9.0  8.9  1.07  0.16   6.48   2.10   4.30   4.81  83   435     0  5.2
  6  3050 J8  1071   923 J8  1222  2421 J8   452 11537 21914  9.4  9.2  1.74  0.15   8.60   4.08   6.24   6.67  81   360     0  5.5
  7  2360 J8   637   368 J8   670  2141 J8   297 11046 21266  9.7  9.6  2.86  0.13  10.91   7.12   8.86   9.20  81   289     0  5.1
  8  2384 J8   976   843 J8  1250  1897 J8   386  9351 19346  9.4  8.9  2.39  0.10  11.44   6.55   8.88   9.47  82   289     0  6.5
  9  1925 J8   541   733 J8   892  1614 J8   357  6994 17000  9.0  8.9  1.45  0.07  10.56   6.01   8.27   9.05  85   301     0  6.5
 10  1465 J8   573  1096 J8  1361  1082 J8   191  4551 14550  8.5  8.4  0.95  0.05   7.72   3.17   5.59   6.26  84   399     0  6.0
 11   793 J8   225   773 J8   763   608 J8   142  2673 12258  8.4  8.1  0.92  0.04   4.88   0.59   2.88   3.42  81   468     0  8.4
 12   571 J8   227   874 J8  1257   404 J8    87  1862 10991  8.2  8.0  0.50  0.05   1.16  -3.48  -1.03  -0.86  78   604     0  6.7
 13  1797 J8   851   874 J8   284  1417 J8   709  6641 16584  8.8  8.6  1.24  0.10   6.07   1.77   3.97   4.45  80  5251     0  6.7
 2000
  1   690 J8   313   793 J8  1002   506 J8   143  2292 11747  8.6  7.8  0.67  0.07   1.66  -3.21  -0.50  -0.12  73   592     0  7.7
  2  1170 J8   649  1014 J8  1521   832 J8   268  3871 13910  8.2  7.7  0.61  0.10   2.06  -2.21  -0.01   0.56  78   534     0  9.1
  3  2116 J8   909  1770 J8  1860  1317 J8   264  6237 16422  8.3  7.6  0.65  0.13   2.97  -1.00   0.90   1.38  77   538     0  6.4
  4  2873 J8  1039  1506 J8  1670  2046 J8   312  8753 18865  8.7  8.4  0.77  0.15   4.48   0.86   2.64   3.12  73   470     0  5.7
  5  2817 J8  1102   847 J8  1520  2320 J8   380 10696 20912  9.1  9.0  1.07  0.16   6.58   2.20   4.33   4.85  83   432     0  6.0
  6  3915 J8  1777  2304 J8  2795  2360 J8   364 11541 21914  8.5  8.3  1.49  0.15   9.07   4.48   6.45   6.89  81   347     0  5.7
  7  3034 J8  1336  1322 J8  1927  2118 J8   354 11017 21234  9.2  9.0  2.64  0.13  11.51   7.48   9.36   9.80  84   274     0  4.5
  8  2561 J8  1243  1472 J8  1993  1694 J8   299  9299 19291  8.8  8.6  2.22  0.10  12.36   7.59   9.85  10.50  74   259     0  5.3
  9  2787 J8  1144  2876 J8  2728  1402 J8   387  6933 16942  7.4  7.0  1.57  0.07  11.13   7.03   9.02   9.70  59   277     0  7.1
 10  1544 J8   584  1605 J8  1471   979 J8   208  4495 14488  8.2  7.7  0.93  0.05   8.03   2.78   5.53   6.57  71   401     0  7.1
 11   791 J8   349   911 J8  1228   563 J8   171  2638 12210  8.7  8.6  0.79  0.04   4.38   0.34   2.49   3.09  74   479     0  8.8
 12   600 J8   157   828 J8  1015   447 J8    81  1857 10988  8.3  8.1  0.63  0.05   3.00  -1.62   0.95   1.39  70   547     0  7.4
 13  2075 J8  1090  1437 J8   645  1382 J8   720  6636 16577  8.5  8.1  1.17  0.10   6.44   2.06   4.25   4.81  75  5149     0  6.7
 2001
  1   696 J8   259   780 J8  1068   521 J8   161  2319 11792  8.2  8.0  0.49  0.07   1.50  -2.88  -0.49  -0.01  71   590     0  7.3
  2  1294 J8   538  1076 J8  1129   923 J8   224  3888 13931  8.7  8.1  0.55  0.10   1.98  -2.34   0.04   0.56  70   518     0  7.2
  3  1706 J8   673   694 J8  1118  1391 J8   285  6219 16410  9.3  9.0  0.67  0.13   3.30  -1.50   0.79   1.53  76   540     0  6.4
  4  2204 J8   842   623 J8  1003  1866 J8   424  8738 18852  9.4  9.0  0.97  0.15   5.56   0.80   3.16   3.74  75   455     0  8.7
  5  3325 J8  1431  1309 J8  1767  2481 J8   516 10688 20906  9.3  8.6  0.99  0.16   7.40   2.96   5.03   5.53  71   408     0  4.8
  6  3411 J8  1350  1177 J8  1543  2648 J8   624 11541 21917  9.4  8.9  1.73  0.15  10.25   5.65   7.73   8.18  87   311     0  6.0
  7  2277 J8   690   286 J8   824  2095 J8   307 11026 21241  9.9  9.8  2.84  0.13  13.68   8.58  10.97  11.47  82   223     0  5.8
  8  2769 J8   832  1375 J8  1326  1965 J8   324  9314 19304  9.0  8.8  2.65  0.10  13.81   9.10  11.17  11.69  84   213     0  5.6
  9  2538 J8   802  1724 J8  1607  1720 J8   341  6950 16956  8.4  8.1  1.59  0.07  11.66   6.64   8.85   9.49  78   275     0  8.0
 10  1485 J8   569  1370 J8  1409  1020 J8   255  4511 14505  8.2  8.0  1.09  0.05   8.15   3.73   5.95   6.58  79   384     0  7.8
 11   956 J8   351  1405 J8  1251   623 J8   131  2649 12218  7.6  7.3  0.85  0.04   5.95   1.78   3.79   4.22  77   434     0  7.3
 12   653 J8   176  1236 J8   864   415 J8    74  1858 10988  6.8  6.5  0.63  0.05   2.75  -1.63   0.96   1.48  78   551     0  6.5
 13  1943 J8   961  1088 J8   411  1472 J8   769  6642 16585  8.7  8.3  1.25  0.10   7.17   2.57   4.83   5.37  77  4903     0  6.8
 2002
  1   713 J8   265   864 J8  1061   511 J8   119  2311 11775  8.1  7.6  0.92  0.07   2.32  -1.26   0.62   0.82  73   552     0  8.8
  2  1425 J8   600  1613 J8  1393   879 J8   206  3871 13913  7.6  7.0  0.61  0.10   0.28  -3.25  -1.52  -1.00  67   555     0  7.2
  3  2354 J8   773  1891 J8  1480  1518 J8   326  6198 16387  8.0  7.1  0.92  0.13   4.07  -0.51   1.67   2.26  73   513     0  6.1
  4  2775 J8  1099  1423 J8  1540  2010 J8   430  8719 18834  8.5  8.1  1.07  0.15   5.60   1.18   3.41   3.97  68   448     0  6.4
  5  3340 J8  1006  1299 J8  1385  2535 J8   335 10675 20891  9.1  8.7  1.40  0.16   7.95   3.95   5.87   6.30  73   384     0  6.4
  6  3388 J8  1170  1096 J8  1181  2715 J8   528 11539 21913  9.0  8.8  1.63  0.15   9.99   5.57   7.46   7.88  76   316     0  4.3
  7  4215 J8  1736  2871 J8  2661  2352 J8   345 11035 21251  8.2  7.5  2.02  0.13  12.04   7.89   9.81  10.23  75   259     0  4.5
  8  3073 J8  1012  1697 J8  1443  2109 J8   380  9331 19321  8.6  8.2  2.16  0.10  13.43   8.23  10.77  11.41  84   232     0  5.1
  9  2509 J8   773  1681 J8  1659  1720 J8   374  6971 16979  8.6  8.1  1.63  0.07  11.71   7.25   9.54  10.22  84   265     0  7.5
 10  1539 J8   506  1413 J8  1314  1046 J8   242  4530 14522  8.1  7.7  1.27  0.05   8.59   4.09   6.35   7.19  79   372     0  5.9
 11   869 J8   306   991 J8   975   619 J8   166  2660 12236  8.1  7.9  0.96  0.04   5.32   1.61   3.57   4.22  76   446     0  7.2
 12   537 J8   173   655 J8   669   408 J8    83  1860 10988  8.4  8.2  0.87  0.05   3.40  -0.50   1.70   2.09  81   523     0  6.1
 13  2228 J8  1197  1458 J8   579  1535 J8   824  6642 16584  8.4  7.9  1.29  0.10   7.06   2.85   4.94   5.47  76  4867     0  6.3
 2003
  1   610 J8   217   442 J8   443   501 J8   135  2302 11759  9.2  9.0  0.84  0.07   3.90   0.16   2.05   2.42  80   505     0  6.3
  2  1099 J8   510   898 J8  1497   808 J8   207  3854 13887  8.6  8.3  0.89  0.10   4.30   1.08   2.67   2.96  79   438     0  6.3
  3  2025 J8   599  1181 J8  1077  1480 J8   254  6176 16366  8.7  8.1  0.86  0.13   5.55   1.15   3.12   3.78  74   464     0  6.1
  4  2670 J8   871  1006 J8   970  2106 J8   497  8699 18808  9.4  8.8  1.12  0.15   5.96   1.92   3.94   4.48  77   432     0  9.2
  5  3216 J8   925  1200 J8  1150  2437 J8   441 10662 20876  9.2  8.9  1.23  0.16   7.31   3.21   5.30   5.80  73   405     0  5.8
  6  2986 J8  1001   716 J8   831  2499 J8   502 11537 21912  9.6  9.3  2.05  0.15  10.60   5.86   7.99   8.48  77   303     0  6.2
  7  3701 J8  1322  1672 J8  1714  2573 J8   521 11044 21266  9.0  8.6  2.46  0.13  13.80   8.45  10.93  11.47  84   223     0  4.5
  8  2998 J8  1028  1629 J8  1776  2067 J8   341  9349 19342  8.9  8.3  2.27  0.10  15.01   9.81  12.25  12.92  84   184     0  4.5
  9  2095 J8   626  1058 J8   864  1654 J8   383  6992 16997  8.8  8.6  1.81  0.07  12.87   7.77  10.29  11.02  87   240     0  4.6
 10  1498 J8   572  1184 J8  1149  1072 J8   277  4548 14547  8.7  8.1  1.14  0.05  10.10   4.76   7.22   8.19  82   338     0  4.5
 11   897 J8   331  1034 J8  1022   644 J8   177  2671 12255  8.4  7.8  1.14  0.04   7.44   3.00   5.15   5.77  78   393     0  8.3
 12   580 J8   196   854 J8  1090   418 J8   105  1862 10993  8.3  8.1  0.87  0.05   3.34  -1.54   1.15   1.64  74   540     0  7.1
 13  2031 J8  1088  1073 J8   346  1522 J8   815  6641 16584  8.9  8.5  1.39  0.10   8.35   3.80   6.01   6.58  79  4466     0  6.1
 2004
  1   705 J8   292   784 J8   841   526 J8   153  2294 11748  8.7  8.4  0.89  0.07   2.77  -2.75   0.22   0.58  79   568     0  5.5
  2  1085 J8   432   764 J8  1018   837 J8   232  3873 13912  8.8  8.5  0.87  0.10   3.66  -0.62   1.71   2.30  78   487     0  5.6
  3  2171 J8   910  1601 J8  1558  1425 J8   326  6240 16426  8.4  7.5  0.82  0.13   4.27  -0.17   2.05   2.66  81   505     0  5.7
  4  2637 J8   823  1166 J8  1084  1993 J8   340  8756 18868  9.1  8.5  0.96  0.15   4.95   0.93   2.88   3.39  77   462     0  7.7
  5  3104 J8  1092  1025 J8  1083  2433 J8   485 10698 20914  9.3  9.1  1.55  0.16   8.43   3.65   6.11   6.67  82   381     0  6.1
  6  3341 J8  1426  1273 J8  1926  2493 J8   419 11541 21914  9.2  8.8  1.81  0.15   9.73   5.27   7.27   7.70  76   325     0  5.7
  7  3849 J8  1715  2329 J8  2635  2321 J8   525 11016 21233  8.7  8.0  2.42  0.13  13.22   8.16  10.74  11.25  78   237     0  3.5
  8  2682 J8  1170  1164 J8  1500  1991 J8   397  9297 19287  9.1  8.7  2.60  0.10  14.42   9.36  11.79  12.36  85   200     0  4.9
  9  2243 J8   947  1651 J8  1885  1507 J8   321  6930 16940  8.7  8.3  1.90  0.07  11.56   6.74   9.25   9.98  80   275     0  6.9
 10  1589 J8   502  1847 J8  1446   953 J8   226  4493 14486  7.7  7.3  1.42  0.05   8.68   3.73   6.36   7.00  80   376     0  7.9
 11  1086 J8   345  1956 J8  1245   607 J8   135  2637 12206  7.0  6.4  0.98  0.04   4.71   1.11   2.95   3.43  79   462     0  8.3
 12   596 J8   260  1123 J8  1151   380 J8    85  1857 10987  7.8  7.6  0.83  0.05   2.93  -1.01   1.25   1.64  76   539     0  8.5
 13  2091 J8  1078  1390 J8   486  1456 J8   783  6636 16577  8.6  8.1  1.42  0.10   7.44   2.87   5.21   5.75  79  4817     0  6.4
 2005
  1   571 J8   240   539 J8   926   445 J8   142  2320 11793  9.0  8.9  1.15  0.07   4.26   0.81   2.60   2.80  86   490     0  6.5
  2  1235 J8   562  1351 J8  1640   783 J8   190  3890 13933  8.2  7.5  0.91  0.10   3.15  -0.30   1.53   1.98  79   473     0  5.7
  3  1919 J8   838  1144 J8  1270  1397 J8   340  6222 16412  8.5  8.2  0.92  0.13   3.73  -0.29   1.79   2.37  77   515     0  6.3
  4  2821 J8  1009  1459 J8  1328  2013 J8   390  8741 18855  8.6  8.3  1.08  0.15   5.32   0.87   3.01   3.68  77   457     0  7.0
  5  3107 J8  1362  1313 J8  1673  2220 J8   457 10690 20908  9.1  8.9  1.23  0.16   6.61   2.98   4.67   5.06  78   420     0  6.2
  6  3036 J8   921   890 J8  1052  2365 J8   278 11541 21917  9.6  9.5  1.88  0.15   9.45   5.12   7.06   7.51  81   331     0  5.1
  7  2943 J8  1334  1082 J8  1810  2186 J8   423 11024 21239  9.4  9.2  2.41  0.13  11.08   7.19   9.07   9.46  83   285     0  4.5
  8  2729 J8  1388  1871 J8  2910  1673 J8   327  9311 19300  8.4  8.3  2.71  0.10  13.12   8.56  10.80  11.40  86   232     0  4.8
  9  2262 J8   890  1773 J8  2076  1441 J8   314  6947 16953  8.3  8.0  1.97  0.07  11.16   6.69   8.97   9.64  81   282     0  7.4
 10  1721 J8   735  2098 J8  2021   974 J8   286  4509 14502  7.5  7.4  1.38  0.05   8.16   3.74   5.89   6.80  75   384     0  7.8
 11   917 J8   341  1515 J8  1368   553 J8   149  2647 12217  7.5  7.3  0.88  0.04   4.50   0.51   2.68   3.44  78   475     0  5.8
 12   556 J8   205   865 J8  1052   395 J8    81  1858 10988  8.3  8.1  1.01  0.05   3.38   1.04   2.31   2.59  85   500     0  5.9
 13  1985 J8   974  1325 J8   453  1370 J8   730  6642 16585  8.5  8.3  1.46  0.10   6.99   3.08   5.03   5.56  81  4844     0  6.1
 2006
  1   677 J8   306   982 J8  1249   457 J8   152  2312 11775  8.3  8.2  0.75  0.07   1.76  -2.07   0.02   0.24  79   573     0  7.1
  2  1198 J8   642  1151 J8  1597   796 J8   216  3873 13915  8.6  8.0  0.70  0.10   1.68  -2.54  -0.42   0.17  66   525     0  6.2
  3  1900 J8   861  1442 J8  1930  1249 J8   266  6200 16389  8.1  7.8  1.12  0.13   3.70  -0.13   1.90   2.40  77   513     0  7.2
  4  2716 J8   992  1308 J8  1374  1969 J8   380  8721 18836  9.3  8.5  1.09  0.15   4.53  -0.13   2.17   2.85  77   484     0  7.3
  5  3927 J8  2014  2918 J8  3299  2038 J8   391 10677 20894  7.9  7.7  1.18  0.16   6.74   2.68   4.48   4.95  71   422     0  5.7
  6  2877 J8  1333   973 J8  2412  2276 J8   386 11539 21914  9.3  9.2  1.72  0.15   9.85   4.94   7.04   7.52  79   328     0  4.4
  7  2481 J8   950   674 J8  1393  2022 J8   276 11034 21249  9.6  9.5  2.42  0.13  11.69   6.93   9.10   9.59  82   280     0  5.0
  8  2439 J8  1129  1296 J8  1811  1625 J8   229  9329 19320  9.2  9.1  2.68  0.10  12.89   8.63  10.64  11.13  87   235     0  4.7
  9  2400 J8  1155  2086 J8  2421  1445 J8   301  6968 16974  8.1  7.8  1.73  0.07  11.03   6.17   8.74   9.63  77   292     0  6.5
 10  1553 J8   548  1478 J8  1318  1042 J8   225  4527 14521  8.1  7.9  1.16  0.05   8.07   4.44   6.25   6.83  78   374     0  7.0
 11   799 J8   266   812 J8   794   606 J8   135  2659 12233  8.8  8.6  0.98  0.04   5.67   2.39   3.98   4.61  82   429     0  5.3
 12   651 J8   211  1233 J8  1166   411 J8   100  1860 10988  7.0  6.7  0.72  0.05   1.39  -2.53  -0.19   0.21  76   586     0  7.1
 13  1968 J8  1019  1363 J8   611  1328 J8   667  6642 16584  8.5  8.2  1.35  0.10   6.58   2.40   4.47   5.01  78  5041     0  6.1
 2007
  1   827 J8   337  1469 J8  1282   485 J8   132  2303 11762  7.5  6.9  0.75  0.07   1.43  -1.91  -0.04   0.25  77   576     0  7.4
  2  1209 J8   634  1272 J8  1689   785 J8   201  3856 13891  8.6  7.8  0.99  0.10   4.06   0.59   2.35   2.81  76   448     0  6.6
  3  1827 J8   811  1026 J8  1246  1333 J8   321  6179 16367  9.0  8.5  0.76  0.13   3.50  -0.56   1.34   1.91  72   523     0  6.8
  4  2451 J8   770  1015 J8  1126  1940 J8   331  8701 18815  8.9  8.5  0.89  0.15   3.51  -1.07   1.15   1.71  75   513     0  6.1
  5  2790 J8   955   778 J8  1054  2284 J8   390 10664 20877  9.6  9.3  1.18  0.16   6.44   1.67   3.86   4.44  63   443     0  5.2
  6  3042 J8  1418  1018 J8  2076  2382 J8   421 11537 21912  9.2  9.1  1.96  0.15   9.56   5.58   7.49   7.92  76   323     0  4.8
  7  2580 J8   972   679 J8  1231  2082 J8   453 11043 21264  9.7  9.6  2.26  0.13  10.54   7.17   8.75   9.16  80   294     0  3.9
  8  1955 J8   477   258 J8   525  1813 J8   270  9346 19339  9.7  9.6  2.48  0.10  12.57   8.96  10.72  11.25  81   235     0  4.3
  9  1875 J8   872   968 J8  1915  1400 J8   318  6989 16997  9.5  9.2  1.84  0.07  10.90   7.51   9.18   9.84  75   274     0  8.6
 10  1408 J8   647  1248 J8  1820   961 J8   194  4546 14546  8.6  8.5  1.32  0.05   7.26   3.69   5.50   6.19  69   399     0  6.8
 11   953 J8   355  1472 J8  1318   594 J8   159  2670 12253  7.8  7.6  0.85  0.04   4.03   0.03   2.16   2.91  68   489     0  5.8
 12   574 J8   228  1009 J8  1168   381 J8    83  1862 10991  7.7  7.5  0.80  0.05   1.74  -2.61  -0.19   0.40  63   582     0  7.4
 13  1791 J8   812  1018 J8   341  1370 J8   724  6641 16584  8.8  8.5  1.34  0.10   6.29   2.42   4.35   4.90  73  5096     0  6.1
 2008
  1   642 J8   212   651 J8   735   497 J8   123  2295 11749  8.2  8.1  0.82  0.07   1.86  -1.73   0.14   0.31  67   566     0  6.9
  2   976 J8   409   532 J8   913   791 J8   193  3875 13914  9.2  9.0  0.80  0.10   1.35  -1.03   0.26   0.48  68   527     0  8.2
  3  1628 J8   616   844 J8  1332  1243 J8   202  6242 16429  9.3  9.0  0.83  0.13   1.60  -1.54   0.19   0.53  64   567     0  5.7
  4  2484 J8   992  1066 J8  1666  1895 J8   376  8758 18869  9.0  8.7  1.19  0.15   5.03   1.13   3.15   3.79  68   457     0  6.0
  5  2508 J8   684   490 J8   722  2189 J8   284 10700 20917  9.7  9.5  1.23  0.16   5.41   2.43   3.91   4.33  72   447     0  4.9
  6  2823 J8  1288   773 J8  2010  2287 J8   348 11541 21914  9.6  9.5  1.98  0.15   9.32   5.94   7.55   7.93  75   321     0  4.8
  7  2713 J8  1409   915 J8  2184  2127 J8   401 11015 21229  9.4  9.1  2.69  0.13  11.45   7.83   9.59  10.03  77   269     0  5.1
  8  2410 J8  1015  1082 J8  1508  1807 J8   252  9295 19284  9.1  9.0  2.25  0.10  11.86   8.55  10.32  10.78  77   252     0  4.4
  9  2382 J8  1058  1878 J8  2230  1418 J8   272  6927 16938  8.3  8.1  1.68  0.07  11.55   7.28   9.37  10.21  75   268     0  5.2
 10  1294 J8   496   955 J8  1082   983 J8   196  4491 14481  8.5  8.1  1.30  0.05   8.29   3.59   5.83   6.72  70   384     0  5.9
 11   770 J8   280   808 J8  1068   571 J8   109  2636 12205  8.7  8.4  0.89  0.04   4.19   1.34   2.87   3.43  64   467     0  7.8
 12   520 J8   224   716 J8  1178   380 J8    99  1857 10987  8.6  8.4  0.91  0.05   3.62  -0.35   1.87   2.27  65   518     0  8.2
 13  1762 J8   882   892 J8   363  1349 J8   703  6636 16576  9.0  8.7  1.38  0.10   6.29   2.79   4.59   5.07  70  5043     0  6.1
 2009
  1   639 J8   271   667 J8   816   483 J8   126  2322 11796  9.0  8.4  0.86  0.07   2.45  -1.95   0.21   0.46  63   560     0  6.9
  2  1121 J8   475   870 J8  1186   839 J8   186  3892 13937  8.7  8.0  1.10  0.10   4.73   0.39   2.57   2.93  64   442     0  9.8
  3  1801 J8   772  1091 J8  1207  1296 J8   320  6224 16414  9.0  8.7  1.00  0.13   2.51  -0.87   0.83   1.27  82   543     0  7.3
  4  2522 J8  1282  1320 J8  2348  1798 J8   316  8743 18859  8.6  8.4  0.92  0.15   4.27   0.46   2.55   3.17  78   479     0  6.1
  5  3037 J8  1672  1640 J8  2625  2033 J8   329 10691 20910  8.3  8.1  1.53  0.16   7.58   3.97   5.81   6.28  85   389     0  5.3
  6  2968 J8  1027   768 J8  1099  2482 J8   416 11541 21917  9.5  9.1  1.73  0.15  10.32   6.23   8.25   8.74  83   302     0  4.2
  7  2510 J8  1194   677 J8  1839  2126 J8   447 11023 21237  9.5  9.2  2.18  0.13  11.35   7.48   9.24   9.63  80   276     0  5.4
  8  2478 J8   994  1097 J8  1592  1846 J8   286  9309 19297  9.2  8.9  2.19  0.10  11.58   7.11   9.08   9.61  81   279     0  5.1
  9  2017 J8   914  1063 J8  1706  1519 J8   280  6944 16947  8.8  8.6  1.61  0.07  10.12   5.87   7.98   8.68  80   310     0  6.8
 10  1574 J8   540  1728 J8  1698   966 J8   232  4507 14496  7.8  7.4  1.20  0.05   7.93   2.95   5.60   6.48  74   400     0  3.1
 11   856 J8   397  1112 J8  1431   568 J8   122  2646 12215  8.4  7.9  1.03  0.04   4.67   0.05   2.51   3.15  72   479     0  7.5
 12   499 J8   165   549 J8   864   392 J8    85  1858 10988  9.0  8.9  0.94  0.05   4.41   0.32   2.37   2.86  70   495     0  6.3
 13  1835 J8   897  1048 J8   374  1362 J8   708  6642 16585  8.8  8.5  1.36  0.10   6.83   2.67   4.75   5.27  76  4953     0  6.1
 2010
  1   552 J8   166   410 J8   696   464 J8    92  2313 11779  9.1  9.0  0.87  0.07   2.26  -1.23   0.65   1.00  74   552     0  5.9
  2  1024 J8   468   666 J8  1212   795 J8   173  3875 13919  9.1  8.8  0.78  0.10   1.97  -2.76  -0.42   0.15  64   524     0  6.0
  3  2151 J8   927  1719 J8  1613  1376 J8   314  6203 16392  8.3  7.6  0.72  0.13   1.65  -2.44  -0.22   0.19  75   580     0  7.3
  4  2573 J8   882  1150 J8  1446  1957 J8   295  8724 18840  9.0  8.5  0.89  0.15   3.46  -1.18   1.15   1.76  61   516     0  8.2
  5  2554 J8  1074   729 J8  1795  2091 J8   269 10678 20896  9.4  9.4  1.19  0.16   5.83   1.77   3.80   4.27  74   450     0  6.3
  6  2740 J8  1376   788 J8  2113  2217 J8   377 11539 21914  9.4  9.3  1.70  0.15   8.99   4.34   6.41   6.90  69   350     0  6.6
  7  2796 J8  1455  1069 J8  2176  2088 J8   352 11032 21247  9.3  9.1  2.21  0.13  10.66   6.57   8.39   8.81  84   301     0  4.9
  8  2141 J8   906   694 J8  1426  1709 J8   293  9326 19317  9.6  9.5  2.49  0.10  12.20   7.50   9.75  10.26  79   263     0  6.1
  9  1790 J8   675   772 J8  1283  1426 J8   274  6965 16970  9.2  8.9  2.02  0.07  11.65   6.24   8.88   9.72  82   282     0  7.0
 10  1460 J8   544  1362 J8  1372   978 J8   158  4525 14518  8.2  7.8  1.17  0.05   8.44   3.25   6.07   6.72  79   387     0  6.7
 11   852 J8   342   977 J8  1098   605 J8   164  2657 12232  8.4  8.2  1.04  0.04   5.24   0.64   3.05   3.56  75   462     0  6.6
 12   578 J8   267  1136 J8  1705   357 J8    90  1860 10988  7.7  7.6  0.91  0.05   3.30  -1.45   1.22   1.74  69   540     0  6.6
 13  1768 J8   850   956 J8   356  1339 J8   682  6642 16584  8.9  8.7  1.33  0.10   6.30   1.77   4.06   4.59  74  5207     0  6.5
