722053 ORLANDO EXECUTIVE AP   FL  -5  N28 33  W081 20    33  1009
 1991-2010
 MO AVGLO FL SDGLO AVDIR FL SDDIR AVDIF FL SDDIF AVETR AETRN  TOT  OPQ   H2O   TAU  MAX_T  MIN_T  AVG_T  AVGDT  RH  HTDD  CLDD AVWS
  1  3213 K5   457  4258 K6  1264  1190 K5   143  6221 14862  4.4  4.1  2.13  0.08  21.34  10.91  15.87  18.11  71    97    29  3.3
  2  3870 K5   442  4339 K6  1069  1497 K5   150  7498 15632  4.6  4.3  2.15  0.09  22.54  12.01  16.96  19.16  70    63    34  3.6
  3  4919 K5   545  4864 K6  1074  1866 K5   160  9049 16534  4.2  3.9  2.30  0.12  24.96  14.27  19.33  21.42  68    31    71  3.9
  4  5932 K5   533  5234 K6   925  2280 K5   171 10361 17401  3.8  3.4  2.52  0.15  27.54  16.97  21.90  23.99  67     6   123  3.7
  5  6296 K5   390  5077 K6   628  2574 K5   133 11130 18086  3.6  3.3  3.23  0.19  30.64  20.57  25.13  26.86  69     0   226  3.5
  6  5827 K5   528  4137 K6   873  2730 K5   239 11386 18385  4.7  3.9  4.39  0.21  31.93  23.10  26.74  28.17  75     0   276  3.0
  7  5963 K5   369  4339 K6   532  2696 K5   190 11201 18130  4.0  3.2  4.72  0.23  32.80  23.96  27.59  28.96  76     1   312  2.7
  8  5403 K5   401  3935 K6   648  2521 K5   216 10551 17441  4.4  3.6  4.85  0.22  32.49  24.05  27.47  28.94  78     0   309  2.7
  9  4777 K5   336  3778 K6   628  2264 K5   153  9420 16595  4.5  3.9  4.50  0.19  31.25  23.38  26.61  28.29  78     0   270  3.0
 10  4157 K5   399  4002 K6   860  1827 K5   126  7927 15722  4.1  3.7  3.42  0.15  28.57  20.08  23.85  25.73  76     3   189  3.2
 11  3415 K5   386  4049 K6   953  1377 K5   109  6510 14946  4.1  3.8  2.61  0.12  24.92  15.47  19.86  21.86  74    23    79  3.3
 12  2940 K5   330  3887 K6   945  1166 K5   112  5804 14565  4.5  4.2  2.30  0.09  21.88  12.12  16.69  18.86  74    79    38  3.2
 13  4726 K5   259  4325 K6   655  1999 K5   125  8922 16525  4.2  3.8  3.26  0.15  27.57  18.07  22.33  24.20  73   304  1954  3.3
 1991
  1  2547 J5   939  2464 J6  2135  1361 J5   263  6214 14858  6.9  6.5  2.54  0.07  23.38  13.98  18.28  20.18  78    45    56  3.9
  2  3554 J5  1321  3534 J6  2748  1572 J5   397  7481 15620  5.9  5.2  2.19  0.08  22.77  12.78  17.53  19.69  68    51    35  4.1
  3  4037 J5  1639  3534 J6  2916  1832 J5   477  9026 16520  5.8  5.5  2.48  0.10  24.98  14.95  19.73  21.44  71    30    80  4.4
  4  5293 J5  1368  4145 J6  2434  2428 J5   553 10344 17389  5.9  5.1  3.16  0.14  28.58  19.66  23.65  25.41  74     0   174  3.9
  5  5684 J5  1457  4192 J6  2437  2592 J5   594 11122 18074  5.8  5.0  3.98  0.18  31.15  22.35  26.13  27.62  74     0   261  3.7
  6  5575 J5  1259  3461 J6  1939  3015 J5   478 11385 18383  6.8  5.4  4.54  0.21  32.06  23.34  26.95  28.39  73     0   281  3.4
  7  5810 J5   921  3745 J6  1685  2986 J5   598 11207 18139  6.6  5.0  4.84  0.23  32.63  24.25  27.41  28.62  77     0   313  3.1
  8  5285 J5  1109  3084 J6  1636  2965 J5   296 10565 17457  6.2  5.1  4.83  0.25  32.82  24.80  28.09  29.53  74     0   325  3.1
  9  4815 J5  1153  3326 J6  1698  2572 J5   398  9441 16612  5.1  4.0  4.25  0.26  32.49  24.18  27.58  29.38  73     0   300  3.4
 10  3731 J5   842  2549 J6  1692  2183 J5   404  7951 15736  5.5  4.9  3.47  0.25  29.16  20.49  24.22  26.12  71     1   202  3.6
 11  2687 J5   881  1908 J6  1617  1697 J5   355  6528 14958  6.0  5.4  2.52  0.25  23.92  14.20  18.58  20.58  70    47    69  3.9
 12  2477 J5   827  2248 J6  1853  1397 J5   201  5807 14566  5.5  5.0  2.57  0.25  23.88  13.82  18.47  20.82  74    39    55  3.5
 13  4291 J5  1279  3183 J6   741  2217 J5   628  8923 16526  6.0  5.2  3.45  0.19  28.15  19.07  23.05  24.82  73   213  2152  3.7
 1992
  1  2382 J5   907  1773 J6  1822  1486 J5   313  6207 14852  6.5  6.2  2.37  0.26  20.96  10.50  15.52  17.73  66    94    14  3.9
  2  2839 J5  1068  1605 J6  1726  1895 J5   314  7494 15628  7.2  7.0  2.42  0.27  22.83  13.08  17.48  19.61  72    47    37  4.1
  3  4028 J5  1505  2630 J6  2459  2280 J5   493  9063 16540  5.9  5.6  2.15  0.28  24.32  13.68  18.76  20.81  66    31    52  4.1
  4  4822 J5  1537  2864 J6  2368  2800 J5   483 10369 17406  5.7  5.2  2.53  0.30  25.58  16.16  20.44  22.21  68    15    91  4.1
  5  5986 J5  1228  4123 J6  2110  2900 J5   570 11133 18088  4.4  3.9  2.87  0.32  29.35  18.81  23.72  25.57  67     5   183  3.7
  6  5429 J5  1177  2538 J6  1586  3479 J5   450 11385 18385  6.9  5.4  4.57  0.33  31.60  23.47  26.69  28.00  77     0   276  3.7
  7  6620 J5   612  4613 J6  1320  3109 J5   512 11197 18125  3.6  2.7  4.20  0.33  33.81  24.61  28.62  30.18  69     0   337  2.9
  8  4826 J5  1353  2525 J6  1785  2950 J5   393 10544 17434  7.3  6.1  4.78  0.30  32.04  23.39  26.56  28.08  79     0   291  2.8
  9  4361 J5  1026  2530 J6  1732  2623 J5   395  9408 16589  6.0  5.2  4.57  0.26  31.11  23.59  26.40  27.90  81     0   271  2.9
 10  3758 J5  1185  3036 J6  2146  1915 J5   362  7913 15722  5.2  4.7  3.02  0.21  27.37  19.18  22.72  24.44  79     0   153  3.4
 11  2430 J5   862  1744 J6  1981  1564 J5   328  6500 14940  6.9  6.4  3.36  0.17  25.23  17.45  20.94  22.37  82    27   117  4.0
 12  2312 J5   931  2239 J6  1999  1249 J5   257  5803 14567  5.8  5.4  2.46  0.14  22.24  12.83  17.16  19.30  78    57    32  3.1
 13  4149 J5  1459  2685 J6   909  2354 J5   724  8918 16523  5.9  5.3  3.27  0.26  27.20  18.06  22.08  23.85  74   276  1854  3.6
 1993
  1  2210 J5   880  1597 J6  1871  1429 J5   321  6231 14869  7.3  6.8  2.96  0.12  23.46  14.71  18.65  20.56  80    42    66  3.3
  2  3278 J5  1246  2964 J6  2405  1638 J5   352  7509 15639  6.1  5.6  1.99  0.12  21.36  10.65  15.49  17.65  69    72     7  3.9
  3  4314 J5  1615  3658 J6  2825  1959 J5   465  9054 16538  5.9  5.4  2.19  0.14  23.35  12.55  17.55  19.47  69    50    38  4.3
  4  5576 J5  1464  4542 J6  2755  2421 J5   642 10365 17405  4.7  4.1  1.99  0.18  25.60  14.37  19.81  22.08  65     9    59  4.0
  5  5595 J5  1660  3881 J6  2407  2798 J5   469 11133 18089  5.1  4.4  3.04  0.21  29.20  19.53  24.00  25.74  66     0   187  3.6
  6  6094 J5  1194  4344 J6  1987  2844 J5   476 11387 18387  5.3  4.3  3.96  0.23  32.33  23.01  26.91  28.38  73     0   280  3.0
  7  5796 J5  1206  3693 J6  2052  2924 J5   536 11200 18128  5.7  4.6  4.75  0.24  33.50  24.14  27.85  29.29  76     0   325  2.4
  8  5666 J5  1013  3998 J6  1855  2742 J5   543 10548 17438  5.5  4.3  4.47  0.23  32.92  24.07  27.67  29.17  75     0   315  2.8
  9  4886 J5   939  3666 J6  1693  2416 J5   449  9415 16589  5.6  4.5  4.47  0.20  31.60  23.27  26.72  28.55  77     0   273  2.6
 10  3505 J5  1272  2938 J6  2519  1772 J5   382  7922 15717  6.5  5.9  3.75  0.16  28.49  20.15  23.75  25.46  84     5   191  2.9
 11  2863 J5  1163  2859 J6  2448  1416 J5   307  6507 14940  6.0  5.3  3.14  0.12  24.99  15.75  20.02  21.86  82    25    86  3.3
 12  2664 J5   894  3105 J6  2421  1252 J5   316  5803 14565  5.2  4.6  2.21  0.09  20.54   9.66  14.97  17.30  71   113    13  3.2
 13  4371 J5  1404  3437 J6   799  2134 J5   625  8923 16525  5.7  5.0  3.24  0.17  27.28  17.65  21.95  23.79  74   316  1840  3.3
 1994
  1  2737 J5  1014  2973 J6  2505  1317 J5   338  6223 14866  6.8  5.7  2.34  0.08  21.04  10.93  15.86  18.00  77    91    19  3.5
  2  3048 J5   955  2351 J6  2075  1748 J5   313  7496 15632  7.1  6.5  2.46  0.09  24.14  14.62  18.84  20.75  76    31    61  3.6
  3  4515 J5  1287  4051 J6  2638  1929 J5   553  9041 16529  5.6  4.9  2.48  0.11  26.07  14.89  20.22  22.29  71    21    87  4.0
  4  5130 J5  1216  3940 J6  2254  2463 J5   600 10355 17397  5.1  4.7  3.01  0.15  28.77  18.91  23.40  25.40  73     0   165  3.6
  5  5997 J5  1257  4601 J6  2243  2654 J5   495 11128 18082  5.2  4.6  3.37  0.19  31.03  20.85  25.31  27.00  71     0   236  3.0
  6  5916 J5  1394  3784 J6  2127  2993 J5   567 11386 18386  7.4  5.8  4.64  0.21  32.04  23.44  26.88  28.25  80     0   282  2.6
  7  5882 J5  1097  3821 J6  1628  3017 J5   509 11203 18134  6.4  4.8  4.46  0.23  32.48  23.49  26.90  28.26  83     0   299  2.6
  8  5262 J5  1094  3509 J6  1956  2757 J5   564 10556 17447  6.9  5.4  4.59  0.21  31.46  23.57  26.54  27.89  85     0   285  2.6
  9  4603 J5  1371  3200 J6  1975  2406 J5   374  9427 16600  7.4  5.8  4.55  0.18  30.18  22.66  25.73  27.30  85     0   243  2.9
 10  3899 J5  1041  3489 J6  2151  1845 J5   420  7936 15724  6.1  5.1  3.65  0.14  28.55  21.01  24.20  25.88  89     0   200  3.3
 11  3035 J5  1083  3349 J6  2460  1331 J5   346  6517 14949  5.4  5.0  3.14  0.11  26.53  18.42  22.07  23.80  84     3   127  3.6
 12  2431 J5  1020  2745 J6  2531  1151 J5   275  5805 14565  6.5  6.0  2.50  0.08  22.25  14.44  17.91  19.62  82    46    47  3.3
 13  4371 J5  1313  3485 J6   616  2134 J5   668  8923 16526  6.3  5.4  3.43  0.15  27.88  18.94  22.82  24.54  80   192  2051  3.2
 1995
  1  2863 J5  1047  3330 J6  2582  1273 J5   327  6215 14858  5.8  5.2  1.95  0.07  20.20  10.24  14.92  16.96  75   107    11  3.4
  2  3785 J5  1448  4433 J6  3359  1353 J5   492  7482 15622  4.8  4.6  2.17  0.08  22.89  11.26  16.69  18.85  69    73    38  4.1
  3  4246 J5  1489  3587 J6  2841  1952 J5   484  9028 16521  6.1  5.6  2.44  0.10  26.30  15.46  20.23  22.46  73     9    88  4.1
  4  5055 J5  1727  3985 J6  2924  2303 J5   552 10346 17390  5.9  5.1  2.68  0.14  28.61  18.10  22.84  24.92  74     1   151  3.6
  5  5949 J5  1243  4759 J6  2196  2450 J5   533 11123 18075  5.3  5.0  3.42  0.18  32.85  22.00  26.85  28.77  73     0   282  3.7
  6  5792 J5  1621  4119 J6  2394  2678 J5   502 11385 18385  6.7  5.6  4.03  0.21  31.66  23.03  26.60  28.03  75     0   271  3.4
  7  6092 J5  1174  4296 J6  1858  2860 J5   484 11206 18139  6.7  4.7  4.64  0.22  33.37  24.16  27.90  29.33  76     0   323  3.0
  8  4977 J5  1783  3437 J6  2517  2460 J5   413 10564 17453  6.5  5.8  4.95  0.21  32.46  24.84  28.04  29.34  79     0   320  3.6
  9  5357 J5   850  4715 J6  1636  2172 J5   472  9439 16611  5.7  4.6  4.56  0.18  31.88  23.65  27.00  28.83  81     0   283  2.6
 10  3660 J5  1038  2924 J6  2103  1936 J5   497  7949 15734  6.8  5.9  4.22  0.14  29.75  21.75  25.17  26.88  78     0   230  3.7
 11  3445 J5   884  4172 J6  2301  1315 J5   359  6527 14956  4.8  4.4  2.59  0.10  24.21  13.70  18.90  20.99  69    43    62  3.1
 12  2694 J5   862  3192 J6  2201  1246 J5   268  5807 14566  5.9  5.1  2.31  0.08  21.12  11.14  15.62  17.78  73   111    43  3.2
 13  4493 J5  1203  3912 J6   608  2000 J5   582  8923 16526  5.9  5.1  3.33  0.14  27.94  18.28  22.56  24.43  75   345  2102  3.5
 1996
  1  3214 J5   918  4222 J6  2316  1192 J5   369  6208 14853  4.6  4.2  2.01  0.07  20.64   9.02  14.86  17.32  71   128    20  3.5
  2  4133 J5  1006  4869 J6  2362  1404 J5   446  7496 15629  4.4  4.1  1.92  0.08  21.92  10.54  16.02  18.12  70   101    40  3.5
  3  4752 J5  1603  4618 J6  2923  1764 J5   510  9064 16541  5.0  4.7  2.17  0.11  22.42  11.65  16.80  18.77  69    88    48  4.0
  4  6053 J5  1295  5418 J6  2414  2241 J5   568 10370 17407  4.3  3.4  2.38  0.14  26.86  15.85  21.14  23.26  67     8    98  3.2
  5  6025 J5  1301  4736 J6  2340  2604 J5   630 11134 18089  4.9  4.1  3.32  0.18  30.46  20.92  25.01  26.72  73     0   228  3.1
  6  5714 J5  1299  3795 J6  1996  2926 J5   508 11385 18385  6.1  5.3  4.25  0.21  30.22  22.06  25.44  26.80  79     0   234  2.7
  7  6709 J7   651  5637 J7  1498  2553 J7   565 11197 18125  3.6  2.7  4.30  0.22  32.79  23.89  27.74  29.20  76     0   310  3.0
  8  5478 J7  1095  3608 J7  1679  2828 J7   478 10543 17434  6.5  5.0  4.46  0.21  31.98  23.54  26.80  28.31  80     0   292  2.2
  9  4745 J5   984  3582 J6  1608  2395 J5   375  9407 16589  5.2  4.3  4.07  0.18  31.62  23.07  26.58  28.52  78     0   271  2.5
 10  3980 J5   992  3697 J6  2304  1859 J5   534  7912 15718  5.0  4.5  3.43  0.14  27.96  19.70  23.46  25.28  80     1   172  3.1
 11  3325 J5   751  3647 J6  1869  1490 J5   302  6498 14940  4.9  4.0  2.58  0.10  25.07  14.92  19.75  21.89  71    21    71  3.9
 12  2969 J5   871  3943 J6  2470  1160 J5   346  5803 14567  4.5  4.1  2.21  0.08  22.53  12.12  16.89  19.23  75    62    30  2.8
 13  4758 J6  1249  4314 J7   728  2035 J6   637  8918 16523  4.9  4.2  3.09  0.14  27.04  17.27  21.71  23.62  74   408  1815  3.1
 1997
  1  3280 J5  1031  4565 J6  2716  1102 J5   360  6232 14869  4.1  3.8  2.11  0.07  22.11  11.66  16.46  18.82  75    81    36  2.6
  2  3763 J5   981  3958 J6  2206  1646 J5   453  7511 15640  5.2  4.7  2.58  0.08  25.49  14.76  19.56  22.01  77    22    72  3.2
  3  4874 J5   996  4565 J6  1993  1984 J5   433  9056 16540  4.7  4.2  2.89  0.10  27.67  17.73  22.33  24.31  71     0   136  3.2
  4  5326 J5  1672  4593 J6  2927  2222 J5   583 10367 17407  4.9  4.5  2.82  0.14  25.96  16.47  21.03  22.59  68     3    90  3.9
  5  5798 J5  1419  4360 J6  2457  2696 J5   573 11133 18091  4.8  4.4  3.37  0.18  29.42  20.12  24.42  25.95  71     0   200  3.0
  6  5753 J5  1323  3889 J6  2142  2909 J5   464 11387 18387  5.6  5.1  4.09  0.21  30.95  22.62  26.09  27.49  76     0   254  3.0
  7  6396 J5   612  4757 J6  1310  2871 J5   421 11199 18127  5.6  4.2  4.57  0.22  33.09  23.57  27.34  28.82  77     0   310  2.1
  8  5817 J5   707  4265 J6  1360  2727 J5   433 10547 17437  5.5  4.4  4.69  0.21  32.70  23.99  27.49  28.99  76     0   310  2.3
  9  5148 J5   778  4285 J6  1692  2320 J5   415  9414 16587  4.8  4.0  4.27  0.18  31.80  23.20  26.82  28.79  75     0   275  2.6
 10  4195 J5  1201  4267 J6  2314  1674 J5   385  7920 15717  4.6  3.9  3.05  0.14  28.35  18.81  23.25  25.27  72     3   166  3.0
 11  3286 J5   889  3725 J6  2084  1393 J5   348  6506 14940  4.8  4.3  2.73  0.10  24.07  14.83  19.28  21.17  73    21    55  3.1
 12  2645 J5  1101  3204 J6  2686  1145 J5   370  5803 14564  6.3  5.5  2.68  0.08  20.68  12.55  16.49  18.06  77    90    37  3.2
 13  4690 J5  1222  4203 J6   442  2057 J5   664  8923 16526  5.1  4.4  3.32  0.14  27.69  18.36  22.55  24.36  74   220  1940  2.9
 1998
  1  3171 K4  1063  3897 K6  2570  1313 K4   461  6224 14866  5.8  5.1  2.25  0.07  22.08  12.75  17.20  19.21  75    64    36  3.4
  2  4062 K4  1474  4910 K6  3326  1364 K4   610  7497 15634  5.0  4.7  1.95  0.08  22.34  12.02  16.93  19.01  72    61    29  4.3
  3  5522 K4  1346  6031 K6  2816  1761 K4   705  9043 16530  4.0  3.5  2.05  0.10  23.46  13.05  17.95  20.06  67    65    63  3.9
  4  6148 K4  1312  5419 K6  2456  2414 K4   618 10357 17397  4.6  3.9  2.52  0.14  28.01  17.38  22.33  24.44  69     1   132  3.7
  5  6631 K4  1620  5708 K6  2662  2340 K4   568 11128 18083  3.5  3.2  3.14  0.18  31.92  20.96  26.04  27.89  71     0   251  3.1
  6  7118 K4   710  6112 K6  1471  2449 K4   387 11386 18385  3.6  2.8  3.84  0.21  35.81  24.68  29.62  31.58  68     0   357  3.5
  7  6114 K4  1214  4623 K6  1948  2615 K4   372 11202 18134  4.2  3.7  5.04  0.22  33.42  24.43  28.21  29.55  77     0   329  2.9
  8  5741 K4  1009  4503 K6  1697  2421 K4   357 10555 17445  3.7  3.2  4.78  0.21  32.48  24.26  27.71  29.17  80     0   311  2.5
  9  3977 K4  1216  2454 K6  1883  2328 K4   375  9426 16600  5.5  5.1  4.99  0.18  29.83  23.00  25.81  27.16  85     0   243  3.2
 10  4543 K4   774  4749 K6  1637  1830 K4   387  7934 15724  3.7  3.4  3.10  0.14  29.52  21.06  24.71  26.67  75     0   216  3.0
 11  3607 K4   885  4353 K6  1980  1428 K4   309  6516 14949  3.2  2.9  2.79  0.10  26.73  17.33  21.72  23.89  78     4   115  2.2
 12  3136 K4   890  4310 K6  2324  1198 K4   301  5805 14563  4.2  4.1  2.40  0.08  24.39  14.90  19.09  21.40  79    36    77  2.6
 13  4981 K4  1395  4756 K6  1014  1955 K4   527  8923 16526  4.3  3.8  3.24  0.14  28.33  18.82  23.11  25.00  75   231  2158  3.2
 1999
  1  3612 K4   736  5076 K6  2058  1210 K4   411  6216 14859  3.9  3.6  1.90  0.07  23.22  12.10  17.30  19.93  75    62    42  3.1
  2  4480 K4  1080  5639 K6  2372  1407 K4   401  7484 15625  2.9  2.8  1.81  0.08  23.50  12.54  17.54  19.97  68    50    41  3.2
  3  5560 K4  1435  6351 K6  2826  1599 K4   601  9029 16522  2.2  2.0  1.64  0.10  24.77  12.32  18.40  20.98  62    25    31  3.4
  4  6380 K4  1410  6025 K6  2375  2115 K4   491 10347 17390  2.9  2.8  2.50  0.14  29.73  17.97  23.20  25.41  66     6   171  3.3
  5  6484 K4  1136  5305 K6  1985  2548 K4   477 11123 18077  3.2  3.1  2.69  0.18  29.39  19.13  23.74  25.52  71     2   186  3.4
  6  5276 K4  1586  3357 K6  2216  2695 K4   366 11385 18385  5.2  4.7  4.53  0.21  30.55  22.50  25.62  26.88  81     0   246  2.8
  7  6295 K4   890  4912 K6  1403  2636 K4   353 11206 18138  3.0  2.4  4.23  0.22  32.77  23.87  27.75  29.23  76     0   310  2.6
  8  5726 K4   955  4480 K6  1568  2400 K4   313 10563 17452  3.8  3.2  4.78  0.21  33.32  23.97  27.74  29.39  77     0   320  3.0
  9  4735 K4  1442  3787 K6  2379  2194 K4   437  9438 16610  4.9  4.3  4.26  0.18  31.07  23.00  26.31  28.06  78     0   261  3.2
 10  3859 K4  1314  3666 K6  2362  1793 K4   464  7947 15733  4.5  4.2  3.25  0.14  27.65  20.13  23.42  25.14  77     2   174  3.8
 11  3826 K4   602  4845 K6  1720  1424 K4   386  6526 14956  3.5  3.4  2.05  0.10  24.79  16.00  19.86  21.86  72    11    73  3.5
 12  3089 K4  1034  4403 K6  2663  1059 K4   361  5807 14567  4.1  3.9  2.14  0.08  21.50  11.90  16.37  18.72  72    76    25  2.8
 13  4944 K4  1178  4821 K6   935  1923 K4   582  8923 16526  3.7  3.4  2.98  0.14  27.69  17.95  22.27  24.26  73   233  1880  3.2
 2000
  1  3497 K4  1061  5194 K6  2658  1040 K4   354  6209 14854  3.9  3.7  1.76  0.07  21.52  10.84  15.82  18.13  70    90    23  3.3
  2  4517 K4  1041  5675 K6  2224  1454 K4   491  7497 15629  2.9  2.7  1.83  0.08  23.21  11.44  16.98  19.70  65    53    24  3.1
  3  5483 K4  1073  5777 K6  2131  1862 K4   490  9066 16542  3.1  2.9  2.16  0.11  27.00  15.74  21.10  23.46  65     1    95  3.9
  4  6529 K4  1363  6318 K6  2386  2063 K4   538 10372 17409  2.7  2.5  1.99  0.14  27.53  15.93  21.56  23.87  63     8   110  4.0
  5  6884 K4   933  5970 K6  1614  2548 K4   442 11134 18089  2.2  2.0  2.78  0.18  31.77  20.48  25.73  27.78  63     0   242  3.7
  6  6073 K4  1333  4744 K6  1877  2637 K4   374 11385 18384  4.0  3.3  4.29  0.21  32.37  22.47  26.60  28.25  71     0   273  3.3
  7  5994 K4  1313  4598 K6  1843  2568 K4   375 11196 18125  3.8  3.0  4.80  0.22  33.13  23.87  27.69  29.14  79     0   315  3.2
  8  5854 K4  1096  4766 K6  1693  2332 K4   339 10542 17432  2.9  2.4  4.62  0.21  32.68  23.97  27.68  29.30  80     0   310  2.5
  9  4764 K4  1407  3960 K6  1983  2133 K4   352  9405 16588  4.4  3.6  4.66  0.18  31.70  24.10  27.27  28.91  82     0   287  3.2
 10  4530 K4   768  4732 K6  1849  1790 K4   453  7910 15715  2.8  2.7  2.63  0.14  27.87  18.52  22.70  24.92  76     2   153  3.5
 11  3654 K4  1025  4660 K6  2401  1297 K4   378  6497 14940  3.0  2.5  2.33  0.10  24.40  13.22  18.49  20.94  69    41    56  3.0
 12  3147 K4   962  4494 K6  2254  1122 K4   279  5803 14567  4.1  3.9  1.81  0.08  20.52   9.81  14.81  17.23  72   128    30  3.4
 13  5077 K4  1241  5074 K6   708  1904 K4   572  8918 16523  3.3  2.9  2.97  0.14  27.81  17.53  22.20  24.30  71   323  1917  3.4
 2001
  1  3581 K4   909  5243 K6  2500  1073 K4   379  6233 14869  4.3  4.0  1.66  0.07  19.65   7.65  13.36  15.92  64   163    18  3.2
  2  3922 K4  1364  4374 K6  2565  1553 K4   424  7512 15640  4.6  4.4  2.49  0.08  24.79  14.46  19.05  21.37  77    27    63  3.1
  3  4754 K4  1798  4785 K6  3118  1790 K4   528  9058 16540  4.5  4.2  2.31  0.10  24.26  14.45  19.02  20.76  71    31    63  4.3
  4  6304 K4  1202  5829 K6  2376  2254 K4   630 10368 17409  2.9  2.3  2.44  0.14  27.77  16.59  21.79  24.16  66     5   120  3.8
  5  6673 K4  1107  5560 K6  1819  2559 K4   469 11134 18091  2.7  2.4  2.77  0.18  30.39  19.82  24.40  26.24  69     0   210  3.6
  6  5851 K4  1373  4418 K6  1788  2552 K4   279 11387 18387  3.5  2.6  4.06  0.21  31.73  22.40  26.22  27.72  79     0   262  3.0
  7  5302 K4  1218  3542 K6  1745  2649 K4   323 11198 18125  4.7  3.5  4.79  0.22  31.63  23.57  26.85  28.05  80     0   287  3.3
  8  5677 K4  1193  4483 K6  1697  2364 K4   369 10546 17436  3.8  3.0  4.57  0.21  32.42  23.52  27.12  28.72  79     0   299  2.8
  9  4376 K4  1559  3393 K6  2198  2106 K4   378  9412 16585  5.4  4.7  4.49  0.18  29.54  22.19  25.15  26.64  83     0   226  3.2
 10  4183 K4  1001  3788 K6  1826  1933 K4   303  7919 15716  4.9  4.3  3.03  0.14  27.13  19.16  22.72  24.47  75     7   156  3.9
 11  3467 K4  1014  4177 K6  2297  1375 K4   353  6504 14940  3.5  3.2  2.33  0.10  25.20  16.43  20.19  22.25  83     0    75  3.4
 12  3249 K4   809  4560 K6  2120  1169 K4   349  5803 14563  3.2  3.1  2.16  0.08  23.83  15.06  19.15  21.32  78    45    80  3.2
 13  4778 K4  1164  4513 K6   757  1948 K4   556  8923 16525  4.0  3.5  3.09  0.14  27.36  17.94  22.08  23.97  75   279  1860  3.4
 2002
  1  3278 K4  1151  4596 K6  2880  1123 K4   412  6225 14866  4.3  4.0  2.37  0.07  21.81  11.68  16.49  18.70  76   101    52  3.2
  2  4034 K4  1428  4567 K6  2815  1542 K4   462  7499 15634  4.5  4.0  2.32  0.08  21.46  11.57  16.42  18.45  70    68    17  3.4
  3  5365 K4  1508  5682 K6  2627  1839 K4   530  9044 16531  3.2  3.0  2.61  0.10  26.30  14.90  20.62  22.98  71    26    96  3.8
  4  6105 K4  1405  5329 K6  2247  2351 K4   494 10358 17398  3.7  3.4  3.28  0.14  28.67  18.82  23.35  25.34  73     0   162  3.0
  5  6588 K4  1151  5495 K6  1883  2643 K4   526 11129 18086  3.1  2.9  3.23  0.18  30.94  20.49  25.27  27.11  72     0   229  3.9
  6  4964 K4  1651  3082 K6  2251  2625 K4   389 11386 18387  6.3  5.4  4.77  0.21  30.45  22.74  25.68  26.84  84     0   248  2.8
  7  5889 K4  1205  4382 K6  1706  2557 K4   288 11202 18133  4.3  3.7  4.95  0.22  32.05  23.75  26.95  28.27  79     0   297  2.4
  8  5087 K4  1215  3624 K6  1724  2426 K4   323 10554 17444  4.7  4.1  4.81  0.21  31.45  23.22  26.55  27.95  79     0   279  2.7
  9  5061 K4  1033  4257 K6  1805  2192 K4   333  9424 16599  4.4  3.8  4.94  0.18  31.82  24.15  27.24  28.88  80     0   290  3.0
 10  4491 K4   786  4536 K6  1619  1858 K4   333  7932 15722  2.5  2.3  4.01  0.14  30.19  21.79  25.31  27.27  78     0   237  2.5
 11  3793 K4   940  4850 K6  2106  1306 K4   333  6514 14947  3.2  3.0  2.66  0.10  24.17  13.83  18.84  20.78  70    41    61  3.2
 12  3037 K4  1051  4239 K6  2604  1096 K4   291  5805 14563  4.7  4.3  2.20  0.08  20.81  10.31  15.40  17.61  75   100    15  3.3
 13  4808 K4  1116  4553 K6   745  1963 K4   585  8923 16526  4.1  3.6  3.51  0.14  27.51  18.11  22.34  24.18  76   337  1983  3.1
 2003
  1  3926 K4   640  6208 K6  1661   958 K4   235  6217 14859  1.6  1.6  1.53  0.07  18.39   6.93  12.58  15.13  64   178     2  3.5
  2  3769 K4  1455  4066 K6  3020  1532 K4   495  7486 15626  4.2  4.2  2.44  0.08  22.97  12.45  17.59  19.82  73    49    32  3.5
  3  4554 K4  1664  3965 K6  2673  2032 K4   501  9031 16523  4.8  4.6  3.20  0.10  26.82  17.52  21.61  23.30  78     9   128  3.2
  4  6162 K4  1093  5508 K6  2115  2321 K4   511 10348 17392  3.6  3.4  2.74  0.14  27.26  16.92  21.74  23.86  71    12   125  3.4
  5  6515 K4  1172  5228 K6  1944  2638 K4   458 11124 18078  2.8  2.6  3.74  0.18  31.45  22.30  26.62  28.14  71     0   265  3.3
  6  5369 K4  1729  3632 K6  2070  2629 K4   411 11385 18385  3.2  2.9  4.76  0.21  31.04  23.10  26.35  27.65  82     0   262  3.0
  7  5735 K4  1015  4055 K6  1503  2649 K4   352 11205 18138  2.0  1.7  4.84  0.22  32.60  23.76  27.23  28.65  81     0   305  2.4
  8  4836 K4  1261  3454 K6  1739  2388 K4   305 10562 17451  2.3  2.1  5.06  0.21  31.53  23.52  26.68  28.01  86     0   285  2.6
  9  4725 K4  1252  3729 K6  2226  2272 K4   443  9436 16607  4.3  3.8  4.64  0.18  30.63  23.23  26.29  27.95  84     0   258  3.2
 10  4052 K4  1125  3779 K6  2237  1864 K4   407  7946 15732  3.2  3.0  3.48  0.14  28.78  20.35  24.17  26.08  80     0   193  3.0
 11  3586 K4   913  4526 K6  2147  1347 K4   360  6524 14954  3.5  3.4  2.92  0.10  26.14  17.00  21.25  23.16  77    14   111  3.2
 12  3335 K4   752  4838 K6  2165  1112 K4   366  5807 14567  3.4  3.3  1.85  0.08  20.81  10.32  15.42  17.83  70    93     8  3.4
 13  4714 K4  1043  4416 K6   860  1979 K4   609  8923 16526  3.2  3.0  3.43  0.14  27.37  18.12  22.29  24.13  76   356  1975  3.1
 2004
  1  3591 K4   925  5405 K6  2540  1042 K4   392  6210 14856  3.0  2.8  2.04  0.07  21.23   9.85  15.10  17.56  71   101    14  3.1
  2  3723 K4  1519  4196 K6  3046  1419 K4   419  7499 15630  5.8  5.7  2.44  0.08  21.93  12.05  16.68  18.67  76    64    25  3.6
  3  5345 K4  1447  5611 K6  2823  1825 K4   551  9068 16542  3.1  3.0  2.14  0.11  25.10  14.45  19.57  21.85  68    18    63  3.7
  4  6207 K4  1352  5812 K6  2484  2162 K4   545 10373 17410  2.9  2.7  2.18  0.14  26.44  15.73  20.86  23.06  65     9    92  3.9
  5  6755 K4  1216  5834 K6  1855  2533 K4   415 11135 18089  2.5  2.4  3.13  0.18  30.52  19.97  25.08  26.98  68     0   214  3.5
  6  6364 K4   969  5056 K6  1596  2552 K4   291 11386 18384  4.0  3.4  4.76  0.21  33.00  23.37  27.32  28.99  74     0   296  2.8
  7  5990 K4  1342  4505 K6  1929  2564 K4   307 11196 18124  4.2  3.4  4.87  0.22  32.65  23.94  27.62  29.01  76     0   309  2.8
  8  5052 K4  1128  3489 K6  1557  2460 K4   350 10541 17432  5.1  4.2  5.22  0.21  32.20  23.93  27.17  28.50  83     0   302  2.8
  9  4296 K4  1417  3148 K6  2044  2216 K4   391  9403 16587  5.2  4.5  4.77  0.18  30.88  23.76  26.76  28.13  84     0   270  5.2
 10  4330 K4   969  4402 K6  1939  1818 K4   404  7908 15713  3.4  3.1  3.49  0.14  28.42  20.34  23.98  25.85  79     0   188  2.9
 11  3717 K4   875  4890 K6  1955  1289 K4   296  6496 14940  3.4  3.2  2.64  0.10  25.67  16.67  21.01  22.98  77     5    90  3.2
 12  2903 K4   989  3757 K6  2360  1194 K4   316  5802 14567  4.9  4.7  2.34  0.08  20.87  11.31  15.84  17.74  73    97    27  3.4
 13  4856 K4  1274  4676 K6   912  1923 K4   571  8918 16523  4.0  3.6  3.34  0.14  27.41  17.95  22.25  24.11  74   293  1889  3.4
 2005
  1  3525 K4  1004  5177 K6  2604  1080 K4   384  6234 14871  3.9  3.8  2.31  0.07  21.90  11.83  16.58  18.74  76    77    31  3.5
  2  3971 K4  1316  4520 K6  2737  1492 K4   443  7514 15640  4.7  4.5  2.45  0.08  22.60  12.75  17.35  19.45  71    45    27  3.7
  3  4560 K4  1934  4634 K6  3327  1675 K4   519  9059 16543  4.7  4.3  2.42  0.10  23.08  13.43  18.24  19.88  68    57    54  3.8
  4  6618 K4   983  6438 K6  1934  2072 K4   496 10369 17411  2.5  2.3  2.12  0.14  26.23  15.33  20.47  22.69  62     7    80  4.1
  5  6139 K4  1815  4945 K6  2598  2513 K4   476 11135 18093  4.2  4.0  3.36  0.18  29.45  19.82  24.12  25.72  69     0   195  2.9
  6  4757 K4  1651  2821 K6  2150  2681 K4   460 11387 18387  6.4  5.5  4.91  0.21  30.29  23.34  26.09  27.03  81     0   255  2.8
  7  6236 K4  1182  4988 K6  1697  2486 K4   367 11198 18125  3.8  3.1  4.95  0.22  33.04  24.97  28.33  29.62  75     0   331  2.8
  8  5783 K4   836  4545 K6  1290  2400 K4   320 10545 17435  4.1  3.5  5.18  0.21  33.40  25.18  28.38  29.79  75     0   340  2.1
  9  4708 K4  1504  4064 K6  2414  2067 K4   355  9410 16585  3.8  3.3  4.32  0.18  31.35  23.77  26.94  28.58  74     0   277  3.1
 10  3858 K4  1162  3581 K6  2468  1806 K4   423  7917 15716  4.9  4.6  3.79  0.14  27.72  20.15  23.40  24.95  75     9   183  3.1
 11  3580 K4   990  4436 K6  2176  1356 K4   340  6503 14940  3.7  3.6  2.75  0.10  25.27  16.13  20.35  22.32  74    13    84  3.2
 12  2995 K4  1120  4170 K6  2701  1083 K4   347  5803 14564  4.3  4.2  2.20  0.08  20.05  10.51  15.12  17.24  71    98     4  3.1
 13  4728 K4  1209  4527 K6   886  1893 K4   564  8923 16526  4.3  3.9  3.40  0.14  27.03  18.10  22.11  23.83  73   305  1861  3.2
 2006
  1  3682 K4   689  5379 K6  2185  1138 K4   429  6226 14866  2.7  2.6  2.03  0.07  22.52  11.84  16.90  19.23  66    68    32  3.4
  2  4047 K4  1400  5016 K6  2795  1371 K4   426  7501 15635  3.3  3.1  1.94  0.08  21.74  10.69  15.97  18.33  65    83    24  3.5
  3  5926 K4   866  6860 K6  1945  1655 K4   537  9046 16534  1.9  1.8  2.05  0.10  25.59  13.86  19.59  21.97  59    22    65  3.9
  4  6486 K4   958  6015 K6  2083  2207 K4   584 10359 17398  2.8  2.6  2.46  0.14  29.65  18.73  23.72  25.94  60     0   176  4.0
  5  6632 K4  1565  5773 K6  2423  2367 K4   537 11130 18088  1.5  1.4  2.97  0.18  31.30  20.46  25.58  27.32  59     0   234  3.4
  6  5820 K4  1718  4396 K6  2236  2563 K4   372 11386 18387  3.2  2.8  4.15  0.21  31.87  23.32  26.95  28.35  69     0   278  3.3
  7  5866 K4  1076  4327 K6  1609  2655 K4   347 11201 18133  2.6  2.2  4.67  0.22  32.52  24.16  27.64  28.98  72     0   310  2.7
  8  5457 K4  1422  4238 K6  2016  2368 K4   338 10553 17443  2.7  2.3  4.93  0.21  33.28  24.53  28.18  29.68  70     0   328  2.8
  9  5213 K4   738  4569 K6  1629  2149 K4   381  9422 16598  2.5  2.3  4.36  0.18  31.60  22.83  26.49  28.35  72     0   267  2.6
 10  4599 K4   774  4860 K6  1797  1767 K4   420  7931 15721  1.8  1.5  3.09  0.14  28.40  18.92  23.54  25.57  64     4   169  3.1
 11  3542 K4  1043  4491 K6  2269  1287 K4   304  6513 14946  3.2  3.0  2.27  0.10  23.43  14.48  18.66  20.54  69    39    58  3.6
 12  2858 K4   936  3514 K6  2282  1290 K4   312  5805 14563  4.1  3.9  3.01  0.08  24.07  15.32  19.27  21.29  75    28    71  3.3
 13  5011 K4  1240  4953 K6   918  1901 K4   547  8923 16526  2.7  2.5  3.16  0.14  28.00  18.26  22.71  24.63  66   244  2011  3.3
 2007
  1  3231 K4  1062  4176 K6  2565  1255 K4   338  6218 14861  4.3  4.1  2.71  0.07  22.14  13.41  17.58  19.46  69    62    45  3.3
  2  4176 K4  1382  5099 K6  2977  1394 K4   505  7487 15627  2.9  2.8  2.07  0.08  21.34  10.92  16.06  18.19  63    84    22  3.6
  3  5286 K4  1341  5503 K6  2551  1903 K4   578  9033 16524  3.2  3.0  2.27  0.10  25.57  14.93  19.82  22.07  63    20    80  3.8
  4  6165 K4  1449  5603 K6  2353  2208 K4   545 10349 17392  3.0  2.7  2.39  0.14  27.43  16.22  21.65  23.81  57    13   118  3.9
  5  6499 K4   950  5267 K6  1566  2645 K4   424 11125 18080  3.3  2.9  2.96  0.18  29.66  19.90  24.20  25.84  61     0   200  4.0
  6  5979 K4  1288  4434 K6  1896  2676 K4   298 11385 18383  3.5  3.1  4.22  0.21  31.92  22.72  26.66  28.14  68     0   270  3.3
  7  5720 K4  1098  4098 K6  1531  2591 K4   321 11205 18138  2.6  2.2  5.01  0.22  32.77  24.05  27.46  28.75  73     0   313  2.3
  8  6027 K4  1122  4984 K6  1603  2354 K4   363 10561 17450  2.2  1.7  4.75  0.21  33.94  24.89  28.75  30.39  68     0   344  2.4
  9  4949 K4  1016  4192 K6  1550  2148 K4   286  9434 16605  2.3  2.1  4.65  0.18  31.78  23.75  26.83  28.47  73     0   283  2.8
 10  3916 K4  1267  3579 K6  2268  1822 K4   323  7944 15730  3.8  3.6  4.39  0.14  29.36  22.34  25.34  26.89  73     0   233  3.3
 11  3839 K4   971  5065 K6  2139  1270 K4   341  6523 14953  2.7  2.5  2.46  0.10  25.15  15.23  19.90  22.09  66    12    68  2.9
 12  3306 K4   713  4853 K6  1872  1140 K4   271  5806 14567  3.5  3.4  2.68  0.08  24.77  14.99  19.53  21.87  73    24    72  2.6
 13  4924 K4  1181  4738 K6   631  1950 K4   574  8923 16526  3.1  2.9  3.38  0.14  27.99  18.61  22.81  24.66  67   215  2046  3.2
 2008
  1  3138 K4   966  3983 K6  2421  1251 K4   362  6211 14856  4.4  4.3  2.34  0.07  21.36  11.47  16.28  18.38  67    88    29  3.3
  2  4011 K4  1298  4615 K6  2880  1521 K4   470  7501 15630  3.9  3.7  2.29  0.08  24.51  13.82  18.86  21.01  66    34    58  3.3
  3  5089 K4  1236  4871 K6  2336  2056 K4   468  9069 16544  4.2  3.9  2.28  0.11  24.86  14.39  19.54  21.60  63    20    60  3.7
  4  6209 K4  1317  5599 K6  2019  2244 K4   411 10374 17410  3.4  3.2  2.57  0.14  27.24  17.13  21.75  23.73  62     7   123  3.6
  5  6633 K4  1358  5657 K6  2066  2466 K4   485 11136 18089  2.7  2.5  2.97  0.18  31.21  20.92  25.65  27.48  61     0   240  4.1
  6  6068 K4  1126  4540 K6  1712  2633 K4   357 11386 18384  2.0  1.6  4.37  0.21  32.74  22.78  26.72  28.29  71     0   283  2.4
  7  5280 K4  1364  3535 K6  1925  2575 K4   305 11195 18124  2.6  2.1  4.90  0.22  32.10  23.68  26.80  27.98  73     0   296  2.2
  8  4650 K4  1799  3206 K6  2183  2327 K4   443 10540 17431  2.9  2.6  5.13  0.21  31.36  24.13  27.11  28.37  74     0   292  3.6
  9  4896 K4  1302  4145 K6  2102  2184 K4   399  9402 16587  3.1  2.8  4.19  0.18  31.19  23.42  26.72  28.30  72     0   269  3.2
 10  4442 K4   837  4593 K6  1879  1757 K4   393  7907 15711  3.3  3.2  3.06  0.14  27.44  19.18  22.88  24.74  67    14   169  3.5
 11  3614 K4  1003  4734 K6  2345  1263 K4   359  6495 14940  2.7  2.6  1.99  0.10  23.07  12.76  17.57  19.84  66    56    44  3.1
 12  3365 K4   769  5027 K6  2132  1091 K4   318  5802 14567  3.8  3.6  2.19  0.08  23.35  13.06  18.00  20.25  73    45    41  2.8
 13  4783 K4  1139  4542 K6   740  1947 K4   551  8918 16523  3.2  3.0  3.19  0.14  27.54  18.06  22.32  24.16  68   265  1904  3.2
 2009
  1  3569 K4  1023  5318 K6  2680  1057 K4   382  6235 14872  2.0  1.9  1.88  0.07  21.22   9.63  15.17  17.73  65   108    18  2.9
  2  4497 K4  1150  5809 K6  2301  1335 K4   365  7516 15641  2.5  2.3  1.64  0.08  21.52  10.06  15.72  18.33  62    87    16  3.4
  3  5249 K4   948  5407 K6  2026  1934 K4   480  9061 16544  2.9  2.7  2.30  0.10  25.65  14.17  19.47  21.81  65    29    78  3.6
  4  6092 K4  1684  5752 K6  2710  2138 K4   596 10370 17412  2.1  1.9  2.24  0.14  27.62  16.35  21.74  23.95  63     8   118  4.1
  5  5991 K4  1726  4698 K6  2347  2491 K4   456 11135 18094  3.2  3.0  3.81  0.18  30.58  20.92  25.10  26.62  71     0   230  3.1
  6  6381 K4  1251  5136 K6  1752  2544 K4   391 11387 18388  2.2  1.7  4.40  0.21  32.77  23.81  27.58  28.92  72     0   299  2.9
  7  5676 K4  1443  4162 K6  1873  2484 K4   328 11197 18124  2.0  1.8  4.75  0.22  32.41  22.47  27.22  28.66  76    11   293  2.6
  8  5668 K4   941  4545 K6  1414  2347 K4   342 10544 17433  2.1  1.9  4.96  0.21  32.88  23.04  27.36  29.03  77     8   307  2.3
  9  4844 K4   984  4023 K6  1538  2251 K4   263  9409 16585  2.8  2.5  4.67  0.18  31.36  23.67  26.88  28.58  76     0   276  2.4
 10  4548 K4   972  4745 K6  1792  1798 K4   293  7915 15715  2.5  2.2  3.98  0.14  30.13  20.09  24.73  26.80  74    21   231  2.7
 11  3341 K4  1032  3766 K6  2276  1415 K4   362  6502 14939  4.1  3.9  2.64  0.10  25.20  16.31  20.25  22.12  72    17    90  3.1
 12  2750 K4   934  3171 K6  2257  1301 K4   332  5803 14565  4.7  4.5  2.79  0.08  21.80  13.11  17.22  18.87  76    77    50  3.3
 13  4884 K4  1177  4711 K6   820  1925 K4   532  8923 16526  2.7  2.5  3.34  0.14  27.76  17.80  22.37  24.28  71   366  2005  3.0
 2010
  1  3232 K4  1203  4589 K6  3041  1098 K4   434  6227 14866  2.7  2.6  1.63  0.07  17.92   7.27  12.43  14.59  65   192    15  3.6
  2  3799 K4  1622  4583 K6  3225  1307 K4   427  7502 15636  3.5  3.5  1.63  0.08  17.44   7.78  12.43  14.24  65   165     4  3.6
  3  4923 K4  1874  5154 K6  3239  1695 K4   511  9048 16535  2.7  2.6  1.71  0.10  21.58  11.26  16.02  18.07  65    69     9  4.0
  4  5974 K4  1495  5538 K6  2572  2167 K4   618 10361 17399  2.7  2.5  2.36  0.14  27.17  16.71  21.55  23.73  69     0   108  3.5
  5  6460 K4  1151  5456 K6  1837  2501 K4   428 11130 18088  2.6  2.4  3.71  0.18  30.88  21.65  25.64  27.26  74     0   246  3.2
  6  6240 K4  1033  5090 K6  1706  2525 K4   373 11386 18387  2.0  1.7  4.66  0.21  33.20  23.80  27.76  29.36  75     0   305  2.6
  7  5864 K4  1479  4486 K6  2211  2566 K4   363 11201 18131  2.6  2.4  4.84  0.22  33.15  24.58  28.22  29.66  76     0   327  2.7
  8  5196 K4  1407  3959 K6  1844  2401 K4   343 10552 17442  2.8  2.4  5.40  0.21  32.56  24.60  27.84  29.21  79     0   318  2.8
  9  5080 K4  1033  4535 K6  1644  2139 K4   307  9421 16597  2.7  2.3  4.33  0.18  31.61  23.14  26.70  28.61  77     0   271  2.8
 10  5053 K4   579  6136 K6  1126  1512 K4   302  7929 15719  1.2  1.1  2.59  0.14  29.15  18.45  23.37  25.92  66     0   170  2.5
 11  3659 K4   993  4786 K6  2308  1284 K4   310  6512 14946  3.8  3.5  2.28  0.10  25.21  14.65  19.54  21.83  71    17    65  2.8
 12  3441 K4   914  5734 K6  2317   864 K4   253  5805 14563  2.1  2.0  1.24  0.08  17.47   5.16  11.09  13.65  61   217     0  3.4
 13  4910 K4  1133  5004 K6   626  1838 K4   616  8923 16526  2.6  2.4  3.03  0.14  26.45  16.59  21.05  23.01  70   660  1838  3.1
