722090 FT STEWART/WRIGHT      GA  -5  N31 53  W081 34    14  1011
 1991-2010
 MO AVGLO FL SDGLO AVDIR FL SDDIR AVDIF FL SDDIF AVETR AETRN  TOT  OPQ   H2O   TAU  MAX_T  MIN_T  AVG_T  AVGDT  RH  HTDD  CLDD AVWS
  1  2758 K5   367  3754 K6  1009  1086 K5    98  5676 14545  5.3  4.6  1.74  0.08  16.31   4.12   9.93  12.57  73   255     3  2.7
  2  3581 K5   365  4306 K6   921  1335 K5   146  7028 15447  5.4  4.6  1.70  0.09  18.26   5.00  11.42  14.39  71   192     3  2.6
  3  4672 K5   421  4811 K6   812  1742 K5   142  8721 16515  4.6  3.8  1.91  0.11  21.94   8.65  15.17  17.78  69   109    15  2.8
  4  5793 K5   330  5289 K6   655  2162 K5   143 10217 17549  4.7  3.9  2.20  0.15  25.13  11.35  18.23  20.95  68    45    42  2.8
  5  6313 K5   499  5183 K6   803  2552 K5   116 11150 18371  5.0  4.3  3.02  0.19  29.14  16.66  22.68  24.92  73     4   145  2.7
  6  6207 K5   456  4687 K6   783  2727 K5   185 11486 18738  5.4  4.5  4.12  0.21  32.18  20.90  25.97  27.93  77     0   246  2.5
  7  6240 K5   271  4846 K6   497  2634 K5   175 11260 18447  5.2  4.2  4.65  0.22  33.12  22.20  27.03  28.90  77     0   289  2.4
  8  5574 K5   307  4293 K6   556  2491 K5   156 10469 17638  5.4  4.5  4.63  0.21  32.31  22.34  26.64  28.43  81     0   279  2.2
  9  4641 K5   403  3884 K6   750  2133 K5   142  9158 16637  5.3  4.6  3.94  0.19  29.67  19.84  24.23  26.48  80     0   193  2.4
 10  3902 K5   388  4071 K6   859  1615 K5   112  7505 15595  4.6  4.1  2.86  0.15  26.00  14.15  19.61  22.34  78    23    77  2.2
 11  3145 K5   241  4091 K6   689  1191 K5   110  5987 14666  4.5  3.9  2.13  0.11  21.30   8.46  14.47  17.44  77   120    16  2.2
 12  2562 K5   263  3632 K7   789  1020 K5    89  5243 14203  5.1  4.5  1.83  0.09  17.51   5.23  11.06  13.79  76   220     4  2.4
 13  4616 K5   183  4404 K6   491  1891 K5   100  8658 16529  5.0  4.3  2.90  0.15  25.24  13.24  18.87  21.33  75   967  1313  2.5
 1991
  1  2130 J6  1166  2278 J7  2756  1085 J6   354  5669 14540  7.0  6.5  2.22  0.07  16.31   5.19  10.65  13.03  82   236     2  2.3
  2  3645 J6  1109  4326 J7  2599  1368 J6   362  7009 15433  4.9  4.2  1.72  0.08  20.48   6.40  13.38  16.65  69   142     5  2.4
  3  4544 J6  1433  4588 J7  3105  1773 J6   598  8695 16498  5.1  4.3  1.92  0.10  23.29   8.64  15.75  18.62  68    94    20  2.3
  4  5322 J6  1529  4537 J7  2952  2210 J6   616 10197 17531  5.8  4.9  2.79  0.14  26.46  14.63  20.00  22.42  78     9    76  2.6
  5  5994 J6  1398  4747 J7  2416  2595 J6   626 11140 18359  5.1  4.5  3.88  0.18  29.75  19.16  24.04  25.95  81     0   190  2.3
  6  6570 J6  1329  5260 J7  2525  2671 J6   686 11485 18737  4.9  3.8  4.22  0.20  31.30  20.71  25.71  27.57  76     0   230  1.9
  7  6234 J6  1386  4957 J7  2381  2605 J6   546 11268 18457  5.3  4.1  4.92  0.22  32.87  22.07  26.82  28.77  78     0   283  1.4
  8  5604 J6  1304  4145 J7  2292  2634 J6   614 10486 17655  5.4  4.4  4.60  0.25  32.25  22.53  26.75  28.46  79     0   281  1.4
  9  4697 J6  1221  3620 J7  2044  2299 J6   459  9181 16654  4.8  4.1  3.77  0.26  30.29  19.84  24.46  26.92  76     0   202  1.5
 10  3675 J6  1207  3221 J7  2251  1828 J6   454  7531 15613  4.8  4.3  2.62  0.25  25.84  14.20  19.59  22.19  74    22    74  1.6
 11  2726 J6   948  2381 J7  1831  1509 J6   328  6005 14679  5.5  4.8  2.03  0.24  21.05   7.85  14.16  17.05  71   129    13  1.6
 12  2645 J7   622  3265 J7  1753  1181 J7   267  5246 14204  3.2  2.9  2.01  0.24  19.65   6.68  12.84  15.76  77   169     9  2.1
 13  4482 J6  1510  3944 J7   984  1980 J6   598  8659 16530  5.1  4.4  3.06  0.19  25.79  13.99  19.51  21.95  76   801  1385  1.9
 1992
  1  2408 J6   968  2215 J7  2065  1358 J6   329  5661 14533  6.0  5.3  1.71  0.25  15.45   3.90   9.71  12.19  71   268     0  2.4
  2  3016 J6  1163  2211 J7  2021  1776 J6   513  7023 15442  6.9  5.6  1.94  0.27  18.35   6.53  12.36  14.94  75   176     5  1.8
  3  4413 J6  1489  3474 J7  2459  2169 J6   463  8736 16522  5.1  4.1  1.71  0.28  21.38   7.73  14.58  17.20  65   128    11  1.8
  4  5214 J6  1748  3910 J7  2674  2455 J6   511 10227 17553  4.5  4.1  2.20  0.30  24.18  10.22  17.35  19.92  66    67    33  1.9
  5  5726 J6  1643  4024 J7  2476  2773 J6   477 11154 18374  5.4  4.8  2.63  0.32  27.36  15.35  21.20  23.26  73    14   107  2.3
  6  5646 J6  1434  3290 J7  1926  3168 J6   520 11485 18738  6.4  5.5  4.07  0.33  31.00  20.34  25.10  26.90  81     0   220  2.0
  7  6359 J6   848  4343 J7  1637  3135 J6   501 11256 18444  4.4  3.4  4.56  0.33  33.40  22.55  27.31  29.21  76     0   299  2.0
  8  5265 J6  1219  3193 J7  1983  2912 J6   494 10460 17634  6.2  5.3  4.75  0.30  31.54  22.45  26.20  27.89  82     0   269  1.4
  9  4003 J6  1239  2400 J7  1695  2457 J6   419  9144 16630  5.8  5.4  4.29  0.26  29.65  19.72  24.33  26.52  79     2   192  2.1
 10  3957 J6  1259  4112 J7  2625  1618 J6   500  7490 15588  4.3  3.8  2.66  0.21  25.67  12.36  18.53  21.72  77    30    51  1.8
 11  2902 J6   948  3340 J7  2335  1282 J6   343  5975 14660  4.7  4.2  2.67  0.17  21.67   9.68  15.23  17.99  79   105    25  2.0
 12  2083 J6   842  2058 J7  1765  1174 J6   253  5242 14201  6.5  5.9  2.17  0.14  16.59   5.45  10.57  13.12  80   230     4  2.0
 13  4249 J6  1419  3214 J7   816  2190 J6   732  8654 16526  5.5  4.8  2.95  0.26  24.69  13.02  18.54  20.91  75  1019  1217  2.0
 1993
  1  1815 J6  1012  1509 J7  2244  1135 J6   311  5686 14554  7.5  7.1  2.36  0.12  15.94   5.71  10.59  12.92  76   237     5  2.2
  2  2791 J6  1501  2577 J7  3047  1422 J6   398  7039 15456  6.3  5.7  1.42  0.12  15.92   3.69   9.61  12.27  66   239     0  2.3
  3  4111 J6  1745  3555 J7  3067  1895 J6   557  8726 16521  6.2  5.1  1.86  0.14  20.59   8.88  14.81  17.07  71   116     5  2.2
  4  5556 J6  1629  4594 J7  2859  2353 J6   641 10221 17557  4.8  3.9  1.68  0.18  23.86   9.59  16.84  19.76  65    67    19  2.2
  5  6166 J6  1332  4564 J7  2231  2727 J6   451 11153 18378  5.7  4.7  2.70  0.21  29.51  16.35  22.81  25.27  71     0   143  1.9
  6  6302 J6  1303  4715 J7  2376  2784 J6   588 11487 18739  5.2  4.7  3.79  0.23  32.90  20.50  26.21  28.46  73     0   251  2.0
  7  6357 J6  1160  4707 J7  1966  2817 J6   558 11259 18447  5.1  4.2  4.69  0.24  34.93  22.33  27.93  30.08  72     0   319  1.9
  8  5821 J6   984  4657 J7  1952  2548 J6   551 10466 17634  5.1  3.8  4.24  0.23  33.32  22.23  26.99  28.99  77     0   293  2.0
  9  5029 J6  1166  4385 J7  2164  2122 J6   424  9153 16631  4.2  3.6  4.04  0.20  30.56  19.77  24.49  27.06  75     1   206  2.5
 10  3553 J6  1300  3358 J7  2653  1642 J6   421  7500 15588  5.5  5.1  3.11  0.16  26.45  14.20  20.00  22.66  77    18    80  2.6
 11  2963 J6  1023  3866 J7  2589  1130 J6   337  5983 14661  4.9  4.3  2.42  0.12  21.53   8.76  14.41  17.42  76   113    18  2.4
 12  2264 J6   857  2524 J7  2213  1147 J6   303  5242 14204  6.4  5.7  1.56  0.09  16.55   4.69  10.38  13.00  74   239     0  2.7
 13  4394 J6  1679  3751 J7  1068  1977 J6   671  8660 16531  5.6  4.8  2.82  0.17  25.17  13.06  18.76  21.25  73  1031  1338  2.2
 1994
  1  2391 J6  1020  2789 J7  2709  1139 J6   358  5678 14547  6.1  5.4  1.70  0.08  15.25   2.64   8.54  11.33  68   291     0  3.1
  2  3385 J6  1202  3574 J7  2734  1473 J6   482  7025 15446  6.3  5.2  1.94  0.09  18.74   5.25  12.00  15.08  67   183     5  2.8
  3  4752 J6  1296  4880 J7  2760  1755 J6   522  8711 16510  4.6  3.9  1.99  0.11  23.18   8.77  16.19  18.87  64    90    17  3.3
  4  6077 J6  1223  5825 J7  2467  2039 J6   576 10210 17544  4.5  3.7  2.31  0.15  26.45  12.68  19.53  22.31  69    21    58  2.8
  5  5468 J6  2077  4147 J7  3102  2418 J6   520 11147 18366  6.0  5.3  2.99  0.19  28.22  15.62  21.85  24.01  69     7   118  2.8
  6  6160 J6  1160  4157 J7  2131  2970 J6   663 11486 18737  6.8  5.4  4.42  0.21  32.33  21.91  26.17  27.97  79     0   264  2.8
  7  6177 J6  1365  4639 J7  2225  2722 J6   601 11263 18449  5.7  4.7  4.56  0.22  32.76  21.87  26.47  28.33  77     0   279  2.6
  8  5626 J6  1257  4256 J7  2257  2585 J6   550 10475 17641  5.8  4.7  4.32  0.21  31.50  21.77  25.87  27.67  81     0   257  2.5
  9  4691 J6  1341  3688 J7  2370  2241 J6   493  9166 16642  5.4  4.9  3.73  0.18  29.53  19.14  23.78  26.29  76     0   180  2.5
 10  3381 J6  1240  2981 J7  2268  1683 J6   424  7514 15602  6.0  5.6  3.02  0.14  25.27  14.82  19.74  21.95  80    23    76  2.8
 11  2930 J6  1019  3528 J7  2268  1224 J6   302  5994 14670  4.8  4.2  2.58  0.11  22.65  11.95  17.21  19.47  78    65    34  2.8
 12  2426 J6   868  3270 J7  2447  1028 J6   286  5244 14203  5.4  4.8  2.01  0.08  18.30   6.72  11.98  14.56  78   183     3  2.8
 13  4455 J6  1479  3978 J7   861  1940 J6   655  8659 16530  5.6  4.8  2.96  0.15  25.35  13.59  19.11  21.49  74   863  1291  2.8
 1995
  1  2652 J6   947  3287 J7  2550  1170 J6   340  5670 14540  5.4  4.7  1.55  0.07  16.03   3.02   9.15  12.07  70   273     0  2.8
  2  3201 J6  1206  3411 J7  2995  1443 J6   500  7011 15436  6.2  5.4  1.68  0.08  18.35   5.94  12.00  14.79  67   177     3  2.8
  3  4272 J6  1521  4082 J7  3093  1812 J6   514  8697 16499  5.5  4.9  2.10  0.10  23.19  10.54  16.73  19.16  70    74    29  3.0
  4  5822 J6  1649  5737 J7  2815  1926 J6   570 10199 17533  4.7  3.7  2.25  0.14  25.99  11.94  19.18  21.82  67    33    52  3.2
  5  5636 J6  1612  4035 J7  2621  2655 J6   561 11141 18359  6.5  5.4  3.04  0.18  30.04  16.80  23.21  25.62  73     2   160  3.1
  6  5895 J6  1553  4157 J7  2661  2862 J6   591 11485 18737  6.1  5.2  3.80  0.20  31.53  20.73  25.55  27.46  79     0   234  2.9
  7  6301 J6   972  4901 J7  2067  2707 J6   608 11267 18455  5.2  4.2  4.57  0.22  33.45  22.64  27.49  29.31  76     0   301  2.6
  8  5514 J6  1586  4321 J7  2536  2482 J6   504 10484 17651  5.1  4.1  4.55  0.21  32.01  23.10  27.02  28.60  83     0   286  3.0
  9  4127 J6  1343  2973 J7  2143  2197 J6   386  9180 16653  6.3  5.5  4.06  0.18  28.10  19.92  23.37  25.14  83     0   171  2.5
 10  3809 J6  1178  3734 J7  2501  1670 J6   448  7529 15612  5.4  4.6  3.38  0.14  27.20  16.73  21.34  23.70  81     6   119  2.7
 11  2792 J6  1064  3491 J7  2853  1171 J6   416  6004 14677  5.3  4.9  2.02  0.10  19.87   7.30  13.41  16.35  77   162    20  2.2
 12  2232 J6   981  2780 J7  2673  1028 J6   325  5246 14204  6.2  5.7  1.89  0.08  16.74   4.03  10.12  12.91  74   246     0  2.1
 13  4354 J6  1441  3909 J7   831  1927 J6   651  8659 16530  5.7  4.9  2.91  0.14  25.21  13.56  19.05  21.41  75   974  1375  2.7
 1996
  1  2957 J6   805  4246 J7  2463  1070 J6   400  5662 14533  4.1  3.6  1.82  0.07  17.56   4.07  10.21  13.02  72   235     3  3.1
  2  3740 J6  1100  4621 J7  2872  1331 J6   479  7025 15444  5.0  4.1  1.69  0.08  20.17   6.37  13.05  16.06  70   150     3  3.0
  3  4617 J6  1406  4625 J7  2831  1782 J6   514  8738 16523  4.9  4.2  1.65  0.10  19.83   6.14  12.86  15.41  66   171     5  3.6
  4  5789 J6  1499  5440 J7  2751  2095 J6   558 10228 17554  4.6  3.6  1.88  0.14  24.23  10.41  17.35  20.05  68    59    28  3.4
  5  6611 J6  1101  5835 J7  2332  2453 J6   661 11155 18375  4.1  3.3  3.03  0.18  29.95  17.27  23.15  25.42  75     3   167  2.8
  6  6455 J6  1044  5150 J7  2001  2865 J6   565 11486 18738  4.4  3.8  3.88  0.20  32.84  20.79  26.17  28.32  75     0   255  2.5
  7  6576 J7   626  5602 J7  1459  2692 J7   510 11255 18442  3.4  2.7  4.51  0.22  33.44  22.70  27.27  29.05  76     0   302  3.0
  8  5566 J7  1205  4350 J7  2070  2527 J7   495 10459 17632  4.6  4.0  4.20  0.21  30.95  21.47  25.67  27.45  79     0   244  2.3
  9  5051 J6  1057  4469 J7  1957  2121 J6   499  9143 16628  4.7  3.8  3.83  0.18  29.90  19.85  24.44  26.73  79     0   196  2.5
 10  3928 J6  1293  4450 J7  2671  1452 J6   448  7488 15587  4.3  4.1  2.87  0.14  26.33  14.38  19.97  22.82  76    13    76  2.5
 11  3091 J6   891  3916 J7  2354  1205 J6   340  5974 14659  4.5  3.8  2.15  0.10  21.65  10.10  15.69  18.08  78    90    16  2.4
 12  2817 J6   752  4326 J7  2181   929 J6   284  5241 14201  4.5  3.6  1.83  0.08  17.83   5.42  11.22  13.91  76   210     2  2.6
 13  4767 J6  1444  4752 J7   605  1877 J6   674  8654 16526  4.4  3.7  2.78  0.14  25.39  13.25  18.92  21.36  74   930  1297  2.8
 1997
  1  2498 J6   938  2747 J7  2377  1243 J6   379  5687 14554  6.7  5.6  1.94  0.07  18.38   5.78  11.75  14.69  76   196     2  2.8
  2  3434 J6  1142  3730 J7  2655  1462 J6   408  7041 15457  6.4  5.1  2.13  0.08  17.21   5.58  11.10  13.63  72   207    13  2.5
  3  4943 J6  1230  5176 J7  2436  1737 J6   456  8728 16522  5.3  3.7  2.39  0.10  24.40  11.89  17.92  20.33  72    40    34  3.0
  4  5423 J6  1518  4503 J7  2527  2318 J6   541 10223 17557  5.3  4.3  2.31  0.14  23.92  10.06  16.91  19.83  63    64    24  3.1
  5  5971 J6  1345  4699 J7  2445  2647 J6   605 11154 18378  5.6  4.5  2.91  0.18  28.02  15.65  21.78  24.07  72     3   112  3.0
  6  6063 J6  1379  4127 J7  2325  3027 J6   626 11487 18739  6.2  4.7  3.89  0.20  29.77  19.89  24.19  25.88  78     0   195  2.7
  7  6205 J6  1125  4498 J7  2070  2915 J6   561 11258 18446  5.7  4.3  4.44  0.22  32.47  22.39  26.80  28.41  77     0   282  2.5
  8  5180 J6  1160  3359 J7  1708  2802 J6   425 10464 17633  5.7  4.9  4.34  0.21  31.74  21.41  26.04  27.96  79     0   256  2.4
  9  4327 J6  1207  3013 J7  2303  2366 J6   511  9151 16630  6.5  5.7  3.93  0.18  29.96  19.99  24.37  26.46  79     0   199  2.4
 10  3876 J6  1295  4062 J7  2584  1568 J6   436  7498 15587  5.0  4.5  2.83  0.14  24.86  13.41  18.57  21.27  79    42    67  2.3
 11  2967 J6  1050  3652 J7  2498  1205 J6   342  5982 14660  5.3  4.6  2.17  0.10  18.85   5.36  11.76  14.89  77   187     0  2.3
 12  2080 J6   918  2380 J7  2430  1054 J6   273  5242 14203  6.6  6.1  2.14  0.08  18.25   6.91  12.11  14.76  78   182     4  2.9
 13  4414 J6  1437  3829 J7   843  2029 J6   728  8660 16530  5.9  4.8  2.95  0.14  24.82  13.19  18.61  21.02  75   921  1188  2.7
 1998
  1  2715 K4  1205  3595 K6  2887  1126 K4   356  5679 14547  5.4  4.6  1.80  0.07  17.78   6.95  12.25  14.49  78   195    10  3.1
  2  3547 K4  1703  4428 K6  3559  1216 K4   412  7027 15448  4.8  4.2  1.60  0.08  19.47   5.79  12.41  15.47  73   160     0  3.2
  3  4792 K4  1842  5256 K6  3473  1637 K4   620  8713 16513  4.8  3.7  1.73  0.10  20.28   7.87  13.99  16.37  70   145    13  3.3
  4  5461 K4  1888  4653 K6  3196  2292 K4   625 10212 17546  5.4  4.5  2.14  0.14  25.29  12.43  18.93  21.56  71    26    42  2.9
  5  6841 K4  1092  5860 K6  2053  2537 K4   536 11148 18367  4.1  3.4  3.00  0.18  30.67  17.62  23.97  26.37  71     0   180  2.6
  6  7061 K4   825  6045 K6  1592  2500 K4   441 11486 18737  5.3  4.1  3.71  0.20  35.54  22.40  28.55  30.92  65     0   319  3.6
  7  6091 K4  1370  4595 K6  1950  2607 K4   363 11262 18449  6.6  5.1  5.17  0.22  34.05  22.88  27.70  29.57  73     0   314  2.9
  8  5664 K4  1277  4389 K6  1953  2503 K4   421 10474 17641  6.3  4.8  4.37  0.21  32.42  21.86  26.51  28.39  77     0   273  2.5
  9  4411 K4  1664  3491 K6  2550  2126 K4   421  9164 16642  6.4  5.7  4.03  0.18  29.28  20.26  24.41  26.41  81     0   193  2.8
 10  4370 K4   887  5059 K6  2172  1560 K4   430  7512 15599  3.7  3.3  2.57  0.14  26.37  15.00  20.08  22.92  77    17    90  2.2
 11  2873 K4   935  3172 K6  2232  1389 K4   282  5992 14670  5.8  5.2  2.40  0.10  24.02  12.21  17.44  20.06  81    32    25  2.2
 12  2462 K4  1242  3658 K6  3033   918 K4   250  5244 14202  6.2  5.6  2.07  0.08  18.70   6.50  12.23  14.94  77   188    11  2.4
 13  4691 K4  1579  4517 K6   928  1867 K4   625  8659 16530  5.4  4.5  2.88  0.14  26.16  14.31  19.87  22.29  75   762  1470  2.8
 1999
  1  2946 K4  1077  4234 K6  2928  1055 K4   389  5671 14541  5.4  4.7  1.69  0.07  18.16   4.23  10.63  13.74  75   224     3  2.8
  2  3936 K4  1201  5008 K6  2905  1333 K4   463  7013 15437  5.2  4.2  1.54  0.08  19.39   5.07  12.08  15.40  74   173     2  2.8
  3  5185 K4  1576  5881 K6  2891  1593 K4   505  8698 16500  4.5  3.9  1.34  0.10  21.52   6.85  14.17  16.99  65   135     7  3.1
  4  5492 K4  1948  4739 K6  3121  2217 K4   586 10200 17534  5.6  4.8  2.31  0.14  26.54  12.85  19.58  22.19  67    32    73  3.7
  5  6147 K4  1618  4995 K6  2416  2577 K4   524 11142 18361  4.9  4.4  2.51  0.18  29.70  15.89  22.62  25.17  70     1   139  2.7
  6  5621 K4  1738  3908 K6  2434  2740 K4   453 11485 18737  6.0  5.2  3.97  0.20  31.61  19.83  25.35  27.39  78     0   222  2.8
  7  6289 K4  1370  5095 K6  2039  2488 K4   370 11267 18454  5.9  4.6  4.26  0.22  32.98  22.60  27.22  28.88  79     0   293  2.2
  8  6265 K4   924  5372 K6  1494  2279 K4   337 10483 17651  5.4  4.8  4.31  0.21  33.43  22.08  27.31  29.35  77     0   292  2.8
  9  4831 K4  1686  4366 K6  2420  1963 K4   420  9178 16652  4.5  4.0  3.61  0.18  29.53  18.84  23.69  26.15  80     0   176  2.6
 10  3723 K4  1268  3722 K6  2499  1664 K4   450  7527 15611  4.4  3.9  2.66  0.14  26.03  13.55  19.30  22.25  81    21    66  2.5
 11  3460 K4  1064  4899 K6  2551  1103 K4   333  6003 14677  3.2  2.8  1.87  0.10  21.09   6.98  13.56  16.99  75   137     9  2.4
 12  2763 K4  1040  4192 K6  2834   995 K4   323  5246 14204  4.8  4.2  1.68  0.08  16.65   4.53  10.29  13.03  76   243     3  2.5
 13  4722 K4  1304  4701 K6   632  1834 K4   628  8659 16530  5.0  4.3  2.65  0.14  25.55  12.77  18.82  21.46  75   967  1285  2.7
 2000
  1  2757 K4  1211  3982 K6  3019  1000 K4   316  5663 14535  5.7  4.8  1.41  0.07  15.00   3.79   9.44  11.66  70   280     3  3.4
  2  4268 K4   967  5628 K6  2425  1327 K4   447  7027 15444  5.2  4.1  1.39  0.08  19.96   4.91  11.81  15.52  71   171     0  2.6
  3  5104 K4  1616  5782 K6  3136  1574 K4   479  8739 16525  4.0  3.4  1.68  0.10  23.61   9.51  16.28  19.24  65    67    12  2.8
  4  5973 K4  1838  5634 K6  2827  2122 K4   622 10230 17557  4.5  3.6  1.88  0.14  24.02   9.61  16.84  19.79  66    64    18  2.9
  5  7187 K4   915  6565 K6  1727  2413 K4   496 11156 18376  5.3  3.8  2.89  0.18  30.05  16.83  23.32  25.72  70     1   159  2.9
  6  6416 K4  1235  5261 K6  1986  2522 K4   461 11486 18738  6.2  5.2  4.09  0.20  31.87  19.77  25.25  27.36  78     0   225  2.5
  7  6570 K4  1011  5424 K6  1744  2502 K4   445 11254 18441  6.1  4.5  4.46  0.22  33.23  21.10  26.72  28.71  78     0   274  2.8
  8  5843 K4   955  4726 K6  1673  2383 K4   418 10458 17630  5.7  4.8  4.49  0.21  32.31  21.31  26.18  28.15  79     0   263  2.6
  9  4029 K4  1548  3168 K6  2469  2033 K4   429  9141 16627  6.7  5.8  4.12  0.18  28.51  19.38  23.55  25.49  85     0   169  2.8
 10  4576 K4   886  5385 K6  2108  1522 K4   440  7486 15587  3.9  3.4  2.02  0.14  26.28  13.00  19.23  22.39  79    13    54  2.4
 11  3201 K4  1092  4181 K6  2505  1181 K4   329  5973 14659  4.8  4.4  1.92  0.10  20.77   6.16  13.12  16.57  76   167    21  2.1
 12  2577 K4  1173  4011 K6  2991   906 K4   256  5241 14201  4.8  4.3  1.44  0.08  15.86   3.20   9.58  12.18  78   277     4  2.6
 13  4875 K4  1553  4979 K6   971  1791 K4   608  8654 16527  5.2  4.3  2.65  0.14  25.12  12.38  18.44  21.07  75  1038  1200  2.7
 2001
  1  3139 K4   906  4690 K6  2384  1065 K4   339  5688 14554  5.3  4.5  1.33  0.07  15.68   3.22   9.02  11.80  74   278     3  2.9
  2  3333 K4  1356  3581 K6  2862  1502 K4   472  7043 15458  6.1  4.8  2.05  0.08  19.91   7.32  13.20  16.02  77   134     2  2.6
  3  4219 K4  1907  4157 K6  3425  1673 K4   506  8730 16522  4.9  3.8  1.71  0.10  20.94   8.34  14.46  16.91  66   121     7  3.7
  4  6000 K4  1815  5638 K6  2860  2171 K4   625 10224 17557  4.4  3.9  2.19  0.14  25.12  10.26  17.67  20.61  65    55    36  3.0
  5  6771 K4  1172  5872 K6  2101  2530 K4   524 11155 18378  4.6  4.2  2.64  0.18  29.61  16.29  22.92  25.46  67     0   143  2.6
  6  5563 K4  1607  3806 K6  2330  2771 K4   389 11487 18739  6.2  5.2  4.01  0.20  31.66  21.02  25.57  27.32  79     0   240  2.6
  7  5966 K4  1398  4407 K6  2077  2671 K4   407 11258 18444  6.3  5.3  4.66  0.22  32.21  21.54  26.29  28.06  79     0   265  2.8
  8  6143 K4  1097  5263 K6  1898  2359 K4   465 10463 17632  5.0  4.3  4.48  0.21  32.55  22.13  26.95  28.95  78     0   279  2.4
  9  4520 K4  1143  3616 K6  2006  2182 K4   441  9149 16629  6.8  5.5  3.63  0.18  28.81  19.11  23.33  25.43  86     0   169  2.6
 10  4382 K4  1006  4954 K6  2354  1638 K4   480  7496 15586  3.9  3.4  2.16  0.14  25.72  11.63  18.29  21.63  71    39    49  2.5
 11  3205 K4  1028  4051 K6  2256  1280 K4   361  5981 14659  4.7  4.0  1.97  0.10  21.57   9.07  15.03  18.03  76   103    13  2.4
 12  2839 K4   926  4306 K6  2549  1014 K4   273  5242 14203  4.9  4.4  1.73  0.08  20.04   7.07  13.23  16.18  75   156     8  2.6
 13  4673 K4  1374  4528 K6   767  1905 K4   622  8660 16530  5.2  4.4  2.71  0.14  25.32  13.08  18.83  21.37  75   887  1215  2.7
 2002
  1  2818 K4  1104  3843 K6  2706  1132 K4   405  5680 14549  5.6  5.1  1.97  0.07  17.01   5.06  10.60  13.20  77   239    13  2.7
  2  3814 K4  1557  4922 K6  3248  1226 K4   411  7028 15450  5.5  5.1  1.52  0.08  18.61   3.88  10.99  14.22  65   203     4  2.9
  3  4948 K4  1453  5076 K6  2660  1838 K4   512  8715 16513  4.8  4.4  2.26  0.10  22.76   8.53  15.68  18.58  71   108    25  3.1
  4  5828 K4  1632  5123 K6  2553  2324 K4   583 10213 17548  5.9  4.8  3.00  0.14  26.68  14.49  20.56  22.88  72    11    78  3.2
  5  6847 K4  1213  5909 K6  2013  2532 K4   467 11149 18371  5.1  4.4  2.93  0.18  28.93  16.25  22.21  24.32  71    11   143  3.2
  6  5870 K4  1690  4233 K6  2610  2711 K4   471 11486 18736  5.9  5.2  4.20  0.20  31.63  20.20  25.43  27.42  79     0   228  2.7
  7  6438 K4  1174  5248 K6  1931  2488 K4   366 11262 18449  5.3  4.3  4.85  0.22  33.10  22.08  27.09  29.03  77     0   287  2.5
  8  5669 K4  1693  4714 K6  2373  2287 K4   344 10472 17639  5.7  4.6  4.56  0.21  32.17  21.72  26.40  28.27  80     0   267  2.4
  9  4436 K4  1394  3446 K6  2168  2243 K4   359  9163 16639  6.4  5.9  4.49  0.18  30.07  21.08  25.00  27.19  82     0   217  2.6
 10  3501 K4  1428  3138 K6  2460  1724 K4   353  7511 15597  6.2  5.7  3.81  0.14  25.82  15.94  20.34  22.51  82    18    97  2.6
 11  3269 K4  1140  4624 K6  2558  1081 K4   296  5991 14668  4.3  3.7  2.12  0.10  20.40   8.45  14.01  16.78  81   123     6  2.3
 12  2518 K4  1125  3665 K6  2848   982 K4   275  5244 14202  6.2  5.6  1.74  0.08  17.42   5.70  11.44  13.92  81   212     2  2.7
 13  4663 K4  1474  4495 K6   835  1881 K4   635  8659 16530  5.6  4.9  3.12  0.14  25.38  13.62  19.15  21.53  76   925  1368  2.7
 2003
  1  3190 K4   966  4961 K6  2605   994 K4   350  5672 14542  3.2  2.5  1.24  0.07  15.77   3.51   9.38  11.92  69   270     1  3.4
  2  3358 K4  1555  4117 K6  3292  1223 K4   367  7014 15438  5.8  4.9  1.88  0.08  15.88   2.78   9.10  12.06  71   252     0  2.7
  3  3613 K4  1932  3000 K6  3113  1801 K4   459  8700 16503  5.7  4.5  2.65  0.10  23.16  10.15  16.41  19.09  75    74    23  3.0
  4  5574 K4  1965  5017 K6  3098  2156 K4   575 10202 17534  5.6  4.9  2.41  0.14  24.35  10.00  17.43  20.33  70    59    25  3.2
  5  6091 K4  1557  4600 K6  2464  2728 K4   549 11142 18363  7.0  6.2  3.44  0.18  29.05  17.17  22.82  24.96  76     3   151  3.2
  6  6187 K4  1532  4701 K6  2505  2687 K4   453 11485 18737  5.2  4.2  4.35  0.20  32.09  20.38  25.77  27.83  78     0   237  2.6
  7  5688 K4  1447  3996 K6  2222  2631 K4   401 11266 18454  6.3  5.3  4.92  0.22  32.31  21.57  26.32  28.20  82     0   267  2.6
  8  5393 K4  1075  4094 K6  1819  2480 K4   404 10482 17649  5.7  4.8  4.83  0.21  32.73  22.64  26.81  28.60  84     0   290  2.3
  9  4823 K4  1396  4311 K6  2295  2090 K4   496  9176 16650  6.0  5.3  3.80  0.18  28.66  18.17  23.02  25.41  83     3   155  2.7
 10  4093 K4  1328  4545 K6  2700  1545 K4   437  7525 15610  4.5  3.8  2.90  0.14  26.53  12.85  19.13  22.35  79    10    52  2.4
 11  3364 K4   925  4734 K6  2435  1162 K4   396  6002 14676  3.8  3.4  2.42  0.10  23.03  10.44  16.32  19.23  81    82    35  2.2
 12  2862 K4   964  4582 K6  2725   950 K4   322  5246 14204  5.1  4.6  1.36  0.08  15.60   2.95   8.97  11.89  77   281     0  2.9
 13  4520 K4  1235  4388 K6   547  1871 K4   683  8659 16530  5.3  4.5  3.02  0.14  24.93  12.72  18.46  20.99  77  1035  1235  2.8
 2004
  1  3000 K4  1119  4434 K6  2844  1010 K4   332  5664 14535  4.9  4.4  1.57  0.07  16.47   3.23   9.54  12.29  76   266     3  3.0
  2  3545 K4  1641  4480 K6  3331  1230 K4   386  7029 15444  7.1  6.5  2.02  0.08  14.50   3.70   8.90  11.12  81   268     0  3.0
  3  5146 K4  1513  5609 K6  2924  1761 K4   514  8741 16526  4.2  3.2  1.95  0.10  21.87   8.96  15.23  18.01  70   103    12  2.7
  4  6200 K4  1382  5861 K6  2692  2200 K4   688 10231 17558  5.5  4.6  2.03  0.14  24.35  10.97  17.69  20.13  68    56    36  3.2
  5  6820 K4  1382  6159 K6  2256  2396 K4   453 11157 18378  4.1  3.7  3.26  0.18  30.11  17.00  23.45  25.89  72     4   166  2.8
  6  6247 K4  1261  4709 K6  1837  2657 K4   394 11486 18738  6.9  5.8  4.77  0.20  32.47  21.29  26.09  27.98  82     0   256  2.5
  7  6482 K4  1051  5404 K6  1719  2446 K4   341 11254 18440  4.7  4.1  4.76  0.22  32.65  21.83  26.95  28.85  78     0   276  2.8
  8  5222 K4  1443  3897 K6  1952  2451 K4   411 10456 17628  6.6  5.3  4.74  0.21  31.62  21.89  26.08  27.78  86     0   261  2.3
  9  3899 K4  1593  2941 K6  2541  2040 K4   473  9139 16626  5.9  4.9  4.36  0.18  29.21  20.48  24.42  26.39  85     0   195  2.9
 10  3691 K4  1178  3388 K6  2314  1772 K4   405  7484 15587  6.5  5.7  3.28  0.14  25.68  15.97  20.51  22.65  85    11    88  1.7
 11  3377 K4   978  4576 K6  2281  1186 K4   328  5972 14659  4.9  4.2  2.34  0.10  22.58   8.87  15.15  18.51  81   107    29  1.7
 12  2915 K4   784  4536 K6  2301  1020 K4   325  5241 14201  4.5  3.8  1.62  0.08  16.92   4.03  10.08  13.23  75   253    10  2.1
 13  4712 K4  1465  4666 K6   973  1847 K4   607  8654 16527  5.5  4.7  3.06  0.14  24.87  13.18  18.68  21.07  78  1067  1333  2.6
 2005
  1  3186 K4  1040  5075 K6  2681   950 K4   326  5689 14554  5.2  4.7  1.93  0.07  17.58   5.45  11.27  13.94  73   216     5  2.5
  2  3481 K4  1543  4256 K6  3218  1279 K4   477  7044 15459  7.4  6.5  2.03  0.08  17.83   6.30  11.74  14.45  75   177     1  2.4
  3  4321 K4  1966  4573 K6  3612  1554 K4   504  8732 16525  6.0  5.2  1.95  0.10  18.95   7.43  13.10  15.26  73   166     7  2.9
  4  5831 K4  2082  5565 K6  3400  1971 K4   504 10226 17557  5.9  4.8  1.92  0.14  24.04   9.95  16.99  19.79  69    64    24  2.7
  5  6512 K4  1705  5448 K6  2649  2537 K4   572 11155 18380  6.3  5.3  2.87  0.18  28.01  14.77  21.35  23.73  73     6   100  2.4
  6  5280 K4  1782  3348 K6  2539  2821 K4   483 11487 18739  6.2  4.9  4.50  0.20  31.73  21.08  25.88  27.68  85     0   242  1.8
  7  6394 K4  1247  5230 K6  1809  2480 K4   298 11257 18443  5.9  5.0  5.05  0.22  33.65  23.06  28.07  29.95  77     0   311  1.8
  8  5444 K4  1172  4028 K6  1754  2519 K4   381 10462 17632  7.0  5.8  5.28  0.21  32.82  23.61  27.19  28.73  86     0   306  1.7
  9  5107 K4  1056  4672 K6  1696  2101 K4   308  9147 16627  5.6  4.4  3.88  0.18  31.09  21.13  25.43  27.75  80     0   233  2.0
 10  3725 K4  1327  3826 K6  2730  1610 K4   474  7494 15584  5.1  4.2  2.99  0.14  25.81  15.29  20.06  22.45  81    38   107  2.0
 11  3432 K4  1060  4702 K6  2425  1177 K4   327  5979 14659  5.4  4.8  2.15  0.10  21.58   9.14  15.11  18.04  76   108    19  1.9
 12  2742 K4   972  4184 K6  2603   982 K4   282  5242 14203  5.3  4.7  1.63  0.08  16.44   3.95  10.05  12.81  74   252     0  2.3
 13  4621 K4  1305  4576 K6   679  1832 K4   662  8660 16530  5.9  5.0  3.01  0.14  24.96  13.43  18.85  21.21  77  1028  1357  2.2
 2006
  1  3073 K4  1049  4551 K6  2844  1049 K4   356  5681 14549  4.3  3.6  1.87  0.07  15.85   2.15   8.75  11.76  65   289     0  2.2
  2  3529 K4  1565  4427 K6  3180  1264 K4   402  7030 15450  5.4  4.7  1.76  0.08  21.19   5.53  13.17  16.78  71   148     9  2.0
  3  4981 K4  1456  5503 K6  3028  1689 K4   590  8717 16513  4.1  3.6  1.80  0.10  22.65  10.48  16.28  18.62  76    74    19  2.2
  4  6186 K4  1495  6020 K6  2624  2076 K4   593 10214 17549  4.3  3.4  2.30  0.14  25.81  11.68  18.58  21.45  69    38    51  2.3
  5  6546 K4  1637  5685 K6  2572  2400 K4   522 11149 18372  5.8  5.1  2.86  0.18  27.21  17.61  21.91  23.36  79     9   135  2.5
  6  6592 K4  1454  5444 K6  2174  2562 K4   437 11486 18737  5.2  4.2  3.77  0.20  32.55  21.20  26.29  28.23  79     0   256  2.3
  7  6597 K4   991  5476 K6  1686  2545 K4   368 11261 18449  5.0  4.0  4.31  0.22  33.20  22.34  26.89  28.79  80     0   293  2.4
  8  5736 K4  1184  4652 K6  1942  2406 K4   366 10471 17639  5.5  4.8  5.04  0.21  32.79  22.80  26.93  28.65  80     0   293  1.9
  9  5207 K4  1103  4994 K6  1949  2009 K4   397  9161 16638  5.0  4.5  3.78  0.18  29.63  19.59  24.11  26.40  80     0   188  2.0
 10  4136 K4  1276  4624 K6  2395  1544 K4   298  7509 15596  4.3  3.6  2.67  0.14  26.94  12.88  19.35  22.65  72    15    63  2.1
 11  3287 K4  1086  4397 K6  2521  1187 K4   314  5990 14667  3.7  3.2  1.89  0.10  20.76   7.38  13.59  16.54  77   138    11  2.5
 12  2513 K4  1023  3513 K6  2682  1061 K4   318  5244 14202  4.2  3.9  2.22  0.08  19.46   7.00  12.97  15.90  81   164     6  2.0
 13  4865 K4  1507  4940 K6   708  1816 K4   590  8659 16530  4.7  4.1  2.86  0.14  25.67  13.39  19.07  21.59  76   876  1325  2.2
 2007
  1  2586 K4  1167  3353 K6  2860  1109 K4   341  5673 14543  5.1  4.6  2.07  0.07  17.13   5.83  11.36  13.67  76   219     7  2.4
  2  3944 K4  1439  5171 K6  3099  1245 K4   381  7016 15441  3.1  2.7  1.54  0.08  17.75   3.98  10.63  13.56  68   209     0  2.6
  3  5178 K4  1341  5607 K6  2781  1818 K4   619  8702 16504  2.3  1.8  2.13  0.10  23.85   8.74  16.15  19.28  70    83    20  2.4
  4  6283 K4  1439  6015 K6  2604  2112 K4   524 10203 17535  3.0  2.2  2.02  0.14  25.95   9.99  18.19  21.24  58    64    54  3.0
  5  6558 K4  1406  5478 K6  2247  2600 K4   459 11143 18363  3.3  2.7  2.67  0.18  29.11  15.41  22.07  24.61  69     2   123  3.0
  6  6192 K4  1564  4898 K6  2338  2609 K4   519 11485 18738  4.2  3.6  3.95  0.20  31.52  20.35  25.51  27.52  78     0   228  2.7
  7  6069 K4  1093  4530 K6  1804  2663 K4   410 11265 18454  5.2  4.4  4.69  0.22  32.54  21.77  26.47  28.35  80     0   274  2.1
  8  5734 K4  1419  4672 K6  1901  2351 K4   334 10480 17647  4.6  3.8  4.99  0.21  33.29  23.37  27.69  29.46  84     0   310  1.6
  9  4868 K4  1441  4480 K6  2257  1988 K4   397  9174 16648  4.8  4.2  3.92  0.18  29.85  20.79  24.77  26.88  82     0   210  2.3
 10  3493 K4  1412  3165 K6  2510  1741 K4   414  7523 15609  5.3  4.7  3.51  0.14  26.24  17.25  21.29  23.19  83    10   116  2.3
 11  3583 K4   966  5202 K6  2154  1073 K4   222  6000 14675  2.8  2.6  1.91  0.10  21.03   7.23  13.52  16.85  74   134     8  2.0
 12  2640 K4   905  3640 K6  2312  1106 K4   262  5246 14204  4.5  4.1  2.20  0.08  20.26   7.38  13.28  16.16  74   147     7  1.9
 13  4761 K4  1456  4684 K6   907  1868 K4   619  8659 16530  4.0  3.4  2.97  0.14  25.71  13.51  19.24  21.73  75   869  1357  2.4
 2008
  1  2906 K4  1164  4218 K6  2817  1041 K4   305  5665 14537  4.8  4.3  1.70  0.07  15.13   3.07   8.74  11.55  68   288     2  2.3
  2  4068 K4  1335  5574 K6  2803  1183 K4   352  7031 15446  3.9  3.3  1.66  0.08  20.41   5.88  13.04  16.19  69   159     9  2.4
  3  5062 K4  1662  5466 K6  3122  1697 K4   538  8743 16526  3.6  2.9  1.70  0.10  22.06   8.17  14.96  17.62  68   111    12  3.0
  4  5584 K4  1872  4890 K6  2956  2223 K4   617 10233 17559  4.6  3.6  2.38  0.14  24.77  11.90  18.07  20.62  73    43    43  2.4
  5  6499 K4  1593  5611 K6  2514  2459 K4   516 11158 18378  3.9  3.1  2.86  0.18  29.37  15.66  22.54  24.99  69     2   132  2.7
  6  6724 K4  1160  5660 K6  1980  2546 K4   362 11486 18738  4.9  4.2  4.01  0.20  33.27  21.20  26.60  28.76  72     0   267  2.4
  7  5709 K4  1285  4102 K6  1657  2607 K4   303 11253 18440  5.3  3.6  4.68  0.22  32.51  22.06  26.40  28.13  78     0   278  2.1
  8  5050 K4  1595  3562 K6  2227  2442 K4   387 10455 17627  5.2  4.4  4.75  0.21  31.58  22.76  26.46  27.99  81     0   274  2.6
  9  4805 K4  1419  4456 K6  2300  1968 K4   335  9137 16625  3.3  2.9  3.76  0.18  29.73  19.71  24.18  26.49  78     0   192  2.4
 10  3934 K4  1417  4444 K6  2634  1481 K4   364  7483 15585  3.3  2.9  2.42  0.14  23.84  11.92  17.27  19.98  76    63    49  2.2
 11  3193 K4  1224  4516 K6  2748  1050 K4   310  5970 14658  3.3  2.9  1.87  0.10  18.88   6.06  12.29  15.17  74   183     7  2.1
 12  2723 K4   926  4067 K6  2584  1022 K4   279  5241 14201  3.2  2.9  2.00  0.08  19.65   6.68  12.84  15.76  77   169     9  2.1
 13  4688 K4  1341  4714 K6   712  1810 K4   639  8655 16527  4.1  3.4  2.82  0.14  25.10  12.92  18.61  21.10  74  1019  1273  2.4
 2009
  1  2893 K4  1071  4174 K6  2851  1049 K4   326  5690 14555  3.8  3.4  1.66  0.07  16.16   3.90   9.75  12.32  70   258     1  2.4
  2  4036 K4  1339  5419 K6  2822  1243 K4   443  7046 15460  2.3  1.9  1.31  0.08  17.68   3.06  10.34  13.66  63   223     0  2.4
  3  4628 K4  1700  4787 K6  3355  1757 K4   539  8733 16528  3.3  2.7  2.07  0.10  21.94   8.55  14.80  17.52  73   113    17  2.5
  4  5904 K4  2070  5680 K6  3141  1990 K4   617 10227 17560  2.4  1.8  2.04  0.14  24.25  11.81  18.13  20.47  71    40    31  3.0
  5  5416 K4  1913  3832 K6  2653  2618 K4   507 11156 18381  4.2  3.7  3.70  0.18  28.19  17.99  22.59  24.23  79     7   155  2.7
  6  6612 K4  1325  5282 K6  2114  2582 K4   349 11487 18739  2.5  2.0  4.16  0.20  32.40  21.93  26.69  28.53  76     0   265  2.1
  7  5866 K4  1428  4329 K6  2263  2590 K4   376 11256 18442  3.0  2.5  4.33  0.22  32.31  21.82  26.35  28.15  77     0   271  2.4
  8  5354 K4  1501  4076 K6  2162  2424 K4   414 10461 17630  4.0  3.3  4.56  0.21  32.04  21.99  26.27  28.08  81     0   269  1.5
  9  4822 K4  1204  4137 K6  2076  2196 K4   428  9146 16627  3.9  3.6  4.15  0.18  29.59  20.13  24.37  26.52  80     0   196  1.8
 10  3458 K4  1441  3168 K6  2515  1666 K4   376  7493 15584  5.1  4.9  3.47  0.14  25.36  14.74  19.86  22.05  83    34    87  1.8
 11  2999 K4  1363  3999 K6  2931  1101 K4   302  5978 14659  4.0  3.7  1.99  0.10  20.77   9.19  14.44  17.19  81   107     6  1.9
 12  2293 K4  1036  2887 K6  2414  1061 K4   278  5242 14203  5.5  5.1  2.13  0.08  16.03   5.84  10.86  12.78  78   235     6  2.6
 13  4523 K4  1381  4314 K6   855  1856 K4   631  8660 16531  3.6  3.2  2.96  0.14  24.73  13.41  18.70  20.96  76  1017  1304  2.3
 2010
  1  3091 K4  1145  4902 K6  2876   945 K4   338  5682 14550  3.5  3.1  1.33  0.07  13.53   1.79   7.22   9.74  67   331     0  2.7
  2  3559 K4  1662  4654 K6  3396  1160 K4   399  7032 15452  4.0  3.9  1.27  0.08  13.42   2.07   7.46   9.93  68   296     0  3.0
  3  4611 K4  1924  5134 K6  3340  1535 K4   479  8719 16516  4.1  3.4  1.51  0.10  19.35   6.89  12.99  15.52  67   162     0  2.7
  4  6338 K4  1520  6407 K6  2601  1979 K4   573 10216 17552  2.6  2.2  1.97  0.14  26.28  11.51  18.74  21.83  69    21    38  2.2
  5  6448 K4  1562  5591 K6  2369  2450 K4   514 11150 18374  3.5  3.1  3.58  0.18  29.90  18.49  23.81  25.94  77     0   182  2.1
  6  6681 K4   986  5586 K6  1642  2495 K4   399 11486 18738  3.2  2.7  4.87  0.20  33.65  22.45  27.23  29.16  77     0   292  1.7
  7  6420 K4  1203  5443 K6  1810  2370 K4   268 11260 18448  3.2  2.6  4.68  0.22  34.39  22.86  28.05  30.15  75     0   319  2.1
  8  5395 K4  1341  4138 K6  1953  2440 K4   317 10470 17636  3.7  3.1  5.15  0.21  33.13  23.62  27.45  29.16  82     0   311  1.8
  9  5129 K4  1494  5056 K6  2233  1915 K4   386  9159 16636  2.4  1.9  3.69  0.18  31.43  19.87  25.06  27.90  77     0   219  1.7
 10  4782 K4   889  6080 K6  1885  1378 K4   325  7507 15594  1.5  1.4  2.17  0.14  27.85  12.93  19.66  23.39  69    11    75  1.8
 11  3282 K4  1142  4601 K6  2640  1119 K4   280  5989 14666  3.4  3.1  1.83  0.10  22.17   7.07  13.93  17.60  72   121    10  1.8
 12  2854 K4  1069  4804 K6  2669   840 K4   206  5244 14202  3.4  3.1  1.21  0.08  13.19  -0.19   6.15   9.08  63   367     0  2.5
 13  4882 K4  1421  5200 K6   650  1719 K4   631  8659 16530  3.2  2.8  2.77  0.14  24.86  12.45  18.15  20.78  72  1309  1446  2.2
