702735 ANCHORAGE MERRILL FIEL AK  -9  N61 13  W149 51    42  1008
 1991-2010
 MO AVGLO FL SDGLO AVDIR FL SDDIR AVDIF FL SDDIF AVETR AETRN  TOT  OPQ   H2O   TAU  MAX_T  MIN_T  AVG_T  AVGDT  RH  HTDD  CLDD AVWS
  1   287 J7    32   649 J8   307   215 J7    14   869  9103  7.3  6.7  0.67  0.08  -5.95 -12.52  -8.99  -8.06  80   855     0  1.3
  2   926 J7   116  1378 J8   649   619 J7    57  2292 12558  7.2  6.5  0.70  0.10  -2.68 -10.07  -6.19  -4.90  77   698     0  1.3
  3  2224 J7   283  2953 J8  1041  1185 J7   103  4751 16283  6.2  5.4  0.63  0.12   0.82  -7.78  -3.37  -2.08  66   676     0  1.8
  4  3637 J7   310  3633 J8   860  1913 J7   152  7703 19951  6.8  5.7  0.84  0.14   8.03  -0.63   3.74   4.87  61   439     0  1.8
  5  5088 J7   351  4519 J8   915  2630 J7   184 10213 23302  7.0  5.5  1.16  0.15  14.07   5.36   9.90  10.62  58   267     0  2.2
  6  5697 J7   349  4802 J8   870  2957 J7   174 11407 25248  7.3  5.6  1.68  0.14  18.09  10.14  14.15  14.64  64   128     1  2.2
  7  4700 J7   420  3572 J8   977  2723 J7   152 10727 24052  8.0  6.8  2.15  0.12  19.31  12.45  15.81  16.29  71    80     4  1.9
  8  3671 J7   410  3307 J8  1139  2069 J7   139  8504 20833  7.7  6.7  2.05  0.09  18.11  10.96  14.48  15.27  75   119     1  1.6
  9  2370 J7   245  2629 J8   824  1358 J7    93  5655 17278  7.6  6.7  1.53  0.07  13.18   6.21   9.66  10.73  76   259     0  1.6
 10  1249 J7   122  1855 J8   594   780 J7    56  2983 13618  7.4  6.6  1.04  0.05   4.99  -1.07   1.98   3.05  77   507     0  1.5
 11   438 J7    63  1043 J8   577   294 J7    23  1180  9993  7.4  6.7  0.79  0.05  -2.09  -7.91  -4.84  -4.02  79   700     0  1.4
 12   162 J7    19   484 J8   243   127 J7     8   521  7766  7.7  6.9  0.71  0.05  -4.98 -11.21  -7.85  -7.21  80   819     0  1.3
 13  2537 J7   135  2569 J8   451  1406 J7    55  5567 16666  7.3  6.3  1.16  0.10   6.74  -0.51   3.21   4.10  72  5547     7  1.7
 1991
  1   279 J5   167   552 J7   899   211 J5    92   863  9083  7.7  6.8  0.79  0.06  -5.83 -11.57  -8.61  -7.71  81   838     0  1.7
  2   872 J5   428   840 J7  1223   669 J5   237  2269 12513  7.7  6.9  0.82  0.09  -2.77 -10.73  -6.66  -5.51  80   702     0  1.2
  3  1886 J5   807  2362 J7  2490  1085 J5   335  4708 16227  6.3  5.8  0.79  0.11   0.05  -7.90  -3.70  -2.42  79   690     0  1.4
  4  3119 J5   943  2539 J7  2671  1965 J5   574  7659 19898  7.9  6.8  0.91  0.13   8.12  -0.18   3.79   4.98  66   431     0  1.7
  5  4796 J5  1596  3659 J6  3098  2741 J5   573 10183 23256  7.7  6.3  1.14  0.14  13.05   4.83   9.23   9.92  56   291     0  2.3
  6  5671 J5  1507  4610 J6  3464  2992 J5   664 11403 25241  7.2  5.8  1.77  0.13  18.01   9.98  14.06  14.56  61   130     0  1.9
  7  4481 J5  1720  3253 J6  3228  2671 J5   574 10751 24090  8.3  7.0  2.06  0.11  17.60  11.12  14.28  14.71  74   123     0  1.2
  8  3651 J5  1256  3439 J7  3152  1997 J5   543  8544 20888  7.4  6.2  1.84  0.12  17.19   9.36  13.16  14.04  72   157     0  1.0
  9  1957 J5   941  1509 J7  1911  1341 J5   296  5699 17332  8.4  7.5  1.69  0.12  13.48   7.07  10.39  11.22  76   242     0  1.1
 10  1085 J5   488  1221 J7  1308   754 J5   226  3018 13672  6.9  6.3  1.11  0.13   3.71  -2.61   0.54   1.63  76   551     0  0.7
 11   363 J5   197   430 J7   664   294 J5   123  1198 10044  7.9  7.6  0.98  0.15  -1.78  -6.46  -3.92  -3.23  81   674     0  0.9
 12   126 J5    39    77 J7   168   120 J5    28   523  7774  9.2  8.7  0.88  0.18  -3.88  -8.78  -6.51  -6.33  82   764     0  1.2
 13  2357 J5  1935  2041 J7  1479  1403 J5  1042  5568 16668  7.7  6.8  1.23  0.12   6.41  -0.49   3.00   3.82  74  5592     0  1.4
 1992
  1   248 J5   112   164 J7   273   227 J5    95   856  9060  7.8  7.3  0.89  0.22  -3.70  -9.73  -6.38  -5.56  83   776     0  0.7
  2   829 J5   369   878 J7  1076   616 J5   194  2290 12546  6.6  5.9  0.74  0.26  -5.57 -13.18  -9.23  -7.62  80   803     0  0.7
  3  1741 J5   658   916 J7  1053  1401 J5   403  4779 16318  7.2  6.2  0.77  0.30   0.58  -7.70  -3.65  -2.41  71   679     0  1.1
  4  3979 J5   859  3475 J7  2045  2263 J5   602  7730 19981  5.1  3.6  0.82  0.32   7.38  -2.68   2.29   3.60  54   479     0  1.2
  5  5308 J5  1314  3914 J6  2657  3036 J5   680 10231 23327  6.0  4.6  1.11  0.31  12.98   4.02   8.68   9.44  48   305     0  1.9
  6  5088 J5  1590  2983 J6  2490  3286 J5   558 11409 25253  7.2  6.2  1.50  0.28  18.19  10.20  14.33  14.77  64   125     1  1.4
  7  4366 J5  1645  2573 J6  2778  2875 J5   497 10713 24030  8.6  7.1  2.08  0.24  19.36  12.87  16.08  16.50  78    69     0  1.1
  8  2773 J5   992  1136 J7  1454  2164 J5   423  8479 20800  9.0  8.5  1.93  0.20  16.80  11.05  13.78  14.42  78   136     0  0.9
  9  2238 J5   889  2333 J7  2544  1341 J5   354  5628 17247  6.2  5.8  1.10  0.16   8.68   1.21   4.98   6.19  67   402     0  1.5
 10  1164 J5   498  1595 J7  1710   735 J5   235  2960 13585  6.6  5.8  0.98  0.13   3.42  -3.45   0.01   1.13  77   569     0  0.9
 11   346 J5   191   424 J7   881   280 J5   112  1168  9962  8.2  7.5  0.98  0.12   0.04  -5.94  -2.72  -2.09  81   638     0  1.1
 12   127 J5    43   151 J7   277   116 J5    33   519  7760  8.2  7.4  0.76  0.11  -6.09 -12.29  -9.07  -8.62  77   853     0  0.9
 13  2351 J5  1922  1712 J7  1310  1528 J5  1163  5563 16656  7.2  6.3  1.14  0.22   6.01  -1.30   2.42   3.31  71  5835     1  1.1
 1993
  1   243 J5   107   217 J7   366   218 J5    86   878  9137  7.9  7.6  0.60  0.13  -5.71 -12.59  -8.82  -8.24  77   852     0  1.1
  2   735 J5   277   610 J7   865   604 J5   216  2305 12586  7.8  7.1  0.84  0.14  -2.11  -9.12  -5.55  -4.16  78   670     0  0.8
  3  1894 J5   857  1781 J7  2027  1239 J5   364  4758 16296  7.0  6.2  0.66  0.16   3.10  -5.74  -1.18   0.25  64   609     0  1.0
  4  3402 J5  1182  2961 J7  2660  1975 J5   469  7710 19965  7.1  6.0  0.88  0.18  10.55   1.18   5.86   7.17  57   374     0  0.8
  5  5210 J5  1783  4709 J6  3965  2568 J5   654 10219 23312  6.5  5.0  1.33  0.18  16.24   7.05  11.80  12.59  61   207     0  1.2
  6  5847 J5  1453  4675 J6  2804  3091 J5   512 11409 25252  7.1  5.2  1.56  0.17  19.29  10.88  15.23  15.73  57    97     0  1.8
  7  5169 J5  1736  4476 J6  3539  2645 J5   533 10724 24048  6.4  5.5  2.04  0.14  21.23  13.27  17.28  17.83  64    47    13  1.5
  8  3474 J5  1294  2691 J7  2654  2140 J5   452  8497 20822  8.0  7.1  2.21  0.11  18.65  11.91  15.29  16.01  72    96     2  1.4
  9  2105 J5   855  1703 J7  2021  1423 J5   383  5648 17267  8.1  7.3  1.65  0.08  13.20   6.73   9.86  10.69  75   251     0  2.3
 10  1079 J5   523  1157 J7  1587   774 J5   306  2977 13611  7.5  6.9  1.22  0.06   6.49   0.76   3.57   4.67  84   456     0  1.5
 11   387 J5   206   652 J7  1034   292 J5    85  1177  9985  8.1  7.7  0.83  0.05  -0.93  -6.25  -3.32  -2.75  77   658     0  1.7
 12   149 J5    48   254 J7   394   128 J5    32   520  7764  8.0  6.9  0.81  0.06  -2.01  -7.77  -4.62  -3.79  82   720     0  1.3
 13  2475 J5  2093  2157 J7  1720  1425 J5  1042  5569 16670  7.5  6.6  1.22  0.12   8.17   0.86   4.62   5.50  71  5037    15  1.4
 1994
  1   251 J5   127   328 J7   528   216 J5   105   871  9110  8.3  7.7  0.83  0.08  -3.48  -8.90  -5.88  -5.10  81   760     0  1.2
  2  1050 J5   563  2361 J7  2300   499 J5   182  2288 12551  4.4  4.1  0.58  0.10  -5.03 -12.76  -8.88  -7.30  64   762     0  2.1
  3  1786 J5   814  1552 J7  2196  1242 J5   420  4734 16261  8.2  7.2  0.66  0.12   0.35  -7.33  -3.36  -2.37  69   676     0  1.8
  4  3026 J5  1052  2092 J7  2401  2035 J5   533  7686 19935  7.9  7.0  0.87  0.14   8.37   0.17   4.13   5.19  65   422     0  1.6
  5  4694 J5  1579  3339 J6  2844  2831 J5   491 10202 23285  8.4  6.0  1.11  0.15  13.12   5.25   9.38  10.01  59   284     0  1.9
  6  5466 J5  1837  4319 J6  3617  2926 J5   647 11406 25247  7.6  6.1  1.62  0.14  19.01  11.15  15.06  15.53  59    99     2  2.1
  7  4509 J5  1483  3252 J6  3093  2705 J5   564 10737 24067  8.4  7.1  2.15  0.12  19.92  12.91  16.41  16.89  66    60     1  1.8
  8  3500 J5  1150  2643 J7  2526  2174 J5   461  8519 20854  8.0  7.2  2.21  0.09  20.05  12.54  16.13  16.93  69    68     5  1.9
  9  2236 J5   943  2278 J7  2418  1334 J5   355  5672 17298  7.3  6.7  1.35  0.06  14.11   6.61  10.16  11.39  72   239     0  1.3
 10  1036 J5   372  1129 J7  1646   769 J5   297  2996 13636  8.4  7.8  0.94  0.04   3.87  -1.51   1.29   2.23  77   532     0  1.4
 11   386 J5   181   814 J7  1061   284 J5   135  1187 10012  7.3  6.6  0.61  0.04  -5.36 -12.02  -8.47  -7.83  79   811     0  1.5
 12   135 J6    52   254 J7   439   116 J6    35   521  7769  8.6  8.0  0.66  0.05  -5.60 -11.43  -8.31  -7.63  85   832     0  1.0
 13  2340 J5  1872  2030 J7  1264  1427 J5  1070  5568 16669  7.8  6.8  1.13  0.09   6.61  -0.44   3.14   4.00  70  5545     7  1.6
 1995
  1   254 J5   116   461 J7   637   205 J5    73   864  9086  8.3  7.8  0.68  0.06  -5.72 -11.80  -8.48  -7.72  84   840     0  0.6
  2   865 J5   482  1333 J7  1816   563 J5   234  2271 12517  7.3  6.9  0.69  0.09  -2.33  -9.30  -5.77  -4.51  76   676     0  1.6
  3  2428 J5   856  3794 J7  2651  1103 J5   452  4711 16231  4.8  4.4  0.51  0.11  -1.56 -12.51  -6.98  -5.26  62   786     0  1.7
  4  3409 J5  1363  3112 J7  2857  1887 J5   478  7662 19900  7.7  6.2  0.93  0.13   9.79   1.61   5.62   6.74  63   379     0  1.4
  5  4611 J5  1343  3331 J6  2761  2781 J5   579 10185 23261  8.6  6.6  1.23  0.14  14.35   6.43  10.40  11.04  63   246     0  1.9
  6  5097 J5  1734  3557 J6  3047  2986 J5   535 11403 25241  8.1  6.7  1.73  0.13  18.24  10.77  14.51  14.95  63   118     3  2.0
  7  4245 J5  1647  2833 J6  3100  2663 J5   546 10749 24085  8.7  7.7  2.14  0.11  19.15  12.90  15.84  16.26  73    74     2  1.6
  8  3677 J5  1291  3184 J7  3055  2100 J5   565  8541 20883  7.8  6.8  1.99  0.08  18.09  11.00  14.57  15.35  71   117     0  1.6
  9  1950 J5   825  1298 J7  1671  1442 J5   317  5696 17329  9.1  8.3  1.81  0.06  14.60   9.18  11.82  12.56  82   193     0  1.2
 10  1081 J5   512   761 J7  1127   873 J5   300  3015 13669  9.1  8.4  1.04  0.04   5.94   1.01   3.50   4.33  78   461     0  1.3
 11   540 J5   228  2008 J7  1378   276 J5   143  1197 10041  4.8  4.1  0.58  0.04  -3.16  -9.69  -6.44  -4.98  71   743     0  1.5
 12   177 J5    71   653 J7   941   127 J5    36   523  7775  7.4  6.6  0.71  0.04  -6.19 -10.97  -8.37  -7.73  79   834     0  1.3
 13  2361 J5  1797  2194 J7  1242  1417 J5  1050  5568 16668  7.6  6.7  1.17  0.09   6.77  -0.12   3.35   4.25  72  5467     5  1.5
 1996
  1   293 J5   125  1030 J7   980   186 J5    74   857  9062  5.5  5.2  0.51  0.06 -12.19 -19.08 -15.73 -14.20  89  1053     0  0.7
  2   742 J5   381   750 J7  1251   574 J5   226  2292 12557  8.5  7.9  0.63  0.09  -6.33 -12.83  -9.47  -8.45  88   809     0  1.5
  3  2182 J5   859  2759 J7  2502  1210 J5   364  4782 16322  5.5  5.1  0.65  0.11   2.18  -6.81  -2.19  -0.80  66   640     0  1.8
  4  3531 J5  1128  3012 J7  2408  2065 J5   483  7733 19984  7.1  5.9  0.79  0.13   8.70  -0.54   4.12   5.40  57   427     0  1.9
  5  4754 J5  1480  4037 J6  3443  2587 J5   655 10233 23329  6.7  5.7  1.14  0.14  15.48   5.75  10.80  11.61  52   239     0  2.0
  6  5667 J5  1570  4492 J6  3440  3028 J5   709 11409 25252  7.5  5.9  1.50  0.13  19.63  10.95  15.32  15.85  54    91     0  2.2
  7  4541 J7  1380  3045 J7  2867  2842 J7   567 10711 24026  8.4  7.1  1.97  0.11  19.33  12.80  16.06  16.50  65    72     2  1.8
  8  3408 J6  1125  2492 J7  2534  2178 J6   427  8476 20795  8.3  7.3  1.81  0.08  18.00  10.74  14.27  15.08  70   123     0  1.6
  9  2380 J5  1232  2882 J7  3089  1208 J5   315  5624 17242  7.4  6.6  1.22  0.06  12.20   4.89   8.46   9.65  70   293     0  1.7
 10  1341 J5   579  2438 J7  2070   709 J5   302  2958 13582  6.3  5.6  0.88  0.04   0.52  -7.57  -3.58  -1.87  72   677     0  1.4
 11   418 J5   193   858 J7  1019   304 J5   110  1167  9958  7.9  7.0  0.83  0.04  -4.23  -9.54  -6.91  -6.13  85   756     0  0.9
 12   165 J5    55   573 J7   683   123 J5    42   519  7760  6.6  5.8  0.60  0.04  -7.94 -14.45 -11.19 -10.27  79   915     0  0.9
 13  2452 J6  1915  2364 J7  1297  1418 J6  1075  5563 16656  7.1  6.3  1.04  0.09   5.45  -2.14   1.66   2.70  71  6098     2  1.5
 1997
  1   271 J5   105   479 J7   562   223 J5    77   879  9137  7.9  7.2  0.60  0.06  -5.78 -12.74  -9.09  -8.38  76   855     0  1.3
  2   762 J5   276   400 J7   587   675 J5   214  2307 12591  9.3  8.6  0.77  0.09   1.83  -3.86  -0.80  -0.06  79   542     0  1.1
  3  2325 J5   854  3217 J7  2433  1184 J5   370  4761 16298  5.5  4.4  0.52  0.11   0.68  -8.68  -3.83  -2.48  57   692     0  2.1
  4  3849 J5  1284  4120 J7  3411  1887 J5   576  7713 19970  6.5  5.3  0.75  0.13   9.24  -0.33   4.50   5.80  55   416     0  1.6
  5  5162 J5  1555  4556 J6  3089  2622 J5   433 10221 23316  7.2  5.2  1.14  0.14  15.05   5.80  10.79  11.53  53   245     0  2.1
  6  5902 J5  1528  5084 J6  3463  2948 J5   734 11409 25253  7.2  5.7  1.58  0.13  19.80  10.93  15.39  15.94  60    99    10  2.0
  7  4468 J5  1606  3128 J6  2923  2689 J5   515 10722 24044  8.4  7.3  2.26  0.11  20.61  13.92  17.14  17.63  71    39     6  1.7
  8  3830 J5  1248  3397 J7  2708  2118 J5   505  8494 20819  8.0  6.5  2.20  0.08  19.10  11.87  15.54  16.38  77    92     3  1.6
  9  2208 J5   787  1975 J7  1996  1426 J5   347  5645 17264  8.1  7.2  1.65  0.06  15.20   7.30  11.02  12.20  79   212     0  1.4
 10  1404 J7   619  2597 J7  1989   717 J7   252  2975 13604  6.0  5.0  0.75  0.04   2.45  -5.00  -1.05   0.01  71   608     0  2.0
 11   377 J8   159   406 J8   489   323 J8   135  1176  9982  9.0  8.5  0.78  0.04   0.04  -4.84  -2.29  -1.72  83   622     0  1.5
 12   142 J8    55   254 J8   326   122 J8    32   520  7763  8.5  7.6  0.56  0.04  -4.84 -13.13  -8.35  -7.45  81   847     0  1.6
 13  2559 J6  2033  2468 J7  1744  1411 J6  1023  5569 16670  7.6  6.5  1.13  0.09   7.78   0.10   4.08   4.95  70  5268    19  1.7
 1998
  1   308 J8   128   781 J8   686   224 J8    96   872  9114  6.6  5.9  0.68  0.06  -6.83 -14.13 -10.14  -8.87  82   893     0  1.1
  2   995 J8   439  1812 J8  1630   583 J8   179  2290 12555  7.0  5.9  0.81  0.09  -0.50  -8.86  -4.36  -2.99  81   644     0  1.1
  3  2182 J8   690  2929 J8  2238  1199 J8   391  4737 16267  6.8  5.6  0.80  0.11   2.88  -6.42  -1.93  -0.27  72   623     0  1.5
  4  3495 J8  1213  3158 J8  2740  1997 J8   482  7689 19938  7.6  6.3  0.88  0.13   8.04   0.39   4.31   5.29  76   423     0  2.2
  5  4429 J8  1182  2871 J8  2191  2913 J8   440 10204 23289  8.6  6.9  1.12  0.14  11.85   4.85   8.32   8.83  70   309     0  2.7
  6  5714 J8  1432  4643 J8  3041  3069 J8   629 11406 25245  8.0  5.8  1.75  0.13  16.65   9.53  13.25  13.64  74   157     0  2.3
  7  4759 J8  1301  3401 J8  2703  2910 J8   514 10735 24066  8.3  6.8  1.95  0.11  18.68  11.13  14.87  15.42  76   106     0  2.0
  8  3741 J8  1323  3495 J8  2956  2005 J8   468  8516 20851  8.1  6.7  1.83  0.08  16.06   9.45  12.69  13.41  77   174     1  2.3
  9  2372 J8   856  2345 J8  2175  1489 J8   340  5669 17294  8.3  6.9  1.46  0.06  13.37   6.49   9.84  10.97  76   252     0  2.0
 10  1433 J8   640  2640 J8  2345   729 J8   231  2994 13633  6.2  5.6  0.87  0.04   6.04  -1.29   2.32   3.83  79   495     0  1.6
 11   439 J8   209   906 J8  1077   308 J8   116  1186 10009  8.2  7.5  0.84  0.04  -2.33  -7.45  -4.54  -3.72  87   697     0  1.2
 12   153 J8    53   412 J8   495   123 J8    35   521  7770  8.2  7.5  0.56  0.04  -7.48 -13.03  -9.87  -9.28  85   886     0  1.4
 13  2502 J8  1901  2449 J8  1261  1462 J8  1104  5568 16669  7.6  6.4  1.13  0.09   6.37  -0.78   2.90   3.85  78  5660     1  1.8
 1999
  1   293 J8   169   730 J8   878   201 J8    70   865  9091  7.2  6.5  0.52  0.06  -7.66 -14.84 -10.91 -10.28  77   917     0  2.0
  2   987 J8   282  1871 J8  1581   610 J8   243  2274 12521  6.2  5.3  0.39  0.09  -9.53 -18.40 -13.84 -12.10  77   904     0  1.1
  3  2073 J8   819  2479 J8  2099  1195 J8   330  4714 16235  6.9  5.9  0.55  0.11   0.64  -8.59  -3.71  -2.44  76   692     0  1.9
  4  3582 J8  1247  3389 J8  2564  1965 J8   455  7665 19902  7.4  6.0  0.72  0.13   6.30  -1.50   2.59   3.44  67   478     0  2.4
  5  5313 J8  1436  4892 J8  3075  2668 J8   509 10187 23264  7.0  5.1  0.88  0.14  13.01   4.55   8.85   9.58  60   296     0  2.6
  6  5727 J8  1716  5142 J8  3584  2833 J8   641 11403 25243  7.4  5.4  1.59  0.13  18.23  10.06  14.17  14.66  68   126     1  2.3
  7  4926 J8  1938  4346 J8  4038  2566 J8   624 10747 24082  7.6  6.1  2.11  0.11  19.19  12.55  15.75  16.23  74    85     9  2.2
  8  3345 J8  1067  2589 J8  2487  2134 J8   434  8538 20880  8.4  7.3  2.16  0.08  17.39  11.38  14.27  14.92  85   124     1  1.7
  9  2175 J8   836  2033 J8  1956  1392 J8   291  5692 17325  8.5  7.5  1.42  0.06  13.23   6.53   9.84  10.82  79   253     0  2.0
 10  1200 J8   471  1457 J8  1608   840 J8   274  3013 13666  8.4  7.1  0.91  0.04   4.15  -1.16   1.70   2.44  82   522     0  2.0
 11   471 J8   203  1145 J8  1140   319 J8   124  1196 10035  7.3  6.3  0.69  0.04  -3.83 -10.87  -7.03  -6.11  84   770     0  1.4
 12   179 J8    55   615 J8   576   134 J8    33   523  7774  7.7  6.7  0.64  0.04  -6.65 -13.58  -9.87  -9.43  80   882     0  1.9
 13  2523 J8  2017  2557 J8  1569  1405 J8  1003  5568 16668  7.5  6.3  1.05  0.09   5.37  -1.99   1.82   2.64  76  6049    11  2.0
 2000
  1   249 J8    98   494 J8   711   202 J8    75   858  9065  8.1  7.1  0.54  0.06  -7.06 -13.68  -9.88  -8.89  82   890     0  1.5
  2   948 J8   399  1140 J8  1198   684 J8   216  2294 12558  8.4  7.2  0.65  0.09   0.17  -6.55  -2.96  -1.85  82   624     0  1.0
  3  1873 J8   721  1595 J8  1522  1327 J8   358  4785 16324  8.1  7.2  0.64  0.11   2.94  -4.39  -0.76   0.30  72   591     0  1.7
  4  3868 J8  1102  4182 J8  2620  1933 J8   458  7736 19987  7.1  5.4  0.73  0.13   8.50  -0.47   4.11   5.23  64   429     0  1.9
  5  5122 J8  1584  4961 J8  3469  2476 J8   559 10235 23333  6.5  5.3  0.88  0.14  13.36   4.10   9.14   9.95  55   298     0  2.6
  6  5875 J8  1088  4733 J8  2551  3197 J8   549 11410 25254  7.7  5.4  1.36  0.13  18.47   9.73  14.08  14.60  63   127     0  2.5
  7  4331 J8  1231  2553 J8  2255  2922 J8   418 10709 24023  8.9  7.6  1.73  0.11  18.10  11.77  14.75  15.20  75   106     1  2.2
  8  3807 J8  1248  3509 J8  2900  2125 J8   411  8472 20792  7.6  6.1  1.69  0.08  17.69   9.34  13.67  14.60  70   149     0  2.0
  9  2458 J8   898  2913 J8  2480  1369 J8   396  5621 17236  7.4  6.2  1.19  0.06  12.60   4.93   8.91  10.11  71   287     0  2.1
 10  1324 J8   498  1761 J8  1584   870 J8   266  2955 13579  8.0  6.6  0.91  0.04   5.13  -0.71   2.15   3.14  69   500     0  1.6
 11   416 J8   188   831 J8  1012   302 J8   100  1166  9951  8.1  7.4  0.81  0.04   1.70  -4.03  -1.23  -0.54  77   585     0  1.6
 12   159 J8    48   319 J8   427   137 J8    35   519  7758  8.1  7.3  0.73  0.04  -0.84  -6.90  -3.94  -3.63  79   688     0  1.4
 13  2536 J8  2006  2416 J8  1645  1462 J8  1066  5563 16655  7.8  6.6  0.99  0.09   7.56   0.26   4.00   4.85  72  5273     1  1.9
 2001
  1   257 J8   120   304 J8   418   221 J8    86   880  9139  8.8  8.3  0.65  0.06   0.71  -4.90  -1.97  -1.42  79   633     0  1.8
  2   851 J8   362   965 J8  1244   637 J8   205  2309 12592  8.2  7.4  0.62  0.09  -0.76  -7.89  -3.95  -2.87  77   634     0  1.5
  3  2152 J8   833  2604 J8  2224  1224 J8   289  4764 16303  7.2  5.9  0.59  0.11   2.85  -4.28  -0.77   0.33  61   590     0  2.5
  4  3333 J8  1104  2834 J8  2209  1995 J8   411  7716 19972  7.8  6.5  0.70  0.13   9.37   0.30   4.82   5.99  57   405     0  2.4
  5  4572 J8  1250  3388 J8  2961  2834 J8   503 10223 23319  8.0  6.8  0.88  0.14  13.45   4.61   9.14   9.90  55   288     0  2.9
  6  6264 J8  1068  5817 J8  2697  2975 J8   559 11409 25253  6.7  4.7  1.54  0.13  19.73  11.33  15.64  16.15  60    87     4  2.8
  7  4143 J8  1289  2300 J8  2287  2899 J8   405 10720 24040  9.3  8.0  1.91  0.11  17.71  12.35  14.89  15.29  78   102     0  2.5
  8  3321 J8  1183  2198 J8  2160  2239 J8   475  8491 20815  8.4  7.7  1.93  0.08  18.71  11.77  15.21  16.01  76    96     0  2.3
  9  2450 J8   848  2728 J8  2304  1424 J8   382  5642 17261  7.3  6.2  1.36  0.06  14.10   6.13  10.07  11.44  78   246     0  2.2
 10  1178 J8   362  1566 J8  1607   805 J8   270  2972 13597  8.1  7.4  0.82  0.04   2.00  -3.32  -0.48   0.30  79   589     0  2.5
 11   440 J8   212   984 J8  1018   306 J8   126  1175  9977  7.4  6.6  0.72  0.04  -4.30 -10.57  -7.12  -6.09  82   773     0  1.7
 12   175 J8    65   631 J8   706   130 J8    35   520  7762  7.6  6.6  0.52  0.04  -8.68 -15.81 -11.83 -11.21  80   948     0  2.1
 13  2428 J8  1948  2193 J8  1502  1474 J8  1085  5568 16669  7.9  6.8  1.02  0.09   7.07  -0.02   3.64   4.48  72  5392     4  2.3
 2002
  1   269 J8   151   413 J8   777   221 J8   105   873  9116  8.5  7.8  0.85  0.06  -1.90  -7.48  -4.52  -3.68  80   714     0  2.4
  2   956 J8   393  1210 J8  1306   686 J8   249  2292 12559  7.9  6.9  0.64  0.09  -2.43 -10.21  -5.95  -4.69  75   690     0  1.8
  3  2465 J8   937  4033 J8  2733  1066 J8   392  4740 16271  4.1  3.6  0.50  0.11  -0.42 -11.46  -5.49  -3.65  62   752     0  1.5
  4  3623 J8  1230  4031 J8  3085  1784 J8   466  7692 19941  5.2  4.4  0.77  0.13   4.94  -4.46   0.63   1.88  58   543     0  2.2
  5  5224 J8  1443  4991 J8  3315  2554 J8   550 10206 23292  6.2  4.8  1.24  0.14  14.68   5.45  10.33  11.14  57   256     0  2.4
  6  5593 J8  1572  4560 J8  3176  3057 J8   582 11406 25247  7.5  5.7  1.76  0.13  16.88   9.20  13.09  13.56  68   159     0  2.1
  7  4994 J8  1398  4052 J8  2877  2807 J8   490 10733 24062  8.0  6.2  2.22  0.11  20.00  12.13  16.08  16.66  68    73     3  2.3
  8  3740 J8  1405  3618 J8  3112  2008 J8   437  8513 20846  7.5  6.4  2.09  0.08  18.16  11.09  14.59  15.38  78   117     2  1.8
  9  2321 J8   885  2361 J8  2497  1416 J8   298  5666 17291  8.3  7.2  1.72  0.06  13.47   7.20  10.30  11.23  85   240     0  1.7
 10  1185 J8   533  1528 J8  1828   796 J8   204  2991 13629  8.2  7.2  1.43  0.04   7.91   2.33   5.02   5.88  79   409     0  2.1
 11   401 J8   215   678 J8   998   304 J8   137  1185 10006  8.3  7.7  1.20  0.04   3.70  -1.17   1.32   2.13  85   512     0  1.1
 12   174 J8    61   418 J8   425   144 J8    45   521  7769  8.4  7.3  0.85  0.04  -2.65  -7.26  -4.75  -4.29  86   722     0  0.5
 13  2579 J8  2020  2658 J8  1736  1404 J8  1033  5568 16669  7.3  6.3  1.27  0.09   7.70   0.45   4.22   5.13  74  5186     4  1.8
 2003
  1   301 J8   135   558 J8   624   236 J8    85   866  9095  7.6  6.9  0.87  0.06  -3.58  -9.61  -6.27  -5.34  79   773     0  1.2
  2   793 J8   301   663 J8   760   652 J8   163  2276 12529  8.9  8.0  1.05  0.09   1.38  -2.55  -0.65  -0.07  87   530     0  1.6
  3  2488 J8   843  4141 J8  2486  1061 J8   351  4717 16239  4.6  3.7  0.54  0.11   1.26  -6.93  -3.03  -1.88  59   656     0  2.9
  4  4031 J8  1303  4749 J8  2998  1756 J8   429  7669 19904  5.7  4.7  0.86  0.13   8.51  -0.47   4.27   5.47  55   429     0  1.9
  5  5058 J8  1534  4782 J8  3034  2466 J8   427 10189 23268  6.7  5.6  1.12  0.14  13.81   5.05   9.60  10.29  58   276     0  2.4
  6  5520 J8  1327  4672 J8  2742  2916 J8   458 11403 25241  7.6  6.1  1.81  0.13  17.90  10.28  13.96  14.41  67   127     0  2.3
  7  5042 J8  1792  4475 J8  3561  2585 J8   507 10745 24080  7.0  5.9  2.37  0.11  21.39  13.32  17.30  17.82  67    46    16  2.5
  8  3808 J8  1430  3728 J8  3283  2034 J8   458  8535 20873  7.4  6.4  2.12  0.08  18.20  10.90  14.50  15.28  75   122     5  1.6
  9  2904 J8  1092  4306 J8  3118  1217 J8   416  5689 17321  6.1  5.0  1.45  0.06  13.24   4.77   9.19  10.41  68   280     0  1.6
 10  1282 J8   471  1940 J8  1816   808 J8   302  3010 13662  7.4  6.5  1.33  0.04   7.33   1.45   4.18   5.36  81   432     0  0.8
 11   423 J8   177   929 J8  1043   309 J8   140  1195 10030  7.3  6.8  0.85  0.04  -3.50  -8.83  -5.96  -5.39  79   735     0  1.9
 12   161 J8    71   551 J8   787   120 J8    41   522  7773  7.9  7.2  0.69  0.04  -5.96 -13.06  -8.92  -8.23  83   863     0  0.7
 13  2651 J8  2025  2958 J8  1848  1347 J8   981  5568 16668  7.0  6.1  1.25  0.09   7.50   0.36   4.01   4.84  71  5268    20  1.8
 2004
  1   328 J8   125  1197 J8   936   204 J8    69   859  9065  5.6  5.2  0.47  0.06 -10.32 -18.51 -14.19 -12.72  75  1015     0  1.4
  2   962 J8   353  1406 J8  1242   650 J8   190  2296 12561  7.3  6.3  0.82  0.09   0.18  -7.72  -3.54  -2.15  76   641     0  1.1
  3  2181 J8   911  2643 J8  2534  1220 J8   339  4788 16329  6.8  6.1  0.63  0.11  -0.19  -8.06  -3.83  -2.79  69   696     0  1.8
  4  3513 J8  1000  3386 J8  2629  1924 J8   465  7739 19995  7.3  6.3  1.02  0.13   7.60  -0.20   3.72   4.67  65   439     0  2.1
  5  5032 J8  1650  4671 J8  3517  2540 J8   680 10237 23336  7.0  5.4  1.60  0.14  14.75   6.71  10.84  11.49  68   236     0  2.2
  6  6026 J8  1818  6197 J8  4071  2587 J8   733 11410 25254  5.9  4.7  2.03  0.13  19.32  10.33  14.94  15.54  68   107     2  2.3
  7  5154 J8  1320  4707 J8  3140  2598 J8   560 10707 24022  7.2  6.0  2.38  0.11  21.39  13.44  17.51  18.10  69    43    15  2.2
  8  4839 J8  1236  6804 J8  3170  1605 J8   495  8469 20789  4.6  3.8  2.19  0.08  22.04  11.83  17.12  18.27  68    51     8  1.8
  9  2793 J8  1159  4228 J8  3413  1161 J8   454  5618 17235  6.3  5.3  1.34  0.06  11.18   3.18   7.22   8.33  71   334     0  1.8
 10  1187 J8   483  1514 J8  1626   791 J8   209  2953 13576  8.2  7.4  1.18  0.04   6.14   0.81   3.57   4.40  83   461     0  1.6
 11   369 J8   182   577 J8   823   285 J8    88  1165  9951  8.6  8.2  0.93  0.04   0.60  -4.93  -2.07  -1.55  79   615     0  2.1
 12   173 J8    57   635 J8   688   127 J8    40   519  7758  7.6  6.5  0.75  0.04  -2.25  -9.00  -5.49  -4.98  75   743     0  2.1
 13  2713 J8  2149  3164 J8  2160  1308 J8   938  5563 16656  6.9  5.9  1.28  0.09   7.54  -0.18   3.82   4.72  72  5381    25  1.9
 2005
  1   346 J8   154  1207 J8  1054   207 J8    76   881  9142  5.2  4.5  0.74  0.06  -5.04 -12.59  -8.52  -7.14  76   841     0  1.5
  2   968 J8   345  1749 J8  1429   600 J8   218  2311 12597  6.3  5.9  0.69  0.09  -3.05 -11.39  -6.87  -5.51  76   715     0  1.4
  3  2456 J8   771  3205 J8  2017  1300 J8   381  4767 16306  6.7  5.5  0.80  0.11   3.36  -3.30   0.05   0.97  66   567     0  2.0
  4  4252 J8  1315  5574 J8  3628  1639 J8   527  7720 19977  5.2  4.3  0.94  0.13   9.99   0.17   5.30   6.59  58   398     0  2.1
  5  5157 J8  1282  5013 J8  3270  2515 J8   661 10225 23322  6.8  5.6  1.41  0.14  15.38   6.47  11.14  11.88  64   230     0  2.1
  6  6292 J8  1362  6239 J8  3275  2738 J8   662 11409 25253  6.7  4.4  1.91  0.13  18.77  10.53  14.76  15.31  66   110     0  2.3
  7  4780 J8  1645  4033 J8  3252  2574 J8   485 10718 24033  7.4  6.5  2.26  0.11  20.69  13.38  17.00  17.56  69    44     4  2.3
  8  4141 J8  1444  4605 J8  3706  1905 J8   609  8488 20812  6.8  5.6  2.22  0.08  18.51  11.40  14.93  15.74  76   106     1  1.9
  9  2345 J8   800  2401 J8  2039  1417 J8   248  5639 17253  8.0  7.2  1.82  0.06  13.98   8.01  10.92  11.81  78   220     0  2.1
 10  1329 J8   368  2238 J8  1644   803 J8   293  2970 13593  7.2  5.9  1.04  0.04   5.73  -0.54   2.60   3.92  76   488     0  1.6
 11   491 J8   260  1428 J8  1420   281 J8    92  1174  9976  6.8  6.1  0.63  0.04  -6.05 -11.75  -8.60  -7.60  77   817     0  1.8
 12   169 J8    42   453 J8   410   135 J8    28   520  7762  8.0  7.1  1.02  0.04  -1.59  -6.84  -3.89  -3.26  85   699     0  1.2
 13  2727 J8  2124  3179 J8  1886  1343 J8   952  5568 16669  6.8  5.7  1.29  0.09   7.56   0.30   4.07   5.02  72  5235     5  1.8
 2006
  1   322 J8   156   915 J8   828   218 J8    86   874  9120  6.5  5.9  0.55  0.06  -9.42 -15.98 -12.56 -11.60  81   962     0  0.7
  2  1050 J8   439  1690 J8  1457   656 J8   185  2294 12560  7.0  6.2  0.63  0.09  -1.83  -9.85  -5.42  -4.09  73   677     0  2.1
  3  2479 J8   906  3920 J8  2581  1111 J8   396  4743 16275  5.5  4.8  0.60  0.11  -0.52  -9.68  -4.71  -3.48  62   726     0  1.8
  4  3555 J8  1040  3118 J8  2182  2042 J8   409  7696 19945  7.6  6.4  0.78  0.13   6.71  -1.14   2.66   3.73  60   466     0  2.5
  5  5406 J8  1460  5163 J8  3331  2573 J8   526 10208 23293  6.5  5.1  1.24  0.14  14.31   5.57  10.10  10.78  56   260     0  2.5
  6  5596 J8  1398  4866 J8  3309  2919 J8   616 11406 25247  7.6  5.8  1.76  0.13  16.99   9.50  13.34  13.82  61   153     0  2.5
  7  4750 J8  1507  3692 J8  3102  2725 J8   531 10731 24060  7.9  6.8  2.17  0.11  18.73  11.73  15.34  15.84  70    96     0  2.2
  8  3437 J8  1273  2685 J8  2736  2137 J8   457  8510 20842  8.7  7.3  2.12  0.08  15.95  10.48  13.15  13.62  79   159     0  1.9
  9  2534 J8   975  3009 J8  2443  1375 J8   402  5662 17288  7.7  6.1  1.73  0.06  13.51   6.89  10.16  11.14  80   244     0  1.4
 10  1257 J8   449  1569 J8  1469   863 J8   323  2989 13625  8.2  7.4  1.20  0.04   6.88   1.37   4.23   5.09  76   440     0  2.0
 11   587 J8   238  2773 J8  1420   218 J8    98  1184 10000  2.9  2.5  0.35  0.04  -7.91 -17.30 -12.80 -10.94  72   928     0  1.5
 12   174 J8    65   677 J8   712   123 J8    37   521  7769  7.4  6.3  0.72  0.04  -3.33 -10.59  -6.52  -5.93  82   784     0  1.3
 13  2596 J8  1964  2840 J8  1441  1413 J8  1033  5568 16669  7.0  5.9  1.15  0.09   5.84  -1.58   2.25   3.17  71  5895     0  1.9
 2007
  1   285 J8   141   572 J8   665   214 J8    68   867  9096  8.0  7.3  0.66  0.06  -5.31 -12.33  -8.51  -7.77  81   842     0  1.5
  2  1162 J8   549  2967 J8  2115   495 J8   142  2278 12535  4.2  3.5  0.60  0.09  -5.04 -14.25  -9.35  -7.39  71   783     0  1.3
  3  2785 J8   756  5296 J8  2074   957 J8   331  4720 16242  3.0  2.2  0.34  0.11  -5.14 -15.94 -10.03  -8.39  54   895     0  2.7
  4  3772 J8   905  3951 J8  2207  1921 J8   443  7672 19909  7.2  5.8  0.92  0.13   8.81  -0.17   4.38   5.60  60   420     0  1.4
  5  5141 J8  1180  4483 J8  2715  2655 J8   544 10191 23272  7.8  6.1  1.28  0.14  12.90   5.63   9.23   9.84  59   281     0  1.9
  6  6162 J8  1367  6191 J8  3277  2672 J8   614 11403 25242  6.6  4.9  1.72  0.13  17.46   9.59  13.61  14.11  63   147     3  2.1
  7  4791 J8  1132  3485 J8  2438  2877 J8   450 10743 24077  8.0  6.9  2.28  0.11  18.44  12.26  15.23  15.63  76    93     1  1.6
  8  3877 J8  1241  4063 J8  3148  1961 J8   493  8532 20867  6.9  5.8  2.24  0.08  19.10  11.08  15.10  15.96  76   101     0  1.3
  9  2365 J8   831  2455 J8  2078  1421 J8   404  5686 17318  8.4  7.3  1.69  0.06  13.66   7.57  10.61  11.57  80   232     0  1.3
 10  1414 J8   533  2506 J8  1955   769 J8   286  3008 13659  7.5  6.5  0.96  0.04   4.92  -0.77   2.12   3.14  75   504     0  1.4
 11   454 J8   203  1047 J8   993   313 J8   124  1194 10028  8.0  7.1  0.95  0.04   1.46  -3.32  -0.66  -0.17  80   578     0  1.2
 12   160 J8    70   447 J8   702   125 J8    38   522  7776  7.5  7.1  0.68  0.04  -4.40 -10.07  -7.11  -6.27  75   792     0  1.4
 13  2697 J8  2052  3122 J8  1822  1365 J8  1026  5568 16668  6.9  5.9  1.19  0.09   6.41  -0.89   2.88   3.82  71  5667     3  1.6
 2008
  1   290 J8   154   877 J8   949   194 J8    72   860  9070  7.4  6.8  0.60  0.06  -7.33 -13.81 -10.14  -9.47  78   896     0  1.3
  2  1008 J8   318  1940 J8  1598   607 J8   231  2298 12564  5.9  5.4  0.59  0.09  -4.40 -13.95  -9.23  -7.46  70   798     0  1.3
  3  2501 J8   902  3715 J8  2354  1124 J8   296  4791 16334  6.5  5.6  0.75  0.11   3.05  -3.69  -0.50   0.45  64   578     0  1.6
  4  3912 J8  1565  4737 J8  3607  1644 J8   490  7742 20000  6.0  5.2  0.85  0.13   5.30  -2.57   1.36   2.25  65   509     0  1.7
  5  5450 J8  1191  5359 J8  2614  2519 J8   483 10240 23338  6.5  5.3  1.11  0.14  13.07   4.67   9.12   9.81  56   293     0  2.2
  6  5359 J8  1499  4391 J8  2889  2853 J8   446 11410 25253  7.8  6.4  1.68  0.13  15.37   8.92  11.97  12.34  68   186     0  2.1
  7  4363 J8  1442  2753 J8  2785  2813 J8   544 10705 24018  8.5  7.6  2.19  0.11  17.04  11.02  13.93  14.34  75   133     0  1.6
  8  3807 J8   904  3623 J8  2340  2077 J8   443  8466 20785  7.8  6.9  1.96  0.08  17.19  10.79  13.74  14.52  75   135     0  1.2
  9  2401 J8   632  2549 J8  1741  1455 J8   416  5615 17229  8.3  7.5  1.64  0.06  12.60   6.65   9.39  10.47  78   261     0  1.0
 10  1337 J8   515  2799 J8  2331   674 J8   287  2951 13569  6.4  5.7  0.81  0.04   2.00  -3.90  -0.97   0.07  72   598     0  1.6
 11   451 J8   242  1040 J8  1109   297 J8   102  1164  9950  7.9  7.3  0.71  0.04  -2.79  -8.29  -5.30  -4.54  75   716     0  1.2
 12   166 J8    56   563 J8   623   123 J8    32   519  7757  7.8  7.0  0.68  0.04  -7.10 -13.13  -9.87  -9.13  77   882     0  1.2
 13  2587 J8  1956  2862 J8  1564  1365 J8  1018  5563 16656  7.2  6.4  1.13  0.09   5.33  -1.44   1.96   2.81  71  5984     0  1.5
 2009
  1   336 J8   129   827 J8   727   247 J8    95   882  9144  6.6  5.9  0.67  0.06  -7.40 -13.89 -10.64  -9.75  72   898     0  1.6
  2  1034 J8   462  1843 J8  1792   621 J8   198  2313 12598  7.4  6.3  0.59  0.09  -4.56 -11.53  -7.78  -6.79  73   739     0  1.3
  3  2247 J8   776  3035 J8  2253  1183 J8   334  4770 16312  6.5  5.8  0.63  0.11  -1.28  -9.42  -5.01  -3.99  64   734     0  1.9
  4  3916 J8  1355  4669 J8  3237  1693 J8   424  7723 19982  6.4  5.2  0.79  0.13   7.24  -1.39   2.96   4.09  62   462     0  1.6
  5  5790 J8  1400  6648 J8  3483  2228 J8   620 10227 23324  4.9  3.7  1.12  0.14  15.39   4.94  10.56  11.43  51   253     0  2.0
  6  5867 J8  1541  5282 J8  3430  2878 J8   694 11409 25253  7.2  5.5  1.68  0.13  17.47   9.35  13.37  13.89  63   148     0  2.2
  7  5896 J8  1634  6369 J8  3823  2325 J8   684 10716 24033  6.2  4.5  2.41  0.11  20.25  12.75  16.37  16.87  69    65     8  1.8
  8  3968 J8  1180  3925 J8  2959  2090 J8   499  8485 20809  7.1  6.3  2.03  0.08  17.93  10.21  13.96  14.86  73   132     0  1.4
  9  2568 J8   919  3441 J8  2267  1279 J8   288  5636 17253  7.8  6.3  1.65  0.06  13.37   6.25   9.83  10.92  74   256     0  1.2
 10  1298 J8   556  2367 J8  2426   724 J8   288  2968 13590  7.1  6.4  1.41  0.04   7.85   2.24   5.07   6.11  76   412     0  1.3
 11   510 J8   238  1628 J8  1433   281 J8   119  1173  9970  6.9  5.7  0.65  0.04  -3.61 -10.05  -6.60  -5.76  71   755     0  1.3
 12   179 J8    46   561 J8   453   138 J8    35   520  7762  7.2  6.4  0.81  0.04  -4.37  -9.93  -6.97  -6.65  86   790     0  1.0
 13  2801 J8  2225  3383 J8  2050  1307 J8   928  5568 16669  6.8  5.7  1.20  0.09   6.52  -0.87   2.93   3.77  70  5643     8  1.5
 2010
  1   312 J8   129   866 J8   870   215 J8    88   875  9120  6.5  5.9  0.78  0.06  -5.47 -12.22  -8.47  -7.44  81   843     0  1.1
  2   955 J8   402  1127 J8   924   695 J8   218  2296 12565  8.5  7.5  0.83  0.09  -0.85  -6.51  -3.47  -2.48  77   616     0  1.1
  3  2366 J8   739  3081 J8  2148  1263 J8   334  4746 16279  7.0  5.8  0.68  0.11   1.57  -6.78  -2.70  -1.36  67   649     0  1.7
  4  3562 J8  1073  3572 J8  2617  1881 J8   405  7699 19946  7.1  6.0  0.85  0.13   7.04  -0.32   3.44   4.36  62   449     0  1.7
  5  5522 J8  1461  5610 J8  3421  2504 J8   619 10210 23297  6.2  4.7  1.18  0.14  15.21   5.47  10.51  11.34  53   248     0  2.1
  6  5214 J8  1308  3590 J8  2391  3199 J8   447 11407 25247  8.5  6.6  1.75  0.13  16.43   9.64  12.96  13.35  66   159     0  2.2
  7  4283 J8  1649  2714 J8  2911  2762 J8   436 10729 24057  8.9  7.5  2.28  0.11  17.43  11.30  14.10  14.49  73   123     0  1.9
  8  3275 J8   940  2328 J8  2117  2194 J8   426  8507 20835  8.2  7.4  2.23  0.08  17.35  10.95  14.00  14.69  78   130     0  1.4
  9  2646 J8   869  3832 J8  2698  1232 J8   352  5659 17280  6.0  5.3  1.59  0.06  13.74   6.67  10.25  11.37  72   244     0  1.4
 10  1365 J8   467  2325 J8  1712   791 J8   302  2987 13622  6.9  6.0  1.02  0.04   7.35   0.50   3.79   5.08  69   447     0  1.0
 11   487 J8   213  1297 J8  1084   309 J8   135  1183 10000  7.7  6.3  0.87  0.04   0.35  -4.84  -2.09  -1.36  73   617     0  1.8
 12   203 J8    48  1188 J8   845   119 J8    37   521  7768  4.2  3.5  0.55  0.04  -7.69 -16.13 -11.59 -10.08  71   937     0  1.2
 13  2516 J8  1889  2628 J8  1406  1430 J8  1058  5568 16668  7.1  6.0  1.22  0.09   6.87  -0.19   3.40   4.33  70  5461     0  1.5
