702960 CORDOVA                AK  -9  N60 30  W145 30    12  1012
 1991-2010
 MO AVGLO FL SDGLO AVDIR FL SDDIR AVDIF FL SDDIF AVETR AETRN  TOT  OPQ   H2O   TAU  MAX_T  MIN_T  AVG_T  AVGDT  RH  HTDD  CLDD AVWS
  1   295 J7    32   657 J8   243   217 J7    15   968  9383  7.5  6.7  0.81  0.06   0.27  -7.01  -3.27  -2.29  83   673     0  1.9
  2   821 J7   130  1280 J8   626   526 J7    37  2411 12689  7.4  6.6  0.83  0.08   2.18  -5.42  -1.53  -0.26  80   564     0  2.2
  3  1961 J7   307  2488 J7  1029  1082 J7    85  4865 16292  6.9  6.0  0.72  0.11   3.41  -4.77  -0.40   1.02  73   589     0  2.5
  4  3252 J7   384  3107 J7  1012  1786 J7   121  7785 19840  7.3  6.1  0.92  0.12   7.74  -0.88   3.74   5.07  74   447     0  2.5
  5  4400 J7   468  3675 J7   933  2405 J7   100 10248 23046  7.5  6.3  1.21  0.13  11.95   2.84   7.90   8.90  76   339     0  2.2
  6  4306 J7   485  2983 J7   838  2621 J7   126 11412 24869  8.2  7.2  1.67  0.12  14.81   6.64  11.13  11.80  81   228     0  1.8
  7  3530 J7   517  1988 J7   992  2441 J7   118 10750 23749  8.7  8.2  2.15  0.10  15.89   8.88  12.56  13.20  86   184     0  1.5
  8  3148 J7   463  2507 J7  1027  1905 J7    93  8572 20682  8.1  7.5  2.09  0.08  16.18   8.08  12.26  13.38  85   192     0  1.6
  9  2131 J7   299  2119 J7   828  1307 J7    69  5763 17250  7.8  7.1  1.64  0.06  13.07   4.82   9.02  10.48  83   282     0  2.1
 10  1196 J7   116  1600 J8   529   782 J7    65  3104 13708  7.7  6.8  1.19  0.04   8.13   0.73   4.38   5.80  82   431     0  2.1
 11   457 J7    63   937 J8   438   322 J7    26  1287 10226  7.5  6.7  0.93  0.04   3.23  -3.55  -0.17   0.86  83   555     0  2.0
 12   180 J7    17   453 J8   200   143 J7     7   608  8120  7.7  7.1  0.86  0.05   1.20  -5.42  -2.01  -1.45  83   634     0  2.2
 13  2140 J7   128  1983 J7   312  1295 J7    37  5648 16654  7.7  6.9  1.25  0.08   8.17   0.41   4.47   5.54  81  5117     0  2.0
 1991
  1   315 J5   176   840 J7  1168   213 J5    82   962  9365  6.4  5.9  0.98  0.05  -2.59 -10.15  -6.40  -4.99  87   766     0  2.6
  2   666 J5   475   725 J7  1538   484 J5   162  2388 12648  8.5  8.0  1.06  0.07   2.57  -4.09  -0.48   0.43  84   534     0  3.6
  3  1898 J5   912  2729 J7  2815   970 J5   377  4823 16238  5.8  5.4  0.94  0.09   2.37  -6.83  -1.91  -0.23  83   637     0  2.8
  4  2396 J5  1080  1264 J7  1787  1803 J5   390  7742 19788  9.3  8.5  1.14  0.11   6.20   0.40   3.47   4.29  79   451     0  4.0
  5  3837 J5  1640  2500 J6  3067  2387 J5   590 10218 23005  9.0  8.0  1.33  0.12   9.43   3.50   6.45   7.01  82   368     0  3.9
  6  4567 J5  2244  3578 J6  3806  2463 J5   445 11408 24860  8.0  6.9  1.69  0.11  14.00   6.61  10.53  11.09  83   241     0  2.9
  7  2956 J5  1445  1187 J6  2804  2317 J5   364 10773 23788  8.8  8.7  2.06  0.10  14.33   7.65  11.19  11.77  88   228     0  2.7
  8  2782 J5  1356  1921 J7  3145  1852 J5   431  8612 20735  8.3  8.0  2.06  0.11  15.29   7.35  11.27  12.35  85   217     0  2.9
  9  1576 J5   747   914 J7  2083  1231 J5   280  5806 17301  8.8  8.4  1.89  0.11  11.93   5.52   8.92   9.90  90   288     0  4.0
 10  1206 J5   512  1796 J7  1780   723 J5   244  3138 13767  6.3  5.6  1.35  0.13   8.06  -0.45   3.58   5.27  80   450     0  3.0
 11   373 J5   176   407 J7   674   310 J5   113  1305 10274  7.9  7.4  1.34  0.15   4.84  -1.50   1.56   2.13  87   500     0  3.0
 12   142 J5    47    86 J7   290   133 J5    27   611  8126  8.8  8.6  1.15  0.17   1.64  -4.58  -1.27  -0.81  88   614     0  3.5
 13  1893 J5  1447  1496 J7  1037  1240 J5   890  5649 16658  8.0  7.5  1.42  0.11   7.34   0.29   3.91   4.85  85  5294     0  3.2
 1992
  1   255 J5   114   121 J7   217   237 J5    94   955  9344  8.6  8.1  1.18  0.21   2.53  -2.86   0.10   0.65  88   573     0  3.7
  2   738 J5   321   676 J7   956   580 J5   211  2408 12680  6.6  6.0  0.96  0.25   0.37  -7.38  -3.33  -1.98  85   633     0  2.8
  3  1436 J5   751   629 J7  1082  1199 J5   484  4893 16324  8.7  7.9  0.97  0.28   2.60  -3.45  -0.32   0.52  85   581     0  4.1
  4  3463 J5  1306  3193 J7  2701  1921 J5   523  7812 19869  5.8  4.7  1.02  0.30   7.64  -2.13   3.16   4.65  70   467     0  3.3
  5  4765 J5  1777  3889 J6  3187  2537 J5   524 10266 23072  5.9  5.1  1.20  0.29  11.74   1.72   7.20   8.33  71   360     0  3.1
  6  4702 J5  2070  3139 J6  3027  2786 J5   538 11414 24874  6.5  6.1  1.53  0.26  15.63   5.96  11.26  12.07  78   226     0  2.9
  7  2965 J5  1621  1022 J6  2358  2349 J5   494 10735 23728  9.2  8.8  2.13  0.23  14.83   9.11  11.91  12.43  90   197     0  2.2
  8  2227 J5   910   688 J7  1531  1875 J5   377  8548 20650  9.2  9.1  2.03  0.19  14.10   7.39  10.94  11.87  87   235     0  2.9
  9  2250 J5  1094  2508 J7  2592  1211 J5   302  5735 17219  6.9  6.5  1.33  0.15  10.40   1.34   5.96   7.46  76   374     0  2.8
 10  1037 J5   477  1468 J7  1724   663 J5   184  3081 13672  6.1  5.8  1.17  0.13   5.83  -2.29   1.53   3.19  85   513     0  2.6
 11   335 J5   168   331 J7   648   284 J5   118  1274 10193  7.8  7.5  1.25  0.11   3.70  -1.69   1.01   1.82  89   520     0  3.6
 12   171 J5    46   432 J7   565   135 J5    26   607  8115  6.0  5.6  1.03  0.11  -2.75 -10.80  -6.69  -6.03  85   778     0  2.1
 13  2029 J5  1655  1508 J7  1315  1315 J5   954  5644 16645  7.3  6.7  1.32  0.21   7.22  -0.42   3.56   4.58  82  5458     0  3.0
 1993
  1   273 J5   147   537 J7   752   205 J5    69   978  9414  6.5  6.2  0.63  0.12  -2.64 -10.33  -6.36  -5.47  86   769     0  2.4
  2   691 J5   374   986 J7  1533   473 J5   141  2424 12714  7.1  6.6  0.98  0.13   2.43  -4.64  -1.17  -0.06  83   544     0  3.3
  3  1792 J5   847  2000 J7  2495  1076 J5   346  4873 16303  7.3  6.7  0.73  0.14   4.39  -2.84   1.01   2.29  73   544     0  3.2
  4  3141 J5  1365  2883 J7  2875  1756 J5   463  7792 19848  7.3  6.4  1.00  0.15   9.90   0.48   5.34   6.81  73   394     0  3.4
  5  4133 J5  2266  3433 J6  4366  2219 J5   596 10254 23052  7.1  6.5  1.40  0.15  12.99   4.25   9.02  10.01  80   301     0  2.7
  6  3887 J5  1884  2341 J6  3427  2563 J5   453 11414 24870  8.4  7.8  1.61  0.15  14.52   6.79  10.99  11.59  84   230     0  2.3
  7  4582 J5  2245  4155 J6  4601  2237 J5   600 10746 23742  6.8  6.4  2.03  0.12  18.07   8.49  13.61  14.57  82   157     0  2.3
  8  3028 J5  1685  2398 J7  3391  1815 J5   370  8566 20673  7.8  7.3  2.33  0.10  17.01   8.93  12.95  14.00  85   166     0  2.9
  9  1737 J5   802  1310 J7  2140  1259 J5   238  5756 17240  8.2  8.0  1.73  0.07  12.76   5.14   8.97  10.26  87   281     0  2.7
 10  1085 J5   595  1250 J7  1827   741 J5   240  3098 13694  8.3  7.4  1.40  0.05   9.37   2.62   5.93   7.13  87   382     0  1.7
 11   390 J5   235   776 J7  1416   275 J5   101  1284 10218  7.6  7.1  0.99  0.05   3.92  -2.00   1.01   1.89  84   521     0  2.1
 12   160 J5    54   287 J7   546   137 J5    32   608  8116  8.1  7.6  0.92  0.05   3.82  -2.57   0.63   0.87  87   549     0  2.5
 13  2075 J5  1615  1863 J7  1212  1229 J5   873  5649 16657  7.5  7.0  1.31  0.11   8.88   1.19   5.16   6.16  83  4839     0  2.6
 1994
  1   266 J5   109   428 J7   624   218 J5    70   970  9387  8.1  7.5  0.98  0.07   1.66  -4.62  -1.24  -0.51  88   614     0  1.3
  2   993 J5   545  2196 J7  2111   476 J5   161  2407 12684  5.0  4.2  0.70  0.09  -0.93 -10.05  -5.61  -3.62  68   667     0  1.5
  3  1357 J5   696   836 J7  1614  1048 J5   262  4849 16272  8.9  8.6  0.83  0.10   3.97  -1.85   1.03   1.72  77   535     0  2.9
  4  3091 J5  1257  2538 J7  2618  1875 J5   475  7769 19820  7.8  6.5  0.98  0.12   9.04   0.49   4.86   6.12  81   407     0  2.3
  5  4070 J5  1996  2976 J6  3597  2404 J5   542 10237 23030  8.4  6.9  1.21  0.12  10.26   3.56   7.22   7.87  87   354     0  2.8
  6  3717 J5  2016  2311 J6  3573  2407 J5   528 11411 24866  8.4  8.0  1.81  0.12  15.23   7.24  11.57  12.19  86   213     0  1.5
  7  3770 J5  1678  2288 J6  3117  2516 J5   379 10759 23763  8.4  7.6  2.16  0.10  16.54   8.54  12.79  13.58  89   179     0  1.4
  8  3320 J5  1338  2359 J7  2476  2091 J5   474  8587 20704  8.5  7.8  2.49  0.08  17.78   9.67  13.69  14.74  89   143     0  1.2
  9  2355 J5  1124  2621 J7  2947  1313 J5   322  5779 17269  7.2  6.6  1.54  0.05  13.13   4.22   8.58  10.16  86   290     0  2.1
 10  1105 J5   420  1056 J7  1573   848 J5   284  3117 13729  8.5  7.7  1.11  0.04   7.33   1.40   4.37   5.40  85   433     0  2.3
 11   478 J5   196  1358 J7  1367   293 J5   106  1294 10242  6.3  5.3  0.68  0.03  -0.05  -8.34  -4.16  -2.96  78   676     0  2.1
 12   171 J5    75   421 J7   836   136 J5    35   609  8123  8.2  7.6  0.76  0.04   1.02  -5.74  -2.44  -1.92  86   641     0  2.4
 13  2058 J5  1486  1782 J7   906  1302 J5   923  5649 16657  7.8  7.0  1.27  0.08   7.92   0.38   4.22   5.23  83  5152     0  2.0
 1995
  1   279 J5   135   591 J7   911   212 J5    71   963  9371  7.7  7.1  0.82  0.05   1.16  -6.35  -2.47  -1.36  85   649     0  1.9
  2   851 J5   489  1638 J7  1995   479 J5   149  2390 12652  6.7  6.0  0.76  0.07   1.99  -6.64  -2.15  -0.69  78   578     0  2.1
  3  2292 J5   835  3741 J7  2725  1005 J5   417  4826 16241  5.6  4.4  0.59  0.09   2.50  -8.10  -2.46  -0.78  68   655     0  2.7
  4  3291 J5  1592  3155 J7  3252  1747 J5   412  7745 19794  7.3  6.2  1.05  0.11   9.49   0.53   5.30   6.72  75   400     0  2.7
  5  3468 J5  1475  1851 J6  2682  2445 J5   478 10220 23006  8.8  8.0  1.37  0.12  11.91   4.20   8.24   9.05  82   318     0  2.5
  6  3791 J5  1951  2166 J6  3307  2525 J5   549 11408 24860  8.9  7.9  1.81  0.11  14.26   7.06  10.89  11.45  83   230     0  1.5
  7  3256 J5  1449  1452 J6  2140  2431 J5   433 10771 23783  9.1  8.7  2.37  0.09  15.46   9.51  12.44  12.94  89   181     0  1.2
  8  3128 J5  1550  2550 J7  3481  1847 J5   463  8609 20730  8.1  7.5  2.00  0.07  16.12   7.99  12.09  13.17  85   195     0  1.2
  9  1804 J5   853  1059 J7  1777  1382 J5   369  5803 17298  9.1  8.4  2.19  0.05  15.11   8.24  11.49  12.39  88   200     0  2.6
 10  1246 J5   630  1626 J7  2071   792 J5   207  3136 13759  8.1  7.0  1.15  0.03   9.66   1.07   5.19   6.84  81   402     0  2.1
 11   500 J5   211  1243 J7  1405   327 J5   141  1304 10272  6.2  5.4  0.71  0.03   2.41  -6.00  -1.88  -0.46  77   604     0  1.5
 12   198 J5    92   737 J7  1120   134 J5    36   610  8126  7.1  6.4  0.87  0.03   0.50  -6.26  -2.83  -2.16  77   658     0  2.2
 13  2009 J5  1360  1817 J7   950  1277 J5   910  5649 16658  7.7  6.9  1.31  0.07   8.38   0.44   4.49   5.59  81  5069     0  2.0
 1996
  1   358 J5   176  1183 J7  1180   212 J5    85   956  9346  5.0  4.5  0.54  0.05  -6.54 -16.41 -11.53  -9.66  84   924     0  0.4
  2   870 J5   531  1503 J7  1848   505 J5   188  2410 12683  6.9  6.1  0.81  0.07   0.67  -7.74  -2.98  -1.85  80   634     0  2.2
  3  2264 J5  1112  3612 J7  3050   949 J5   294  4896 16331  5.0  4.4  0.70  0.09   4.89  -4.70   0.45   2.25  74   565     0  1.9
  4  3256 J5  1349  3052 J7  3130  1810 J5   524  7815 19874  7.4  6.2  0.83  0.11   8.48  -1.39   3.99   5.53  71   444     0  2.3
  5  5299 J5  1597  5458 J6  3721  2291 J5   646 10268 23074  5.7  4.8  1.05  0.12  14.43   2.75   9.05  10.54  73   302     0  1.5
  6  4732 J5  1938  3678 J6  3895  2629 J5   703 11414 24875  7.7  6.9  1.45  0.11  15.61   6.20  11.44  12.21  77   223     0  1.9
  7  4713 J7  2202  4396 J7  4889  2261 J7   719 10733 23725  6.8  6.4  2.01  0.09  16.81   9.06  13.09  13.87  84   167     0  1.2
  8  3407 J6  1693  3099 J7  3765  1851 J6   487  8545 20646  7.6  7.0  1.96  0.07  16.20   8.19  12.34  13.42  84   190     0  1.6
  9  2534 J5  1277  3366 J7  3564  1191 J5   362  5732 17216  6.2  5.6  1.26  0.05  13.38   2.52   7.84   9.94  80   311     0  2.1
 10  1242 J5   480  1876 J7  2194   779 J5   332  3078 13670  7.2  6.4  1.04  0.03   5.97  -3.07   1.41   3.27  80   523     0  1.8
 11   521 J5   238  1481 J7  1523   306 J5   119  1273 10191  6.2  5.3  0.84  0.03   1.47  -7.12  -3.14  -1.48  89   635     0  0.8
 12   207 J5    63   879 J7   966   138 J5    47   607  8114  5.5  4.9  0.67  0.03  -0.38  -9.10  -4.59  -3.26  76   715     0  2.0
 13  2450 J6  1838  2798 J7  1417  1244 J6   892  5644 16646  6.4  5.7  1.10  0.07   7.58  -1.74   3.12   4.56  79  5634     0  1.6
 1997
  1   284 J5   141   521 J7   813   222 J5    84   979  9416  8.4  7.4  0.77  0.05   1.89  -5.68  -1.76  -0.99  81   627     0  2.4
  2   659 J5   398   455 J7  1005   539 J5   163  2426 12718  9.1  8.6  1.01  0.07   4.88  -0.44   2.25   3.06  86   451     0  2.9
  3  2319 J5   936  3442 J7  2571  1099 J5   366  4876 16304  6.0  4.7  0.57  0.09   3.78  -5.68  -0.65   1.09  67   598     0  2.0
  4  3333 J5  1514  3556 J7  3789  1703 J5   581  7795 19849  6.5  5.6  0.80  0.11   9.30  -0.57   4.63   6.28  70   419     0  2.5
  5  4866 J5  2105  4960 J6  4323  2151 J5   541 10256 23060  6.5  5.2  1.16  0.12  14.03   2.76   9.17  10.44  72   308     0  2.0
  6  5374 J5  2093  5010 J6  3995  2499 J5   598 11414 24870  7.5  5.8  1.62  0.11  16.94   6.93  12.40  13.26  79   192     0  1.8
  7  3109 J5  1414  1142 J6  2239  2462 J5   229 10745 23739  9.2  8.9  2.44  0.09  16.42   9.70  13.02  13.61  89   163     0  1.2
  8  3392 J5  1564  2971 J7  3344  1934 J5   417  8563 20671  7.5  7.1  2.27  0.07  17.33   8.31  13.04  14.37  88   171     0  1.5
  9  2375 J5  1068  2868 J7  3268  1262 J5   394  5752 17236  6.9  6.0  1.67  0.05  14.43   5.03   9.70  11.49  88   258     0  2.1
 10  1508 J5   807  3218 J7  3000   622 J5   265  3096 13691  5.6  5.0  0.97  0.03   7.85  -1.26   3.23   5.10  77   466     0  1.6
 11   384 J5   180   346 J7   768   337 J5   140  1283 10214  8.9  8.2  0.99  0.03   4.17  -0.35   1.82   2.58  90   493     0  2.6
 12   168 J5    63   193 J7   336   152 J5    49   608  8116  9.0  8.5  0.73  0.03   1.47  -3.77  -0.90  -0.49  90   604     0  3.0
 13  2314 J5  1772  2390 J7  1783  1249 J5   881  5649 16657  7.6  6.7  1.25  0.07   9.37   1.25   5.50   6.65  81  4749     0  2.1
 1998
  1   261 J5   117   414 J7   713   214 J5    74   971  9390  7.9  7.1  0.83  0.05  -0.11  -7.51  -3.47  -2.50  90   686     0  1.2
  2   693 J5   323   740 J7  1288   537 J5   196  2409 12688  8.2  7.2  0.92  0.07   5.20  -1.69   1.66   3.01  87   464     0  2.1
  3  1898 J5   906  2358 J7  2535  1083 J5   396  4852 16275  6.5  5.6  0.84  0.09   5.43  -4.14   0.59   2.58  83   548     0  1.8
  4  2987 J5  1522  2513 J7  3237  1790 J5   496  7772 19825  8.1  7.0  0.86  0.11   7.47   0.20   3.87   4.99  82   435     0  3.2
  5  3715 J5  1700  2408 J6  3026  2388 J5   513 10239 23032  8.9  7.8  1.28  0.12   9.75   3.37   6.66   7.27  85   365     0  2.9
  6  4650 J5  1904  3481 J6  3398  2678 J5   530 11411 24866  7.9  6.7  1.94  0.11  14.34   6.24  10.76  11.44  86   241     0  1.7
  7  3725 J5  1631  2313 J6  3405  2474 J5   566 10757 23761  8.4  7.9  2.06  0.09  15.68   8.16  12.09  12.80  88   199     0  1.4
  8  3227 J5  1501  2699 J7  3415  1923 J5   417  8584 20700  7.8  7.3  1.83  0.07  14.25   6.60  10.60  11.63  87   245     0  1.9
  9  1896 J5   889  1310 J7  2047  1366 J5   269  5776 17266  9.0  8.3  1.65  0.05  11.76   5.41   8.58   9.62  88   292     0  1.7
 10  1351 J5   712  2403 J7  2855   696 J5   275  3115 13725  6.5  5.9  1.09  0.03   8.61  -0.66   3.58   5.68  85   445     0  1.8
 11   448 J5   224   972 J7  1325   308 J5   117  1293 10240  7.2  6.3  0.88  0.03   3.00  -4.36  -0.60   0.76  89   570     0  1.2
 12   191 J5    70   656 J7   874   140 J5    41   609  8123  6.9  6.3  0.68  0.03  -1.06  -8.06  -4.44  -3.68  88   710     0  1.5
 13  2087 J5  1543  1856 J7   986  1300 J5   934  5649 16657  7.8  6.9  1.24  0.07   7.86   0.30   4.16   5.30  87  5201     0  1.9
 1999
  1   293 J5   142   780 J7  1110   201 J5    74   964  9373  7.0  6.6  0.62  0.05  -1.72  -9.54  -5.91  -4.55  86   743     0  1.7
  2   830 J5   429  1160 J7  1385   549 J5   169  2392 12661  7.8  6.4  0.55  0.07  -1.36 -12.18  -6.05  -4.30  84   703     0  1.5
  3  1835 J5   817  2147 J7  2462  1088 J5   351  4829 16245  7.1  6.5  0.61  0.09   2.13  -6.05  -1.38  -0.01  77   629     0  2.6
  4  3014 J5  1406  2649 J7  2999  1751 J5   478  7748 19798  8.2  7.1  0.84  0.11   5.91  -1.26   2.63   3.64  79   480     0  2.4
  5  4599 J5  1732  3916 J6  3378  2433 J5   446 10223 23007  7.8  6.3  1.07  0.12  11.49   1.90   7.01   8.19  75   361     0  2.0
  6  4310 J5  2028  3062 J6  3992  2582 J5   607 11408 24861  8.1  7.4  1.64  0.11  15.37   7.13  11.62  12.28  80   212     0  1.4
  7  4109 J5  2038  3235 J6  4001  2342 J5   481 10769 23780  7.9  7.3  2.24  0.09  17.58   8.29  13.28  14.14  84   167     0  1.4
  8  3484 J5  1617  3192 J7  3300  1866 J5   332  8606 20722  8.0  6.9  2.19  0.07  16.87   8.17  12.68  13.80  86   180     0  1.3
  9  1872 J5   768  1237 J7  1991  1397 J5   389  5799 17296  8.7  8.1  1.68  0.05  12.12   5.67   8.75   9.86  87   283     0  2.7
 10  1054 J5   420   873 J7  1537   833 J5   257  3134 13754  9.1  7.9  1.13  0.03   6.70   1.40   4.07   4.90  89   443     0  2.3
 11   441 J5   218   836 J7  1241   319 J5   132  1303 10269  8.2  7.4  0.81  0.03   2.78  -3.20  -0.18   0.71  87   556     0  2.3
 12   170 J7    61   253 J8   414   149 J7    43   610  8126  9.1  8.3  0.82  0.03   1.23  -4.43  -1.49  -1.30  87   618     0  2.8
 13  2167 J5  1663  1945 J7  1228  1293 J5   898  5649 16658  8.1  7.2  1.18  0.07   7.43  -0.34   3.75   4.78  83  5375     0  2.0
 2000
  1   250 J8    91   607 J8   974   189 J8    56   957  9348  8.0  7.5  0.63  0.05  -0.40  -7.53  -4.18  -3.54  85   691     0  2.5
  2   715 J8   387   930 J8  1512   506 J8   165  2412 12686  8.0  7.5  0.74  0.07   3.06  -2.72   0.19   1.19  85   527     0  2.2
  3  1820 J8   758  1999 J8  2238  1139 J8   387  4899 16335  8.0  7.0  0.71  0.09   4.30  -2.05   1.32   2.43  81   533     0  2.6
  4  3350 J8  1117  3167 J8  2561  1885 J8   442  7818 19880  7.5  6.0  0.75  0.11   7.22  -0.88   3.44   4.68  76   455     0  2.4
  5  4444 J8  1722  4116 J8  3792  2343 J8   517 10270 23076  6.4  5.8  0.92  0.12  11.47   1.20   7.18   8.50  73   372     0  1.9
  6  4249 J8  1880  3100 J8  3493  2606 J8   455 11415 24875  7.9  6.9  1.35  0.11  14.50   6.05  10.85  11.60  81   242     0  1.7
  7  3152 J8  1195  1098 J8  1752  2580 J8   475 10732 23722  9.4  8.9  1.75  0.09  14.65   8.56  11.73  12.32  87   208     0  1.4
  8  3527 J8  1467  3596 J8  3681  1816 J8   526  8542 20644  6.6  6.1  1.73  0.07  16.55   6.05  11.70  13.40  79   218     0  1.4
  9  2178 J8   991  2283 J8  2786  1307 J8   386  5729 17214  7.6  7.0  1.39  0.05  12.28   4.27   8.36   9.88  84   302     0  1.4
 10  1203 J8   607  1752 J8  2235   756 J8   276  3076 13665  7.6  6.6  0.99  0.03   7.72   0.62   4.16   5.41  81   439     0  2.3
 11   441 J8   242   810 J8  1299   317 J8    96  1272 10190  8.2  7.5  0.83  0.03   5.24  -0.81   2.29   3.07  85   483     0  2.0
 12   185 J8    76   480 J8   747   145 J8    37   607  8115  8.2  7.6  0.77  0.03   3.76  -2.50   0.87   1.53  85   549     0  2.5
 13  2126 J8  1580  1995 J8  1256  1299 J8   931  5644 16646  7.8  7.0  1.05  0.07   8.36   0.86   4.83   5.87  82  5018     0  2.0
 2001
  1   240 J8   108   343 J8   615   202 J8    66   980  9417  9.1  8.3  0.77  0.05   4.70   0.46   2.64   2.94  82   488     0  3.9
  2   937 J8   451  1825 J8  1858   532 J8   195  2428 12722  6.7  5.4  0.68  0.07   3.14  -4.78  -0.82   0.78  78   536     0  1.7
  3  1848 J8   871  2063 J8  2345  1121 J8   331  4878 16311  7.8  6.7  0.63  0.09   4.05  -2.09   1.23   2.14  71   538     0  2.9
  4  3194 J8  1224  2919 J8  2490  1814 J8   364  7798 19852  7.7  6.5  0.67  0.11   7.22  -0.87   3.45   4.62  77   455     0  2.4
  5  4645 J8  1686  4113 J8  3384  2440 J8   415 10258 23063  7.8  6.1  0.87  0.12  10.39   1.64   6.51   7.36  75   382     0  2.3
  6  4386 J8  1882  3284 J8  3699  2596 J8   528 11414 24873  8.2  7.0  1.47  0.11  15.74   7.19  11.86  12.53  80   206     0  1.4
  7  2737 J8  1112   722 J8  2109  2361 J8   362 10743 23736  9.5  9.4  1.97  0.09  14.81   9.12  11.90  12.39  88   197     0  1.3
  8  3103 J8  1446  2347 J8  3348  1975 J8   471  8560 20667  8.4  7.8  1.88  0.07  16.44   8.41  12.58  13.69  87   183     0  1.4
  9  2119 J8  1034  2113 J8  2565  1297 J8   333  5749 17232  7.8  7.3  1.34  0.05  13.79   5.12   9.50  11.09  81   266     0  1.9
 10  1192 J8   509  1454 J8  1892   828 J8   298  3093 13690  8.1  7.1  0.90  0.03   6.87   0.04   3.64   4.70  84   461     0  1.9
 11   488 J8   237  1187 J8  1566   316 J8   125  1281 10213  7.0  6.4  0.75  0.03   3.25  -4.37  -0.66   0.51  83   567     0  1.1
 12   184 J8    75   432 J8   695   147 J8    44   608  8116  8.1  7.4  0.60  0.03   0.70  -7.83  -3.55  -2.78  79   679     0  1.7
 13  2089 J8  1546  1900 J8  1160  1302 J8   913  5649 16658  8.0  7.1  1.04  0.07   8.43   1.00   4.86   5.83  80  4958     0  2.0
 2002
  1   291 J8   184   608 J8  1014   209 J8    81   972  9393  7.9  7.5  0.97  0.05   2.94  -3.35   0.07   0.82  81   575     0  2.7
  2   807 J8   386  1124 J8  1306   546 J8   181  2411 12692  8.2  7.2  0.76  0.07   2.19  -4.83  -1.06  -0.04  77   550     0  2.9
  3  2270 J8  1020  3681 J8  2864   958 J8   347  4855 16277  4.8  3.9  0.56  0.09   1.35  -8.97  -3.27  -1.22  73   686     0  1.5
  4  4322 J8  1399  6340 J8  3645  1427 J8   528  7775 19828  4.2  3.1  0.76  0.11   4.79  -4.88   0.57   2.21  70   551     0  1.7
  5  5195 J8  1515  5302 J8  3744  2395 J8   692 10241 23034  6.9  4.8  1.25  0.12  12.83   2.86   8.55   9.73  70   325     0  1.9
  6  3914 J8  1829  2218 J8  3362  2698 J8   495 11411 24868  8.6  7.8  1.70  0.11  14.35   7.16  11.10  11.65  81   227     0  1.9
  7  3594 J8  1599  2157 J8  3034  2446 J8   416 10755 23758  8.9  8.0  2.20  0.09  15.88   8.80  12.64  13.31  84   186     0  1.5
  8  2877 J8  1420  1971 J8  2634  1856 J8   320  8581 20696  8.7  8.2  2.07  0.07  15.45   8.81  12.19  13.06  90   192     0  1.6
  9  2026 J8  1010  1769 J8  2814  1348 J8   353  5773 17260  7.8  7.4  1.67  0.05  13.47   5.46   9.87  11.20  83   266     0  1.9
 10  1045 J8   538   989 J8  1795   782 J8   230  3112 13724  8.5  8.0  1.61  0.03  11.01   5.25   8.22   9.22  81   316     0  2.9
 11   436 J8   229   713 J8  1123   328 J8   117  1291 10235  8.6  7.6  1.38  0.03   8.48   3.34   5.73   6.35  82   373     0  3.2
 12   184 J8    65   474 J8   620   148 J8    41   609  8123  8.0  7.1  1.00  0.03   3.70  -2.58   0.65   0.99  83   551     0  1.7
 13  2247 J8  1730  2279 J8  1894  1262 J8   914  5649 16657  7.6  6.7  1.33  0.07   8.87   1.42   5.44   6.44  80  4798     0  2.1
 2003
  1   294 J8   158   717 J8   953   209 J8    85   965  9374  8.1  7.1  1.05  0.05   3.99  -2.89   0.67   1.46  82   551     0  1.6
  2   694 J8   360   652 J8  1236   546 J8   203  2394 12662  8.9  8.3  1.20  0.07   4.71  -0.13   2.11   3.03  86   449     0  1.9
  3  2405 J8   963  4099 J8  2821   969 J8   333  4832 16250  5.4  4.4  0.61  0.09   4.48  -5.07   0.12   1.99  57   577     0  2.4
  4  3395 J8  1730  3690 J8  4050  1653 J8   453  7751 19800  6.4  5.8  0.90  0.11  10.09  -0.45   5.33   7.03  66   405     0  2.2
  5  4044 J8  1677  2976 J8  3505  2489 J8   631 10225 23011  7.8  6.7  1.15  0.12  11.90   2.53   7.88   8.92  76   345     0  1.9
  6  3845 J8  1803  2361 J8  3265  2581 J8   466 11409 24862  8.4  7.7  1.78  0.11  14.08   7.01  10.96  11.55  83   234     0  1.7
  7  3686 J8  1895  2236 J8  3428  2391 J8   465 10767 23775  8.7  8.2  2.23  0.09  16.92  10.20  13.72  14.33  84   148     0  1.5
  8  3479 J8  1708  3069 J8  3319  1899 J8   370  8603 20719  7.8  7.1  2.02  0.07  16.33   8.00  12.47  13.53  84   191     0  1.8
  9  2479 J8  1118  3017 J8  3137  1298 J8   348  5796 17290  6.2  5.9  1.59  0.05  14.93   3.58   9.58  11.71  72   272     0  2.0
 10  1249 J8   455  1755 J8  1894   821 J8   266  3131 13748  7.4  6.6  1.36  0.03  10.95   2.98   6.85   8.60  78   352     0  2.2
 11   494 J8   206  1158 J8  1253   334 J8   135  1302 10263  6.9  6.3  0.89  0.03   1.87  -6.17  -1.94  -0.69  83   614     0  0.8
 12   197 J8    74   506 J8   673   157 J8    45   610  8126  8.1  7.0  0.84  0.03   2.72  -3.98  -0.69  -0.61  79   588     0  2.7
 13  2188 J8  1514  2186 J8  1229  1279 J8   907  5649 16657  7.5  6.8  1.30  0.07   9.41   1.30   5.59   6.74  78  4727     0  1.9
 2004
  1   318 J8   145   994 J8  1063   207 J8    82   958  9350  6.4  5.7  0.56  0.05  -1.64 -10.59  -6.03  -4.23  75   758     0  1.1
  2   807 J8   416  1081 J8  1400   556 J8   177  2414 12690  7.8  7.1  0.96  0.07   5.26  -2.06   1.41   2.50  81   485     0  2.2
  3  1877 J8   924  2084 J8  2388  1121 J8   337  4902 16337  7.9  7.0  0.75  0.09   3.24  -2.62   0.38   1.28  75   559     0  2.2
  4  2780 J8  1185  1845 J8  2181  1900 J8   449  7821 19880  8.2  7.5  1.09  0.11   8.50   0.41   4.81   6.03  73   416     0  2.8
  5  4519 J8  1776  3725 J8  3465  2493 J8   568 10272 23079  7.7  6.1  1.53  0.12  14.09   4.85   9.86  10.89  76   275     0  1.9
  6  4787 J8  2108  3926 J8  4072  2497 J8   637 11415 24875  7.3  6.4  1.86  0.11  17.49   7.93  12.99  13.80  79   169     0  1.7
  7  3779 J8  1701  2277 J8  3068  2523 J8   502 10730 23720  8.7  8.0  2.31  0.09  18.18   9.99  14.37  15.09  83   132     0  1.5
  8  4478 J8  1450  5599 J8  3399  1696 J8   527  8538 20640  5.2  4.5  2.02  0.07  21.17   8.09  15.04  17.09  75   115     0  1.3
  9  2440 J8  1237  2989 J8  3331  1263 J8   331  5726 17208  7.1  6.4  1.47  0.05  13.44   3.70   8.63  10.43  79   293     0  1.9
 10  1172 J8   499  1655 J8  2209   762 J8   250  3074 13662  8.0  7.0  1.27  0.03   9.18   1.97   5.71   7.04  81   395     0  2.0
 11   387 J8   166   514 J8   783   316 J8   100  1271 10188  8.8  8.1  1.07  0.03   4.80  -0.88   2.23   2.90  82   491     0  2.3
 12   172 J8    66   435 J8   699   137 J8    31   606  8116  7.9  7.6  0.91  0.03   2.82  -3.01   0.20   0.53  78   571     0  2.2
 13  2293 J8  1761  2260 J8  1553  1289 J8   917  5644 16646  7.6  6.8  1.32  0.07   9.71   1.48   5.80   6.95  78  4658     0  1.9
 2005
  1   322 J8   152   958 J8  1085   213 J8    79   981  9420  6.6  5.6  0.89  0.05   2.17  -6.19  -1.87  -0.62  78   631     0  1.3
  2   749 J8   295   969 J8  1414   552 J8   210  2430 12723  7.9  7.2  0.85  0.07   2.33  -4.29  -0.92   0.03  81   541     0  1.9
  3  1647 J8   787  1414 J8  1878  1136 J8   332  4881 16316  7.9  7.4  0.94  0.09   6.22  -0.61   2.68   3.80  77   481     0  2.8
  4  3857 J8  1465  4409 J8  3334  1749 J8   443  7801 19864  5.8  4.6  1.01  0.11  10.95   0.06   5.89   7.71  69   385     0  2.2
  5  4389 J8  1576  3482 J8  3594  2523 J8   605 10260 23068  7.4  6.4  1.39  0.12  13.67   3.98   9.38  10.53  78   295     0  1.7
  6  4729 J8  1730  3594 J8  3276  2734 J8   561 11414 24873  7.6  6.7  1.79  0.11  16.35   6.52  12.30  13.16  78   207     0  1.7
  7  3490 J8  1250  1699 J8  2054  2614 J8   377 10741 23733  9.0  8.4  2.21  0.09  16.35   9.63  13.09  13.72  84   166     0  1.4
  8  3280 J8  1300  2613 J8  2967  1935 J8   428  8557 20662  8.4  7.7  2.13  0.07  16.62   8.80  12.58  13.60  85   174     0  1.4
  9  2258 J8   979  2132 J8  2484  1428 J8   332  5746 17228  8.3  7.2  1.89  0.05  13.35   5.91   9.81  11.10  84   261     0  2.0
 10  1265 J8   466  1712 J8  1781   829 J8   244  3091 13688  7.9  6.6  1.13  0.03   7.77   0.54   3.98   5.34  80   439     0  1.9
 11   517 J8   223  1263 J8  1338   339 J8   131  1280 10210  7.1  6.0  0.90  0.03   1.70  -6.08  -2.41  -1.36  81   616     0  1.6
 12   172 J8    64   359 J8   498   142 J8    38   608  8116  8.2  7.6  1.20  0.03   4.42  -2.06   1.56   2.14  83   532     0  2.5
 13  2223 J8  1665  2050 J8  1236  1349 J8   959  5649 16658  7.7  6.8  1.36  0.07   9.32   1.35   5.51   6.60  80  4726     0  1.9
 2006
  1   335 J8   138   847 J8   838   237 J8    96   973  9396  7.2  6.2  0.70  0.05  -0.77  -8.81  -4.89  -3.75  82   717     0  1.0
  2   982 J8   491  1882 J8  1612   543 J8   185  2413 12694  6.7  5.2  0.70  0.07   1.04  -8.30  -3.83  -2.29  80   615     0  2.2
  3  2412 J8   960  3951 J8  2750  1017 J8   322  4858 16283  5.0  4.3  0.66  0.09   2.63  -7.54  -1.97   0.05  61   644     0  1.8
  4  3269 J8  1434  3038 J8  2783  1842 J8   344  7778 19832  7.8  6.0  0.92  0.11   6.14  -1.66   2.56   3.69  75   483     0  2.3
  5  4449 J8  1951  3690 J8  3568  2456 J8   551 10243 23041  7.7  6.4  1.24  0.12  12.13   2.03   7.92   8.91  72   349     0  2.0
  6  4536 J8  1700  2864 J8  2914  2925 J8   579 11412 24868  9.0  7.3  1.76  0.11  14.46   6.63  10.96  11.57  77   234     0  1.5
  7  3445 J8  1536  1699 J8  2938  2564 J8   459 10753 23755  9.1  8.3  2.10  0.09  14.85   8.56  12.05  12.66  84   205     0  1.2
  8  2829 J8  1357  1762 J8  2691  1963 J8   391  8578 20689  8.7  8.1  2.17  0.07  14.33   8.92  11.72  12.44  84   208     0  1.9
  9  2137 J8   860  2133 J8  2589  1346 J8   366  5770 17256  7.8  7.2  1.68  0.05  13.74   4.91   9.62  11.11  78   270     0  1.8
 10  1199 J8   434  1491 J8  1641   838 J8   344  3110 13718  7.8  7.1  1.36  0.03   8.27   1.55   4.92   6.23  83   416     0  2.0
 11   613 J8   257  2160 J8  1462   300 J8   104  1290 10232  4.5  3.7  0.46  0.03  -2.26 -12.81  -8.05  -5.74  67   776     0  1.1
 12   161 J8    60   246 J8   539   141 J8    35   609  8124  8.6  8.3  0.93  0.03   3.31  -2.19   0.57   0.94  79   551     0  3.0
 13  2197 J8  1546  2147 J8  1091  1348 J8   983  5649 16657  7.5  6.5  1.22  0.07   7.32  -0.73   3.46   4.65  77  5467     0  1.8
 2007
  1   298 J8   156   611 J8   848   223 J8    81   966  9377  8.2  7.4  0.85  0.05   0.73  -5.37  -1.93  -1.40  81   640     0  2.3
  2  1122 J8   600  2854 J8  2200   453 J8   131  2396 12664  5.2  4.1  0.64  0.07  -0.39  -9.99  -5.13  -3.19  69   658     0  0.9
  3  2243 J8  1023  3295 J8  2747  1058 J8   299  4835 16252  6.2  5.1  0.48  0.09  -0.18 -10.44  -4.90  -3.15  61   733     0  1.9
  4  3214 J8  1250  2631 J8  2327  1979 J8   481  7754 19802  7.8  6.4  0.97  0.11   7.74  -1.21   3.69   5.08  70   452     0  2.3
  5  3931 J8  1651  2749 J8  3153  2479 J8   549 10227 23014  8.5  7.3  1.31  0.12  10.37   2.94   7.08   7.83  76   362     0  2.0
  6  4577 J8  2026  3540 J8  3848  2547 J8   619 11409 24862  8.4  7.1  1.64  0.11  14.52   6.79  10.87  11.45  78   230     0  1.7
  7  3333 J8  1245  1512 J8  1887  2564 J8   383 10765 23772  9.0  8.5  2.18  0.09  15.62   8.85  12.53  13.14  80   189     0  0.9
  8  3259 J8  1465  2864 J8  3424  1884 J8   458  8600 20716  7.7  7.0  2.17  0.07  17.31   7.94  12.88  14.30  79   177     0  1.0
  9  2151 J8   800  2199 J8  2511  1333 J8   319  5793 17288  7.7  7.2  1.78  0.05  13.00   5.08   9.30  10.80  82   279     0  1.3
 10  1327 J8   590  1794 J8  1848   832 J8   267  3129 13744  7.5  6.6  1.10  0.03   8.10  -0.52   3.81   5.60  79   451     0  1.6
 11   468 J8   209   806 J8   975   353 J8   127  1300 10260  8.3  7.1  1.08  0.03   5.13  -0.20   2.53   3.10  81   476     0  2.8
 12   163 J8    74   280 J8   444   139 J8    44   610  8126  8.5  8.1  0.82  0.03   1.38  -4.17  -1.20  -0.65  78   611     0  1.8
 13  2174 J8  1501  2095 J8  1087  1320 J8   941  5649 16656  7.8  6.8  1.25  0.07   7.78  -0.03   4.13   5.24  76  5258     0  1.7
 2008
  1   314 J8   142   686 J8   741   231 J8    75   959  9352  6.7  5.8  0.68  0.05  -0.99  -9.67  -5.26  -4.11  78   734     0  1.2
  2   801 J8   404  1118 J8  1413   556 J8   196  2417 12694  8.2  7.2  0.78  0.07   1.05  -6.61  -2.67  -1.65  73   612     0  2.4
  3  1998 J8   988  2202 J8  2447  1185 J8   362  4905 16340  7.5  6.4  0.82  0.09   4.24  -3.67   0.68   2.00  72   559     0  2.5
  4  3242 J8  1602  3289 J8  3831  1690 J8   489  7824 19882  7.0  6.1  0.92  0.11   5.20  -1.74   2.04   3.09  76   498     0  1.8
  5  4488 J8  1907  3873 J8  4025  2401 J8   588 10274 23081  7.5  6.1  1.14  0.12  10.72   1.79   7.08   7.98  70   374     0  2.5
  6  3520 J8  1600  1665 J8  2968  2605 J8   348 11415 24874  9.1  8.4  1.57  0.11  11.52   5.51   8.90   9.37  79   294     0  1.4
  7  3623 J8  1612  1779 J8  3016  2644 J8   467 10728 23717  9.0  8.4  2.06  0.09  14.41   7.11  11.13  11.78  82   235     0  1.3
  8  2801 J8  1012  1517 J8  2033  2100 J8   430  8535 20637  9.1  8.4  2.00  0.07  14.40   7.29  11.00  12.00  84   232     0  0.9
  9  1654 J8   567   816 J8  1514  1361 J8   284  5723 17206  9.2  8.7  1.77  0.05  11.14   6.29   8.66   9.45  85   288     0  1.9
 10  1197 J8   422  1572 J8  1656   811 J8   265  3071 13660  7.9  7.1  1.01  0.03   5.88  -1.09   2.30   3.60  85   494     0  1.6
 11   459 J8   157   737 J8   917   360 J8   123  1270 10183  8.4  7.6  0.93  0.03   3.31  -2.13   0.90   1.65  84   532     0  2.1
 12   196 J8    62   582 J8   681   150 J8    37   606  8116  6.5  6.1  0.76  0.03  -2.16  -9.00  -5.55  -4.62  87   741     0  1.0
 13  2025 J8  1477  1653 J8  1038  1341 J8   937  5644 16645  8.0  7.2  1.20  0.07   6.56  -0.49   3.27   4.21  80  5594     0  1.7
 2009
  1   322 J8   139   603 J8   702   253 J8    98   981  9424  7.8  6.8  0.83  0.05  -1.36  -8.80  -4.86  -4.13  84   726     0  1.6
  2  1014 J8   530  2135 J8  1982   517 J8   150  2432 12728  6.4  5.7  0.63  0.07   0.11  -8.95  -4.19  -2.55  77   637     0  1.1
  3  1790 J8   714  1754 J8  1900  1193 J8   328  4884 16318  7.7  6.4  0.74  0.09   1.90  -5.99  -1.62  -0.21  69   632     0  2.2
  4  3420 J8  1524  3506 J8  3327  1721 J8   468  7804 19869  7.4  6.2  0.84  0.11   6.34  -2.66   2.25   3.50  77   495     0  1.5
  5  4522 J8  1898  4058 J8  3667  2326 J8   498 10262 23069  6.9  6.0  1.16  0.12  12.80   2.65   8.36   9.48  73   329     0  1.5
  6  4239 J8  1838  2825 J8  3246  2704 J8   455 11414 24874  8.1  7.1  1.60  0.11  14.09   4.94  10.12  10.91  82   264     0  1.3
  7  3609 J8  1966  2296 J8  3506  2330 J8   415 10739 23730  8.4  7.9  2.30  0.09  16.93   9.89  13.43  14.03  85   153     0  1.3
  8  2678 J8  1161  1372 J8  2111  1998 J8   353  8554 20659  9.1  8.4  2.13  0.07  14.94   8.23  11.65  12.47  89   209     0  1.1
  9  2158 J8   838  2052 J8  2300  1366 J8   323  5743 17225  8.2  7.4  1.68  0.05  12.68   5.38   9.16  10.41  84   279     0  1.4
 10  1127 J8   438  1247 J8  1568   825 J8   242  3088 13685  8.1  7.4  1.51  0.03   9.29   3.28   6.39   7.55  80   373     0  1.6
 11   469 J8   205   893 J8  1151   337 J8   120  1279 10206  8.0  7.1  0.83  0.03   2.52  -5.17  -0.97   0.33  81   590     0  2.1
 12   199 J8    76   657 J8   750   145 J8    45   608  8116  6.8  6.0  0.94  0.03  -0.39  -5.67  -3.07  -2.39  88   662     0  1.6
 13  2129 J8  1551  1950 J8  1098  1310 J8   902  5649 16659  7.7  6.9  1.27  0.07   7.49  -0.24   3.89   4.95  81  5348     0  1.5
 2010
  1   331 J8   179   742 J8   863   237 J8   105   974  9401  7.9  6.7  0.98  0.05   2.32  -4.10  -0.78   0.16  85   596     0  1.2
  2   803 J8   370   945 J8  1065   585 J8   206  2415 12703  8.5  7.2  0.97  0.07   5.22  -0.82   2.12   2.93  80   452     0  2.2
  3  1817 J8   696  1725 J8  1901  1223 J8   367  4861 16289  8.4  7.4  0.81  0.09   3.95  -2.74   0.97   1.88  76   549     0  2.8
  4  3023 J8  1097  2496 J8  2501  1900 J8   391  7781 19837  7.6  6.6  0.96  0.11   7.18  -0.50   3.52   4.68  74   450     0  2.1
  5  4620 J8  1674  4026 J8  3264  2495 J8   485 10245 23045  7.1  5.7  1.19  0.12  12.63   2.31   8.13   9.25  74   337     0  1.9
  6  3606 J8  1408  1513 J8  2094  2798 J8   448 11412 24868  9.2  8.5  1.70  0.11  13.14   6.98  10.34  10.82  83   248     0  1.2
  7  2977 J8  1202  1102 J8  2102  2415 J8   353 10751 23753  9.5  9.0  2.23  0.09  13.54   8.41  11.17  11.54  89   228     0  1.2
  8  2665 J8  1032  1546 J8  2017  1920 J8   246  8575 20683  8.9  8.6  2.23  0.07  15.15   8.44  11.85  12.74  89   202     0  0.8
  9  2627 J8  1121  3675 J8  3203  1187 J8   336  5767 17254  6.2  5.4  1.58  0.05  14.57   3.57   9.14  11.28  81   278     0  1.2
 10  1101 J8   386  1012 J8  1572   853 J8   238  3107 13713  8.4  7.4  1.20  0.03   8.23   1.29   4.63   5.83  82   421     0  2.1
 11   487 J8   172   758 J8   748   387 J8   151  1289 10232  8.0  6.9  1.00  0.03   4.23  -1.14   1.42   2.14  79   504     0  2.3
 12   203 J8    63   664 J8   698   150 J8    35   609  8124  6.5  5.7  0.74  0.03  -1.74 -10.05  -6.00  -5.30  84   751     0  1.2
 13  2022 J8  1441  1683 J8  1139  1346 J8   937  5649 16659  8.0  7.1  1.30  0.07   8.20   0.97   4.71   5.66  81  5015     0  1.7
