702320 ANIAK AIRPORT          AK  -9  N61 35  W159 32    26  1010
 1991-2010
 MO AVGLO FL SDGLO AVDIR FL SDDIR AVDIF FL SDDIF AVETR AETRN  TOT  OPQ   H2O   TAU  MAX_T  MIN_T  AVG_T  AVGDT  RH  HTDD  CLDD AVWS
  1   319 J8    33  1207 J8   456   191 J8    21   820  8954  5.6  4.8  0.54  0.06 -12.21 -19.80 -15.88 -15.14  72  1064     0  2.2
  2  1001 J8   115  2154 J8   749   549 J8    59  2233 12491  5.8  5.0  0.59  0.08  -7.27 -15.87 -11.25 -10.16  68   845     0  2.8
  3  2501 J8   208  3871 J8  1013  1164 J8   139  4694 16282  5.2  4.4  0.54  0.10  -4.37 -13.84  -8.76  -7.51  61   851     0  2.8
  4  4038 J8   256  4470 J8   876  1984 J8   213  7663 20013  5.9  5.0  0.73  0.11   3.36  -5.03  -0.56   0.43  62   575     0  2.8
  5  5584 J8   438  5537 J8  1233  2651 J8   255 10197 23441  5.8  4.9  1.08  0.12  11.55   2.43   7.24   8.09  59   352     0  2.6
  6  5632 J8   658  5705 J8  1502  2450 J8   232 11405 25454  6.0  5.1  1.65  0.11  16.86   7.48  12.45  13.06  63   186     1  2.1
  7  4997 J8   562  4900 J8  1401  2329 J8   229 10715 24215  6.6  5.8  2.05  0.09  17.80   9.78  13.88  14.52  70   143     2  1.8
  8  3348 J8   481  3194 J8  1132  1826 J8   130  8467 20910  7.4  6.9  1.93  0.07  15.25   8.36  11.77  12.59  75   203     1  1.8
  9  2388 J8   275  3318 J8  1043  1151 J8   123  5598 17290  6.7  6.0  1.37  0.05  10.69   3.65   7.12   8.20  74   335     0  2.1
 10  1170 J8   135  2312 J8   757   598 J8    58  2920 13567  6.7  6.0  0.87  0.04   1.66  -4.08  -1.13  -0.28  74   606     0  2.5
 11   463 J8    55  1480 J8   654   273 J8    31  1126  9866  6.3  5.6  0.67  0.04  -5.32 -12.04  -8.42  -7.79  74   810     0  2.4
 12   171 J8    20   965 J8   424   106 J8    10   477  7573  5.9  5.3  0.57  0.04 -10.97 -18.62 -14.58 -14.01  72  1027     0  2.1
 13  2634 J8   169  3260 J8   609  1273 J8    91  5526 16671  6.1  5.4  1.05  0.08   3.09  -4.80  -0.68   0.17  69  6996     4  2.3
 1991
  1   315 J8   130  1164 J8   881   198 J8    76   814  8934  6.4  5.2  0.64  0.05  -7.91 -17.99 -13.07 -12.27  74   970     0  2.6
  2   918 J8   332  1765 J8  1444   570 J8   188  2210 12447  6.2  5.6  0.56  0.07  -8.00 -18.16 -12.68 -11.42  69   879     0  2.7
  3  2190 J8   938  2603 J8  2070  1262 J8   274  4651 16224  7.2  6.1  0.64  0.08  -1.88 -10.87  -6.34  -5.62  65   766     0  2.9
  4  4278 J8  1174  4823 J8  2531  2039 J8   386  7619 19957  5.7  4.4  0.65  0.10   4.75  -2.55   1.23   2.11  58   517     0  2.7
  5  5997 J8  1195  6242 J8  2885  2673 J8   550 10166 23394  5.3  4.2  0.95  0.10  10.33   2.86   6.72   7.45  63   364     0  3.2
  6  6093 J8  1277  6876 J8  2745  2345 J8   522 11401 25446  5.4  4.3  1.69  0.10  16.91   8.31  12.72  13.28  60   174     3  2.8
  7  4894 J8  1347  4411 J8  2535  2464 J8   421 10739 24257  7.1  6.1  1.86  0.09  17.15   9.22  13.39  13.99  65   160     1  1.8
  8  3641 J8  1264  3463 J8  2296  1884 J8   338  8508 20965  6.9  6.4  1.81  0.10  14.86   8.10  11.46  12.31  67   212     0  2.3
  9  2488 J8   784  3124 J8  1674  1261 J8   273  5642 17346  6.4  5.4  1.45  0.11  12.69   6.63   9.55  10.44  64   260     0  3.1
 10   970 J8   500  1233 J8  1264   631 J8   194  2954 13626  7.6  6.7  0.90  0.12   3.57  -0.70   1.52   2.10  71   524     0  3.1
 11   420 J8   190   526 J8   601   337 J8   118  1144  9915  6.4  5.3  0.66  0.14  -6.55 -15.14 -10.27  -9.30  67   875     0  2.4
 12   132 J8    33   120 J8   132   122 J8    29   479  7581  6.9  6.2  0.50  0.17 -12.91 -21.79 -17.15 -16.86  77  1106     0  1.8
 13  2695 J8  2226  3029 J8  2209  1316 J8   940  5527 16674  6.5  5.5  1.03  0.10   3.59  -4.34  -0.24   0.52  67  6807     3  2.6
 1992
  1   264 J8   104   369 J8   432   222 J8    82   808  8910  6.8  5.5  0.53  0.20 -10.57 -19.29 -14.81 -14.90  79  1031     0  1.7
  2   861 J8   419   801 J8   961   662 J8   235  2231 12483  6.6  5.8  0.52  0.24  -8.34 -20.15 -14.15 -13.50  75   945     0  2.2
  3  2290 J8   830  2357 J8  1773  1401 J8   318  4722 16317  6.0  4.8  0.46  0.27  -3.31 -12.84  -8.00  -6.92  70   819     0  2.9
  4  3975 J8  1307  3143 J8  2407  2391 J8   602  7690 20042  6.5  5.3  0.65  0.29   1.50  -5.78  -1.91  -1.10  63   614     0  2.9
  5  4893 J8  1730  3276 J8  2783  3055 J8   649 10215 23468  6.6  5.7  0.98  0.28   6.49  -0.37   3.17   3.70  66   473     0  3.5
  6  5513 J8  1166  4162 J8  1986  3004 J8   326 11408 25459  6.3  5.4  1.50  0.26  16.53   8.02  12.54  13.04  61   182     0  2.7
  7  4935 J8  1250  3862 J8  2431  2718 J8   416 10700 24189  6.7  5.8  1.88  0.22  18.60   9.83  14.29  15.03  70   128     0  1.6
  8  2819 J8  1094  1632 J8  1856  1971 J8   381  8441 20880  8.3  8.0  1.73  0.18  14.48   9.30  11.70  12.30  78   200     0  2.3
  9  2192 J8   773  2417 J8  2326  1266 J8   400  5570 17257  6.5  5.6  0.98  0.15   4.56  -1.29   1.80   2.52  71   501     0  2.3
 10  1124 J8   465  2155 J8  1748   587 J8   184  2897 13531  4.9  4.6  0.79  0.12  -1.09  -6.57  -3.77  -3.05  75   687     0  2.6
 11   400 J8   188   537 J8   665   317 J8   105  1114  9836  7.4  6.2  0.63  0.11  -5.00 -12.79  -8.50  -7.81  77   817     0  2.4
 12   130 J8    45   187 J8   278   115 J8    28   476  7567  8.0  7.3  0.53  0.10 -10.34 -19.65 -14.73 -14.10  67  1033     0  2.1
 13  2450 J8  1971  2075 J8  1381  1476 J8  1117  5523 16662  6.7  5.8  0.93  0.20   1.96  -5.97  -1.86  -1.23  71  7428     0  2.4
 1993
  1   258 J8   119   274 J8   379   225 J8    84   829  8985  8.2  7.1  0.46  0.11 -13.56 -21.34 -17.34 -16.24  78  1109     0  2.6
  2   890 J8   411  1180 J8  1013   618 J8   173  2246 12517  7.1  6.0  0.61  0.12  -4.17 -12.77  -7.90  -6.82  64   750     0  2.9
  3  2552 J8   782  3233 J8  1925  1375 J8   357  4701 16294  6.4  4.8  0.58  0.14  -0.81  -9.35  -4.54  -3.34  50   726     0  3.1
  4  4185 J8   894  3870 J8  1910  2350 J8   515  7670 20026  6.1  5.0  0.79  0.15   4.86  -4.01   0.81   1.85  53   537     0  2.8
  5  5625 J8  1158  4650 J8  2469  3062 J8   531 10202 23453  6.8  5.2  1.24  0.15  13.22   3.64   8.70   9.55  55   307     0  2.6
  6  5757 J8  1101  4931 J8  1869  2810 J8   346 11407 25460  6.7  5.4  1.53  0.14  16.99   7.62  12.56  13.16  43   181     0  2.1
  7  4840 J8  1486  4016 J8  2852  2547 J8   475 10712 24208  7.6  6.6  2.07  0.12  19.38  10.95  15.11  15.75  54   106     8  1.9
  8  3072 J8  1067  2227 J8  1902  1954 J8   362  8460 20903  8.6  7.8  1.90  0.09  15.23   8.88  12.20  12.93  59   195     0  2.2
  9  1948 J8   719  1756 J8  1803  1303 J8   389  5591 17280  8.6  7.7  1.25  0.07   9.78   3.09   6.59   7.40  80   357     0  2.4
 10   915 J8   447   875 J8  1046   682 J8   239  2914 13556  8.7  8.2  1.01  0.05   4.09  -0.75   1.54   2.31  82   516     0  2.3
 11   387 J8   168   610 J8   616   306 J8   109  1123  9857  8.4  6.9  0.73  0.05  -3.06  -8.88  -5.75  -5.22  79   729     0  3.0
 12   141 J8    54   265 J8   313   124 J8    43   477  7568  8.3  7.6  0.60  0.05  -6.51 -11.80  -8.99  -8.68  76   852     0  2.5
 13  2548 J8  2120  2324 J8  1743  1446 J8  1070  5528 16676  7.6  6.5  1.06  0.10   4.62  -2.89   1.08   1.89  64  6365     8  2.6
 1994
  1   284 J8   139   545 J8   544   227 J8    95   822  8961  7.7  6.4  0.58  0.06 -12.02 -19.59 -15.38 -14.73  76  1058     0  1.9
  2   842 J8   423  1177 J8  1541   575 J8   167  2229 12483  7.6  6.7  0.52  0.08 -10.25 -16.74 -13.21 -12.27  61   891     0  2.8
  3  2509 J8   782  3568 J8  2307  1274 J8   473  4677 16262  6.1  4.7  0.47  0.10  -6.22 -17.35 -11.13  -9.58  63   934     0  3.0
  4  3754 J8  1194  3261 J8  2335  2220 J8   451  7646 19993  7.7  6.4  0.69  0.11   4.66  -4.42   0.34   1.50  62   546     0  2.7
  5  5830 J8   988  5393 J8  2010  2872 J8   578 10185 23426  6.2  5.2  1.09  0.11  12.13   2.75   7.85   8.83  61   338     0  2.6
  6  5569 J8  1686  5377 J8  3290  2477 J8   510 11404 25451  7.0  5.7  1.58  0.11  16.19   6.33  11.49  12.19  68   213     1  2.0
  7  4405 J8  1532  3544 J8  2807  2450 J8   392 10725 24228  8.1  7.0  2.02  0.09  17.07   9.91  13.37  13.93  74   150     0  2.0
  8  3065 J8  1348  2548 J8  2740  1770 J8   356  8482 20929  8.4  7.9  2.00  0.07  14.87   8.31  11.46  12.19  65   209     0  2.1
  9  2288 J8   758  2894 J8  2393  1233 J8   378  5615 17311  7.0  6.5  1.36  0.05  10.46   3.51   6.84   8.00  57   340     0  2.2
 10  1101 J8   475  1606 J8  1512   671 J8   191  2933 13590  8.0  7.1  0.70  0.04  -0.91  -8.49  -4.02  -2.99  53   714     0  2.3
 11   375 J8   152   456 J8   558   318 J8   104  1133  9888  8.8  7.8  0.53  0.03  -6.69 -15.62 -10.87 -10.23  60   885     0  2.8
 12   158 J8    55   507 J8   518   123 J8    33   478  7578  7.5  6.7  0.51  0.04 -11.26 -21.30 -15.87 -15.24  59  1073     0  2.9
 13  2515 J8  2038  2573 J8  1760  1351 J8   984  5527 16675  7.5  6.5  1.00  0.07   2.33  -6.06  -1.60  -0.70  63  7351     2  2.4
 1995
  1   285 J8   124   718 J8   659   209 J8    75   815  8936  7.5  6.4  0.54  0.05  -9.24 -17.15 -12.87 -12.16  56   977     0  2.0
  2   877 J8   365  1416 J8  1328   580 J8   191  2213 12450  7.3  6.3  0.61  0.07  -6.90 -14.72 -10.38  -9.03  46   816     0  3.1
  3  2409 J8   862  3108 J8  1930  1292 J8   399  4654 16229  6.9  5.6  0.54  0.08  -8.43 -17.75 -12.67 -11.46  54   974     0  2.7
  4  3953 J8  1055  3615 J8  2228  2228 J8   478  7622 19962  7.4  6.1  0.75  0.10   5.45  -1.73   2.00   2.97  55   494     0  2.6
  5  5448 J8  1275  5073 J8  2557  2764 J8   513 10168 23397  6.4  5.3  1.13  0.10  13.33   3.83   8.81   9.79  49   302     0  2.7
  6  5497 J8  1320  5057 J8  2574  2604 J8   358 11401 25446  7.2  5.7  1.63  0.10  15.96   6.71  11.49  12.12  54   210     0  2.1
  7  4907 J8  1434  4488 J8  2887  2369 J8   453 10737 24255  7.2  6.4  2.09  0.09  18.38   9.57  14.15  14.88  63   135     0  1.8
  8  2525 J8  1062  1547 J8  2174  1791 J8   241  8504 20960  9.0  8.5  1.93  0.07  14.45   8.41  11.39  12.08  82   214     0  1.6
  9  2404 J8   797  3290 J8  2509  1207 J8   377  5639 17343  6.8  5.7  1.53  0.05  13.33   5.94   9.76  10.85  78   261     0  2.0
 10  1100 J8   532  1942 J8  2055   622 J8   194  2952 13619  7.6  7.0  0.79  0.03   1.59  -4.00  -1.08  -0.18  82   606     0  2.4
 11   403 J8   131   653 J8   707   327 J8   113  1143  9912  8.0  7.1  0.58  0.03 -10.48 -18.18 -13.99 -13.05  72   980     0  1.7
 12   163 J8    51   646 J8   591   118 J8    34   479  7580  7.2  6.2  0.63  0.03 -11.20 -18.04 -14.24 -13.40  72  1021     0  2.0
 13  2498 J8  2022  2629 J8  1694  1343 J8   981  5527 16674  7.4  6.4  1.06  0.07   3.02  -4.76  -0.64   0.29  64  6990     0  2.2
 1996
  1   292 J8   115   924 J8   958   204 J8    97   808  8915  6.6  5.8  0.48  0.05 -13.78 -19.93 -16.46 -15.69  69  1091     0  2.3
  2   950 J8   316  1720 J8  1329   604 J8   218  2233 12487  6.9  5.8  0.41  0.07 -10.45 -20.01 -14.81 -13.33  70   973     0  2.9
  3  2363 J8   778  3209 J8  2315  1247 J8   311  4725 16321  6.1  5.3  0.72  0.08   1.24  -8.11  -3.20  -1.77  60   675     0  3.0
  4  3732 J8  1123  3508 J8  2551  2135 J8   447  7693 20049  7.1  6.2  0.68  0.10   2.64  -6.85  -1.70  -0.46  56   613     0  3.0
  5  5213 J8  1499  4326 J8  2951  2958 J8   580 10217 23469  7.4  6.0  1.03  0.11  12.76   2.30   7.99   8.99  57   335     0  2.5
  6  4692 J8  1762  3942 J8  3383  2484 J8   429 11408 25459  7.3  6.7  1.50  0.10  15.50   5.89  11.08  11.72  64   229     0  2.5
  7  5017 J8  1434  4691 J8  3001  2431 J8   459 10698 24187  7.0  6.1  1.91  0.08  16.95   8.96  12.95  13.67  66   167     0  2.0
  8  2982 J8   921  2117 J8  2348  2045 J8   478  8438 20874  8.4  7.9  1.72  0.06  14.17   7.01  10.63  11.46  74   240     0  1.9
  9  2707 J8  1102  4442 J8  3426  1058 J8   382  5567 17254  5.2  4.9  1.00  0.04   7.62  -0.94   3.24   4.62  69   450     0  2.5
 10  1418 J8   667  3792 J8  2672   496 J8   232  2894 13526  4.3  3.8  0.74  0.03  -0.94  -8.27  -4.52  -3.44  69   711     0  2.5
 11   495 J8   205  1817 J8  1406   268 J8   121  1113  9832  5.8  5.5  0.74  0.03  -4.27 -10.59  -7.37  -6.94  74   773     0  2.6
 12   159 J8    70   936 J9   911    96 J8    31   475  7567  6.4  5.9  0.48  0.03 -11.87 -20.56 -15.62 -14.43  72  1071     0  2.5
 13  2502 J8  1865  2952 J8  1378  1336 J8  1026  5523 16662  6.5  5.8  0.95  0.07   2.46  -5.92  -1.48  -0.47  67  7326     0  2.5
 1997
  1   351 J8   152  1411 J8  1052   204 J8    89   830  8988  4.3  3.8  0.50  0.05  -7.26 -15.62 -11.17 -10.49  70   923     0  2.3
  2  1069 J8   364  2258 J8  1574   600 J8   285  2248 12520  5.9  4.9  0.66  0.07  -2.83 -10.03  -6.25  -5.45  71   693     0  2.7
  3  2369 J8  1082  3322 J8  2919  1203 J8   420  4704 16298  5.8  5.5  0.41  0.08  -3.33 -12.78  -7.73  -6.35  55   818     0  2.6
  4  4529 J8  1332  5913 J8  3174  1795 J8   527  7673 20033  4.3  3.6  0.76  0.10   5.76  -3.71   1.39   2.51  59   519     0  2.9
  5  6329 J8  1504  7694 J8  3715  2292 J8   726 10205 23456  3.5  2.9  1.06  0.10  14.61   3.21   9.42  10.53  50   292     0  3.0
  6  6185 J8  1767  7483 J8  3876  2133 J8   635 11407 25460  4.3  3.6  1.56  0.10  19.58   7.92  14.11  14.85  62   139     1  1.9
  7  5385 J8  1624  6192 J8  3733  2125 J8   608 10710 24207  5.3  4.9  2.07  0.09  18.52   9.33  14.12  14.85  69   148    11  1.9
  8  2980 J8  1464  2461 J8  2837  1852 J8   443  8457 20896  7.9  7.4  2.12  0.07  15.32   9.28  12.41  13.09  75   189     2  2.3
  9  2609 J8   734  4192 J8  2857  1073 J8   479  5588 17276  5.7  5.3  1.60  0.05  12.54   5.30   8.98  10.11  75   282     0  2.1
 10  1377 J8   555  3761 J8  2393   471 J8   201  2912 13552  4.4  4.0  0.65  0.03  -2.65  -9.80  -6.03  -5.04  65   761     0  2.5
 11   493 J8   192  1861 J8  1415   264 J8   123  1122  9853  5.9  5.3  0.65  0.03  -4.20  -9.90  -6.71  -6.21  77   761     0  2.8
 12   177 J8    55  1081 J8   913   103 J8    35   477  7568  5.9  5.4  0.39  0.03 -15.39 -24.20 -19.37 -18.40  71  1182     0  2.0
 13  2821 J8  2277  3969 J8  2335  1176 J8   835  5528 16676  5.3  4.7  1.04  0.07   4.22  -4.25   0.27   1.17  67  6707    15  2.4
 1998
  1   344 J8   150  1563 J8  1036   183 J8   100   823  8965  4.0  3.5  0.52  0.05 -15.18 -22.12 -18.41 -17.53  68  1146     0  2.4
  2  1112 J8   447  3172 J8  1884   448 J8   139  2231 12487  3.7  3.2  0.65  0.07  -6.43 -13.26  -9.49  -8.39  75   789     0  2.1
  3  2182 J8   909  2813 J8  2398  1207 J8   472  4680 16265  7.0  5.9  0.74  0.08  -1.07  -9.60  -5.25  -4.25  59   734     0  2.9
  4  4015 J8  1346  4679 J8  3412  1945 J8   622  7649 19998  5.4  4.5  0.71  0.10   4.49  -3.36   0.65   1.57  68   533     0  3.0
  5  4623 J8  1450  3135 J8  2575  2954 J8   494 10188 23429  8.0  7.2  1.00  0.10   8.73   1.67   5.22   5.80  71   407     0  3.5
  6  5492 J8  1222  5070 J8  2709  2590 J8   448 11404 25450  6.9  5.8  1.59  0.10  15.78   6.81  11.52  12.08  67   211     0  2.2
  7  5071 J8  1383  5053 J8  3257  2333 J8   572 10723 24223  6.7  5.9  2.15  0.09  18.15  10.03  14.12  14.79  75   132     0  1.7
  8  3250 J8  1204  2843 J8  2679  1937 J8   453  8479 20925  7.7  7.1  1.79  0.07  12.74   6.15   9.45  10.17  81   276     0  2.2
  9  2192 J8   931  2678 J8  2681  1204 J8   349  5612 17307  7.6  6.9  1.32  0.05  10.38   4.12   7.18   8.03  83   332     0  2.1
 10  1279 J8   755  2892 J8  2931   523 J8   186  2930 13588  5.9  5.7  0.74  0.03   2.47  -3.16  -0.32   0.52  78   579     0  2.7
 11   471 J8   238  1534 J8  1526   267 J8   128  1132  9885  6.9  6.4  0.76  0.03  -5.24 -10.80  -7.77  -7.19  81   791     0  2.0
 12   191 J8    53  1521 J8   924    90 J8    27   478  7577  3.9  3.7  0.49  0.03 -16.57 -23.99 -19.94 -19.21  73  1197     0  1.9
 13  2519 J8  1922  3079 J8  1274  1307 J8  1019  5527 16675  6.1  5.5  1.04  0.07   2.35  -4.79  -1.09  -0.30  73  7126     0  2.4
 1999
  1   337 J8   187  1545 J8  1201   166 J8    67   816  8940  4.1  3.7  0.52  0.05 -16.70 -25.95 -20.90 -19.54  74  1229     0  2.3
  2  1099 J8   358  2983 J8  1731   496 J8   214  2215 12458  4.0  3.5  0.36  0.07 -14.79 -24.56 -19.60 -17.94  72  1064     0  2.3
  3  2573 J8   580  4476 J8  2189  1126 J8   478  4657 16233  3.5  2.8  0.48  0.08  -7.05 -18.93 -12.50 -10.64  62   971     0  2.4
  4  3884 J8  1495  3987 J8  3203  2023 J8   572  7625 19965  6.6  5.8  0.64  0.10   1.43  -5.74  -1.94  -1.13  67   615     0  3.2
  5  5815 J8  1539  6272 J8  3644  2484 J8   663 10170 23400  5.1  4.3  0.80  0.10   9.27  -0.21   4.85   5.70  62   428     0  2.4
  6  5564 J8  1787  5714 J8  3796  2392 J8   614 11401 25446  6.5  5.3  1.57  0.10  16.09   8.05  12.15  12.66  70   188     0  1.8
  7  4670 J8  1797  4383 J8  3764  2300 J8   562 10735 24250  6.7  6.1  1.94  0.09  16.48   9.02  12.71  13.22  78   173     0  1.7
  8  3987 J8  1471  5011 J8  3963  1656 J8   622  8501 20957  5.7  5.4  1.97  0.07  15.34   8.00  11.67  12.69  79   206     0  2.0
  9  2339 J8  1052  2988 J8  3152  1220 J8   377  5635 17337  7.2  6.3  1.36  0.05  11.64   4.71   8.18   9.19  78   305     0  2.3
 10  1198 J8   516  2302 J8  2160   647 J8   287  2949 13615  6.5  5.8  0.72  0.03  -1.58  -7.45  -4.34  -3.48  78   708     0  1.7
 11   489 J8   205  1870 J8  1638   254 J8   125  1141  9910  5.4  4.7  0.68  0.03  -9.88 -16.86 -13.34 -12.65  70   951     0  2.2
 12   181 J8    64  1178 J8  1100   103 J8    41   479  7579  5.4  4.9  0.52  0.03 -21.95 -30.66 -25.93 -24.96  67  1384     0  1.6
 13  2678 J8  2059  3559 J8  1669  1239 J8   911  5527 16674  5.6  4.9  0.96  0.07  -0.14  -8.38  -4.08  -3.07  71  8221     0  2.1
 2000
  1   327 J8   153  1428 J8  1162   181 J8    77   809  8917  5.2  4.4  0.44  0.05 -15.56 -23.34 -19.48 -18.83  71  1171     0  2.1
  2  1081 J8   415  2545 J8  1589   543 J8   240  2235 12490  5.0  4.1  0.66  0.07   0.93  -6.31  -2.26  -1.57  72   610     0  3.5
  3  2480 J8   879  3864 J8  2580  1179 J8   352  4728 16325  5.4  4.4  0.67  0.08  -1.57  -9.02  -5.11  -4.26  66   732     0  3.1
  4  4557 J8  1349  6207 J8  3703  1748 J8   618  7696 20055  4.1  3.5  0.72  0.10   3.55  -5.73  -0.81   0.26  60   583     0  2.8
  5  5668 J8  1502  5858 J8  3809  2627 J8   838 10219 23473  5.5  4.5  0.92  0.11   9.21   0.66   5.02   5.82  59   415     0  2.2
  6  6553 J8  1350  7904 J8  3309  2142 J8   550 11408 25459  4.4  3.5  1.50  0.10  17.77   6.63  12.58  13.33  61   186     2  2.2
  7  5026 J8  1439  4804 J8  3236  2400 J8   513 10696 24184  7.0  6.1  1.79  0.08  16.23   8.66  12.42  12.96  75   183     0  1.8
  8  2949 J8  1215  2512 J8  2722  1848 J8   474  8435 20869  7.7  7.4  1.72  0.06  13.61   7.32  10.38  11.09  79   244     0  2.3
  9  2448 J8   890  3959 J8  3286  1046 J8   480  5564 17250  6.1  5.6  1.12  0.04   9.11   1.99   5.36   6.50  76   383     0  1.8
 10  1312 J8   542  2965 J8  2042   569 J8   238  2892 13524  6.4  5.2  0.83  0.03   1.68  -5.01  -1.52  -0.54  78   620     0  2.6
 11   554 J8   231  2316 J8  1539   258 J8   147  1112  9825  4.4  3.8  0.75  0.03  -1.74  -6.48  -4.08  -3.69  73   673     0  3.4
 12   203 J8    44  1550 J8   787   100 J8    40   475  7566  3.8  3.2  0.76  0.03  -1.74  -7.89  -4.95  -4.54  69   717     0  3.3
 13  2763 J8  2209  3826 J8  2016  1220 J8   908  5522 16661  5.4  4.6  0.99  0.07   4.29  -3.21   0.63   1.38  70  6517     2  2.6
 2001
  1   341 J8   160  1280 J8  1130   201 J8    82   831  8989  5.9  5.1  0.60  0.05  -4.35  -9.76  -6.77  -6.13  73   787     0  3.1
  2  1134 J8   456  2703 J8  1859   548 J8   200  2250 12524  4.8  4.1  0.62  0.07  -2.05  -9.29  -5.18  -4.11  72   672     0  3.4
  3  2642 J8   814  4157 J8  2511  1239 J8   441  4707 16300  4.8  4.0  0.60  0.08  -4.85 -12.94  -8.65  -7.66  60   844     0  3.2
  4  4024 J8  1498  3970 J8  3266  2127 J8   505  7676 20035  6.6  5.7  0.74  0.10   3.78  -3.89  -0.00   0.84  72   551     0  3.1
  5  6107 J8  1630  6678 J8  3986  2525 J8   790 10207 23460  5.0  4.1  0.85  0.10   7.78  -1.08   3.56   4.33  56   464     0  2.7
  6  6026 J8  1723  6737 J8  4248  2382 J8   702 11407 25461  4.8  4.3  1.70  0.10  17.37   7.79  13.01  13.66  63   173     0  2.0
  7  4787 J8  1477  4061 J8  3197  2612 J8   513 10708 24205  7.5  6.6  2.04  0.09  15.51   9.28  12.54  12.98  78   184     0  2.0
  8  4002 J8  1260  4304 J8  3155  1933 J8   494  8454 20890  6.4  5.9  2.01  0.07  15.90   8.53  12.06  13.06  77   190     0  1.9
  9  2654 J8   911  4095 J8  3089  1098 J8   431  5585 17270  6.3  5.6  1.35  0.05  11.27   4.88   7.94   9.12  75   308     0  1.8
 10  1172 J8   494  2321 J8  2124   626 J8   265  2909 13549  6.7  6.1  0.70  0.03  -1.14  -6.68  -3.97  -2.91  75   689     0  2.5
 11   559 J8   223  2379 J8  1345   254 J8   133  1121  9848  3.6  3.2  0.66  0.03 -10.19 -17.04 -13.41 -12.58  73   958     0  2.0
 12   198 J8    57  1253 J8  1010   111 J8    33   476  7568  5.1  4.8  0.46  0.03 -17.85 -25.64 -21.60 -20.84  75  1242     0  1.5
 13  2804 J8  2165  3661 J8  1796  1305 J8   965  5528 16675  5.6  5.0  1.03  0.07   2.60  -4.66  -0.87  -0.02  71  7063     0  2.4
 2002
  1   333 J8   155  1134 J8  1211   209 J8    85   824  8969  6.0  5.4  0.68  0.05  -8.47 -14.97 -11.81 -11.42  77   932     0  2.8
  2  1107 J8   407  2345 J8  1728   598 J8   209  2233 12492  6.3  5.8  0.58  0.07  -6.50 -13.74  -9.65  -8.62  71   797     0  2.9
  3  2625 J8   926  4715 J8  2905  1061 J8   495  4683 16270  3.7  3.3  0.58  0.08  -1.37  -9.97  -5.42  -4.08  63   744     0  2.8
  4  3835 J8  1350  4863 J8  3949  1678 J8   601  7652 20000  5.0  4.7  0.76  0.10   2.43  -6.01  -1.44  -0.57  64   604     0  2.8
  5  5864 J8  1800  6180 J8  3982  2520 J8   667 10190 23431  5.7  4.5  1.13  0.10  10.90   2.74   6.96   7.68  65   357     0  2.5
  6  6514 J8  1238  7786 J8  3120  2171 J8   494 11405 25451  4.6  3.5  1.66  0.10  18.61   7.99  13.90  14.53  60   152     1  2.1
  7  5590 J8  1187  6026 J8  3209  2268 J8   605 10721 24222  6.3  5.0  2.08  0.09  18.16   9.30  13.86  14.59  72   143     1  2.1
  8  3898 J8  1650  4384 J8  3549  1705 J8   389  8476 20923  7.0  6.1  1.82  0.07  16.39   7.93  12.28  13.17  74   192     0  1.5
  9  2278 J8   837  2874 J8  2413  1232 J8   335  5608 17302  7.1  6.3  1.52  0.05  11.33   4.72   7.92   8.90  78   309     0  2.2
 10  1342 J8   567  3114 J8  2117   567 J8   222  2928 13580  5.7  4.8  1.19  0.03   5.95  -0.00   2.95   3.66  72   476     0  3.4
 11   528 J8   204  2341 J8  1420   236 J8   109  1130  9879  4.8  4.2  0.91  0.03   0.07  -5.90  -2.63  -2.02  74   637     0  2.3
 12   177 J8    54  1075 J8   924   106 J8    41   478  7577  5.5  4.7  0.69  0.03  -6.51 -11.90  -9.40  -9.41  76   854     0  1.6
 13  2841 J8  2269  3903 J8  2106  1196 J8   863  5527 16675  5.6  4.9  1.13  0.07   5.08  -2.48   1.46   2.20  70  6196     2  2.4
 2003
  1   353 J8   179  1757 J8  1144   162 J8    75   817  8942  4.1  3.5  0.75  0.05  -8.55 -16.14 -12.53 -11.91  69   951     0  1.9
  2   918 J8   385  1552 J8  1366   583 J8   208  2217 12464  7.3  6.5  0.88  0.07  -1.51  -7.11  -4.04  -3.31  75   634     0  2.8
  3  2613 J8   888  4807 J8  2905   984 J8   408  4660 16235  3.6  3.2  0.42  0.08  -5.65 -14.85  -9.84  -8.55  55   886     0  3.1
  4  3886 J8  1423  4612 J8  3307  1791 J8   502  7628 19968  5.1  4.9  0.78  0.10   5.20  -3.34   1.11   2.10  63   522     0  2.7
  5  5723 J8  1758  6429 J8  4004  2339 J8   670 10173 23405  5.3  4.6  1.01  0.10  10.83   2.10   6.78   7.51  58   368     0  2.6
  6  6026 J8  1502  6433 J8  3159  2371 J8   501 11402 25445  5.3  4.5  1.77  0.10  18.07   7.86  13.27  13.94  63   161     0  2.2
  7  5150 J8  1754  5442 J8  4011  2251 J8   614 10733 24246  5.8  5.4  2.15  0.09  18.26   9.66  14.16  14.77  69   137     1  2.1
  8  4037 J8  1264  4492 J8  3050  1837 J8   507  8498 20952  6.4  5.6  2.08  0.07  16.97   8.94  12.86  13.87  76   172     6  1.4
  9  3071 J8  1094  6115 J8  3554   802 J8   307  5632 17334  3.5  3.3  1.13  0.05  11.13   1.50   6.40   7.94  62   360     0  2.1
 10  1266 J8   593  2795 J8  2203   553 J8   200  2947 13612  6.5  5.8  1.14  0.03   4.65  -0.80   1.88   2.69  72   509     0  2.2
 11   459 J8   236  1473 J8  1514   263 J8   113  1140  9905  7.2  6.3  0.85  0.03  -1.73  -8.47  -4.90  -4.42  79   703     0  2.4
 12   176 J8    65  1220 J8  1022    94 J8    26   479  7579  5.1  4.8  0.51  0.03 -12.83 -21.85 -16.86 -16.01  74  1106     0  1.9
 13  2807 J8  2165  3927 J8  2049  1169 J8   889  5527 16674  5.4  4.9  1.12  0.07   4.57  -3.54   0.69   1.55  68  6509     7  2.3
 2004
  1   346 J8   156  1748 J8  1103   161 J8    53   810  8920  3.4  3.1  0.40  0.05 -15.06 -22.94 -19.01 -18.28  69  1157     0  1.7
  2  1083 J8   412  2527 J8  1793   559 J8   286  2237 12491  5.3  4.4  0.69  0.07  -5.51 -14.51  -9.64  -8.29  70   822     0  2.5
  3  2793 J8  1070  5092 J8  3045  1007 J8   293  4731 16327  3.9  3.0  0.51  0.08  -6.16 -16.02 -10.41  -9.13  60   912     0  2.7
  4  4258 J8  1097  5165 J8  2742  1984 J8   549  7699 20060  4.6  4.0  0.88  0.10   5.83  -3.03   1.70   2.83  64   508     0  2.5
  5  5446 J8  1418  5251 J8  3636  2639 J8   742 10222 23475  6.0  5.6  1.56  0.11  14.10   5.26   9.72  10.54  65   268     0  2.1
  6  6478 J8  1326  7586 J8  3136  2202 J8   558 11408 25459  4.4  3.8  1.97  0.10  19.43   9.17  14.62  15.24  64   127     6  1.8
  7  6213 J8  1378  8114 J8  3574  1816 J8   530 10694 24180  4.2  3.4  2.26  0.08  20.94  11.84  16.47  17.26  67    62     1  1.9
  8  3765 J8  1336  4212 J8  3576  1782 J8   536  8432 20864  6.4  6.0  2.44  0.06  18.83  10.41  14.44  15.44  73   121     6  1.7
  9  2442 J8   910  3434 J8  2579  1126 J8   280  5561 17246  6.7  6.1  1.23  0.04   9.83   1.70   5.61   6.89  71   377     0  1.9
 10  1183 J8   621  2306 J8  2169   604 J8   212  2890 13520  7.3  6.9  1.06  0.03   5.23   0.03   2.62   3.48  74   487     0  2.7
 11   438 J8   247  1363 J8  1431   246 J8    84  1110  9821  7.0  6.5  0.75  0.03  -1.30  -6.98  -3.68  -3.02  73   674     0  3.2
 12   181 J8    40  1033 J8   941   113 J8    39   475  7565  6.4  5.9  0.65  0.03  -7.31 -13.93 -10.79 -10.84  74   897     0  2.4
 13  2885 J8  2322  3986 J8  2338  1187 J8   873  5522 16661  5.5  4.9  1.20  0.07   4.90  -3.25   0.97   1.84  69  6412    13  2.2
 2005
  1   356 J8   194  1643 J8  1378   172 J8    79   832  8994  4.0  3.6  0.63  0.05 -10.66 -16.76 -13.67 -13.13  65   993     0  2.3
  2  1160 J8   364  3065 J8  1596   550 J8   273  2252 12527  4.0  3.0  0.61  0.07 -11.25 -21.98 -16.16 -14.83  66   978     0  2.9
  3  2760 J8   959  5045 J8  2463  1020 J8   274  4710 16305  3.3  2.8  0.60  0.08  -1.72 -10.54  -6.01  -4.77  62   758     0  2.6
  4  4377 J8  1206  5773 J8  3332  1792 J8   577  7680 20038  4.3  3.7  0.70  0.10   2.11  -6.88  -1.86  -0.80  62   622     0  2.6
  5  5899 J8  1394  6595 J8  3276  2517 J8   613 10209 23461  4.4  3.4  1.31  0.10  14.55   3.77   9.57  10.52  58   284     0  2.4
  6  6079 J8  1593  7005 J8  3336  2230 J8   568 11407 25460  4.7  3.8  1.74  0.10  18.03   7.71  13.26  13.92  64   169     5  1.8
  7  6160 J8  1504  8037 J8  3480  1818 J8   489 10706 24198  3.6  3.2  2.04  0.09  19.19  10.15  14.77  15.52  72   114     0  1.9
  8  3741 J8  1791  4486 J8  4024  1524 J8   378  8451 20885  6.4  6.1  1.99  0.07  17.31  10.04  13.66  14.55  72   147     2  1.7
  9  1997 J8   951  2108 J8  2669  1207 J8   276  5581 17267  8.0  7.5  1.66  0.05  10.92   5.26   8.12   9.07  76   307     0  2.1
 10  1217 J8   541  2562 J8  2219   601 J8   272  2907 13548  6.8  5.9  0.84  0.03   1.73  -3.16  -0.68   0.19  76   590     0  2.0
 11   455 J8   232  1506 J8  1760   264 J8   125  1120  9847  6.2  5.9  0.44  0.03 -13.31 -20.62 -16.50 -15.71  71  1059     0  2.1
 12   171 J8    50   959 J8   907   106 J8    31   476  7568  5.9  5.4  0.81  0.03  -7.51 -14.11 -10.71 -10.20  76   903     0  1.7
 13  2864 J8  2320  4065 J8  2413  1150 J8   828  5528 16675  5.1  4.5  1.11  0.07   3.28  -4.76  -0.52   0.36  68  6925     8  2.2
 2006
  1   367 J8   187  1739 J8  1376   174 J8    55   825  8973  4.5  3.9  0.37  0.05 -21.49 -27.03 -24.16 -22.97  82  1320     0  1.2
  2   925 J8   366  1998 J8  1605   522 J8   173  2235 12496  5.8  5.3  0.61  0.07  -2.79 -10.61  -6.46  -5.68  68   701     0  3.9
  3  2581 J8  1149  4304 J8  3200  1041 J8   309  4686 16272  4.7  4.3  0.53  0.08  -5.95 -16.55 -10.72  -9.11  60   917     0  3.1
  4  4117 J8  1304  4948 J8  3483  1868 J8   635  7655 20004  5.7  5.0  0.63  0.10  -0.55  -9.35  -4.53  -3.60  63   698     0  2.8
  5  5984 J8  1746  7178 J8  4021  2209 J8   562 10192 23433  4.3  3.7  1.08  0.10  13.88   3.06   8.81   9.85  55   306     0  2.7
  6  5611 J8  1855  6066 J8  3978  2295 J8   518 11405 25451  5.1  4.7  1.71  0.10  15.81   6.86  11.54  12.15  64   210     0  2.4
  7  5210 J8  1805  5389 J8  3641  2250 J8   464 10719 24220  6.6  5.6  2.09  0.09  17.28  10.17  13.96  14.50  69   147     4  1.7
  8  3097 J8  1198  2861 J8  3026  1802 J8   463  8473 20917  7.6  7.2  1.85  0.07  14.12   7.57  10.81  11.60  76   232     0  1.4
  9  2467 J8  1176  3418 J8  3206  1114 J8   322  5605 17298  7.1  6.5  1.58  0.05  13.07   4.82   8.94  10.23  74   282     0  1.7
 10  1180 J8   473  2260 J8  1905   618 J8   268  2926 13576  7.6  6.8  1.14  0.03   5.38   0.06   2.78   3.45  76   484     0  2.8
 11   522 J8   215  2343 J8  1561   228 J8   115  1129  9876  4.5  3.9  0.53  0.03  -6.94 -14.52 -10.58  -9.74  71   872     0  2.6
 12   175 J8    61  1077 J8   959   103 J8    35   478  7578  5.7  5.4  0.49  0.03 -13.45 -19.49 -16.39 -15.81  73  1079     0  1.8
 13  2686 J8  2128  3632 J8  1924  1185 J8   861  5527 16675  5.8  5.2  1.05  0.07   2.36  -5.42  -1.33  -0.43  69  7247     4  2.3
 2007
  1   301 J8   150  1137 J8  1104   181 J8    65   818  8946  6.2  5.6  0.57  0.05  -7.75 -18.63 -13.18 -12.55  73   977     0  3.2
  2  1126 J8   465  2912 J8  1851   488 J8   133  2219 12466  4.4  3.6  0.59  0.07 -11.98 -21.84 -17.09 -16.25  55   987     0  2.3
  3  2917 J8   656  6179 J8  2111   857 J8   370  4663 16240  1.9  1.7  0.29  0.08  -7.34 -18.24 -12.36 -11.05  55   965     0  2.9
  4  3985 J8  1116  4190 J8  2703  2072 J8   489  7631 19974  6.3  5.2  0.90  0.10   4.39  -4.88   0.22   1.38  61   557     0  2.4
  5  5429 J8  1379  5148 J8  3259  2720 J8   722 10175 23410  6.8  5.6  1.28  0.10  12.87   3.67   8.56   9.52  53   312     0  2.0
  6  5024 J8  1658  4549 J8  3281  2530 J8   389 11402 25448  7.3  6.1  1.73  0.10  15.08   7.73  11.65  12.13  71   208     0  1.8
  7  4275 J8  1423  3443 J8  2761  2477 J8   496 10731 24242  7.9  6.9  2.25  0.09  16.94  10.78  13.93  14.39  81   140     2  1.3
  8  3371 J8  1136  3319 J8  2624  1832 J8   429  8495 20949  6.9  6.5  2.17  0.07  16.88  10.05  13.42  14.31  80   151     0  1.7
  9  1981 J8   818  1802 J8  1868  1296 J8   309  5629 17330  8.8  7.9  1.61  0.05  11.49   6.68   8.99   9.80  82   277     0  2.1
 10  1091 J8   456  1607 J8  1576   699 J8   254  2945 13607  7.8  6.7  0.86  0.03   1.55  -2.57  -0.59   0.11  79   584     0  2.3
 11   490 J8   240  1703 J8  1315   262 J8   116  1139  9903  6.1  5.7  0.81  0.03   0.87  -5.13  -2.06  -1.72  77   614     0  2.8
 12   168 J8    66  1009 J8  1057   101 J8    39   479  7579  5.8  5.4  0.49  0.03  -9.25 -15.21 -12.06 -11.52  74   947     0  2.1
 13  2513 J8  1900  3083 J8  1685  1293 J8   990  5527 16674  6.4  5.6  1.13  0.07   3.65  -3.97  -0.05   0.71  70  6719     2  2.2
 2008
  1   272 J8   130   917 J8  1017   180 J8    86   811  8925  6.7  6.1  0.47  0.05 -13.37 -20.67 -16.75 -16.11  77  1096     0  2.0
  2  1094 J8   522  3232 J8  2304   419 J8   161  2239 12494  3.7  3.5  0.39  0.07 -14.62 -23.59 -18.62 -17.29  69  1086     0  2.2
  3  2130 J8  1049  2481 J8  2551  1240 J8   468  4734 16333  7.3  6.4  0.63  0.08  -5.39 -13.05  -9.10  -8.06  71   854     0  2.4
  4  3818 J8  1691  4380 J8  4001  1770 J8   454  7702 20063  5.8  5.4  0.70  0.10  -0.21  -8.10  -3.93  -3.06  65   675     0  2.7
  5  4846 J8  1558  3801 J8  3074  2903 J8   585 10224 23481  7.2  6.2  1.13  0.11  10.18   2.57   6.62   7.38  62   371     0  2.5
  6  4024 J8  1531  2422 J8  2493  2739 J8   511 11408 25460  8.4  7.6  1.76  0.10  15.37   7.30  11.52  12.08  69   210     0  1.5
  7  4387 J8  1678  3757 J8  3397  2422 J8   498 10692 24175  7.3  6.4  1.94  0.08  15.72   8.36  12.28  12.90  72   199     4  1.9
  8  3845 J8  1361  4621 J8  3397  1639 J8   544  8429 20862  5.9  5.6  1.70  0.06  15.72   6.92  11.29  12.46  73   217     0  1.3
  9  2162 J8   671  2669 J8  2561  1220 J8   391  5558 17241  7.6  6.9  1.51  0.04  11.56   4.88   7.93   9.07  78   303     0  1.7
 10  1024 J8   464  1801 J8  2243   608 J8   268  2887 13517  7.1  6.8  0.63  0.03  -3.56  -9.79  -6.59  -5.68  74   775     0  1.8
 11   448 J8   154  1516 J8  1568   276 J8   150  1109  9820  7.0  6.5  0.50  0.03 -11.53 -17.53 -14.43 -13.73  77   986     0  1.5
 12   161 J8    48   889 J8   863   102 J8    31   475  7566  6.2  5.6  0.69  0.03  -7.57 -15.32 -10.84 -10.33  76   923     0  2.8
 13  2351 J8  1751  2707 J8  1276  1293 J8  1011  5522 16661  6.7  6.1  1.00  0.07   1.02  -6.50  -2.55  -1.70  72  7694     4  2.0
 2009
  1   322 J8   169  1337 J8  1165   184 J8    93   833  8997  5.8  4.9  0.50  0.05 -14.97 -22.00 -18.55 -17.75  73  1141     0  1.8
  2   805 J8   425  1340 J8  1650   518 J8   187  2254 12532  7.9  7.5  0.65  0.07  -6.18 -17.09 -11.23 -10.34  71   839     0  2.7
  3  2455 J8   889  3698 J8  2702  1190 J8   427  4713 16310  5.7  4.8  0.54  0.08  -7.29 -15.83 -11.32 -10.29  62   927     0  3.3
  4  3955 J8  1552  4883 J8  4131  1718 J8   591  7683 20041  5.7  5.3  0.78  0.10   1.47  -6.48  -2.23  -1.31  64   625     0  3.1
  5  5464 J8  1696  5886 J8  4062  2404 J8   769 10211 23467  4.9  4.4  0.96  0.10  13.08   3.82   8.55   9.46  58   306     0  2.4
  6  5147 J8  1564  4773 J8  3167  2561 J8   504 11408 25461  6.4  5.5  1.60  0.10  15.72   7.04  11.76  12.33  63   209     0  2.2
  7  5093 J8  2102  5549 J8  4637  2109 J8   605 10704 24195  5.9  5.2  2.17  0.09  20.45  11.46  16.08  16.76  61    83     9  2.3
  8  3298 J8  1416  3363 J8  3420  1768 J8   449  8448 20884  7.0  6.7  1.79  0.07  13.73   7.41  10.48  11.17  78   241     0  1.6
  9  2472 J8  1094  3661 J8  3009  1076 J8   284  5578 17262  6.3  5.6  1.40  0.05  11.39   3.16   7.22   8.48  74   332     0  1.7
 10  1069 J8   502  2052 J8  2254   586 J8   247  2904 13543  6.9  6.3  1.15  0.03   1.65  -4.80  -1.38  -0.45  72   617     0  2.9
 11   479 J8   238  1820 J8  1595   239 J8   100  1118  9843  5.5  4.8  0.48  0.03  -2.91 -10.55  -6.14  -5.46  75   752     0  1.6
 12   183 J8    56  1283 J8   961    98 J8    35   476  7568  4.3  3.9  0.76  0.03  -8.02 -17.12 -12.69 -12.53  70   958     0  2.6
 13  2562 J8  2008  3304 J8  1712  1204 J8   892  5528 16675  6.0  5.4  1.07  0.07   3.18  -5.08  -0.79   0.01  68  7029     9  2.4
 2010
  1   331 J8   146  1516 J8  1165   175 J8    92   826  8974  4.3  3.9  0.52  0.05 -17.78 -24.87 -21.22 -20.17  70  1229     0  2.5
  2   976 J8   327  2384 J8  1667   504 J8   198  2237 12503  5.1  4.5  0.58  0.07 -11.77 -20.91 -16.08 -14.73  65   971     0  2.3
  3  2582 J8  1022  4392 J8  2981  1069 J8   349  4689 16278  4.6  3.6  0.43  0.08  -9.34 -22.19 -14.89 -13.25  58  1057     0  2.1
  4  3651 J8  1420  3610 J8  3458  2013 J8   566  7659 20007  7.1  6.1  0.74  0.10   3.73  -4.86  -0.20   0.74  61   567     0  2.6
  5  5482 J8  1612  5682 J8  3687  2505 J8   660 10194 23438  5.5  4.7  1.14  0.10  12.76   2.26   7.87   8.87  60   335     0  2.1
  6  4797 J8  1595  4226 J8  3023  2542 J8   477 11405 25453  7.3  6.0  1.73  0.10  16.45   7.86  12.30  12.82  61   185     0  1.9
  7  3931 J8  1544  2744 J8  2692  2412 J8   346 10717 24218  8.4  7.6  2.11  0.09  16.72   9.08  12.99  13.56  72   172     4  1.7
  8  2633 J8   831  1477 J8  1587  1986 J8   449  8470 20916  9.0  8.5  2.08  0.07  14.12   8.76  11.34  11.87  78   214     0  1.5
  9  2626 J8   935  4450 J8  3445   984 J8   461  5602 17292  5.0  4.7  1.50  0.05   9.63   2.27   5.75   6.92  78   371     0  2.3
 10  1057 J8   575  1905 J8  2474   600 J8   269  2923 13572  6.9  6.5  0.88  0.03   5.45   0.33   2.83   3.73  75   479     0  2.2
 11   398 J8   187   985 J8  1410   281 J8   142  1128  9871  7.3  6.9  0.73  0.03  -2.26  -8.88  -5.53  -5.05  79   717     0  1.6
 12   193 J8    57  1511 J8  1036    93 J8    40   478  7576  4.2  3.7  0.44  0.03  -9.44 -18.04 -13.45 -12.95  74   994     0  1.9
 13  2388 J8  1816  2907 J8  1521  1264 J8   964  5527 16675  6.2  5.6  1.07  0.07   2.36  -5.77  -1.52  -0.64  69  7292     4  2.1
