722110 TAMPA INTERNATIONAL AP FL  -5  N27 58  W082 32     6  1012
 1991-2010
 MO AVGLO FL SDGLO AVDIR FL SDDIR AVDIF FL SDDIF AVETR AETRN  TOT  OPQ   H2O   TAU  MAX_T  MIN_T  AVG_T  AVGDT  RH  HTDD  CLDD AVWS
  1  3384 K5   311  4459 K6   917  1231 K5   122  6315 14915  5.1  4.5  2.20  0.08  21.00  11.25  15.89  17.95  75    98    29  3.2
  2  4083 K5   354  4788 K6   955  1429 K5   183  7578 15664  5.1  4.5  2.21  0.09  22.01  12.25  16.88  18.93  73    65    32  3.3
  3  5224 K5   429  5383 K6   853  1779 K5   179  9104 16537  4.8  4.2  2.32  0.12  24.37  14.71  19.35  21.18  71    32    70  3.6
  4  6282 K5   438  5860 K6   819  2147 K5   185 10383 17375  4.4  3.8  2.56  0.16  27.09  17.49  22.12  24.03  69     6   125  3.5
  5  6702 K5   341  5767 K6   565  2427 K5   155 11124 18039  4.3  3.7  3.25  0.19  30.40  21.20  25.54  27.06  70     0   232  3.2
  6  6190 K5   396  4729 K6   694  2610 K5   210 11365 18327  5.7  4.9  4.41  0.22  31.72  23.75  27.30  28.60  75     0   282  2.9
  7  5838 K5   395  4219 K6   597  2616 K5   247 11187 18078  6.0  5.0  4.73  0.24  31.96  24.53  27.84  28.97  77     0   307  2.5
  8  5463 K5   347  4084 K6   652  2453 K5   265 10562 17408  6.0  5.0  4.86  0.22  32.01  24.57  27.81  29.17  78     0   309  2.5
  9  4925 K5   341  4020 K6   543  2211 K5   166  9462 16589  5.8  4.9  4.58  0.20  31.36  23.66  26.97  28.62  77     0   275  2.8
 10  4397 K5   393  4375 K6   825  1801 K5   142  7998 15743  4.7  4.1  3.49  0.15  28.79  20.11  24.05  25.93  74     3   192  3.0
 11  3654 K5   288  4472 K6   804  1347 K5   135  6600 14993  4.4  3.9  2.58  0.12  25.08  15.52  20.02  22.08  73    23    82  3.1
 12  3122 K5   292  4209 K6   857  1162 K5   135  5901 14626  5.1  4.5  2.33  0.09  21.91  12.40  16.92  18.98  75    78    41  3.0
 13  4939 K5   179  4697 K6   485  1934 K5   139  8965 16524  5.1  4.4  3.29  0.16  27.31  18.45  22.56  24.29  74   306  1977  3.0
 1991
  1  2906 I5   864  3201 I6  1930  1328 I5   239  6309 14909  6.4  5.7  2.73  0.07  23.80  14.44  18.67  20.64  82    43    68  3.8
  2  3994 I5  1324  4776 I6  2966  1338 I5   366  7561 15651  5.0  4.3  2.38  0.08  23.12  12.62  17.66  20.02  70    49    36  3.8
  3  4726 I5  1843  4772 I6  3313  1646 I5   482  9081 16521  5.3  4.4  2.44  0.11  24.68  15.72  19.91  21.59  78    26    84  4.1
  4  6228 I5   944  5690 I6  1931  2185 I5   491 10367 17363  4.7  3.6  3.06  0.15  29.70  19.85  24.43  26.39  74     0   193  3.8
  5  6012 I5  1321  4539 I6  2224  2610 I5   472 11116 18029  5.6  4.7  3.90  0.19  31.71  22.64  26.52  27.91  76     0   274  3.2
  6  6437 I5   896  4839 I6  1859  2860 I5   540 11365 18325  5.4  3.9  4.40  0.21  31.54  22.76  26.97  28.45  76     0   265  2.9
  7  5500 I5  1323  3423 I6  1912  2936 I5   490 11193 18087  6.4  4.8  4.70  0.23  31.57  24.07  27.41  28.55  80     0   294  2.6
  8  5644 I5  1131  3951 I6  1892  2764 I5   540 10576 17420  5.6  4.1  4.63  0.26  32.40  24.19  27.73  29.33  80     0   309  2.6
  9  5463 I5   617  4310 I6  1371  2469 I5   492  9483 16602  4.1  2.9  4.33  0.27  32.35  22.37  26.79  28.99  78     0   271  3.2
 10  4216 I5   787  3281 I6  1823  2202 I5   470  8021 15760  4.8  3.8  3.42  0.26  28.92  18.79  23.32  25.61  76     0   171  3.4
 11  3313 I5   852  3102 I6  1958  1665 I5   389  6618 15003  5.2  4.0  2.55  0.25  23.96  13.30  18.09  20.46  74    55    64  3.7
 12  2964 I5   536  2832 I6  1418  1545 I5   257  5904 14628  5.0  3.9  2.64  0.25  23.32  12.71  17.71  20.22  77    56    46  3.3
 13  4784 I5  1279  4060 I6   892  2129 I5   603  8966 16525  5.3  4.2  3.43  0.19  28.09  18.62  22.93  24.85  77   229  2075  3.4
 1992
  1  2792 I5   818  2258 I6  1506  1604 I5   254  6301 14906  6.2  5.0  2.36  0.26  20.29  10.45  15.22  17.26  73   102    11  3.6
  2  3552 I5   878  2572 I6  1702  1978 I5   389  7574 15660  6.6  5.4  2.36  0.27  22.12  12.80  17.05  19.19  77    53    28  3.6
  3  4996 I5  1152  3915 I6  1962  2340 I5   518  9117 16542  5.1  3.9  2.15  0.28  23.34  12.88  17.98  20.03  74    40    33  3.6
  4  5525 I5  1384  3780 I6  2083  2763 I5   517 10391 17377  5.3  4.3  2.53  0.30  25.57  15.76  20.51  22.48  73    19    89  3.6
  5  6693 I5   816  5049 I6  1540  2876 I5   520 11126 18040  3.2  2.4  2.68  0.32  29.13  17.77  23.48  25.49  71     3   161  3.6
  6  5911 I5  1278  3491 I6  1701  3213 I5   524 11365 18325  5.6  4.5  4.57  0.33  31.63  23.57  27.31  28.59  79     0   278  3.3
  7  6844 I5   578  5305 I6  1493  2782 I5   590 11184 18072  3.6  2.6  4.01  0.33  33.37  24.03  28.28  29.99  75     0   321  2.6
  8  5337 I5  1087  3139 I6  1560  2991 I5   503 10555 17403  6.4  4.5  4.65  0.31  31.98  23.59  27.11  28.66  79     0   293  2.8
  9  5290 I5   538  3963 I6  1152  2541 I5   391  9451 16585  5.6  3.8  4.42  0.27  32.20  22.97  26.78  28.88  79     0   278  2.9
 10  4318 I5   986  4019 I6  2250  1887 I5   508  7985 15739  4.9  3.9  2.97  0.22  27.36  17.68  22.18  24.40  77     0   130  3.4
 11  3136 I5   921  3024 I6  1854  1517 I5   266  6590 14991  6.3  5.2  3.24  0.17  25.09  16.83  20.53  22.19  77    34   113  4.1
 12  2936 I5   690  3457 I6  1816  1271 I5   285  5900 14627  4.6  4.0  2.34  0.14  23.28  12.45  17.50  20.09  78    51    37  3.0
 13  4777 I5  1419  3664 I6   896  2314 I5   645  8962 16522  5.3  4.1  3.19  0.27  27.11  17.56  21.99  23.94  76   303  1772  3.3
 1993
  1  2888 I5  1057  3006 I6  2334  1377 I5   289  6325 14924  6.7  5.4  3.02  0.12  23.84  14.83  18.84  20.84  82    34    65  3.5
  2  3814 I5  1339  4065 I6  2660  1521 I5   371  7589 15674  5.5  4.1  2.04  0.12  20.84  10.38  15.46  17.66  73    81     5  3.8
  3  4749 I5  1553  4406 I6  2794  1883 I5   447  9109 16545  5.6  4.6  2.31  0.14  22.96  12.76  17.72  19.69  74    50    36  4.3
  4  6241 I5  1089  5829 I6  2140  2187 I5   567 10387 17379  4.1  2.8  2.11  0.18  25.34  13.66  19.70  22.15  68    13    48  4.0
  5  6446 I5  1254  5400 I6  2173  2464 I5   536 11126 18043  4.4  3.5  3.15  0.22  29.57  19.18  24.16  25.90  68     0   187  3.7
  6  6574 I5  1113  5289 I6  2141  2644 I5   578 11366 18328  4.5  3.4  4.11  0.24  32.42  22.65  27.27  28.96  72     0   276  2.7
  7  6303 I5   788  4477 I6  1515  2899 I5   505 11186 18075  5.2  3.5  4.86  0.25  33.35  24.15  28.40  29.89  74     0   323  1.9
  8  5875 I5  1186  4427 I6  1893  2617 I5   468 10559 17405  5.0  3.6  4.70  0.24  33.03  24.14  28.22  29.92  74     0   318  1.8
  9  5411 I5   644  4529 I6  1490  2358 I5   515  9458 16585  4.9  3.5  4.79  0.21  32.26  23.03  27.02  29.13  76     0   279  1.8
 10  3899 I5  1355  3525 I6  2506  1770 I5   352  7993 15737  5.6  4.6  4.03  0.16  28.82  19.68  23.83  25.83  79     4   187  2.1
 11  3308 I5  1117  3777 I6  2332  1348 I5   329  6597 14988  4.6  4.0  3.09  0.12  25.61  15.36  20.27  22.48  75    27    91  2.7
 12  3264 I5   704  4434 I6  2003  1142 I5   345  5900 14625  5.1  3.7  2.17  0.09  20.72   9.65  15.08  17.43  72   106     9  3.3
 13  4898 I5  1402  4430 I6   801  2018 I5   590  8966 16526  5.1  3.9  3.36  0.17  27.40  17.46  22.16  24.16  74   315  1826  3.0
 1994
  1  3077 I5  1050  3659 I6  2737  1293 I5   402  6317 14916  6.2  5.2  2.43  0.08  20.96  10.70  15.69  17.93  79    93    15  3.9
  2  3592 I5  1037  3497 I6  2356  1593 I5   339  7576 15661  6.7  5.4  2.70  0.09  24.16  14.14  18.65  20.72  77    37    61  3.8
  3  5441 I5  1075  5903 I6  2185  1629 I5   448  9096 16534  4.7  3.5  2.46  0.11  25.35  14.57  19.84  22.02  73    29    80  4.2
  4  6050 I5   794  5385 I6  1819  2282 I5   538 10378 17374  4.9  3.5  3.29  0.15  29.24  18.57  23.50  25.84  74     4   171  3.7
  5  6889 I5   617  6216 I6  1451  2370 I5   509 11121 18037  4.0  2.6  3.37  0.19  30.75  20.35  25.38  27.28  72     0   224  3.5
  6  6203 I5  1326  4507 I6  2207  2776 I5   542 11365 18329  6.4  5.0  4.79  0.22  32.15  23.76  27.59  29.02  78     0   289  3.4
  7  5909 I5   969  4062 I6  1621  2849 I5   475 11189 18082  6.4  4.8  4.79  0.23  31.98  23.16  26.85  28.29  81     0   287  2.6
  8  5200 I5   994  3245 I6  1462  2836 I5   404 10567 17414  6.1  4.8  4.66  0.22  31.67  22.94  26.53  28.24  83     0   278  2.7
  9  4449 I5  1213  2879 I6  1857  2428 I5   331  9469 16592  7.1  5.9  4.74  0.19  30.45  22.66  25.81  27.50  84     0   247  2.9
 10  4101 I5   942  3734 I6  2033  1898 I5   368  8007 15744  5.0  4.3  3.69  0.15  28.81  20.16  23.93  25.90  82     0   191  3.3
 11  3397 I5   907  3963 I6  2021  1366 I5   328  6607 14994  4.6  3.9  2.86  0.11  27.26  17.33  22.02  24.26  80     4   123  3.4
 12  2886 I5   835  3684 I6  2055  1134 I5   248  5902 14627  5.5  4.4  2.51  0.08  23.16  13.44  17.83  20.05  85    48    47  3.3
 13  4766 I5  1360  4228 I6  1064  2038 I5   630  8966 16525  5.6  4.4  3.52  0.15  28.00  18.48  22.80  24.75  79   215  2012  3.4
 1995
  1  3143 I5  1097  3939 I6  2900  1200 I5   385  6310 14909  5.7  4.6  2.09  0.07  19.85   9.77  14.63  16.96  81   116     7  3.3
  2  4239 I5  1123  5274 I6  2658  1304 I5   436  7563 15652  4.7  3.7  2.18  0.08  21.83  10.79  16.18  18.47  78    88    31  3.5
  3  4801 I5  1542  4650 I6  2895  1844 I5   464  9083 16523  5.3  4.1  2.49  0.11  25.56  15.03  20.09  22.22  78    14    75  3.7
  4  5711 I5  1756  5048 I6  2966  2133 I5   512 10368 17366  5.0  3.9  2.81  0.15  27.93  18.09  22.88  24.94  74     1   141  3.3
  5  6856 I5   697  6312 I6  1482  2258 I5   499 11116 18031  3.9  2.7  3.48  0.19  32.77  22.54  27.46  29.26  70     0   289  3.3
  6  5723 I5  1549  3883 I6  2200  2835 I5   479 11365 18326  5.5  4.6  4.30  0.21  30.60  22.68  26.46  27.83  77     0   249  3.3
  7  5884 I5  1338  4112 I6  2139  2801 I5   458 11193 18086  5.9  4.6  5.07  0.23  32.44  24.09  27.76  29.10  78     0   308  3.0
  8  5289 I5  1415  3784 I6  2250  2563 I5   456 10575 17420  5.4  4.6  5.35  0.22  31.81  25.00  27.92  29.12  81     0   312  3.0
  9  5172 I5   817  4307 I6  1492  2248 I5   358  9481 16601  4.7  3.7  4.88  0.19  31.35  23.97  27.02  28.64  80     0   280  2.6
 10  3965 J5   882  3592 J6  2040  1839 J5   448  8020 15760  5.9  5.1  4.61  0.14  29.17  21.41  24.74  26.26  78     0   216  3.4
 11  3917 J6   464  5364 J7  1533  1198 J6   356  6616 15002  3.1  2.7  2.69  0.11  23.62  13.25  18.37  20.44  71    47    50  3.0
 12  3202 J7   810  4567 J7  2186  1071 J7   308  5904 14627  4.4  3.7  2.33  0.08  20.76  11.13  15.55  17.74  73   105    31  2.9
 13  4825 I5  1150  4569 I7   804  1941 I5   635  8966 16525  5.0  4.0  3.52  0.15  27.31  18.15  22.42  24.25  77   371  1990  3.2
 1996
  1  3370 J6   851  4521 J7  2205  1165 J6   353  6302 14907  4.5  4.3  2.09  0.07  20.25   9.77  14.97  16.94  75   116    13  3.4
  2  4099 J7  1219  4988 J7  2672  1275 J7   388  7576 15661  4.3  3.9  1.96  0.08  20.31  10.69  15.39  17.20  76   107    25  3.2
  3  5142 J7  1395  5452 J7  2688  1694 J7   517  9119 16544  4.0  3.5  2.14  0.11  21.72  11.94  16.59  18.33  70    87    41  4.2
  4  6323 J7  1191  6183 J8  2420  1992 J7   593 10392 17377  3.0  2.6  2.53  0.15  26.05  16.26  20.98  22.81  73    12    97  3.2
  5  6517 J8   973  5598 J8  1746  2524 J8   466 11127 18041  3.5  2.7  3.59  0.19  30.44  21.88  25.95  27.33  72     0   243  3.0
  6  6408 J8   712  5207 J8  1517  2688 J8   528 11365 18325  3.6  3.0  4.05  0.21  31.08  23.05  26.73  27.92  76     0   262  2.8
  7  5509 J8  1299  3430 J8  1978  2976 J8   359 11183 18072  5.8  5.1  4.17  0.23  32.25  25.05  28.37  29.46  77     0   320  3.0
  8  4952 J8  1016  3013 J8  1591  2807 J8   412 10554 17401  6.2  5.7  4.53  0.22  32.10  24.35  27.76  29.25  79     0   307  2.5
  9  4614 J8  1052  3319 J8  1755  2434 J8   345  9449 16583  5.5  4.8  4.19  0.18  31.47  23.67  27.18  28.88  79     0   277  2.7
 10  3779 J8  1048  3312 J8  2304  1898 J8   433  7983 15737  5.5  4.8  3.64  0.14  28.22  20.18  23.78  25.58  78     2   184  3.2
 11  3333 J8   753  3632 J8  1952  1518 J8   400  6589 14989  4.9  4.2  2.53  0.10  25.13  14.82  19.83  22.01  73    21    70  3.5
 12  2751 J8   946  3210 J8  2648  1285 J8   388  5900 14627  5.4  4.7  2.39  0.08  22.08  12.57  16.97  19.21  77    62    31  2.9
 13  4733 J7  1293  4322 J8  1123  2021 J7   647  8962 16522  4.7  4.1  3.15  0.15  26.76  17.85  22.04  23.74  75   407  1870  3.1
 1997
  1  3291 J8   919  4124 J8  2488  1284 J8   393  6326 14924  5.3  4.2  2.25  0.07  21.90  11.83  16.58  18.75  77    76    31  2.9
  2  3562 J7   948  3465 J7  2167  1717 J7   398  7591 15675  5.1  4.7  2.75  0.08  25.35  14.94  19.74  22.07  78    25    75  3.3
  3  4754 J6   983  4446 J7  1917  2010 J6   412  9111 16545  5.0  4.3  3.05  0.11  27.77  18.62  22.87  24.65  76     0   151  3.4
  4  5015 J6  1370  3894 J7  2147  2382 J6   406 10388 17381  5.9  5.0  3.09  0.15  26.07  17.70  21.85  23.27  73     4   110  3.9
  5  5861 J6   992  4695 J7  2017  2574 J6   515 11127 18043  5.0  4.3  3.58  0.19  29.44  21.26  25.19  26.53  75     0   218  2.9
  6  5900 J6  1077  4310 J7  1779  2753 J6   352 11366 18327  5.2  4.7  4.27  0.21  31.51  23.47  26.97  28.31  75     0   275  3.2
  7  5249 J6   934  2874 J7  1214  3158 J6   308 11185 18075  6.0  5.2  5.00  0.23  31.83  24.63  27.75  28.84  78     0   307  2.3
  8  5176 J6   804  3186 J7  1437  2888 J6   416 10558 17402  5.4  4.7  4.80  0.22  31.97  24.36  27.80  29.30  77     0   305  2.3
  9  4856 J6   895  3795 J7  1532  2370 J6   365  9456 16583  5.2  4.5  4.49  0.19  31.63  23.37  27.20  29.02  75     0   275  2.5
 10  4058 J6  1111  3834 J7  2072  1839 J6   370  7992 15736  4.5  4.0  3.38  0.14  27.93  19.20  23.35  25.15  75     4   167  2.9
 11  3115 J7   720  2973 J8  1662  1612 J7   271  6595 14988  6.2  5.4  2.83  0.11  23.31  15.20  19.04  20.65  76    23    51  3.0
 12  2524 J6  1083  2925 J7  2697  1180 J6   276  5900 14624  6.6  6.1  2.74  0.08  19.84  12.62  16.27  17.54  83    95    29  3.3
 13  4447 J6  1112  3710 J7   625  2147 J6   639  8966 16525  5.4  4.8  3.52  0.15  27.38  18.93  22.88  24.51  76   226  1993  3.0
 1998
  1  3310 K4  1047  4080 K6  2658  1321 K4   465  6318 14917  5.6  5.0  2.42  0.07  21.66  13.32  17.40  19.10  79    64    38  3.3
  2  3872 K4  1603  4372 K6  3386  1415 K4   559  7578 15662  5.7  5.2  2.16  0.08  21.05  12.87  16.79  18.45  77    59    21  4.2
  3  5486 K4  1440  5921 K6  2721  1745 K4   573  9097 16534  4.5  4.1  2.17  0.11  22.56  13.34  17.81  19.60  71    68    56  3.9
  4  6577 K4  1507  6477 K6  2497  1956 K4   459 10379 17374  3.9  3.8  2.50  0.15  26.38  18.21  22.09  23.79  72     2   121  3.9
  5  6581 K4  1783  5609 K6  2532  2342 K4   470 11122 18038  3.8  3.5  3.13  0.19  30.25  21.96  25.83  27.18  74     0   241  3.1
  6  6994 K4   937  5992 K6  1644  2423 K4   374 11365 18328  4.5  4.0  3.98  0.21  33.59  25.95  29.38  30.73  72     0   343  3.5
  7  5790 K4  1592  4304 K6  2214  2490 K4   448 11189 18080  5.8  5.0  4.71  0.23  32.19  25.05  28.30  29.29  79     0   319  2.6
  8  6034 K4  1081  5077 K6  1708  2272 K4   424 10566 17411  5.6  4.9  4.40  0.22  32.48  24.60  28.03  29.54  82     0   316  2.3
  9  4161 K4  1321  2802 K6  2025  2233 K4   399  9468 16592  8.0  7.0  4.84  0.19  30.56  24.31  26.82  28.05  84     0   273  3.3
 10  4746 K4   872  5051 K6  1818  1743 K4   387  8005 15744  3.9  3.5  3.06  0.14  29.45  20.95  24.73  26.67  79     0   213  2.7
 11  3858 K4   903  4978 K6  2111  1269 K4   315  6605 14994  4.0  3.5  2.63  0.11  26.74  18.07  22.12  24.15  82     3   125  2.3
 12  3409 K4   893  5077 K6  2310  1055 K4   288  5902 14627  4.4  4.3  2.44  0.08  24.73  15.25  19.67  21.91  82    34    86  2.6
 13  5068 K4  1334  4978 K6   998  1855 K4   502  8966 16525  5.0  4.5  3.20  0.15  27.64  19.49  23.25  24.87  78   231  2153  3.1
 1999
  1  3708 K4   763  5296 K6  2033  1153 K4   378  6311 14911  4.0  3.8  1.87  0.07  22.68  12.40  17.32  19.66  78    68    44  2.8
  2  4730 K4  1028  6258 K6  2387  1276 K4   478  7565 15652  3.5  3.3  1.86  0.08  22.41  13.14  17.42  19.58  74    57    41  3.1
  3  5703 K4  1416  6619 K6  2549  1481 K4   451  9084 16523  3.2  2.8  1.59  0.11  24.07  12.66  18.08  20.35  70    25    26  3.4
  4  6641 K4  1319  6498 K6  2238  2021 K4   480 10369 17366  4.8  3.9  2.51  0.15  28.09  18.63  23.09  24.98  72     5   156  3.5
  5  6760 K4  1238  5895 K6  1976  2336 K4   443 11117 18032  5.4  4.8  2.83  0.19  29.98  20.63  24.87  26.36  71     4   220  3.3
  6  5583 K4  1582  3852 K6  2328  2572 K4   389 11365 18327  8.0  7.3  4.48  0.21  31.00  23.31  26.49  27.72  78     0   265  2.5
  7  6305 K4  1091  4993 K6  1576  2439 K4   256 11192 18085  6.7  5.9  4.33  0.23  32.16  24.89  28.04  29.20  76     0   316  2.5
  8  5670 K4  1513  4625 K6  2079  2196 K4   342 10574 17419  7.3  6.2  4.81  0.22  32.05  25.28  28.22  29.47  78     0   320  2.8
  9  4741 K4  1616  4030 K6  2497  2027 K4   406  9480 16600  5.8  5.1  4.26  0.19  30.64  23.50  26.63  28.12  82     0   262  2.8
 10  4068 K4  1193  3896 K6  2294  1802 K4   342  8018 15757  5.1  4.7  3.28  0.14  28.49  20.39  24.04  25.84  78     3   192  3.2
 11  3996 K4   754  5274 K6  1752  1261 K4   306  6615 15002  3.3  3.2  2.03  0.11  25.31  15.47  19.98  22.25  76    12    74  3.1
 12  3291 K4  1019  4801 K6  2514  1063 K4   295  5904 14627  4.7  4.5  2.16  0.08  21.65  12.72  17.14  19.13  75    67    31  2.6
 13  5099 K4  1178  5170 K6   987  1802 K4   537  8966 16525  5.2  4.6  3.00  0.15  27.38  18.59  22.61  24.39  76   240  1947  3.0
 2000
  1  3492 K4  1016  4851 K6  2519  1178 K4   374  6303 14907  4.2  4.0  1.83  0.07  21.25  11.46  16.03  17.97  77    89    27  2.9
  2  4704 K4  1229  6268 K6  2461  1236 K4   375  7578 15662  3.0  2.9  1.78  0.08  22.82  12.21  17.22  19.73  73    58    34  2.9
  3  5722 K4  1065  6184 K6  2245  1766 K4   541  9120 16544  4.1  3.8  2.23  0.11  26.45  16.63  21.41  23.34  72     2   101  3.6
  4  6621 K4  1372  6490 K6  2393  2032 K4   555 10393 17378  3.2  3.0  1.97  0.15  26.89  16.88  21.78  23.69  66     7   113  3.9
  5  7101 K4   816  6356 K6  1546  2380 K4   444 11128 18041  3.7  3.6  2.85  0.19  31.36  21.87  26.35  27.96  69     0   257  3.5
  6  6483 K4  1335  5220 K6  1975  2436 K4   393 11365 18326  5.3  4.7  4.32  0.21  32.20  23.33  27.20  28.65  76     0   283  3.1
  7  5536 K4  1854  4081 K6  2329  2386 K4   355 11183 18072  5.4  4.7  4.74  0.23  31.28  24.22  27.66  28.59  80     0   292  2.9
  8  5773 K4  1224  4792 K6  1744  2231 K4   334 10553 17400  4.7  4.1  4.51  0.22  32.06  24.15  27.82  29.21  78     0   303  2.4
  9  4904 K4  1174  4111 K6  1973  2110 K4   393  9448 16583  5.7  4.8  4.65  0.18  31.30  24.09  27.17  28.69  80     0   281  3.0
 10  4907 K4   531  5412 K6  1267  1699 K4   358  7981 15737  2.8  2.7  2.80  0.14  28.46  18.31  22.92  25.24  74     3   159  3.1
 11  3738 K4  1086  4682 K6  2343  1302 K4   369  6587 14987  3.5  3.1  2.37  0.10  24.24  14.13  19.02  21.19  75    37    63  2.7
 12  3377 K4   877  4939 K6  2140  1060 K4   286  5900 14627  4.3  4.0  1.83  0.08  20.74  10.55  15.14  17.29  77   121    38  3.3
 13  5197 K4  1236  5282 K6   860  1818 K4   516  8962 16522  4.2  3.8  2.99  0.15  27.42  18.15  22.48  24.30  75   316  1952  3.1
 2001
  1  3675 K4   900  5339 K6  2375  1129 K4   401  6327 14924  4.0  3.5  1.64  0.07  18.11   7.56  12.53  14.78  77   182    12  3.1
  2  4463 K4  1561  5723 K6  2806  1224 K4   356  7592 15675  4.6  4.3  2.50  0.08  24.59  15.41  19.59  21.56  79    28    75  2.9
  3  4742 K4  1850  4708 K6  3080  1729 K4   429  9112 16546  5.1  4.7  2.40  0.11  22.40  14.94  18.57  19.87  75    37    47  4.0
  4  6640 K4  1062  6550 K6  2114  2016 K4   546 10390 17381  3.5  3.1  2.35  0.15  27.38  17.56  22.25  24.20  66     5   129  3.3
  5  7050 K4   921  6225 K6  1645  2416 K4   462 11127 18043  3.3  3.1  2.75  0.19  30.03  20.19  24.90  26.62  66     0   210  3.2
  6  6280 K4  1644  5130 K6  2107  2359 K4   305 11366 18327  4.8  4.3  4.08  0.21  31.92  23.59  27.11  28.54  76     0   283  2.8
  7  5479 K4  1598  3806 K6  2038  2505 K4   291 11185 18075  6.3  5.5  4.82  0.23  31.08  24.20  27.33  28.28  81     0   289  3.0
  8  5780 K4  1329  4645 K6  1978  2285 K4   462 10557 17402  5.4  4.6  4.62  0.22  31.84  24.75  27.89  29.29  78     0   309  2.4
  9  4710 K4  1594  3832 K6  2523  2108 K4   477  9454 16583  6.4  5.7  4.53  0.19  29.40  22.89  25.75  27.19  81     0   234  2.8
 10  4637 K4   841  4441 K6  1804  1917 K4   377  7990 15736  5.8  5.1  3.10  0.14  28.05  19.45  23.41  25.20  72     4   172  3.4
 11  3915 K4   892  5110 K6  2023  1271 K4   299  6594 14988  3.6  3.5  2.41  0.11  26.15  17.39  21.40  23.45  76     0   103  3.0
 12  3345 K4   849  4747 K6  2186  1134 K4   330  5900 14624  5.4  4.9  2.31  0.08  24.51  16.23  20.01  22.00  78    38   101  2.7
 13  5060 K4  1190  5021 K6   850  1841 K4   528  8966 16525  4.9  4.4  3.13  0.15  27.12  18.68  22.56  24.25  75   295  1965  3.0
 2002
  1  3405 K4  1150  4735 K6  2728  1135 K4   419  6319 14917  5.0  4.6  2.42  0.07  21.71  12.46  16.82  18.78  78    97    58  2.6
  2  4132 K4  1521  4931 K6  3058  1407 K4   450  7579 15665  5.0  4.6  2.30  0.08  21.74  12.00  16.52  18.30  72    60    19  3.2
  3  5571 K4  1582  6073 K6  2656  1632 K4   409  9099 16535  4.3  4.0  2.60  0.11  26.05  15.57  20.73  22.70  75    25   102  3.5
  4  6300 K4  1406  5835 K6  2186  2183 K4   510 10380 17375  4.4  4.2  3.30  0.15  28.72  20.20  24.14  25.91  74     0   184  2.9
  5  6841 K4  1053  5811 K6  1812  2489 K4   442 11122 18038  3.9  3.8  3.27  0.19  31.06  21.61  26.09  27.60  67     0   248  3.5
  6  5816 K4  1451  4104 K6  2241  2688 K4   380 11366 18327  6.4  5.8  4.75  0.21  31.03  23.39  26.65  27.84  78     0   266  2.8
  7  5989 K4  1322  4602 K6  1826  2468 K4   318 11188 18080  5.8  5.2  4.94  0.23  31.33  24.44  27.32  28.35  80     0   296  2.5
  8  5228 K4  1355  3775 K6  1915  2432 K4   385 10565 17410  6.2  5.5  4.86  0.22  31.45  24.04  27.33  28.68  79     0   292  2.3
  9  4818 K4  1380  3942 K6  2134  2145 K4   396  9466 16590  6.5  5.7  5.09  0.19  31.57  24.54  27.35  28.79  82     0   292  2.7
 10  4748 K4   864  5043 K6  1677  1734 K4   326  8003 15742  3.8  3.6  4.03  0.14  29.87  21.97  25.52  27.25  78     0   235  2.3
 11  3625 K4  1028  4393 K6  2199  1355 K4   343  6604 14994  4.4  4.1  2.61  0.11  23.44  13.80  18.56  20.51  74    48    56  3.0
 12  3025 K4  1120  4000 K6  2580  1143 K4   328  5902 14627  5.6  5.2  2.19  0.08  20.32  10.86  15.41  17.33  77   100    15  3.1
 13  4958 K4  1216  4770 K6   792  1901 K4   565  8966 16525  5.1  4.7  3.53  0.15  27.36  18.74  22.70  24.34  76   329  2064  2.9
 2003
  1  3873 K4   585  5596 K6  1693  1200 K4   332  6312 14913  3.2  3.0  1.54  0.07  17.92   7.20  12.35  14.59  70   180     1  3.0
  2  3950 K4  1584  4714 K6  2949  1390 K4   335  7566 15655  4.9  4.8  2.40  0.08  21.90  12.60  16.99  18.97  76    55    25  3.0
  3  4792 K4  1700  4397 K6  2808  1930 K4   526  9086 16525  6.0  5.7  3.11  0.11  25.86  18.07  21.68  22.97  78     8   120  3.0
  4  6453 K4  1040  5987 K6  2111  2210 K4   544 10371 17369  4.4  4.1  2.67  0.15  26.84  17.49  22.02  23.90  70     9   124  3.2
  5  7164 K4   803  6490 K6  1485  2317 K4   404 11118 18032  4.1  3.8  3.52  0.19  30.38  22.86  26.38  27.71  71     0   257  2.8
  6  5644 K4  1697  4031 K6  2200  2560 K4   376 11365 18328  6.5  6.0  4.74  0.21  30.80  24.21  27.01  28.01  78     0   275  2.8
  7  5804 K4  1084  4110 K6  1582  2633 K4   394 11192 18085  6.4  5.4  4.77  0.23  31.62  24.38  27.61  28.78  75     0   300  2.2
  8  5084 K4  1518  3817 K6  2101  2251 K4   357 10572 17419  6.0  5.3  5.06  0.22  31.08  24.30  27.03  28.28  80     0   290  2.3
  9  4888 K4  1602  4135 K6  2396  2007 K4   382  9478 16598  5.7  5.0  4.63  0.19  30.86  23.51  26.62  28.16  76     0   266  2.6
 10  4293 K4  1233  4363 K6  2405  1732 K4   483  8016 15754  4.9  4.3  3.42  0.14  28.75  20.63  24.46  26.23  73     0   197  2.6
 11  3811 K4   893  4917 K6  1922  1289 K4   302  6614 15000  4.0  3.7  2.78  0.11  26.42  16.86  21.57  23.50  73    16   116  3.0
 12  3377 K4   789  4819 K6  2154  1152 K4   333  5904 14627  4.3  4.1  1.75  0.08  20.61   9.87  15.24  17.50  70   104     8  2.7
 13  4928 K4  1159  4781 K6   839  1889 K4   530  8966 16525  5.0  4.6  3.37  0.15  26.92  18.50  22.41  24.05  74   372  1980  2.8
 2004
  1  3714 K4   904  5541 K6  2356  1069 K4   342  6304 14908  4.0  3.7  2.04  0.07  20.28  10.01  14.84  17.12  76   115    16  2.8
  2  3977 K4  1486  4658 K6  2979  1449 K4   412  7579 15662  6.6  6.1  2.35  0.08  21.69  12.37  16.86  18.59  77    65    27  3.2
  3  5625 K4  1386  6080 K6  2511  1726 K4   466  9122 16546  4.0  3.7  2.11  0.11  24.82  14.73  19.76  21.72  68    19    64  3.2
  4  6369 K4  1454  6024 K6  2471  2113 K4   531 10394 17378  4.0  3.8  2.20  0.15  25.85  16.30  20.99  22.91  66     9    92  3.5
  5  6922 K4  1227  6202 K6  1966  2354 K4   404 11128 18041  3.3  3.1  3.22  0.19  30.53  21.17  25.60  27.04  66     0   233  3.0
  6  6653 K4   867  5476 K6  1409  2459 K4   326 11365 18326  5.0  4.7  4.74  0.21  32.48  24.26  27.82  29.20  73     0   301  2.7
  7  5742 K4  1672  4346 K6  2248  2375 K4   410 11182 18072  5.5  4.8  4.86  0.23  31.49  24.49  27.65  28.72  76     0   300  2.4
  8  5226 K4  1543  3983 K6  2072  2279 K4   375 10552 17397  5.8  5.2  5.13  0.22  31.28  24.39  27.45  28.70  80     0   295  2.4
  9  4491 K4  1653  3602 K6  2365  2121 K4   462  9446 16582  5.8  5.1  4.74  0.18  30.50  23.85  26.79  28.18  79     0   265  4.3
 10  4519 K4   915  4635 K6  1728  1739 K4   325  7980 15737  4.2  3.9  3.54  0.14  28.85  20.71  24.42  26.08  74     0   200  2.5
 11  3974 K4   719  5242 K6  1871  1284 K4   366  6586 14986  3.9  3.7  2.52  0.10  25.91  16.40  20.84  22.86  73     5    89  2.9
 12  3020 K4  1039  4092 K6  2480  1153 K4   335  5900 14626  5.2  4.7  2.28  0.08  20.98  11.26  15.92  17.84  70    97    29  3.1
 13  5019 K4  1260  4990 K6   891  1844 K4   507  8962 16522  4.8  4.4  3.31  0.15  27.06  18.33  22.41  24.08  73   310  1911  3.0
 2005
  1  3719 K4   734  5204 K6  2185  1250 K4   409  6328 14925  4.4  4.2  2.27  0.07  21.76  11.99  16.49  18.66  75    78    33  2.8
  2  4268 K4  1206  5179 K6  2718  1421 K4   445  7594 15675  4.7  4.4  2.41  0.08  22.50  12.70  17.17  19.33  72    42    21  3.1
  3  4701 K4  1882  4558 K6  3094  1790 K4   528  9114 16547  5.9  5.5  2.49  0.11  22.46  14.16  18.18  19.57  72    53    53  3.4
  4  6758 K4  1056  6758 K6  1788  1938 K4   318 10391 17383  3.5  3.2  2.07  0.15  25.52  15.32  20.41  22.42  64     9    72  3.7
  5  6605 K4  1761  5662 K6  2384  2340 K4   357 11128 18044  4.7  4.5  3.32  0.19  28.97  20.33  24.43  25.79  70     0   196  3.0
  6  5594 K4  1679  3868 K6  2351  2614 K4   411 11366 18327  6.6  5.8  4.82  0.21  30.06  23.71  26.44  27.43  79     0   257  2.7
  7  6121 K4  1312  4722 K6  1745  2505 K4   359 11184 18074  5.1  4.6  5.01  0.23  32.41  25.37  28.38  29.49  74     0   327  2.7
  8  5875 K4  1054  4849 K6  1495  2255 K4   282 10556 17401  5.6  4.8  5.19  0.22  32.77  25.55  28.53  29.85  75     0   336  2.5
  9  4980 K4  1254  4277 K6  2022  2150 K4   391  9453 16581  4.6  4.1  4.25  0.19  32.13  24.03  27.55  29.31  71     0   292  3.1
 10  4289 K4  1017  4208 K6  2071  1817 K4   407  7988 15733  4.7  4.4  3.70  0.14  28.40  20.24  23.82  25.55  72     8   194  3.3
 11  3611 K4  1030  4411 K6  2274  1341 K4   333  6593 14988  4.4  4.2  2.72  0.11  25.61  16.81  21.04  22.82  71    11    98  3.3
 12  2954 K4  1182  3988 K6  2862  1108 K4   403  5900 14624  5.1  4.9  2.23  0.08  19.80  10.57  15.01  17.11  74   102     4  3.1
 13  4956 K4  1240  4807 K6   812  1877 K4   510  8966 16525  4.9  4.6  3.37  0.15  26.87  18.40  22.29  23.94  73   302  1882  3.1
 2006
  1  3697 K4   816  5222 K6  2326  1193 K4   422  6320 14917  5.2  4.7  2.06  0.07  21.56  12.33  16.79  18.74  71    73    30  3.4
  2  4298 K4  1467  5534 K6  2951  1281 K4   389  7581 15667  4.6  4.3  1.97  0.08  20.67  10.95  15.63  17.66  70    85    15  3.2
  3  5991 K4   747  6698 K6  1598  1718 K4   453  9101 16537  3.9  3.4  2.03  0.11  24.56  14.46  19.29  21.21  64    24    61  3.5
  4  6848 K4   590  6737 K6  1366  2125 K4   470 10381 17376  4.3  3.6  2.39  0.15  27.95  18.58  23.04  25.07  67     0   148  3.7
  5  6704 K4  1621  5912 K6  2574  2326 K4   540 11123 18039  4.5  4.0  3.01  0.19  29.46  20.62  24.88  26.26  66     0   208  3.4
  6  6183 K4  1496  4931 K6  2126  2493 K4   468 11366 18327  5.6  4.8  4.19  0.21  31.27  23.80  27.09  28.21  72     0   276  3.2
  7  6058 K4  1016  4491 K6  1464  2552 K4   365 11188 18080  6.8  5.3  4.73  0.23  31.76  24.19  27.38  28.47  75     0   299  2.3
  8  5549 K4  1608  4422 K6  2203  2236 K4   344 10564 17409  6.1  5.0  4.97  0.22  32.03  24.66  27.87  29.02  75     0   310  2.4
  9  5072 K4  1152  4585 K6  1864  2012 K4   332  9465 16590  5.7  5.0  4.49  0.19  31.32  24.06  27.26  28.80  71     0   281  2.5
 10  4816 K4   706  5187 K6  1578  1771 K4   384  8002 15742  4.1  3.6  3.10  0.14  29.15  19.63  24.16  26.12  64     3   191  3.0
 11  3883 K4   789  4879 K6  1885  1339 K4   348  6603 14994  5.1  4.6  2.37  0.11  24.63  15.08  19.43  21.58  68    32    77  3.4
 12  2893 K4  1018  3558 K6  2564  1271 K4   312  5902 14628  6.9  5.8  3.15  0.08  24.86  16.37  20.35  22.13  70    25    96  3.2
 13  5166 K4  1269  5180 K6   933  1860 K4   501  8966 16526  5.2  4.5  3.20  0.15  27.44  18.73  22.76  24.44  69   243  1992  3.1
 2007
  1  3276 K4  1064  4116 K6  2545  1296 K4   376  6313 14914  6.5  5.8  2.79  0.07  22.42  13.84  17.93  19.57  70    56    49  3.2
  2  4028 K4  1399  4474 K6  2795  1526 K4   504  7568 15657  5.9  5.2  2.25  0.08  20.84  11.04  15.82  17.82  68    84    17  3.1
  3  5593 K4  1195  5977 K6  2256  1827 K4   557  9088 16525  4.6  4.0  2.34  0.11  26.09  15.45  20.36  22.36  61    18    94  3.3
  4  6453 K4  1502  6279 K6  2338  2011 K4   485 10372 17369  5.0  4.3  2.44  0.15  26.32  16.80  21.41  23.22  62    15   112  3.5
  5  6774 K4   940  5658 K6  1923  2600 K4   579 11118 18034  4.1  3.8  3.05  0.19  30.40  20.38  25.14  26.74  59     0   219  3.4
  6  6181 K4  1435  4751 K6  1996  2541 K4   390 11365 18328  6.3  5.6  4.20  0.21  31.37  23.53  27.00  28.23  72     0   274  2.9
  7  5792 K4  1327  4448 K6  1810  2417 K4   334 11191 18083  7.0  5.8  4.89  0.23  32.19  25.16  28.29  29.33  72     0   321  2.4
  8  6045 K4  1307  5150 K6  1690  2251 K4   339 10571 17419  5.8  4.9  4.80  0.22  33.09  25.46  28.85  30.29  71     0   339  2.1
  9  5011 K4  1291  4414 K6  1917  2052 K4   314  9476 16597  6.4  5.5  4.69  0.19  31.79  24.10  27.38  29.02  73     0   288  2.7
 10  3986 K4  1305  3507 K6  2508  1921 K4   386  8015 15752  6.5  5.6  4.36  0.14  30.07  22.56  25.84  27.41  73     0   248  3.3
 11  3882 K4   976  5017 K6  2163  1293 K4   308  6613 14998  3.6  2.9  2.46  0.11  25.26  15.22  19.98  22.12  67    16    73  3.0
 12  3478 K4   533  4958 K6  1682  1215 K4   290  5904 14628  4.7  3.9  2.70  0.08  24.85  15.61  19.92  21.97  73    25    84  2.5
 13  5042 K4  1251  4896 K6   793  1912 K4   493  8966 16525  5.5  4.8  3.41  0.15  27.89  19.10  23.16  24.84  68   214  2118  3.0
 2008
  1  3408 K4  1041  4579 K6  2629  1235 K4   324  6305 14909  5.6  4.6  2.37  0.07  21.54  11.70  16.54  18.53  68    83    30  3.4
  2  3976 K4  1337  4622 K6  3000  1520 K4   513  7581 15663  5.4  4.6  2.35  0.08  23.68  13.94  18.69  20.66  68    37    51  3.1
  3  5150 K4  1534  5116 K6  2629  1861 K4   504  9124 16546  5.6  4.5  2.36  0.11  24.46  15.07  19.70  21.41  65    21    66  3.4
  4  6330 K4  1397  5822 K6  2170  2220 K4   458 10396 17380  4.7  4.3  2.58  0.15  27.20  17.56  22.22  24.06  63     8   130  3.3
  5  6730 K4  1361  5752 K6  2180  2451 K4   496 11129 18043  4.7  3.7  2.98  0.19  30.77  21.98  26.13  27.55  63     0   249  3.4
  6  6197 K4  1314  4816 K6  1882  2512 K4   391 11365 18326  6.1  5.5  4.36  0.21  32.58  24.08  27.77  29.02  69     0   300  2.6
  7  5110 K4  1737  3420 K6  2347  2480 K4   365 11182 18072  7.4  5.6  4.80  0.23  31.11  24.28  27.30  28.27  74     0   290  2.1
  8  5008 K4  1644  3638 K6  2426  2354 K4   458 10551 17396  7.1  6.2  5.05  0.22  30.99  24.77  27.51  28.52  76     0   296  3.1
  9  5193 K4  1143  4489 K6  2026  2185 K4   398  9445 16578  5.8  4.9  4.24  0.18  31.62  23.70  27.11  28.81  71     0   280  3.1
 10  4638 K4  1001  5024 K6  1953  1651 K4   375  7978 15737  4.9  4.1  3.16  0.14  28.23  19.26  23.30  25.22  66    14   182  3.4
 11  3838 K4   981  5254 K6  2177  1163 K4   330  6585 14985  4.0  3.6  2.01  0.10  23.54  13.26  17.96  20.29  65    48    50  3.1
 12  3533 K4   740  5452 K6  2130   991 K4   316  5900 14626  4.9  4.2  2.21  0.08  23.59  14.31  18.78  20.70  70    39    58  2.7
 13  4926 K4  1105  4832 K6   748  1885 K4   558  8962 16522  5.5  4.7  3.21  0.15  27.44  18.66  22.75  24.42  68   250  1982  3.1
 2009
  1  3635 K4  1072  5372 K6  2654  1075 K4   373  6329 14926  4.3  3.9  1.94  0.07  21.12  11.22  15.90  17.94  66    93    26  2.8
  2  4614 K4  1278  6086 K6  2589  1278 K4   412  7596 15675  4.0  3.4  1.68  0.08  21.89  10.91  16.33  18.64  60    73    19  2.8
  3  5714 K4  1201  6371 K6  2237  1667 K4   450  9116 16548  4.5  4.1  2.20  0.11  25.77  15.37  20.35  22.27  64    23    93  2.9
  4  6256 K4  1531  5813 K6  2471  2181 K4   605 10392 17383  4.9  4.2  2.34  0.15  27.86  18.39  23.03  24.67  63     6   149  3.5
  5  6408 K4  1709  5345 K6  2591  2332 K4   465 11129 18044  6.0  5.2  3.66  0.19  30.12  21.75  25.30  26.67  73     0   236  2.6
  6  6438 K4  1392  5201 K6  2026  2481 K4   422 11366 18328  6.0  4.8  4.32  0.21  31.98  24.56  27.97  29.09  74     0   298  2.8
  7  5986 K4  1575  4681 K6  2090  2404 K4   467 11184 18073  6.5  6.0  4.55  0.23  31.52  25.27  28.14  29.00  75     0   312  2.5
  8  5220 K4  1494  4082 K6  2052  2284 K4   386 10555 17401  6.5  5.6  5.00  0.22  32.06  25.11  28.04  29.28  76     0   318  1.8
  9  4916 K4  1255  4161 K6  1869  2143 K4   295  9451 16579  6.4  5.7  4.91  0.19  31.49  24.40  27.39  28.86  76     0   288  1.9
 10  4749 K4   942  5135 K6  1811  1690 K4   307  7987 15732  5.2  4.5  3.92  0.14  29.55  21.40  25.24  26.89  75     7   228  2.4
 11  3576 K4  1087  4249 K6  2372  1368 K4   374  6592 14988  6.0  5.6  2.64  0.11  24.85  16.18  20.20  22.04  73    17    82  2.7
 12  2725 K4   944  3014 K6  2100  1334 K4   302  5900 14624  7.3  6.8  2.81  0.08  21.33  13.38  17.32  18.86  76    72    42  3.1
 13  5020 K4  1223  4959 K6   962  1853 K4   505  8966 16525  5.6  5.0  3.33  0.15  27.46  19.00  22.94  24.52  71   290  2092  2.6
 2010
  1  3303 K4  1207  4528 K6  2898  1143 K4   411  6321 14920  5.5  5.1  1.78  0.07  17.18   7.65  12.32  14.30  70   193     9  3.2
  2  3797 K4  1623  4308 K6  2951  1434 K4   426  7583 15670  6.1  5.0  1.77  0.08  16.70   8.48  12.51  13.99  67   164     4  3.3
  3  5077 K4  1839  5414 K6  3033  1659 K4   503  9102 16540  5.3  4.6  1.74  0.11  20.35  12.19  16.05  17.64  67    74    11  3.8
  4  6307 K4  1448  6112 K6  2513  2019 K4   587 10383 17378  4.9  4.4  2.41  0.15  26.81  18.00  22.08  23.82  67     0   123  3.1
  5  7127 K4   738  6605 K6  1448  2177 K4   386 11124 18041  5.1  4.5  3.68  0.19  30.86  23.12  26.69  27.92  72     0   269  3.0
  6  6588 K4  1198  5681 K6  1839  2298 K4   417 11366 18327  5.8  4.6  4.69  0.21  33.23  25.29  28.88  30.14  70     0   328  2.5
  7  5847 K4  2014  4699 K6  2793  2256 K4   379 11187 18079  6.1  4.9  4.92  0.23  32.33  25.53  28.52  29.59  73     0   329  2.4
  8  5289 K4  1650  4079 K6  2235  2265 K4   389 10563 17407  7.2  6.1  5.43  0.22  32.08  25.88  28.50  29.53  76     0   330  2.7
  9  5366 K4   892  4924 K6  1610  2069 K4   346  9463 16589  5.6  4.7  4.52  0.19  32.26  24.27  27.76  29.44  70     0   298  2.3
 10  5199 K4   524  6307 K6   900  1481 K4   218  8000 15741  2.6  2.2  2.62  0.14  29.32  19.55  24.03  26.26  62     0   189  2.4
 11  3846 K4  1039  5202 K6  2206  1182 K4   242  6602 14994  4.1  3.4  2.32  0.11  25.43  15.66  20.21  22.34  66    15    81  2.6
 12  3487 K4   938  5630 K6  2351   928 K4   244  5902 14628  3.5  3.0  1.33  0.08  17.01   6.43  11.54  13.64  62   207     2  3.2
 13  5103 K4  1263  5291 K6   811  1743 K4   498  8966 16526  5.1  4.4  3.10  0.15  26.13  17.67  21.59  23.22  68   654  1972  2.9
