722020 MIAMI INTL AP          FL  -5  N25 49  W080 18    11  1012
 1991-2010
 MO AVGLO FL SDGLO AVDIR FL SDDIR AVDIF FL SDDIF AVETR AETRN  TOT  OPQ   H2O   TAU  MAX_T  MIN_T  AVG_T  AVGDT  RH  HTDD  CLDD AVWS
  1  3526 K5   245  4312 K6   821  1403 K5   141  6658 15111  5.1  4.7  2.52  0.08  24.15  16.21  20.08  21.82  73    29    86  3.8
  2  4245 K5   313  4546 K6   757  1701 K5   153  7867 15775  4.9  4.6  2.52  0.09  24.98  17.00  20.88  22.45  72    16    91  3.8
  3  5126 K5   242  4765 K6   539  2117 K5   121  9296 16549  5.1  4.7  2.59  0.12  26.44  18.75  22.44  23.91  69     6   139  4.3
  4  5916 K5   440  4973 K6   708  2404 K5   136 10455 17286  5.0  4.6  2.77  0.16  28.00  20.77  24.20  25.54  67     0   182  4.4
  5  6113 K5   356  4651 K6   510  2700 K5   110 11090 17866  5.2  4.6  3.45  0.19  30.12  23.26  26.39  27.54  70     0   259  3.9
  6  5481 K5   539  3624 K6   771  2783 K5   231 11282 18116  6.5  5.6  4.59  0.22  31.35  24.75  27.69  28.62  76     0   291  3.3
  7  5719 K5   404  3941 K6   495  2793 K5   198 11129 17888  5.7  4.9  4.64  0.23  32.14  25.60  28.56  29.50  74     0   327  3.2
  8  5365 K5   358  3812 K6   451  2589 K5   174 10594 17290  5.8  5.0  4.84  0.22  32.21  25.64  28.57  29.61  75     0   328  3.1
  9  4592 K5   264  3325 K6   470  2354 K5   177  9611 16564  6.3  5.4  4.85  0.19  31.23  25.15  27.85  28.96  77     0   296  3.3
 10  4131 K5   323  3611 K6   662  1980 K5   102  8255 15820  5.7  5.1  4.00  0.15  29.52  23.52  26.28  27.49  74     0   254  3.7
 11  3510 K5   298  3704 K6   692  1595 K5    92  6928 15163  5.4  5.0  3.06  0.12  26.93  20.21  23.45  24.75  72     2   159  3.8
 12  3202 K5   231  3851 K6   712  1361 K5   125  6257 14845  5.3  4.9  2.72  0.09  24.94  17.58  21.17  22.74  73    18   109  3.6
 13  4744 K5   134  4093 K6   354  2148 K5   103  9119 16523  5.5  4.9  3.54  0.16  28.50  21.54  24.80  26.08  73    72  2522  3.7
 1991
  1  3275 I5   846  3566 I6  2122  1474 I5   338  6652 15106  5.1  4.5  3.03  0.07  26.20  19.02  22.47  24.11  76     2   135  4.0
  2  4253 I5  1001  4626 I6  2267  1631 I5   398  7851 15766  4.5  4.2  2.53  0.08  25.20  16.53  20.83  22.56  68    17    88  4.0
  3  5212 I5  1099  5075 I6  2303  1952 I5   544  9275 16533  4.4  4.1  2.51  0.11  27.18  19.14  23.13  24.78  68     4   154  4.9
  4  5641 I5  1047  4416 I6  1979  2532 I5   466 10440 17276  4.9  4.3  3.25  0.15  28.84  22.32  25.32  26.58  72     0   218  4.9
  5  5699 I5  1392  4020 I6  2179  2768 I5   465 11084 17861  5.4  4.7  3.79  0.19  30.29  24.54  27.16  28.12  69     0   282  5.6
  6  5533 I5  1108  3502 I6  1649  2942 I5   429 11281 18113  6.3  5.2  4.60  0.21  31.70  24.52  27.46  28.55  75     0   293  3.6
  7  5774 I5  1006  3543 I6  1503  3089 I5   385 11134 17893  6.0  4.9  4.68  0.23  31.91  25.03  28.19  29.18  77     0   314  3.0
  8  5798 I5   837  4012 I6  1396  2859 I5   414 10606 17301  4.9  4.1  4.63  0.26  32.63  25.48  28.74  30.04  73     0   333  3.0
  9  4686 I5   991  3040 I6  1493  2596 I5   331  9630 16578  5.6  4.7  4.74  0.27  31.20  24.59  27.52  28.77  78     0   287  2.7
 10  3656 I5  1058  2266 I6  1636  2227 I5   437  8276 15830  6.2  5.5  4.52  0.26  29.01  22.86  25.63  26.88  79     0   236  3.3
 11  3211 I5   998  2557 I6  1847  1784 I5   348  6945 15171  5.8  5.5  3.15  0.25  26.30  19.07  22.57  23.91  74     5   136  3.5
 12  2763 I5   701  2110 I6  1443  1709 I5   317  6259 14847  5.2  4.8  2.96  0.25  25.89  18.57  21.95  23.52  74     1   122  3.2
 13  4625 I5  1145  3561 I6   936  2297 I5   570  9119 16523  5.3  4.7  3.70  0.19  28.86  21.81  25.08  26.42  74    29  2597  3.8
 1992
  1  3084 I5   874  2534 I6  1734  1740 I5   358  6644 15101  5.5  4.8  2.77  0.26  23.83  15.29  19.52  21.27  74    24    62  3.6
  2  3927 I5   778  2953 I6  1682  2152 I5   400  7863 15769  5.3  4.5  2.52  0.27  25.06  17.43  21.11  22.66  75     5    90  4.2
  3  4783 I5  1398  3502 I6  2090  2370 I5   499  9308 16553  4.8  4.3  2.50  0.27  26.20  17.82  21.87  23.41  68     3   117  4.3
  4  5453 I5  1335  3576 I6  1981  2827 I5   505 10461 17284  5.6  4.8  2.80  0.30  26.74  19.66  22.98  24.22  70     0   146  4.8
  5  6839 I5   730  5394 I6  1829  2791 I5   668 11092 17866  3.1  2.4  2.58  0.32  29.68  20.88  25.09  26.62  64     0   216  3.9
  6  4977 I5  1411  2207 I6  1693  3280 I5   424 11281 18114  7.3  6.6  5.02  0.33  30.92  23.75  26.81  27.76  82     0   270  3.4
  7  6481 I5   806  4338 I6  1475  3149 I5   508 11127 17885  3.7  3.1  3.99  0.33  32.74  25.98  29.09  30.17  70     0   342  4.0
  8  5581 I5   915  3372 I6  1459  3052 I5   482 10589 17283  5.8  4.4  4.53  0.31  32.32  25.63  28.64  29.76  75     0   330  3.9
  9  4811 I5   905  2854 I6  1232  2773 I5   285  9601 16561  5.8  4.6  4.54  0.26  31.32  25.44  28.10  29.08  77     0   302  3.9
 10  4440 I5   956  4241 I6  1859  1871 I5   338  8242 15815  4.1  3.5  3.26  0.21  29.62  23.00  26.05  27.46  73     0   247  4.5
 11  3100 I5   943  2674 I6  1869  1668 I5   304  6918 15160  5.7  5.1  3.69  0.17  27.55  21.94  24.56  25.69  79     2   194  5.2
 12  3106 I5   815  3392 I6  1846  1435 I5   264  6255 14846  4.2  3.9  2.38  0.14  25.75  18.02  21.92  23.67  72     6   116  4.0
 13  4715 I5  1264  3420 I6   894  2426 I5   638  9115 16520  5.1  4.3  3.38  0.26  28.48  21.24  24.64  25.98  73    40  2432  4.1
 1993
  1  3302 I5   790  3243 I6  1857  1620 I5   362  6668 15117  5.5  4.7  3.08  0.12  26.00  19.64  22.59  24.01  77     3   143  4.8
  2  4142 I5   806  4200 I6  1960  1733 I5   430  7877 15780  4.7  3.9  2.29  0.12  24.52  16.30  20.37  21.93  70     5    63  4.8
  3  4868 I5  1380  4217 I6  2622  2072 I5   533  9301 16553  5.2  4.5  2.48  0.14  25.75  17.88  21.68  23.08  70    12   120  4.8
  4  5928 I5  1345  4962 I6  2164  2357 I5   458 10458 17290  4.6  3.8  1.96  0.18  27.16  19.33  23.25  24.67  64     0   147  4.9
  5  5924 I5  1516  4396 I6  2307  2682 I5   456 11093 17868  5.3  4.4  3.14  0.22  29.21  23.08  25.92  26.95  66     0   242  4.4
  6  5942 I5   983  3789 I6  1622  3108 I5   378 11283 18119  5.5  4.5  4.03  0.24  31.54  25.38  28.15  29.02  73     0   304  4.0
  7  5969 I5   979  4034 I6  1744  2981 I5   510 11128 17888  5.0  3.8  4.42  0.25  32.95  25.35  28.80  29.88  72     0   335  3.8
  8  5984 I5   856  4389 I6  1669  2749 I5   501 10592 17287  4.9  3.6  4.26  0.24  32.98  25.68  28.71  29.91  72     0   341  4.1
  9  4996 I5   868  3518 I6  1344  2534 I5   340  9607 16560  5.4  4.2  4.55  0.20  31.74  25.18  28.11  29.27  75     0   304  4.2
 10  4002 I5  1086  3234 I6  2100  2015 I5   450  8250 15818  5.7  4.6  4.39  0.16  30.54  23.49  26.49  27.87  78     0   269  3.9
 11  3320 I5   857  3286 I6  1769  1609 I5   389  6924 15161  4.9  4.3  3.40  0.12  27.86  20.76  24.05  25.39  75     2   182  4.4
 12  3251 I5   622  3857 I6  1577  1372 I5   262  6256 14843  4.7  3.8  2.50  0.09  25.15  15.75  20.31  22.34  70    19    85  4.4
 13  4802 I5  1150  3927 I6   541  2236 I5   582  9120 16524  5.1  4.2  3.37  0.17  28.78  21.49  24.87  26.19  72    42  2536  4.4
 1994
  1  3043 I5   899  2858 I6  2084  1592 I5   319  6660 15113  6.2  5.6  2.70  0.08  24.12  17.32  20.66  22.10  75    16    90  5.5
  2  3566 I5  1130  3287 I6  2229  1797 I5   393  7865 15774  5.5  5.2  2.90  0.09  26.05  19.90  22.62  23.78  77     8   138  5.0
  3  5211 I5  1090  4927 I6  2096  2039 I5   492  9289 16549  4.5  3.7  2.74  0.11  27.45  19.15  23.04  24.66  69     2   156  5.4
  4  5602 I5   979  4343 I6  1834  2535 I5   504 10450 17287  4.9  4.2  3.18  0.15  28.82  22.43  25.38  26.55  71     0   219  4.9
  5  6295 I5  1082  4777 I6  1899  2742 I5   566 11088 17866  4.7  3.7  3.63  0.19  31.08  23.59  26.98  28.23  68     0   279  3.0
  6  5749 I5  1083  3566 I6  1599  3044 I5   404 11282 18116  6.7  5.2  4.55  0.22  32.13  25.37  28.31  29.31  75     0   313  2.7
  7  5901 I5   924  3956 I6  1423  2954 I5   388 11131 17890  5.3  4.2  4.34  0.23  31.94  25.50  28.56  29.49  72     0   322  3.9
  8  5532 I5  1116  3808 I6  1818  2733 I5   465 10598 17295  6.0  4.8  4.54  0.22  31.39  25.07  27.98  28.88  75     0   307  3.5
  9  4133 I5  1427  2392 I6  2036  2499 I5   318  9618 16569  7.1  6.0  4.72  0.19  30.48  24.89  27.47  28.40  78     0   281  3.5
 10  4323 I5   842  3761 I6  1697  2031 I5   390  8262 15823  4.4  3.8  3.75  0.15  29.94  23.34  26.35  27.70  74     0   258  3.7
 11  3374 I5  1074  3663 I6  2209  1458 I5   294  6934 15167  5.1  4.5  3.34  0.11  27.81  22.05  24.77  25.88  77     0   198  4.6
 12  3192 I5   714  3835 I6  1935  1341 I5   337  6257 14844  4.6  4.3  2.78  0.08  25.50  18.60  21.96  23.41  76     9   125  3.9
 13  4660 I5  1182  3765 I6   722  2231 I5   597  9120 16524  5.4  4.6  3.60  0.15  28.89  22.27  25.34  26.53  74    35  2684  4.1
 1995
  1  3466 I5   972  4260 I6  2439  1317 I5   404  6653 15107  4.7  4.1  2.30  0.07  23.63  15.45  19.41  21.14  71    24    62  3.3
  2  4424 I5   935  5218 I6  2348  1528 I5   510  7853 15769  3.4  2.9  2.25  0.08  24.38  15.56  19.98  21.72  72    30    76  2.9
  3  4980 I5  1205  4520 I6  2216  2023 I5   436  9277 16534  5.0  4.4  2.52  0.11  26.75  19.15  22.81  24.25  70     1   144  2.9
  4  5425 I5  1511  4546 I6  2531  2259 I5   400 10441 17278  4.8  4.3  2.87  0.15  28.76  21.56  24.89  26.23  70     0   205  3.5
  5  6432 I5   866  5245 I6  1856  2591 I5   568 11084 17861  4.2  3.6  3.36  0.19  31.43  24.50  27.84  29.02  70     0   299  3.4
  6  5262 I5  1695  3329 I6  2426  2776 I5   418 11281 18113  5.9  5.4  4.44  0.21  30.93  24.39  27.37  28.18  77     0   280  3.2
  7  5395 I5  1475  3403 I6  2199  2883 I5   440 11134 17893  6.1  5.2  4.66  0.23  32.58  25.68  28.69  29.61  74     0   335  3.1
  8  5184 I5  1338  3403 I6  1996  2713 I5   431 10605 17300  5.6  4.9  5.08  0.22  32.29  25.56  28.32  29.24  79     0   328  2.7
  9  4653 I5  1015  3244 I6  1765  2433 I5   385  9629 16578  5.9  5.3  4.95  0.19  32.04  25.34  28.14  29.37  77     0   311  2.4
 10  3927 I5   985  3101 I6  1889  2054 I5   388  8275 15827  6.1  5.6  4.99  0.14  30.09  24.72  27.24  28.25  78     0   281  3.5
 11  3787 J5   832  4470 J6  2068  1435 J5   391  6944 15171  4.1  3.8  2.99  0.11  26.87  19.15  22.98  24.47  69     2   142  3.2
 12  3070 I5   826  3698 I6  2178  1294 I5   300  6259 14847  4.7  4.3  2.69  0.08  23.76  16.26  19.86  21.40  72    45    97  3.1
 13  4667 I5   968  4036 I6   769  2109 I5   593  9119 16523  5.1  4.5  3.59  0.15  28.63  21.44  24.79  26.07  73   102  2559  3.1
 1996
  1  3578 J5   817  4672 J6  2173  1265 J5   361  6645 15102  4.3  4.0  2.49  0.07  24.37  15.63  19.81  21.75  73    38    90  3.3
  2  4797 I5   867  5936 I6  1890  1413 I5   401  7865 15770  2.7  2.5  2.05  0.08  24.69  13.92  19.37  21.49  70    44    73  3.2
  3  5065 I5  1343  4884 I6  2310  1975 I5   462  9310 16554  4.4  4.1  2.49  0.11  25.05  16.81  20.89  22.38  69    24   105  4.6
  4  5673 I5  1490  4870 I6  2554  2253 I5   505 10462 17284  4.5  4.0  2.73  0.15  27.84  20.85  24.13  25.47  67     0   180  4.6
  5  5609 I5  1251  3829 I6  1881  2770 I5   418 11093 17867  6.1  5.5  3.98  0.19  30.30  23.91  26.68  27.72  72     0   272  3.9
  6  5592 I5  1030  3448 I6  1669  3054 I5   410 11281 18114  6.4  5.6  4.69  0.21  31.38  24.36  27.12  28.11  76     0   286  2.9
  7  6614 J8   555  5096 J8  1411  2850 J8   584 11126 17885  2.8  2.4  4.38  0.23  32.02  26.17  28.92  29.80  73     0   334  3.9
  8  6009 J8   580  4873 J8  1412  2508 J8   513 10588 17282  3.5  3.1  4.73  0.21  31.64  25.23  28.19  29.34  74     0   313  3.2
  9  5044 J8   615  3973 J8  1304  2451 J8   410  9600 16560  3.6  3.2  4.58  0.18  31.67  25.11  28.01  29.31  73     0   302  3.0
 10  3572 J8   643  2505 J8  1155  2109 J8   322  8240 15814  5.7  5.4  4.16  0.14  28.50  22.95  25.59  26.62  75     0   229  3.8
 11  3249 J8   830  3113 J8  1733  1640 J8   300  6917 15159  5.3  4.8  2.98  0.10  26.46  20.30  23.25  24.40  68     0   152  5.2
 12  3050 J8   651  3529 J8  1701  1388 J8   280  6255 14846  4.9  4.5  2.76  0.08  25.18  17.16  21.07  22.80  71    16   104  3.4
 13  4821 J7  1183  4227 J7   984  2140 J7   612  9115 16520  4.5  4.1  3.50  0.15  28.26  21.03  24.42  25.77  72   122  2439  3.8
 1997
  1  3334 J8   858  3793 J8  1936  1471 J8   260  6669 15120  4.5  4.2  2.70  0.07  23.99  16.13  20.05  21.92  72    35    88  3.5
  2  3811 J7   867  3509 J7  1870  1918 J7   382  7879 15782  4.9  4.6  3.14  0.08  26.59  20.04  23.06  24.50  76     2   141  4.5
  3  4712 J6   748  3780 J7  1468  2340 J6   418  9303 16555  5.1  4.7  3.15  0.11  27.77  21.17  24.23  25.55  73     0   190  4.2
  4  4781 J6  1612  3373 J7  2640  2466 J6   507 10460 17290  6.0  5.7  3.43  0.15  27.57  20.71  24.10  25.31  70     0   174  4.5
  5  5554 J6   974  3916 J7  1506  2783 J6   247 11093 17868  5.8  5.1  4.06  0.19  30.19  23.53  26.58  27.60  72     0   264  3.8
  6  5565 J6  1121  3341 J7  1617  3137 J6   465 11283 18118  6.1  5.3  4.57  0.21  31.15  24.25  27.47  28.46  78     0   281  3.2
  7  5502 J6   640  3122 J7  1181  3232 J6   415 11128 17888  5.7  5.0  4.78  0.23  32.11  25.70  28.57  29.52  77     0   328  2.8
  8  5102 J6   781  3277 J7  1326  2781 J6   395 10591 17287  6.0  5.1  4.81  0.22  32.34  25.75  28.48  29.44  74     0   332  2.6
  9  4130 J7   869  2223 J7  1201  2640 J7   303  9605 16558  7.1  6.2  5.14  0.19  30.50  24.35  27.15  28.17  80     0   273  2.8
 10  3815 J6  1034  2866 J7  1771  2105 J6   405  8248 15817  5.5  5.2  3.53  0.14  28.91  22.73  25.61  26.83  71     0   232  3.9
 11  2636 J7   931  1878 J8  1873  1661 J7   262  6923 15160  6.8  6.5  3.57  0.11  26.58  20.04  23.15  24.46  76     1   150  3.6
 12  2946 J6   866  3325 J7  2346  1380 J6   325  6256 14843  5.6  5.1  3.00  0.08  23.94  16.92  20.31  21.78  79    29    94  3.5
 13  4324 J7  1031  3200 J7   617  2326 J7   625  9120 16524  5.8  5.2  3.82  0.15  28.47  21.78  24.90  26.13  75    66  2548  3.6
 1998
  1  3315 K4   875  3575 K6  2460  1567 K4   478  6661 15114  6.6  5.8  2.93  0.07  24.29  17.84  21.03  22.42  76    12    97  4.2
  2  4007 K4  1398  4171 K6  2908  1662 K4   547  7867 15774  5.3  5.0  2.47  0.08  24.22  16.97  20.62  22.07  78    17    81  4.7
  3  5195 K4  1307  5008 K6  2605  2092 K4   654  9290 16549  5.3  5.0  2.47  0.11  24.29  17.29  20.82  22.01  73    17    93  5.0
  4  6482 K4   895  5836 K6  1660  2386 K4   430 10451 17287  4.6  4.4  2.33  0.15  27.59  20.94  24.15  25.48  64     0   178  4.8
  5  6521 K4  1544  5376 K6  2513  2496 K4   529 11089 17866  4.4  3.8  3.09  0.19  30.85  23.15  26.69  28.05  70     0   269  3.2
  6  6494 K4  1034  5225 K6  1616  2577 K4   364 11282 18116  5.0  4.5  4.21  0.21  33.12  25.96  29.24  30.34  71     0   336  3.1
  7  6181 K4  1247  4771 K6  1811  2584 K4   340 11131 17889  5.4  4.6  4.65  0.23  32.63  26.02  29.03  30.01  73     0   341  3.1
  8  5836 K4   952  4540 K6  1323  2491 K4   345 10598 17294  5.7  4.9  4.78  0.22  32.56  25.92  29.05  30.10  74     0   338  3.0
  9  4498 K4  1440  3421 K6  1993  2211 K4   445  9616 16569  7.0  5.9  4.78  0.19  31.23  25.69  28.28  29.31  77     0   304  3.9
 10  4219 K4  1044  3901 K6  1804  1946 K4   313  8261 15822  5.3  4.7  3.70  0.14  29.76  24.28  26.80  28.03  72     0   269  3.8
 11  3747 K4   919  4160 K6  1886  1580 K4   347  6933 15166  4.6  4.3  2.88  0.11  27.62  21.54  24.50  25.71  80     0   188  3.5
 12  3501 K4   676  4592 K6  1795  1328 K4   291  6257 14844  4.5  4.3  2.69  0.08  26.14  19.75  22.77  24.21  74     6   149  3.7
 13  5000 K4  1257  4548 K6   738  2077 K4   450  9120 16524  5.3  4.8  3.42  0.15  28.69  22.11  25.25  26.48  73    53  2643  3.8
 1999
  1  3570 K4  1020  4600 K6  2198  1350 K4   405  6654 15109  4.9  4.7  2.34  0.07  24.73  17.31  21.06  22.59  73    21   105  4.1
  2  4696 K4  1027  5604 K6  2229  1554 K4   431  7854 15769  3.6  3.4  2.07  0.08  24.97  16.51  20.58  22.29  71    13    80  3.3
  3  5628 K4  1005  5774 K6  1954  2029 K4   477  9278 16535  4.0  3.6  1.88  0.11  25.58  16.88  21.28  22.97  66     4    93  3.8
  4  6323 K4  1150  5676 K6  1861  2295 K4   412 10442 17281  4.9  4.4  2.69  0.15  29.24  21.16  24.96  26.47  70     0   206  3.7
  5  6376 K4  1342  5259 K6  1802  2422 K4   382 11085 17862  5.1  4.4  3.04  0.19  30.00  21.83  25.67  26.92  69     0   235  3.2
  6  4618 K4  1442  2761 K6  1575  2585 K4   440 11281 18113  8.1  7.0  4.62  0.21  30.02  23.95  26.64  27.42  78     0   260  2.9
  7  5901 K4  1215  4306 K6  1644  2757 K4   288 11133 17893  6.3  5.4  4.19  0.23  31.91  25.76  28.53  29.52  71     0   326  3.4
  8  5189 K4  1340  3751 K6  1747  2453 K4   302 10604 17298  6.6  5.4  4.84  0.22  32.25  24.93  28.11  29.15  77     0   318  2.5
  9  4435 K4  1529  3237 K6  2106  2217 K4   453  9627 16575  6.3  5.5  4.54  0.19  30.80  24.54  27.31  28.47  80     0   280  3.2
 10  3940 K4  1274  3421 K6  2137  1920 K4   397  8273 15826  6.0  5.4  3.83  0.14  28.76  23.40  25.94  26.99  78     0   240  4.5
 11  3671 K4   727  4064 K6  1800  1599 K4   360  6942 15171  4.9  4.7  2.53  0.11  26.37  20.30  23.16  24.40  72     0   150  4.1
 12  3138 K4   912  3793 K6  2273  1330 K4   331  6259 14847  5.3  5.1  2.39  0.08  24.51  17.68  20.89  22.47  75    16   101  2.9
 13  4790 K4  1100  4354 K6  1028  2043 K4   491  9119 16523  5.5  4.9  3.25  0.15  28.26  21.19  24.51  25.80  73    54  2395  3.5
 2000
  1  3896 K4   722  5425 K6  1824  1244 K4   371  6646 15105  3.8  3.7  2.06  0.07  24.05  16.30  20.09  21.96  72    22    80  3.6
  2  4388 K4  1187  5043 K6  2422  1623 K4   512  7866 15772  4.6  4.4  2.16  0.08  24.46  17.02  20.59  22.09  72    11    81  3.6
  3  5334 K4  1001  5123 K6  1883  2134 K4   462  9311 16554  5.0  4.8  2.57  0.11  27.37  20.14  23.51  25.01  71     0   168  3.9
  4  6145 K4  1405  5364 K6  2169  2350 K4   425 10463 17284  4.5  4.3  2.43  0.15  27.96  19.80  23.71  25.16  69     0   167  4.1
  5  6556 K4   933  5342 K6  1496  2633 K4   335 11093 17869  4.5  4.3  3.05  0.19  29.93  23.40  26.33  27.49  70     0   258  4.0
  6  5933 K4   862  4189 K6  1292  2851 K4   346 11281 18114  5.4  4.8  4.37  0.21  30.86  24.70  27.52  28.50  75     0   284  3.6
  7  5289 K4  1075  3400 K6  1461  2747 K4   252 11126 17884  5.5  4.7  4.87  0.23  32.06  25.33  28.08  29.05  76     0   321  2.6
  8  5303 K4  1073  3838 K6  1483  2527 K4   263 10587 17281  5.2  4.6  4.69  0.21  31.85  25.14  28.19  29.23  76     0   315  3.4
  9  4902 K4  1198  3968 K6  1780  2245 K4   269  9598 16559  6.0  5.1  5.03  0.18  31.28  25.45  28.09  29.23  78     0   301  3.0
 10  4231 K4  1111  3940 K6  1890  1864 K4   414  8239 15814  5.3  5.1  3.36  0.14  28.53  22.32  25.21  26.43  72     0   220  3.5
 11  3754 K4   909  4233 K6  1765  1578 K4   286  6916 15159  5.1  4.8  2.73  0.10  26.89  19.18  22.90  24.36  71     3   144  3.4
 12  3120 K4   922  3562 K6  2128  1409 K4   352  6255 14847  6.1  5.8  2.63  0.08  23.89  16.87  20.37  21.75  77    29    93  3.9
 13  4904 K4  1047  4452 K6   754  2100 K4   548  9115 16520  5.1  4.7  3.33  0.15  28.26  21.30  24.55  25.85  73    66  2432  3.5
 2001
  1  3854 K4   755  5289 K6  1909  1255 K4   423  6670 15120  4.0  3.8  1.91  0.07  22.24  12.15  17.14  19.30  72    72    37  3.3
  2  4591 K4   660  5070 K6  1613  1793 K4   429  7881 15783  4.7  4.5  2.66  0.08  26.51  20.09  23.08  24.50  73     0   139  4.2
  3  5470 K4  1011  5487 K6  2195  2056 K4   560  9304 16556  4.4  4.2  2.64  0.11  27.38  18.46  22.68  24.42  74     4   147  4.0
  4  5928 K4  1246  5027 K6  2294  2416 K4   579 10461 17290  4.8  4.6  2.71  0.15  27.63  20.94  24.11  25.40  67     0   179  4.7
  5  5756 K4  1795  4151 K6  2426  2681 K4   430 11094 17868  5.8  5.1  3.47  0.19  28.45  21.99  25.06  26.11  75     0   214  3.9
  6  5657 K4  1224  4049 K6  1525  2566 K4   362 11283 18118  5.3  4.5  4.37  0.21  31.43  24.49  27.58  28.54  79     0   289  3.0
  7  5443 K4  1551  3751 K6  2044  2683 K4   367 11127 17887  5.4  4.7  4.81  0.23  31.47  24.55  27.70  28.72  76     0   300  3.4
  8  5354 K4  1519  3927 K6  2007  2430 K4   364 10590 17287  5.8  5.0  4.93  0.22  32.05  25.95  28.70  29.67  75     0   331  3.1
  9  4334 K4  1399  3145 K6  1955  2273 K4   343  9604 16556  6.3  5.7  4.84  0.19  30.32  24.63  27.00  28.00  80     0   274  2.9
 10  3790 K4  1286  2971 K6  2065  1999 K4   366  8247 15817  7.2  6.2  4.05  0.14  28.78  23.35  25.85  26.87  77     0   240  4.1
 11  3597 K4   696  3734 K6  1710  1659 K4   313  6922 15158  5.5  5.4  2.81  0.11  26.28  20.35  23.19  24.40  79     0   150  3.9
 12  3268 K4   813  4007 K6  2040  1347 K4   351  6256 14842  5.8  5.5  2.83  0.08  25.65  19.95  22.63  23.98  74     8   146  3.7
 13  4754 K4   955  4217 K6   823  2097 K4   497  9120 16524  5.4  4.9  3.50  0.15  28.18  21.41  24.56  25.83  75    84  2445  3.7
 2002
  1  3796 K4   824  5099 K6  2002  1321 K4   381  6662 15114  4.3  4.1  2.64  0.07  24.77  17.01  20.79  22.55  78    33   112  3.4
  2  4057 K4  1216  4160 K6  2523  1739 K4   470  7868 15775  5.8  5.5  3.01  0.08  24.65  17.20  20.85  22.21  77     9    81  3.5
  3  5140 K4  1473  4812 K6  2456  2114 K4   472  9292 16550  5.2  5.0  2.95  0.11  27.24  20.39  23.72  24.97  74     3   173  4.4
  4  6525 K4   853  5935 K6  1553  2318 K4   379 10452 17287  4.2  4.0  3.18  0.15  28.87  22.52  25.37  26.66  69     0   221  4.5
  5  6075 K4  1166  4461 K6  1703  2817 K4   401 11089 17866  5.2  5.0  3.57  0.19  29.93  23.98  26.63  27.65  72     0   267  4.5
  6  4474 K4  1764  2520 K6  1971  2589 K4   392 11282 18119  7.4  6.4  4.95  0.21  29.50  23.88  26.63  27.37  81     0   251  3.2
  7  5327 K4  1150  3561 K6  1466  2704 K4   347 11130 17889  5.8  5.2  4.91  0.23  31.35  25.29  28.07  28.82  78     0   310  2.8
  8  5301 K4  1120  3676 K6  1515  2601 K4   282 10597 17292  5.6  5.1  4.83  0.22  32.00  25.49  28.45  29.53  75     0   323  3.1
  9  4784 K4  1134  3661 K6  1694  2350 K4   346  9615 16566  6.6  5.9  5.18  0.19  31.36  25.56  28.33  29.42  83     0   304  3.5
 10  4604 K4   688  4533 K6  1413  1967 K4   338  8259 15822  4.4  4.3  4.28  0.14  30.89  24.57  27.43  28.83  79     0   291  3.0
 11  3782 K4   807  4218 K6  1935  1578 K4   358  6932 15166  5.0  4.8  3.18  0.11  27.07  18.97  23.06  24.59  74     4   145  3.2
 12  3278 K4   752  3991 K6  1973  1374 K4   313  6257 14844  5.4  5.1  2.92  0.08  25.40  17.26  21.39  23.07  78    13   106  3.8
 13  4762 K4   967  4219 K6   864  2123 K4   525  9120 16524  5.4  5.0  3.80  0.15  28.59  21.84  25.06  26.31  76    61  2584  3.6
 2003
  1  3725 K4   962  5045 K6  2303  1263 K4   359  6655 15109  4.3  4.1  2.08  0.07  22.20  12.11  17.07  19.36  72    62    26  3.1
  2  4558 K4   803  5086 K6  2042  1751 K4   491  7856 15770  4.2  4.1  2.89  0.08  26.75  18.44  22.34  24.20  76     1   121  3.3
  3  5187 K4   898  4698 K6  1649  2217 K4   363  9280 16536  5.2  5.0  3.36  0.11  29.56  21.92  25.38  26.93  75     3   233  3.2
  4  5605 K4  1544  4440 K6  2210  2449 K4   517 10443 17284  5.5  5.2  3.03  0.15  27.85  20.53  24.05  25.30  69     2   177  4.0
  5  6139 K4  1274  4677 K6  1814  2686 K4   321 11085 17863  5.3  4.9  4.05  0.19  30.71  24.22  27.12  28.18  75     0   283  3.3
  6  5103 K4  1292  3150 K6  1695  2799 K4   388 11281 18114  6.7  5.9  4.92  0.21  30.87  24.96  27.69  28.46  79     0   288  3.1
  7  5873 K4  1085  4289 K6  1337  2668 K4   361 11133 17893  5.4  4.9  4.55  0.23  31.94  26.24  28.76  29.59  73     0   333  3.6
  8  4715 K4  1352  3184 K6  1575  2413 K4   315 10603 17297  6.4  5.6  5.08  0.22  31.38  25.25  27.99  28.86  78     0   310  2.8
  9  4535 K4  1190  3414 K6  1743  2274 K4   400  9626 16574  6.4  5.6  4.98  0.19  30.82  24.73  27.50  28.60  79     0   283  2.7
 10  4497 K4   935  4266 K6  1939  1968 K4   428  8272 15825  4.9  4.7  3.94  0.14  29.90  24.00  26.65  27.95  75     0   267  3.3
 11  3516 K4   879  3782 K6  1771  1595 K4   307  6941 15171  5.5  5.2  3.37  0.11  27.42  21.10  24.13  25.27  75     2   180  3.9
 12  3073 K4   951  3687 K6  2215  1339 K4   353  6259 14847  5.6  5.4  2.37  0.08  23.34  15.33  19.45  21.03  75    32    63  3.6
 13  4710 K4   941  4143 K6   687  2119 K4   530  9120 16523  5.5  5.1  3.72  0.15  28.56  21.57  24.84  26.14  75   103  2564  3.3
 2004
  1  3668 K4   966  4969 K6  2319  1252 K4   373  6647 15106  4.8  4.6  2.46  0.07  23.63  14.84  19.10  21.08  75    21    49  3.2
  2  4271 K4  1037  4588 K6  2208  1685 K4   446  7868 15772  5.4  5.2  2.64  0.08  25.43  17.24  21.22  22.74  77    16   103  3.7
  3  5191 K4  1092  4900 K6  2120  2168 K4   449  9313 16556  5.2  4.8  2.35  0.11  25.95  19.10  22.28  23.64  72     0   130  5.0
  4  6213 K4  1234  5387 K6  1961  2400 K4   470 10464 17290  4.9  4.7  2.68  0.15  26.91  19.21  22.95  24.41  67     0   142  4.4
  5  6480 K4   933  5052 K6  1473  2827 K4   345 11094 17869  5.2  5.1  3.15  0.19  29.22  23.44  26.06  27.09  67     0   248  5.3
  6  6194 K4  1005  4824 K6  1419  2602 K4   327 11281 18114  5.2  4.9  4.53  0.21  31.97  25.69  28.64  29.64  72     0   315  3.4
  7  5948 K4  1046  4308 K6  1388  2739 K4   264 11125 17883  5.3  4.8  4.70  0.23  32.44  25.60  28.51  29.52  74     0   331  2.8
  8  5025 K4  1185  3483 K6  1598  2465 K4   386 10586 17280  6.3  5.6  5.20  0.21  32.00  25.35  28.27  29.35  77     0   321  2.7
  9  4385 K4  1500  3199 K6  2038  2234 K4   397  9597 16557  6.6  5.9  4.96  0.18  30.60  25.46  27.65  28.60  79     0   291  4.8
 10  4566 K4   685  4334 K6  1415  1991 K4   277  8237 15812  5.4  5.1  3.73  0.14  29.23  23.19  25.88  27.14  74     0   244  3.7
 11  3615 K4   778  3972 K6  1608  1624 K4   282  6915 15157  5.1  5.0  2.87  0.10  27.07  20.66  23.66  24.96  72     0   166  3.9
 12  3291 K4   792  3923 K6  2058  1402 K4   323  6255 14846  5.8  5.6  2.66  0.08  24.12  16.56  20.29  21.83  77    25    87  3.7
 13  4904 K4  1113  4412 K6   667  2116 K4   527  9115 16520  5.4  5.1  3.49  0.15  28.21  21.36  24.54  25.83  74    62  2428  3.9
 2005
  1  3724 K4   760  4827 K6  2089  1331 K4   382  6671 15120  5.0  4.9  2.44  0.07  23.78  16.11  19.79  21.44  79    26    76  3.9
  2  4082 K4  1079  4250 K6  2411  1764 K4   465  7882 15784  5.0  4.7  2.62  0.08  24.12  16.18  20.04  21.65  79    15    67  3.3
  3  5235 K4  1563  5045 K6  2488  2005 K4   544  9306 16557  5.5  5.2  2.79  0.11  25.82  17.63  21.52  23.08  73     9   114  3.6
  4  6236 K4  1329  5637 K6  2011  2277 K4   417 10462 17291  3.9  3.7  2.44  0.15  26.93  18.78  22.81  24.28  71     0   136  4.2
  5  6091 K4  1177  4534 K6  1755  2760 K4   357 11094 17870  5.1  4.7  3.46  0.19  29.59  22.56  25.73  26.90  76     0   240  3.8
  6  4579 K4  1737  2672 K6  2161  2586 K4   530 11283 18117  7.5  6.5  4.96  0.21  30.42  24.09  26.98  27.81  84     0   268  3.4
  7  5983 K4  1233  4310 K6  1603  2731 K4   355 11127 17885  5.5  5.1  4.86  0.23  32.52  26.47  29.20  30.11  76     0   346  3.9
  8  5244 K4  1185  3694 K6  1443  2580 K4   385 10589 17285  5.4  4.9  5.16  0.22  32.76  26.40  29.17  30.18  76     0   349  3.2
  9  4870 K4  1220  3823 K6  1831  2301 K4   395  9603 16555  5.5  5.0  4.94  0.19  31.62  25.14  28.15  29.36  79     0   302  3.5
 10  3974 K4  1220  3466 K6  2000  1960 K4   367  8245 15817  6.2  5.8  4.35  0.14  28.96  23.29  26.01  27.11  77     1   242  4.1
 11  3614 K4   887  3892 K6  1878  1630 K4   330  6921 15158  5.1  4.9  3.19  0.11  27.08  21.08  23.94  25.16  71     1   174  3.8
 12  3416 K4   802  4356 K6  2186  1308 K4   369  6256 14842  4.6  4.5  2.64  0.08  24.55  16.85  20.50  22.21  71    13    86  3.2
 13  4754 K4  1010  4209 K6   780  2103 K4   518  9120 16524  5.4  5.0  3.65  0.15  28.18  21.22  24.49  25.77  76    65  2399  3.7
 2006
  1  3653 K4   626  4672 K6  1977  1454 K4   440  6663 15115  5.3  5.1  2.35  0.07  24.19  17.15  20.66  22.14  68    21    94  4.3
  2  4423 K4  1129  5016 K6  2326  1630 K4   459  7870 15777  4.9  4.5  2.20  0.08  23.99  15.22  19.62  21.22  66    29    64  3.4
  3  5379 K4   883  5270 K6  1740  2156 K4   448  9293 16550  4.4  4.1  2.28  0.11  25.93  18.17  21.96  23.57  63     5   120  4.0
  4  6386 K4   817  5664 K6  1526  2404 K4   381 10453 17288  4.9  4.6  2.70  0.15  28.88  21.16  24.69  26.25  63     0   201  3.8
  5  6003 K4  1537  4644 K6  2269  2583 K4   419 11090 17866  5.4  5.0  3.42  0.19  30.22  22.10  25.89  27.18  66     0   243  3.1
  6  5407 K4  1539  3787 K6  1888  2640 K4   456 11282 18118  6.6  5.6  4.52  0.21  31.32  25.02  27.78  28.66  71     0   295  3.3
  7  5266 K4  1559  3493 K6  1908  2634 K4   318 11130 17889  7.6  6.3  4.77  0.23  31.26  25.20  27.95  28.78  72     0   307  3.4
  8  5146 K4  1257  3657 K6  1608  2528 K4   314 10596 17292  6.9  5.6  4.89  0.22  31.86  25.54  28.40  29.36  71     0   322  3.2
  9  4684 K4  1112  3794 K6  1576  2138 K4   273  9613 16566  6.3  5.6  4.81  0.19  31.34  24.92  27.61  28.78  72     0   294  2.6
 10  4459 K4   912  4231 K6  1549  1956 K4   308  8258 15822  5.7  4.9  3.79  0.14  30.08  23.29  26.43  27.83  65     0   259  3.4
 11  3489 K4   947  3606 K6  2005  1628 K4   337  6931 15164  6.4  6.1  2.98  0.11  26.09  19.22  22.54  23.81  66    13   143  3.6
 12  2894 K4   940  3160 K6  2131  1410 K4   321  6257 14844  7.5  6.9  3.58  0.08  26.01  20.89  23.29  24.36  71     2   160  4.4
 13  4766 K4  1041  4250 K6   793  2097 K4   472  9120 16524  6.0  5.4  3.52  0.15  28.43  21.49  24.73  25.99  68    69  2501  3.5
 2007
  1  3581 K4   868  4428 K6  2089  1410 K4   367  6656 15109  6.4  6.0  2.93  0.07  25.80  19.09  22.22  23.66  69     7   135  3.9
  2  4073 K4  1392  4303 K6  2693  1637 K4   490  7857 15770  6.2  5.8  2.85  0.08  24.61  16.42  20.37  21.94  68    22    83  3.4
  3  5257 K4   970  4849 K6  1833  2227 K4   395  9281 16536  6.3  5.8  2.57  0.11  26.49  19.75  22.87  24.15  61     1   149  4.9
  4  6233 K4  1222  5458 K6  1888  2292 K4   388 10445 17284  5.4  4.8  2.77  0.15  27.81  19.70  23.65  25.07  62     1   163  4.2
  5  5954 K4  1120  4324 K6  1700  2789 K4   446 11086 17863  5.8  4.9  3.41  0.19  29.19  22.40  25.53  26.62  65     0   232  4.9
  6  5513 K4  1434  3839 K6  1844  2634 K4   414 11281 18115  6.7  5.6  4.54  0.21  31.00  23.77  27.03  28.01  72     0   272  3.2
  7  5419 K4  1222  3987 K6  1599  2497 K4   251 11132 17892  6.6  5.7  4.86  0.23  32.15  25.32  28.36  29.28  70     0   322  2.4
  8  5531 K4  1150  4283 K6  1419  2469 K4   281 10602 17297  5.4  4.9  4.60  0.22  32.54  26.16  29.13  30.25  68     0   342  3.3
  9  4709 K4  1370  3707 K6  1859  2232 K4   336  9624 16574  6.8  5.8  4.83  0.19  31.80  24.93  27.99  29.31  70     0   301  3.1
 10  3805 K4  1130  3107 K6  1761  1987 K4   343  8270 15825  7.4  6.6  4.73  0.14  29.90  25.08  27.25  28.14  74     0   284  4.4
 11  3872 K4   674  4390 K6  1505  1602 K4   254  6940 15169  5.1  4.7  3.06  0.11  27.10  20.33  23.60  25.00  63     0   162  3.6
 12  3429 K4   671  4409 K6  1802  1362 K4   293  6259 14847  5.2  4.8  3.13  0.08  27.04  20.23  23.63  25.21  68     3   167  3.5
 13  4781 K4   990  4257 K6   583  2095 K4   488  9120 16523  6.1  5.5  3.69  0.15  28.79  21.93  25.14  26.39  68    34  2612  3.7
 2008
  1  3480 K4   856  4153 K6  2059  1458 K4   337  6648 15106  6.3  5.4  2.83  0.07  24.95  17.47  21.11  22.70  65    17   107  3.7
  2  4087 K4  1143  4158 K6  2136  1721 K4   374  7869 15773  6.1  5.7  2.91  0.08  27.02  19.65  23.07  24.40  66     4   149  3.6
  3  4862 K4  1274  4215 K6  2047  2247 K4   396  9314 16556  6.2  5.6  2.92  0.11  27.10  19.82  23.29  24.61  63     2   161  4.5
  4  6058 K4  1053  5045 K6  1732  2503 K4   397 10465 17291  5.6  5.1  2.83  0.15  28.18  21.29  24.45  25.70  62     1   193  4.3
  5  6331 K4   983  5027 K6  1446  2742 K4   367 11094 17873  4.8  4.6  3.40  0.19  31.05  23.66  27.01  28.28  65     0   280  4.4
  6  5534 K4  1466  3974 K6  1736  2545 K4   388 11281 18114  7.0  5.9  4.38  0.21  31.43  25.40  28.12  28.94  72     0   303  3.6
  7  5392 K4  1233  3737 K6  1581  2674 K4   316 11125 17882  7.2  5.6  4.64  0.23  31.63  24.74  27.99  29.01  73     0   306  2.9
  8  4778 K4  1461  3211 K6  1729  2436 K4   386 10585 17280  6.7  5.5  5.02  0.21  32.06  25.49  28.44  29.43  75     0   324  3.4
  9  4385 K4  1409  3121 K6  1966  2301 K4   347  9595 16557  7.0  6.3  4.74  0.18  31.16  25.91  28.13  29.11  74     0   306  4.2
 10  4013 K4  1227  3593 K6  2065  1893 K4   367  8236 15811  6.7  5.8  3.96  0.14  28.41  22.68  25.47  26.49  71     1   224  3.9
 11  3796 K4   729  4450 K6  1663  1559 K4   318  6914 15157  4.8  4.5  2.60  0.10  26.02  17.98  21.88  23.44  68     2   112  3.4
 12  3301 K4   844  4190 K6  2039  1305 K4   324  6255 14846  5.6  5.3  2.55  0.08  25.50  18.39  21.85  23.36  72     4   117  3.8
 13  4668 K4   996  4073 K6   607  2115 K4   504  9115 16520  6.2  5.4  3.57  0.15  28.71  21.87  25.07  26.29  69    32  2581  3.8
 2009
  1  3770 K4   731  5067 K6  2058  1306 K4   396  6672 15120  5.0  4.7  2.23  0.07  24.23  15.15  19.61  21.75  69    25    67  3.4
  2  4585 K4   860  5202 K6  1826  1665 K4   420  7884 15786  4.9  4.8  2.08  0.08  24.14  15.80  19.87  21.53  64    23    69  4.0
  3  5010 K4  1054  4561 K6  1957  2185 K4   390  9307 16558  5.9  5.5  2.49  0.11  26.04  18.98  22.18  23.51  66    10   139  4.6
  4  6127 K4  1008  5250 K6  1934  2494 K4   558 10463 17292  5.2  4.9  2.60  0.15  28.71  21.17  24.63  26.03  65     1   199  4.8
  5  5730 K4  1382  4261 K6  1840  2644 K4   384 11095 17870  6.5  5.9  3.60  0.19  30.33  23.53  26.45  27.52  72     0   267  3.8
  6  5381 K4  1145  3571 K6  1554  2715 K4   285 11283 18116  7.5  6.5  4.69  0.21  32.17  24.66  27.79  28.85  76     0   303  2.8
  7  5297 K4  1391  3705 K6  1716  2573 K4   339 11126 17885  6.9  5.8  4.80  0.23  32.76  25.73  28.97  30.02  73     0   338  2.2
  8  5490 K4  1043  3996 K6  1392  2598 K4   303 10588 17284  6.6  5.9  4.86  0.22  32.70  26.61  29.42  30.51  74     0   351  3.0
  9  4405 K4   961  3185 K6  1333  2271 K4   353  9601 16554  7.6  6.1  5.21  0.19  31.82  25.58  28.24  29.40  77     0   311  2.2
 10  4548 K4   657  4332 K6  1347  1995 K4   302  8244 15815  5.8  5.0  4.19  0.14  31.03  24.77  27.58  28.90  72     0   297  3.1
 11  3595 K4   837  3752 K6  1895  1657 K4   344  6920 15158  6.4  6.1  2.97  0.11  27.62  20.59  24.01  25.32  69     2   175  3.1
 12  3157 K4   874  3735 K6  2093  1402 K4   307  6255 14842  6.7  6.2  3.22  0.08  26.15  19.26  22.69  24.11  77    10   145  3.4
 13  4758 K4   914  4218 K6   683  2125 K4   508  9120 16523  6.3  5.6  3.58  0.15  28.97  21.82  25.12  26.45  71    70  2660  3.4
 2010
  1  3414 K4  1048  4162 K6  2575  1374 K4   464  6664 15115  6.2  5.4  2.14  0.07  22.03  13.26  17.41  19.09  66    87    66  3.5
  2  4170 K4  1316  4530 K6  2646  1620 K4   445  7871 15778  6.9  5.8  2.17  0.08  22.25  13.60  17.99  19.43  66    53    41  3.4
  3  4792 K4  1603  4645 K6  2648  1949 K4   456  9295 16551  5.9  5.7  2.15  0.11  23.92  15.38  19.75  21.27  66    23    64  3.7
  4  5563 K4  1825  4654 K6  2773  2274 K4   577 10454 17288  6.5  5.8  2.74  0.15  27.71  21.31  24.45  25.62  68     0   185  4.2
  5  5904 K4  1230  4331 K6  1812  2793 K4   426 11091 17866  6.1  5.5  3.75  0.19  30.85  24.83  27.42  28.47  71     0   295  3.7
  6  6120 K4   927  4738 K6  1170  2640 K4   301 11282 18117  7.0  5.9  4.77  0.21  33.08  26.31  29.42  30.39  72     0   341  3.3
  7  5424 K4  1324  3709 K6  1808  2732 K4   308 11129 17888  7.2  5.8  4.91  0.23  32.47  26.26  29.15  29.99  74     0   342  3.5
  8  5204 K4  1468  3867 K6  2011  2389 K4   366 10595 17290  7.2  6.2  5.34  0.22  32.61  26.13  28.96  30.01  76     0   342  2.3
  9  4466 K4  1387  3589 K6  1767  2113 K4   395  9612 16564  6.9  6.2  4.87  0.19  31.48  25.62  28.24  29.25  77     0   307  3.4
 10  4231 K4  1182  4161 K6  1947  1747 K4   357  8256 15821  6.2  5.5  3.54  0.14  29.51  23.06  26.12  27.44  69     0   247  3.1
 11  3480 K4  1143  4186 K6  2345  1359 K4   246  6930 15163  5.7  5.5  2.84  0.11  26.54  19.66  23.07  24.44  68     3   146  2.9
 12  3802 K4   811  5875 K6  2128   976 K4   331  6257 14844  3.9  3.5  1.69  0.08  21.28  11.20  16.23  18.24  62    85    20  3.1
 13  4714 K4   929  4370 K6   604  1997 K4   593  9120 16524  6.3  5.6  3.41  0.15  27.81  20.55  24.02  25.30  70   251  2396  3.3
