722038 NAPLES MUNICIPAL       FL  -5  N26  9  W081 46     3  1013
 1991-2010
 MO AVGLO FL SDGLO AVDIR FL SDDIR AVDIF FL SDDIF AVETR AETRN  TOT  OPQ   H2O   TAU  MAX_T  MIN_T  AVG_T  AVGDT  RH  HTDD  CLDD AVWS
  1  3699 K5   349  4961 K6  1127  1240 K5   185  6605 15079  3.9  3.7  2.40  0.08  23.03  13.00  17.76  20.01  74    57    47  3.2
  2  4508 K5   396  5291 K6  1085  1506 K5   223  7823 15758  3.9  3.6  2.39  0.09  23.98  13.86  18.67  20.88  73    35    52  3.4
  3  5461 K5   389  5589 K6   895  1860 K5   190  9268 16547  3.8  3.6  2.47  0.12  25.57  15.87  20.66  22.52  70    17    91  3.6
  4  6295 K5   509  5769 K6  1001  2200 K5   221 10445 17301  3.6  3.3  2.69  0.16  27.51  18.12  22.79  24.64  70     2   137  3.6
  5  6556 K5   367  5424 K6   627  2521 K5   171 11096 17893  3.6  3.3  3.36  0.19  29.93  20.84  25.35  26.89  71     0   219  3.3
  6  6091 K5   461  4504 K6   754  2657 K5   287 11296 18147  5.0  4.1  4.54  0.22  31.14  23.30  26.82  28.11  77     0   267  2.8
  7  5844 K5   343  4158 K6   458  2670 K5   232 11139 17916  4.4  3.7  4.65  0.24  31.67  23.90  27.35  28.58  77     0   293  2.6
  8  5541 K5   398  4134 K6   486  2472 K5   203 10590 17308  4.2  3.4  4.84  0.22  31.80  24.04  27.43  28.94  78     0   297  2.5
  9  4968 K5   307  3969 K6   516  2253 K5   190  9589 16568  4.4  3.8  4.79  0.20  31.20  23.72  26.87  28.49  79     0   274  2.8
 10  4574 K5   330  4605 K6   807  1798 K5   150  8215 15808  3.8  3.4  3.85  0.15  29.41  20.86  24.82  26.70  75     1   212  3.1
 11  3854 K5   381  4651 K6  1008  1400 K5   146  6878 15137  3.5  3.3  2.88  0.12  26.36  16.93  21.34  23.30  73    10   109  3.1
 12  3401 K5   264  4511 K6   867  1224 K5   141  6202 14811  4.1  3.8  2.56  0.09  23.88  14.21  18.76  21.03  75    40    62  3.0
 13  5066 K5   152  4797 K6   526  1983 K5   163  9095 16523  4.0  3.6  3.45  0.16  27.96  19.05  23.22  25.01  74   162  2060  3.1
 1991
  1  3340 J5   963  3915 J6  2305  1355 J5   347  6599 15075  4.4  4.1  3.13  0.07  25.06  16.10  20.14  22.26  78    16    86  3.0
  2  4363 J5   975  4993 J6  2430  1552 J5   479  7807 15747  4.0  3.4  2.51  0.08  23.96  14.24  18.91  21.09  68    34    56  3.8
  3  5051 J5  1223  4942 J6  2675  1892 J5   574  9246 16531  4.1  3.8  2.49  0.11  25.65  16.37  21.18  22.91  66    16    99  4.1
  4  5358 J5   993  3876 J6  1809  2720 J5   463 10430 17290  4.4  3.9  3.18  0.15  28.71  19.99  24.07  25.88  64     0   181  3.6
  5  5587 J5  1508  4006 J6  2375  2699 J5   583 11089 17885  5.3  4.7  3.81  0.19  30.66  22.36  26.08  27.47  70     0   254  2.8
  6  5898 J5  1038  3644 J6  1889  3130 J5   589 11295 18146  6.2  5.1  4.57  0.21  30.95  22.90  26.52  27.86  75     0   258  1.9
  7  5745 J5  1130  3529 J6  1834  3026 J5   517 11144 17925  6.2  5.1  4.68  0.23  31.28  23.21  26.68  27.94  77     0   276  1.8
  8  5908 J5   855  4227 J6  1525  2802 J5   480 10602 17317  4.9  3.7  4.68  0.26  31.46  23.49  26.91  28.52  77     0   283  1.6
  9  5028 J5  1021  3547 J6  1815  2537 J5   461  9608 16581  4.8  4.2  4.74  0.27  30.59  22.72  26.10  27.88  76     0   250  1.8
 10  4116 J5   961  3184 J6  2023  2136 J5   460  8238 15819  4.9  4.3  4.34  0.26  28.82  20.33  24.06  25.96  77     0   193  2.8
 11  3180 J5   871  2649 J6  1731  1735 J5   331  6894 15146  4.3  4.0  3.01  0.25  24.89  15.24  19.67  21.62  78    29    81  2.9
 12  2957 J5   810  2818 J6  1863  1526 J5   253  6205 14811  4.1  3.9  2.86  0.25  24.53  14.66  19.03  21.46  74    21    61  2.6
 13  4711 J5  1091  3777 J6   726  2259 J5   633  9096 16523  4.8  4.2  3.67  0.19  28.05  19.30  23.28  25.07  73   116  2077  2.7
 1992
  1  2869 J5   806  2037 J6  1433  1794 J5   306  6592 15069  5.4  5.0  2.66  0.26  21.58  12.15  16.66  18.78  80    66    21  2.9
  2  3602 J5   727  2275 J6  1285  2211 J5   327  7819 15755  5.5  5.1  2.46  0.27  23.91  14.42  18.90  21.09  78    27    51  3.1
  3  4736 J5  1353  3436 J6  2299  2400 J5   513  9279 16549  4.7  4.5  2.39  0.28  24.43  14.74  19.54  21.33  70    21    60  2.9
  4  5438 J5  1371  3735 J6  2177  2675 J5   481 10451 17308  5.4  4.8  2.78  0.30  26.10  16.90  21.36  23.17  71    13   108  3.4
  5  6676 J5   891  4970 J6  2014  2935 J5   750 11098 17894  3.3  2.8  2.56  0.32  28.10  17.94  23.23  24.87  68     1   146  3.3
  6  5874 J5   989  3264 J6  1637  3357 J5   491 11295 18146  6.1  4.9  4.90  0.33  30.57  23.08  26.48  27.70  79     0   255  3.0
  7  6313 J5   934  4327 J6  1477  3009 J5   494 11136 17913  3.2  2.6  3.99  0.33  31.95  23.21  27.03  28.44  77     0   287  2.1
  8  5818 J5   788  3778 J6  1407  2996 J5   463 10584 17306  4.1  3.1  4.55  0.31  31.28  22.83  26.22  27.86  80     0   270  2.4
  9  5134 J5   754  3322 J6  1329  2764 J5   445  9579 16563  4.1  3.1  4.49  0.27  31.04  22.74  26.01  27.79  80     0   257  2.3
 10  4217 J5  1020  3636 J6  2124  2010 J5   475  8203 15803  3.7  3.3  3.23  0.21  28.59  19.68  23.77  25.78  75     0   180  3.0
 11  3147 J5   913  2833 J6  1874  1632 J5   275  6867 15132  5.2  4.9  3.64  0.17  27.04  18.28  22.17  24.05  77    13   143  3.7
 12  3110 J5   676  3596 J6  1581  1356 J5   272  6201 14813  4.7  4.3  2.34  0.14  24.57  13.89  18.74  21.44  75    26    54  2.5
 13  4745 J5  1334  3434 J6   805  2428 J5   630  9092 16521  4.6  4.0  3.33  0.26  27.43  18.32  22.51  24.36  76   166  1831  2.9
 1993
  1  3166 J5  1002  3243 J6  2246  1479 J5   345  6615 15085  5.3  5.1  3.04  0.12  25.06  16.21  20.17  22.36  78    14    85  3.0
  2  4143 J5  1100  4226 J6  2266  1683 J5   433  7834 15763  4.5  4.1  2.20  0.12  22.66  12.79  17.70  19.78  70    39    22  3.5
  3  4656 J5  1405  3803 J6  2690  2154 J5   570  9272 16554  5.7  5.4  2.48  0.14  23.79  14.35  18.98  20.71  74    28    51  3.5
  4  6119 J6  1457  5566 J7  2396  2172 J6   534 10448 17306  3.8  3.6  1.94  0.18  25.59  15.23  20.64  22.65  67     3    66  3.5
  5  6295 J5  1157  5099 J6  2075  2557 J5   559 11099 17894  4.0  3.8  3.13  0.22  28.44  19.14  23.78  25.32  71     0   169  3.3
  6  6616 J5   867  5161 J6  1739  2722 J5   618 11296 18148  4.5  3.7  4.04  0.24  30.88  22.37  26.18  27.60  78     0   249  2.6
  7  6270 J5   999  4687 J6  1632  2774 J5   524 11138 17913  4.2  3.4  4.52  0.25  31.18  23.06  26.61  27.80  79     0   273  2.1
  8  6252 J5   914  5125 J7  1813  2492 J5   603 10587 17305  3.8  3.2  4.26  0.24  31.50  23.45  27.06  28.51  78     0   283  2.4
  9  5331 J5   926  4260 J6  1503  2375 J5   337  9584 16564  4.5  3.6  4.58  0.20  31.92  22.70  26.30  28.34  79     0   269  2.5
 10  4277 J5  1090  3794 J6  2196  1931 J5   506  8211 15802  5.2  4.3  4.30  0.16  28.95  20.96  24.54  26.23  82     0   206  2.6
 11  3608 J5   785  4063 J7  1557  1430 J5   242  6874 15133  5.0  4.7  3.29  0.12  26.18  17.40  21.51  23.29  78    12   116  3.0
 12  3405 J6   590  4462 J7  1624  1234 J6   293  6201 14810  4.5  3.7  2.32  0.09  22.32  11.29  16.70  19.25  74    65    17  2.8
 13  5012 J5  1281  4457 J7   689  2084 J5   528  9097 16523  4.6  4.1  3.34  0.17  27.37  18.25  22.51  24.32  76   161  1806  2.9
 1994
  1  3316 J5   887  3785 J6  2082  1370 J5   364  6608 15081  5.5  4.9  2.59  0.08  22.36  13.18  17.68  19.68  76    52    35  3.7
  2  3982 J5  1001  4068 J6  2370  1687 J5   449  7821 15758  5.4  4.9  2.89  0.09  25.24  15.99  20.04  22.17  78    16    80  3.2
  3  5416 J5  1073  5501 J6  2001  1824 J5   440  9260 16547  3.8  3.5  2.65  0.11  25.15  15.44  20.37  22.19  73    19    80  3.4
  4  6045 J5   816  5226 J7  1727  2302 J5   525 10440 17293  3.8  3.6  3.05  0.15  28.61  18.94  23.50  25.62  74     0   163  3.4
  5  6517 J5   983  5243 J6  1936  2636 J5   555 11094 17891  4.0  3.4  3.53  0.19  29.58  20.58  25.19  26.75  71     0   209  2.8
  6  5948 J5  1173  3921 J6  1792  2902 J5   416 11296 18146  6.3  5.1  4.57  0.22  31.39  22.95  26.69  28.13  78     0   265  2.3
  7  6411 J6   682  4962 J7  1375  2702 J6   514 11141 17920  3.5  3.1  4.39  0.23  30.73  22.39  25.86  27.19  79     0   255  2.4
  8  5653 J5   895  3876 J6  1783  2771 J5   611 10594 17313  5.3  4.2  4.56  0.22  30.93  22.95  26.41  27.98  78     0   267  2.3
  9  4773 J5  1186  3190 J6  1873  2526 J5   408  9595 16571  6.2  5.0  4.76  0.19  29.81  22.66  25.47  26.99  82     0   237  2.4
 10  4647 J5   699  4516 J6  1523  1892 J5   385  8223 15816  3.9  3.3  3.76  0.15  28.94  20.76  24.52  26.40  78     0   202  2.6
 11  3662 J5   834  4102 J6  2106  1492 J5   453  6884 15139  4.2  4.0  3.23  0.11  27.09  18.78  22.66  24.44  64     0   138  3.1
 12  3057 J5   696  3401 J6  1894  1391 J5   304  6203 14812  5.1  4.8  2.75  0.08  24.01  15.87  19.57  21.52  66    23    73  2.7
 13  4952 J5  1224  4316 J6   762  2125 J5   576  9097 16524  4.7  4.1  3.56  0.15  27.82  19.21  23.16  24.92  75   110  2005  2.9
 1995
  1  3362 J5  1092  4072 J6  2773  1296 J5   427  6600 15076  4.3  4.1  2.30  0.07  21.86  11.87  16.64  18.72  71    66    20  2.8
  2  4571 J5   904  5366 J6  2387  1499 J5   506  7808 15750  3.8  3.4  2.16  0.08  22.86  12.69  17.66  19.63  71    56    41  2.9
  3  5115 J5  1250  5040 J6  2534  1863 J5   542  9248 16532  4.5  4.4  2.45  0.11  25.51  15.98  20.64  22.62  74     9    84  3.4
  4  5841 J5  1592  5071 J6  2732  2229 J5   528 10431 17290  4.8  4.3  2.87  0.15  27.70  18.79  23.20  24.97  73     0   147  3.2
  5  6545 J5   952  5396 J6  1937  2514 J5   598 11090 17886  3.7  3.4  3.38  0.19  31.08  22.18  26.64  28.24  67     0   257  2.9
  6  6150 J5  1472  4403 J6  2365  2843 J5   552 11295 18146  5.5  4.3  4.37  0.21  30.25  23.02  26.40  27.42  72     0   249  3.1
  7  6193 J5  1075  4453 J6  2079  2833 J5   599 11144 17925  6.0  4.6  4.67  0.23  31.17  23.76  26.94  28.08  70     0   283  2.4
  8  6075 J5  1348  4966 J6  2177  2381 J5   521 10601 17315  4.9  3.8  4.71  0.22  31.35  24.54  27.83  29.18  68     0   298  2.8
  9  5035 J5  1054  3925 J6  2060  2331 J5   494  9606 16580  5.2  4.3  4.74  0.19  30.81  23.45  26.62  28.14  76     0   264  2.2
 10  4096 J5  1107  3569 J6  1995  1909 J5   405  8236 15819  5.7  4.5  4.94  0.14  29.49  22.28  25.44  26.83  75     0   234  3.0
 11  3919 J5   883  4851 J6  2181  1369 J5   376  6893 15146  3.1  2.9  2.75  0.11  25.55  15.32  20.29  22.32  66    17    80  2.9
 12  3301 J5   860  4239 J6  2329  1202 J5   351  6204 14811  5.1  4.5  2.59  0.08  22.08  12.52  16.99  19.17  69    72    40  2.7
 13  5017 J5  1158  4613 J6   589  2022 J5   586  9096 16523  4.7  4.0  3.49  0.15  27.47  18.87  22.94  24.61  71   220  1999  2.8
 1996
  1  3636 J5   826  4651 J6  2188  1297 J5   375  6593 15070  4.3  4.0  2.23  0.07  22.13  11.80  16.85  19.12  68    75    32  3.0
  2  4847 J5   896  6391 J6  1863  1255 J5   301  7821 15755  3.3  2.9  1.83  0.08  22.01  10.43  16.28  18.73  65    86    25  2.8
  3  5492 J5  1286  5659 J6  2445  1797 J5   478  9281 16550  3.8  3.4  2.24  0.11  23.69  13.20  18.41  20.35  59    57    60  4.0
  4  6113 J5  1477  5628 J6  2317  2178 J5   463 10452 17308  3.7  3.3  2.42  0.15  27.06  17.90  22.54  24.32  60     1   126  3.3
  5  6270 J5  1221  4850 J6  1866  2621 J5   507 11099 17895  4.9  4.2  3.63  0.19  29.73  20.98  25.22  26.73  67     0   218  2.9
  6  6534 J5   797  4810 J6  1392  2844 J5   497 11295 18146  5.5  3.9  4.51  0.21  30.49  22.30  26.13  27.63  79     0   242  2.7
  7  5801 J7   970  3568 J7  1844  3059 J7   590 11136 17913  6.2  5.1  4.17  0.23  31.95  24.16  27.76  29.00  77     0   301  3.0
  8  6017 J7   668  4533 J7  1369  2698 J7   487 10583 17304  4.7  3.7  4.49  0.22  31.26  23.00  26.57  28.27  80     0   273  2.6
  9  5266 J5   853  4014 J6  1373  2474 J5   345  9577 16563  4.4  3.9  4.34  0.18  31.22  23.34  26.82  28.49  79     0   269  2.6
 10  4173 J5   752  3673 J6  1992  1964 J5   473  8201 15801  4.9  4.3  3.84  0.14  28.63  20.10  23.93  25.77  80     0   187  3.3
 11  3816 J5   612  4380 J6  1743  1525 J5   394  6866 15132  3.3  2.8  2.65  0.10  25.57  15.53  20.24  22.37  74    17    83  4.0
 12  3360 J5   630  4308 J6  2086  1274 J5   360  6201 14813  3.7  3.5  2.47  0.08  24.35  13.42  18.34  21.08  75    32    49  2.9
 13  5110 J6  1116  4705 J7   840  2082 J6   655  9092 16521  4.4  3.7  3.23  0.15  27.34  18.01  22.42  24.32  72   267  1865  3.1
 1997
  1  3584 J6   881  4510 J7  2542  1329 J6   443  6616 15085  4.4  4.2  2.34  0.07  23.45  13.27  17.95  20.32  75    43    44  2.9
  2  4056 J5   814  4049 J6  2060  1791 J5   451  7835 15764  4.4  4.2  2.82  0.08  26.57  16.27  20.85  23.24  78    10    97  3.7
  3  5136 J5   904  4693 J6  1886  2084 J5   443  9274 16555  4.1  3.8  2.79  0.11  27.68  18.41  22.87  24.69  75     0   146  3.5
  4  5379 J5  1275  3838 J6  2089  2608 J5   483 10450 17308  5.1  4.6  3.29  0.15  27.21  18.54  22.63  24.29  72     3   139  4.1
  5  5816 J5  1274  3925 J6  2094  2871 J5   566 11099 17896  5.0  4.6  3.55  0.19  29.62  20.73  25.17  26.63  74     0   212  3.5
  6  6407 J5   625  4425 J6  1207  3026 J5   468 11296 18149  5.2  4.2  4.19  0.21  30.46  22.34  26.05  27.38  78     0   242  2.7
  7  5981 J5   740  3624 J6  1308  3202 J5   459 11137 17913  5.8  4.8  4.57  0.23  31.80  23.41  27.12  28.45  79     0   287  2.5
  8  5861 J5   891  4352 J7  1725  2665 J5   532 10586 17304  4.4  3.5  4.47  0.22  32.11  24.07  27.78  29.51  78     0   303  2.2
  9  5614 J5  1012  5110 J7  2081  2134 J5   522  9583 16562  3.2  2.8  4.85  0.19  30.78  23.34  26.73  28.38  81     0   262  2.7
 10  4882 J6   998  5254 J7  2131  1664 J6   431  8209 15801  3.3  2.6  3.20  0.14  28.64  19.52  23.92  26.00  74     0   179  3.5
 11  3036 J5   964  2556 J6  2018  1652 J5   371  6873 15132  5.4  4.9  3.30  0.11  25.43  16.98  20.96  22.59  78     4    90  3.2
 12  2936 J5   919  3145 J6  2318  1392 J5   360  6201 14810  5.8  5.4  2.72  0.08  23.25  15.10  18.99  20.89  81    44    70  3.3
 13  4891 J5  1198  4123 J6   778  2202 J5   654  9097 16523  4.7  4.1  3.51  0.15  28.08  19.33  23.42  25.20  77   104  2071  3.1
 1998
  1  3584 K4  1065  4529 K6  2914  1337 K4   521  6609 15081  6.2  5.7  2.64  0.07  23.49  14.87  18.94  20.83  71    33    59  3.6
  2  4232 K4  1458  4806 K6  2979  1506 K4   541  7823 15759  5.2  4.5  2.30  0.08  23.02  14.26  18.56  20.49  76    35    43  4.1
  3  5773 K4  1274  6341 K6  2512  1725 K4   560  9262 16549  4.4  4.2  2.24  0.11  23.85  14.93  19.31  20.95  67    37    70  3.9
  4  6836 K4   866  6776 K6  1857  2055 K4   583 10441 17293  3.6  3.3  2.34  0.15  27.19  18.13  22.65  24.53  69     0   130  4.0
  5  6892 K4  1324  6066 K6  2308  2273 K4   568 11095 17891  3.6  3.3  3.07  0.19  29.84  20.68  25.31  26.84  75     0   215  3.1
  6  6887 K4  1058  5988 K6  1849  2292 K4   426 11296 18145  4.4  3.7  4.12  0.21  32.10  24.54  28.17  29.50  74     0   300  2.9
  7  5653 K4  1617  4167 K6  1961  2426 K4   330 11140 17918  5.1  4.0  4.62  0.23  31.96  24.35  27.75  28.84  78     0   304  2.3
  8  5669 K4  1038  4510 K6  1520  2263 K4   291 10593 17313  5.2  3.9  4.82  0.22  32.35  23.85  27.50  29.09  80     0   303  2.4
  9  4405 K4  1571  3197 K6  2307  2218 K4   462  9594 16570  5.7  5.2  5.00  0.19  31.40  24.32  27.20  28.71  80     0   286  3.4
 10  4803 K4   815  5099 K6  1896  1733 K4   424  8222 15813  4.6  3.9  3.54  0.14  29.84  21.66  25.33  27.19  76     0   230  2.9
 11  3880 K4   912  4758 K6  1899  1421 K4   287  6882 15139  4.0  3.8  2.80  0.11  27.40  18.54  22.60  24.52  79     1   140  2.3
 12  3662 K4   664  5182 K6  1947  1177 K4   307  6203 14812  4.3  4.0  2.64  0.08  25.89  16.32  20.71  23.02  78    16   102  2.6
 13  5190 K4  1264  5118 K6  1020  1869 K4   437  9097 16524  4.7  4.1  3.34  0.15  28.19  19.70  23.67  25.38  75   122  2182  3.1
 1999
  1  3924 K4   864  5598 K6  2175  1164 K4   374  6601 15077  4.1  3.8  2.22  0.07  25.57  14.34  19.36  22.18  73    30    81  2.9
  2  5011 K4   743  6530 K6  1637  1347 K4   399  7810 15751  2.6  2.6  1.98  0.08  23.93  13.60  18.62  20.89  73    38    50  2.6
  3  6015 K4  1134  6945 K6  2201  1572 K4   510  9249 16533  2.6  2.4  1.80  0.11  24.88  14.02  19.48  21.57  68    12    47  2.5
  4  6960 K4   938  6987 K6  1595  1975 K4   395 10432 17290  3.6  3.3  2.62  0.15  28.26  18.88  23.62  25.54  71     1   159  2.3
  5  6939 K4   968  5998 K6  1861  2448 K4   468 11091 17886  3.4  3.1  3.03  0.19  29.34  19.83  24.60  26.25  68     0   194  2.4
  6  5441 K4  1326  3577 K6  1878  2721 K4   313 11295 18146  5.9  4.9  4.72  0.21  30.60  22.55  25.95  27.24  73     0   247  1.6
  7  5703 K4  1339  4105 K6  1718  2567 K4   275 11143 17925  5.0  4.1  4.28  0.23  31.39  23.76  27.09  28.31  72     0   287  1.3
  8  5192 K4  1320  3794 K6  1848  2354 K4   322 10600 17315  4.1  3.2  4.89  0.22  31.39  24.17  27.44  28.78  74     0   293  1.2
  9  5000 K4  1485  4224 K6  2176  2110 K4   349  9605 16578  4.6  3.9  4.54  0.19  30.71  23.48  26.87  28.37  73     0   263  1.9
 10  4121 K4  1219  3806 K6  2336  1825 K4   479  8234 15819  4.9  4.3  3.84  0.14  28.84  21.46  24.69  26.20  72     0   211  2.3
 11  4296 K4   487  5583 K6  1387  1355 K4   351  6892 15146  3.0  2.8  2.29  0.11  26.04  16.77  21.01  22.97  66     2    94  2.3
 12  3623 K4   802  5115 K6  2212  1141 K4   347  6204 14811  4.6  4.5  2.33  0.08  23.96  14.57  18.99  21.27  67    34    63  1.6
 13  5186 K4  1098  5189 K6  1267  1882 K4   565  9096 16523  4.0  3.6  3.21  0.15  27.91  18.95  23.14  24.96  71   117  1988  2.1
 2000
  1  4153 K4   622  6258 K6  1846  1090 K4   403  6594 15072  3.2  3.1  1.99  0.07  23.66  12.86  17.95  20.43  66    46    43  2.4
  2  4731 K4  1015  5831 K6  2254  1470 K4   457  7822 15756  3.3  3.2  1.96  0.08  24.12  13.37  18.34  20.70  63    31    43  3.0
  3  5898 K4   752  6344 K6  1613  1853 K4   495  9283 16550  4.0  3.8  2.46  0.11  26.98  17.53  22.13  23.99  63     0   122  3.3
  4  6878 K4  1009  6732 K6  1771  2047 K4   433 10453 17309  3.5  3.2  2.20  0.15  26.75  17.50  22.29  24.01  62     1   115  3.6
  5  6953 K4   985  6078 K6  1457  2442 K4   309 11099 17896  3.8  3.6  3.05  0.19  29.79  20.94  25.54  27.02  64     0   218  3.2
  6  6227 K4  1079  4797 K6  1577  2555 K4   352 11295 18147  5.1  4.3  4.39  0.21  31.57  22.87  26.60  28.10  69     0   267  3.0
  7  5432 K4  1350  3804 K6  1869  2494 K4   325 11135 17912  5.4  4.5  4.84  0.23  31.48  24.25  27.52  28.69  70     0   296  2.9
  8  5196 K4  1465  3778 K6  1733  2372 K4   362 10582 17303  4.6  3.8  4.71  0.22  31.03  22.90  26.47  27.73  75     0   268  2.6
  9  4872 K4  1369  4030 K6  1788  2146 K4   365  9576 16562  4.9  4.3  4.88  0.18  31.30  23.79  26.92  28.43  80     0   276  2.8
 10  4849 K4   899  5316 K6  1728  1664 K4   371  8200 15800  3.0  2.9  3.09  0.14  27.91  16.01  22.23  25.02  73     9   121  3.4
 11  4142 K4   932  5465 K6  2054  1257 K4   327  6865 15131  3.5  3.2  2.51  0.10  25.92  15.04  20.49  22.58  73    15    79  2.9
 12  3532 K4   775  4765 K6  2197  1206 K4   360  6200 14811  4.8  4.6  2.24  0.08  22.92  13.01  17.57  19.75  75    59    48  3.4
 13  5239 K4  1084  5267 K6  1030  1883 K4   537  9092 16521  4.1  3.7  3.19  0.15  27.79  18.34  22.84  24.70  70   161  1896  3.1
 2001
  1  4034 K4   819  6010 K6  2088  1087 K4   424  6617 15087  3.3  3.1  1.73  0.07  20.57   9.09  14.61  17.04  71   127    19  3.1
  2  4963 K4   640  6203 K6  1566  1417 K4   385  7837 15767  4.1  4.0  2.61  0.08  27.08  16.34  21.01  23.52  74     5    99  3.1
  3  5570 K4  1337  5851 K6  2486  1788 K4   538  9275 16555  4.6  4.3  2.49  0.11  25.21  16.55  20.89  22.58  74    11    91  4.1
  4  6405 K4  1251  6074 K6  2482  2099 K4   632 10451 17311  3.7  3.5  2.63  0.15  27.62  17.77  22.68  24.69  69     0   131  3.7
  5  6465 K4  1440  5311 K6  2451  2504 K4   515 11100 17897  4.4  4.1  3.19  0.19  29.44  19.57  24.55  26.25  69     0   191  3.8
  6  6089 K4  1405  4727 K6  1901  2472 K4   383 11296 18149  5.4  4.8  4.26  0.21  30.86  23.15  26.46  27.63  78     0   260  3.1
  7  5107 K4  1564  3380 K6  1897  2531 K4   388 11137 17913  6.2  5.5  4.79  0.23  30.88  23.48  26.74  27.93  81     0   274  3.3
  8  5523 K4  1480  4239 K6  1859  2390 K4   341 10585 17303  5.4  4.7  4.81  0.22  31.81  23.92  27.58  29.22  79     0   296  3.0
  9  4293 K4  1523  3217 K6  1993  2102 K4   403  9582 16561  6.5  5.8  4.78  0.19  29.46  23.27  25.93  27.25  82     0   241  3.0
 10  4409 K4  1112  4086 K6  2021  1900 K4   340  8207 15801  5.6  4.8  3.88  0.14  29.29  20.75  24.66  26.53  76     0   208  4.2
 11  4105 K4   834  5207 K6  1875  1325 K4   330  6872 15132  3.0  2.7  2.64  0.11  27.06  17.89  21.91  23.94  76     0   124  2.9
 12  3443 K4   877  4583 K6  2214  1263 K4   373  6201 14810  2.7  2.5  2.63  0.08  25.35  16.22  20.42  22.50  80    26   102  2.6
 13  5034 K4   996  4907 K6  1038  1906 K4   527  9097 16524  4.6  4.2  3.37  0.15  27.89  19.00  23.12  24.92  76   170  2037  3.3
 2002
  1  3923 K4   944  5665 K6  2314  1097 K4   364  6610 15081  3.5  3.4  2.56  0.07  23.24  13.12  18.26  20.34  74    63    58  3.3
  2  4402 K4  1225  5027 K6  2725  1583 K4   552  7824 15759  4.2  3.9  2.81  0.08  24.61  13.78  18.83  21.31  71    15    39  3.6
  3  5499 K4  1549  5787 K6  2574  1771 K4   362  9263 16550  3.5  3.3  2.86  0.11  27.52  16.81  22.08  24.22  71     9   128  3.5
  4  6612 K4   949  6328 K6  1718  2140 K4   451 10442 17295  2.3  2.2  3.35  0.15  29.07  19.50  24.21  26.16  76     0   179  3.4
  5  6697 K4  1245  5576 K6  1891  2564 K4   478 11096 17891  3.1  3.0  3.53  0.19  31.03  21.04  26.03  27.63  78     0   239  3.9
  6  5363 K4  1729  3542 K6  2174  2642 K4   431 11296 18146  6.3  5.2  4.97  0.21  30.67  23.34  26.52  27.64  87     0   260  3.3
  7  5965 K4  1367  4457 K6  1877  2566 K4   309 11140 17915  4.4  3.7  4.94  0.23  31.56  24.26  27.53  28.70  79     0   297  2.7
  8  5351 K4  1183  3988 K6  1413  2400 K4   288 10592 17312  4.1  3.4  4.94  0.22  32.14  23.97  27.32  28.86  81     0   302  2.8
  9  4818 K4  1237  3788 K6  1687  2219 K4   342  9593 16570  5.1  4.2  5.22  0.19  31.60  24.48  27.42  29.02  83     0   291  3.3
 10  4973 K4   687  5559 K6  1366  1681 K4   327  8220 15811  2.3  2.1  4.21  0.14  30.80  22.41  26.34  28.29  78     0   257  2.8
 11  3944 K4  1139  5075 K6  2272  1244 K4   347  6881 15138  3.0  2.8  2.94  0.11  26.09  16.06  21.03  22.90  73    16    98  3.2
 12  3230 K4  1088  4250 K6  2508  1200 K4   334  6203 14812  4.5  4.2  2.70  0.08  23.78  13.88  18.78  20.97  77    37    53  3.5
 13  5065 K4  1073  4920 K6   898  1926 K4   569  9097 16523  3.8  3.5  3.75  0.15  28.51  19.39  23.70  25.50  77   140  2201  3.3
 2003
  1  3920 K4   948  5716 K6  2560  1124 K4   457  6602 15078  3.0  2.8  1.84  0.07  20.18   9.53  14.87  17.19  76   115     8  3.1
  2  4998 K4   736  6362 K6  1927  1392 K4   503  7812 15753  3.1  3.0  2.71  0.08  25.52  15.07  20.10  22.55  81    12    67  3.6
  3  5653 K4  1127  5780 K6  2111  1894 K4   427  9251 16535  4.2  4.0  3.22  0.11  27.91  20.36  23.96  25.46  80     4   184  3.2
  4  6152 K4  1501  5571 K6  2305  2222 K4   565 10433 17290  4.1  3.9  2.90  0.15  27.49  18.89  23.08  24.67  76     3   149  3.8
  5  6714 K4  1141  5744 K6  1703  2451 K4   309 11091 17886  3.0  2.8  3.93  0.19  30.75  22.87  26.74  28.08  81     0   263  3.0
  6  5654 K4  1582  3948 K6  2216  2627 K4   379 11295 18146  5.4  4.5  4.90  0.21  31.34  24.29  27.45  28.58  80     0   285  3.1
  7  5913 K4  1003  4268 K6  1352  2571 K4   341 11143 17924  4.5  3.5  4.70  0.23  32.21  24.02  27.53  28.93  79     0   303  2.8
  8  5032 K4  1146  3524 K6  1526  2407 K4   306 10599 17314  4.5  3.5  5.10  0.22  31.85  23.98  27.09  28.57  83     0   297  2.7
  9  4758 K4  1362  3762 K6  1913  2204 K4   395  9604 16576  4.7  3.9  4.98  0.19  31.31  24.26  27.26  28.72  82     0   284  3.1
 10  4860 K4   855  5257 K6  2081  1726 K4   508  8233 15819  3.1  2.7  3.81  0.14  30.30  21.88  25.81  27.69  76     0   241  3.2
 11  4002 K4   815  5053 K6  1862  1352 K4   344  6891 15146  3.1  3.0  3.24  0.11  27.99  18.65  22.82  24.79  76     6   155  3.6
 12  3629 K4   861  5259 K6  2123  1096 K4   319  6204 14811  3.4  3.4  2.18  0.08  22.53  12.35  17.40  19.76  78    56    28  3.3
 13  5107 K4   950  5021 K6   921  1922 K4   570  9096 16523  3.8  3.4  3.63  0.15  28.28  19.68  23.67  25.42  79   196  2263  3.2
 2004
  1  3805 K4  1197  5701 K6  2722  1003 K4   280  6595 15072  2.7  2.7  2.37  0.07  22.28  12.01  17.05  19.35  81    63    26  3.2
  2  4672 K4  1211  5756 K6  2526  1386 K4   445  7824 15757  4.4  4.2  2.49  0.08  23.96  14.63  19.11  21.04  81    31    59  3.4
  3  5782 K4  1095  6215 K6  2237  1821 K4   526  9284 16551  2.7  2.6  2.27  0.11  26.07  15.88  20.99  23.09  73     6    88  4.1
  4  6438 K4  1219  5995 K6  2186  2186 K4   540 10455 17309  3.4  3.1  2.63  0.15  26.71  17.50  22.15  23.92  72     2   116  4.2
  5  6718 K4  1226  5735 K6  2028  2493 K4   477 11100 17898  2.8  2.6  3.21  0.19  30.46  20.42  25.34  27.09  74     0   220  3.8
  6  6159 K4  1232  4952 K6  1716  2388 K4   287 11295 18147  3.3  2.8  4.69  0.21  32.24  23.29  27.16  28.73  83     0   283  3.0
  7  6210 K4  1227  4887 K6  1625  2441 K4   266 11135 17912  3.8  3.1  4.76  0.23  31.80  23.92  27.66  28.98  84     0   295  2.6
  8  5326 K4  1428  4047 K6  1867  2301 K4   397 10581 17301  4.4  3.6  5.17  0.22  31.35  24.34  27.47  28.95  81     0   295  3.0
  9  4678 K4  1212  3779 K6  2019  2232 K4   358  9574 16561  4.5  3.9  4.85  0.18  30.94  24.38  27.22  28.56  79     0   280  4.6
 10  4805 K4   805  5095 K6  1527  1751 K4   330  8198 15799  2.8  2.7  3.65  0.14  29.75  20.91  24.95  27.02  74     0   217  3.4
 11  4164 K4   573  5534 K6  1555  1330 K4   361  6864 15130  2.5  2.5  2.79  0.10  27.05  17.29  22.12  24.17  73     1   116  3.3
 12  3510 K4   917  4925 K6  2295  1142 K4   317  6200 14811  4.3  4.1  2.55  0.08  23.56  13.74  18.54  20.63  72    42    52  3.6
 13  5189 K4  1075  5218 K6   751  1873 K4   541  9092 16521  3.5  3.2  3.45  0.15  28.01  19.03  23.31  25.13  77   144  2047  3.5
 2005
  1  4204 K4   529  6476 K6  1682  1037 K4   400  6618 15087  3.3  3.3  2.35  0.07  23.80  13.45  18.31  20.72  73    48    57  3.3
  2  4622 K4  1180  5710 K6  2661  1384 K4   524  7838 15768  3.3  3.1  2.55  0.08  24.00  13.75  18.62  20.94  72    21    37  3.3
  3  5268 K4  1775  5331 K6  2731  1790 K4   513  9277 16556  4.5  4.2  2.77  0.11  24.53  16.05  20.29  21.71  72    24    84  3.5
  4  6757 K4  1076  6744 K6  1998  1956 K4   525 10452 17313  2.2  2.1  2.37  0.15  26.84  16.91  21.98  23.87  64     1   107  4.1
  5  6440 K4  1726  5386 K6  2363  2449 K4   475 11100 17897  3.7  3.4  3.43  0.19  29.41  20.74  25.16  26.57  71     0   209  3.6
  6  4994 K4  2163  3454 K6  2788  2395 K4   456 11296 18149  6.1  5.1  5.00  0.21  29.78  23.41  26.18  27.05  83     0   248  3.1
  7  5978 K4  1147  4561 K6  1480  2500 K4   260 11137 17913  3.9  3.4  4.94  0.23  32.43  25.05  28.25  29.38  77     0   323  3.0
  8  5206 K4  1074  3647 K6  1286  2461 K4   285 10584 17302  4.8  3.9  5.24  0.22  32.44  24.73  28.15  29.73  77     0   318  2.3
  9  5076 K4  1240  4406 K6  1917  2087 K4   326  9580 16560  4.1  3.5  4.84  0.19  31.70  24.15  27.35  28.99  76     0   288  2.8
 10  4346 K4  1158  4241 K6  2209  1796 K4   415  8206 15799  4.9  4.2  4.15  0.14  29.07  21.25  24.74  26.38  76     5   216  3.5
 11  3783 K4  1044  4543 K6  2193  1384 K4   338  6871 15131  4.0  3.9  3.15  0.11  26.84  18.42  22.36  24.12  76     2   131  3.5
 12  3557 K4   849  4986 K6  2274  1157 K4   391  6201 14810  3.6  3.5  2.46  0.08  22.83  13.62  17.96  20.14  76    44    41  2.7
 13  5019 K4  1000  4957 K6  1023  1866 K4   531  9097 16524  4.0  3.6  3.61  0.15  27.81  19.29  23.28  24.97  75   144  2059  3.2
 2006
  1  3989 K4   619  5757 K6  1997  1198 K4   456  6611 15081  2.6  2.5  2.25  0.07  23.98  13.76  18.61  20.83  73    38    55  3.8
  2  4657 K4  1325  5987 K6  2735  1258 K4   405  7826 15759  2.7  2.6  2.10  0.08  22.81  12.24  17.47  19.67  72    58    36  3.3
  3  6063 K4   846  6931 K6  1734  1660 K4   458  9265 16551  2.2  2.0  2.19  0.11  25.55  15.32  20.45  22.50  71    11    76  3.7
  4  6830 K4  1028  6751 K6  1743  2036 K4   429 10443 17296  2.3  2.2  2.52  0.15  28.04  18.78  23.46  25.42  72     0   152  3.7
  5  6584 K4  1659  5757 K6  2569  2252 K4   546 11096 17891  3.4  3.3  3.22  0.19  29.40  20.71  25.01  26.38  72     0   208  3.1
  6  6087 K4  1738  4859 K6  2267  2380 K4   336 11296 18147  5.0  4.4  4.41  0.21  30.95  23.43  26.89  28.07  78     0   266  3.3
  7  5521 K4  1370  3876 K6  1757  2564 K4   349 11139 17915  4.4  4.1  4.85  0.23  31.26  23.40  26.76  27.88  82     0   279  2.9
  8  5413 K4  1319  4207 K6  1693  2288 K4   280 10591 17309  4.0  3.3  4.99  0.22  31.84  24.19  27.45  28.93  78     0   300  2.7
  9  5169 K4  1060  4685 K6  1839  2035 K4   357  9591 16569  4.6  4.0  4.81  0.19  31.23  24.00  27.16  28.76  81     0   279  2.6
 10  4986 K4   883  5612 K6  1628  1634 K4   307  8219 15809  3.1  2.9  3.51  0.14  29.68  20.39  24.89  26.93  73     1   209  3.4
 11  3740 K4  1192  4517 K6  2314  1319 K4   311  6880 15137  3.6  3.5  2.81  0.11  25.06  16.36  20.49  22.21  73    24    95  3.4
 12  3183 K4   899  3799 K6  2075  1375 K4   314  6202 14812  4.9  4.8  3.50  0.08  26.06  17.62  21.40  23.39  76     9   118  3.9
 13  5185 K4  1138  5228 K6  1060  1833 K4   484  9097 16523  3.6  3.3  3.43  0.15  27.99  19.18  23.34  25.08  75   142  2074  3.3
 2007
  1  3789 K4   814  5099 K6  2124  1278 K4   373  6603 15078  3.5  3.4  2.94  0.07  25.24  15.61  20.04  22.22  73    26    91  3.6
  2  4309 K4  1526  5002 K6  3127  1481 K4   482  7813 15753  4.6  4.5  2.67  0.08  22.96  13.28  18.03  20.02  73    44    38  3.6
  3  5800 K4  1077  6246 K6  2169  1795 K4   499  9252 16537  3.0  2.9  2.47  0.11  27.82  16.44  21.82  24.17  62     4   121  4.4
  4  6592 K4  1189  6406 K6  1958  2064 K4   437 10434 17291  2.7  2.6  2.71  0.15  27.95  17.61  22.88  24.73  65     4   138  4.1
  5  6737 K4   956  5673 K6  1774  2479 K4   462 11092 17888  3.1  2.7  3.33  0.19  30.46  20.81  25.33  27.02  65     0   226  4.4
  6  6423 K4  1627  5379 K6  2084  2332 K4   371 11295 18146  4.8  3.4  4.34  0.21  31.44  24.00  27.53  28.76  71     0   282  3.3
  7  5605 K4  1272  4010 K6  1608  2571 K4   271 11142 17922  3.1  2.8  4.97  0.23  32.58  24.96  28.58  29.87  71     0   324  2.6
  8  5951 K4   956  4872 K6  1467  2332 K4   308 10598 17314  3.7  3.0  4.87  0.22  33.93  25.77  29.38  31.03  69     0   357  2.8
  9  5173 K4   833  4289 K6  1399  2149 K4   315  9602 16576  3.4  2.9  4.85  0.19  32.86  24.71  27.99  29.82  73     0   314  3.1
 10  4451 K4  1181  4336 K6  2087  1861 K4   316  8231 15818  3.9  3.5  4.61  0.14  31.48  23.79  27.06  28.79  74     0   288  4.1
 11  4273 K4   663  5661 K6  1663  1299 K4   340  6890 15144  2.6  2.6  2.71  0.11  26.83  16.73  21.42  23.61  70     3   107  3.1
 12  3711 K4   750  5514 K6  1926  1077 K4   280  6204 14811  3.2  3.0  2.98  0.08  26.55  16.98  21.42  23.72  76     9   116  2.6
 13  5235 K4  1099  5207 K6   755  1893 K4   510  9096 16523  3.5  3.1  3.62  0.15  29.17  20.06  24.29  26.15  70    91  2402  3.5
 2008
  1  3740 K4  1076  5214 K6  2670  1203 K4   446  6596 15073  4.3  4.1  2.65  0.07  24.02  13.86  18.68  20.96  70    38    56  3.6
  2  4668 K4  1020  5612 K6  2235  1510 K4   525  7826 15758  3.4  3.3  2.77  0.08  26.55  16.97  21.44  23.49  72     9   108  3.4
  3  5506 K4  1157  5503 K6  2223  2009 K4   522  9286 16551  3.9  3.7  2.73  0.11  26.99  16.47  21.64  23.64  68     5   111  4.1
  4  6468 K4  1162  6073 K6  2032  2185 K4   465 10456 17310  3.1  2.9  2.81  0.15  27.82  17.90  22.92  24.83  68     3   139  3.2
  5  7020 K4   677  6103 K6  1382  2459 K4   450 11101 17898  2.7  2.6  3.18  0.19  30.43  21.18  25.83  27.36  69     0   232  3.3
  6  6274 K4  1240  4930 K6  1725  2546 K4   320 11295 18147  2.4  2.2  4.42  0.21  31.56  22.90  26.66  28.22  77     0   267  1.4
  7  5459 K4  1535  3856 K6  1773  2514 K4   369 11134 17912  2.9  2.5  4.72  0.23  30.85  23.39  26.78  27.97  80     0   273  2.7
  8  5087 K4  1557  3732 K6  1844  2283 K4   359 10580 17299  2.7  2.3  4.98  0.22  31.29  24.80  27.84  28.94  80     0   301  3.7
  9  4814 K4  1560  3990 K6  2172  2138 K4   413  9573 16561  2.6  2.3  4.60  0.18  31.13  23.91  27.00  28.61  84     0   276  3.8
 10  4632 K4  1159  4932 K6  2215  1679 K4   341  8196 15798  2.9  2.7  3.71  0.14  28.58  20.43  24.16  25.89  76     7   199  3.7
 11  4401 K4   450  6105 K6  1247  1183 K4   310  6863 15130  1.8  1.8  2.18  0.10  25.07  14.20  19.22  21.56  71    27    66  3.4
 12  3801 K4   714  5779 K6  1737  1045 K4   280  6200 14811  2.8  2.7  2.37  0.08  24.65  14.74  19.42  21.94  77    19    61  3.3
 13  5156 K4  1032  5152 K6   881  1896 K4   551  9092 16521  3.0  2.8  3.43  0.15  28.24  19.23  23.47  25.28  74   108  2088  3.3
 2009
  1  3992 K4   960  5995 K6  2413  1025 K4   372  6619 15088  2.0  2.0  2.09  0.07  22.95  12.20  17.32  19.72  71    59    36  3.1
  2  5112 K4   920  6829 K6  1776  1196 K4   278  7840 15769  2.7  2.6  1.92  0.08  23.63  11.88  17.41  20.02  68    42    26  3.7
  3  5524 K4  1136  5762 K6  2053  1887 K4   411  9279 16556  3.7  3.5  2.41  0.11  26.23  15.44  20.61  22.76  69    16    93  4.1
  4  6714 K4   829  6382 K6  1784  2118 K4   530 10453 17314  3.2  2.9  2.58  0.15  28.32  18.32  23.38  25.27  69     4   153  4.3
  5  6362 K4  1551  5437 K6  2192  2343 K4   466 11101 17899  2.8  2.8  3.66  0.19  29.97  21.33  25.42  26.87  76     0   227  3.5
  6  6497 K4  1170  5136 K6  1851  2501 K4   353 11296 18148  3.5  2.9  4.54  0.21  31.53  24.31  27.89  29.09  76     0   288  3.6
  7  6046 K4  1117  4581 K6  1472  2534 K4   254 11136 17913  2.3  1.9  4.65  0.23  32.63  24.60  28.41  29.74  75     0   319  2.8
  8  5482 K4  1052  4172 K6  1479  2417 K4   282 10583 17302  2.6  2.2  5.05  0.22  32.36  24.62  27.89  29.47  81     0   315  2.4
  9  4970 K4  1069  4148 K6  1686  2144 K4   252  9579 16559  3.2  2.6  5.09  0.19  31.82  24.39  27.47  29.05  83     0   293  2.2
 10  4991 K4   717  5543 K6  1366  1670 K4   321  8204 15799  2.2  2.2  4.12  0.14  30.70  22.28  26.35  28.10  76     1   254  2.6
 11  3874 K4   912  4596 K6  2157  1448 K4   402  6870 15129  2.2  2.1  2.98  0.11  26.85  18.04  22.13  23.87  76     5   129  3.1
 12  3270 K4   884  4105 K6  2187  1294 K4   345  6201 14809  2.9  2.8  3.08  0.08  24.77  15.95  20.15  22.14  80    25    88  3.4
 13  5236 K4  1098  5224 K6   918  1882 K4   541  9097 16524  2.8  2.6  3.51  0.15  28.48  19.45  23.70  25.51  75   153  2221  3.2
 2010
  1  3649 K4  1026  4986 K6  2519  1235 K4   503  6612 15083  2.5  2.5  2.03  0.07  20.15  10.63  15.10  17.08  75   124    33  3.3
  2  4229 K4  1378  4804 K6  2892  1509 K4   467  7827 15761  3.0  3.0  2.07  0.08  20.13  11.28  15.61  17.28  73    91    17  3.6
  3  5256 K4  1706  5662 K6  3164  1612 K4   529  9266 16552  2.6  2.5  1.99  0.11  21.87  13.10  17.52  19.04  73    56    29  3.7
  4  5958 K4  1858  5615 K6  2747  2024 K4   535 10444 17296  2.5  2.4  2.67  0.15  27.26  18.34  22.61  24.36  77     1   135  3.8
  5  6895 K4  1055  6130 K6  1780  2424 K4   355 11097 17891  1.9  1.8  3.74  0.19  31.07  22.72  26.86  28.33  77     0   266  3.3
  6  6298 K4  1146  5157 K6  1685  2455 K4   361 11296 18148  2.2  1.9  4.87  0.21  33.22  24.88  28.57  29.91  79     0   322  2.9
  7  5577 K4  1535  4060 K6  2186  2508 K4   351 11139 17915  2.4  2.0  4.99  0.23  32.38  25.35  28.39  29.50  77     0   326  3.0
  8  4795 K4  1348  3322 K6  1758  2376 K4   290 10590 17307  2.6  2.2  5.44  0.22  32.31  25.22  28.20  29.63  81     0   324  2.4
  9  5143 K4  1013  4505 K6  1593  2134 K4   270  9590 16568  2.0  1.9  4.83  0.19  32.41  24.31  27.67  29.51  80     0   301  3.2
 10  4855 K4  1162  5586 K6  2150  1532 K4   321  8217 15807  1.9  1.8  3.22  0.14  29.98  20.42  25.04  27.09  68     0   213  2.8
 11  4116 K4   836  5480 K6  1998  1254 K4   356  6879 15136  2.3  2.1  2.65  0.11  27.25  17.09  21.78  23.99  71     5   120  3.0
 12  3745 K4   840  5982 K6  2145   929 K4   300  6202 14812  2.2  2.1  1.50  0.08  19.67   8.54  14.17  16.60  67   135     4  3.3
 13  5043 K4  1019  5107 K6   826  1833 K4   553  9097 16523  2.4  2.2  3.33  0.15  27.31  18.49  22.63  24.36  75   411  2089  3.2
