703080 ST PAUL ISLAND ARPT    AK  -9  N57 10  W170 13     7  1012
 1991-2010
 MO AVGLO FL SDGLO AVDIR FL SDDIR AVDIF FL SDDIF AVETR AETRN  TOT  OPQ   H2O   TAU  MAX_T  MIN_T  AVG_T  AVGDT  RH  HTDD  CLDD AVWS
  1   370 J7    42   418 J8   166   300 J7    20  1462 10485  8.7  8.4  0.65  0.07  -2.17  -5.97  -3.84  -3.62  82   694     0  8.4
  2   827 J7   115   879 J8   398   592 J7    37  2976 13240  8.4  8.1  0.68  0.09  -2.11  -6.19  -3.94  -3.63  84   635     0  8.2
  3  1723 J7   303  1550 J8   722  1109 J7    57  5401 16341  8.2  7.8  0.66  0.12  -2.02  -6.32  -3.95  -3.50  83   697     0  7.5
  4  2492 J7   229  1622 J8   411  1667 J7   100  8168 19396  8.6  8.2  0.79  0.14   0.51  -3.36  -1.31  -0.90  84   593     0  7.1
  5  2875 J7   505  1465 J8   793  2021 J7   132 10422 22058  8.9  8.7  1.09  0.14   4.20   0.15   2.08   2.50  87   501     0  6.1
  6  2965 J7   296  1277 J8   422  2173 J7    95 11455 23463  9.2  8.9  1.56  0.14   7.82   3.60   5.58   5.93  90   379     0  5.6
  7  2532 J7   232   874 J8   352  2002 J7   139 10857 22579  9.5  9.3  2.05  0.11  10.24   6.60   8.25   8.59  93   307     0  5.1
  8  1965 J7   280   681 J8   411  1605 J7    98  8873 20062  9.5  9.3  2.11  0.09  10.94   7.74   9.25   9.63  93   279     0  5.5
  9  1784 J7   225  1126 J8   467  1319 J7    68  6239 17121  8.9  8.6  1.51  0.06   9.50   5.67   7.67   8.27  88   322     0  6.5
 10  1142 J7    77  1020 J8   248   832 J7    46  3654 14063  8.6  8.3  1.02  0.05   5.71   1.84   3.91   4.51  82   451     0  7.1
 11   538 J7    55   732 J8   240   405 J7    28  1797 11137  8.5  8.2  0.82  0.04   2.64  -0.98   1.08   1.41  80   525     0  8.0
 12   276 J7    35   404 J8   214   225 J7    13  1056  9463  8.6  8.5  0.70  0.05  -0.05  -4.03  -1.73  -1.55  81   631     0  8.0
 13  1624 J7   108  1004 J8   212  1188 J7    35  6030 16617  8.8  8.5  1.14  0.09   3.77  -0.10   1.92   2.30  86  6015     0  6.9
 1991
  1   365 I5   212   366 I6   664   296 I5   106  1455 10469  9.0  8.7  0.96  0.06  -2.32  -5.43  -3.71  -3.53  84   688     0 10.3
  2  1029 I5   514  1679 I6  1720   575 I5   160  2953 13203  7.1  6.4  0.78  0.08  -8.77 -15.80 -11.83 -10.84  83   857     0  8.2
  3  1625 I5   808  1526 I6  2038  1029 I5   238  5360 16293  8.3  8.0  1.04  0.10  -0.01  -4.46  -1.97  -1.70  89   638     0  8.1
  4  2262 I5  1049  1369 I6  2208  1572 I5   251  8128 19349  8.8  8.5  0.90  0.12  -0.65  -4.08  -2.33  -1.89  87   621     0  6.5
  5  2533 I5  1221   884 I6  1714  1984 I5   398 10396 22024  9.4  9.3  1.21  0.13   4.43   0.38   2.16   2.61  89   494     0  6.0
  6  2589 I5  1355   832 I6  1863  2040 I5   305 11452 23455  9.5  9.5  1.51  0.13   7.67   3.05   5.21   5.61  93   389     0  5.8
  7  3092 I5  1951  1796 I6  3056  1974 I5   382 10877 22611  8.8  8.5  1.86  0.11  11.58   6.55   8.91   9.46  93   287     0  4.7
  8  1620 I5   735   276 I6   942  1445 I5   283  8910 20105  9.8  9.8  2.13  0.12  11.02   7.98   9.36   9.72  96   274     0  5.9
  9  1514 I5   757   680 I6  1388  1215 I5   192  6280 17167  9.3  9.0  1.62  0.12   9.65   5.61   7.84   8.42  91   321     0  6.3
 10   999 I5   479   686 I6   840   771 I5   245  3689 14109  8.8  8.6  1.35  0.13   6.97   2.84   5.08   5.81  87   416     0  6.6
 11   454 I5   158   405 I6   447   376 I5    92  1816 11174  8.3  7.7  1.03  0.15   3.24  -1.11   1.50   1.93  83   518     0  7.6
 12   242 I5    69   117 I7   162   225 I5    50  1059  9469  8.8  8.6  0.91  0.18  -0.79  -4.94  -2.63  -2.56  81   657     0  8.7
 13  1527 I5   945   885 I6   576  1125 I5   681  6031 16619  8.8  8.5  1.28  0.12   3.50  -0.78   1.47   1.92  88  6160     0  7.1
 1992
  1   351 I5   169   166 I6   237   319 I5   132  1447 10452  7.9  7.5  0.85  0.22  -1.06  -6.53  -3.19  -2.73  86   686     0  8.1
  2   780 I5   334   361 I6   431   673 I5   245  2973 13231  8.8  8.5  0.94  0.26  -1.95  -5.63  -3.58  -3.37  82   642     0  9.1
  3  1666 I5   998  1312 I6  1716  1117 I5   367  5428 16370  8.0  7.4  0.76  0.30  -3.60  -8.99  -6.01  -5.41  89   763     0  9.1
  4  2595 I5  1053  1334 I6  1540  1879 I5   473  8193 19422  8.4  7.9  1.08  0.31  -0.03  -4.72  -2.25  -1.63  87   621     0  5.7
  5  3523 I5  1711  2018 I6  2703  2256 I5   408 10438 22077  8.3  8.1  1.07  0.30   3.39  -1.82   0.66   1.23  84   544     0  5.9
  6  3212 I5  1352  1301 I6  1744  2361 I5   423 11457 23467  9.2  8.8  1.45  0.27   8.07   3.37   5.55   5.92  94   378     0  6.3
  7  2469 I5  1464   922 I6  1911  1866 I5   452 10844 22560  9.6  9.3  1.93  0.24   9.70   5.38   7.40   7.84  95   334     0  5.4
  8  2172 I5  1325   971 I6  1977  1631 I5   384  8850 20038  9.3  8.9  1.72  0.19  10.40   6.79   8.53   8.96  92   302     0  6.7
  9  1929 I5   847  1170 I6  1491  1403 I5   334  6213 17095  8.5  8.0  1.46  0.16   8.59   2.87   5.93   6.87  83   378     0  6.1
 10  1045 I5   537   965 I6  1293   736 I5   199  3631 14036  8.3  8.2  1.08  0.13   4.48   1.34   2.96   3.42  78   478     0  7.0
 11   391 I5   190   315 I6   590   331 I5   104  1784 11116  8.7  8.4  0.94  0.11   1.48  -2.63  -0.20   0.16  79   567     0  8.4
 12   262 I5   100   290 I7   403   222 I5    62  1054  9462  8.5  8.1  0.97  0.11  -0.69  -4.73  -2.22  -2.12  87   652     0  8.1
 13  1699 I5  1134   927 I6   555  1233 I5   773  6026 16610  8.6  8.3  1.19  0.22   3.23  -1.28   1.13   1.59  86  6346     0  7.2
 1993
  1   491 I5   227   708 I6   921   361 I5   105  1472 10509  7.5  7.0  0.49  0.12  -2.65  -7.60  -4.81  -4.54  79   727     0  8.2
  2   675 I5   329   646 I6  1268   517 I5   154  2989 13260  8.7  8.3  0.66  0.14  -1.04  -5.25  -2.64  -2.35  88   601     0  7.4
  3  1593 I5   795  1188 I6  1429  1104 I5   267  5408 16351  8.7  8.0  0.69  0.15  -0.67  -4.75  -2.53  -1.99  87   652     0  6.0
  4  2634 I5  1341  1677 I6  2070  1718 I5   416  8176 19407  8.7  8.3  0.72  0.17   3.27  -1.79   0.80   1.50  87   528     0  5.7
  5  2406 I5  1236   774 I6  1511  1927 I5   444 10428 22065  9.6  9.3  1.03  0.17   4.92   0.81   2.78   3.22  84   479     0  6.5
  6  3269 I5  1730  1568 I6  2708  2275 I5   501 11457 23468  9.0  8.5  1.35  0.16   8.92   3.37   6.33   6.82  83   366     0  5.8
  7  2693 I5  1342  1018 I6  1698  2053 I5   454 10854 22576  9.4  9.1  2.40  0.14  11.65   7.43   9.35   9.83  90   273     0  5.9
  8  2013 I5   933   686 I6  1446  1624 I5   331  8867 20055  9.5  9.3  2.27  0.11  12.35   8.44  10.32  10.78  89   246     0  6.1
  9  1688 I5   787   958 I6  1292  1272 I5   277  6232 17112  8.8  8.6  1.48  0.08  10.09   5.26   8.04   8.77  82   320     0  7.1
 10  1132 I5   518   960 I6   992   827 I5   222  3648 14053  8.9  8.6  1.08  0.06   7.05   3.01   5.26   5.91  79   412     0  7.1
 11   501 I5   203   660 I6   840   381 I5   105  1794 11125  8.6  8.3  0.84  0.05   4.69   0.52   3.04   3.45  78   472     0  8.7
 12   282 I5   117   426 I7   571   227 I5    59  1056  9462  8.5  8.4  0.54  0.05   0.38  -4.50  -1.38  -1.42  77   632     0  7.6
 13  1615 I5  1006   939 I6   379  1190 I5   726  6032 16620  8.8  8.5  1.13  0.12   4.91   0.41   2.88   3.33  84  5708     0  6.8
 1994
  1   292 I5   107   126 I6   199   272 I5    74  1464 10492  9.6  9.4  0.61  0.07  -1.32  -4.37  -2.63  -2.37  77   657     0  8.2
  2   857 I5   406   938 I6  1101   599 I5   167  2972 13237  8.6  8.4  0.67  0.09   0.60  -3.39  -1.18  -0.80  79   552     0  8.7
  3  1594 I5   797  1313 I6  1746  1066 I5   252  5386 16323  8.8  8.5  0.49  0.12  -5.00 -10.67  -7.42  -6.84  76   811     0  9.7
  4  2406 I5  1338  1625 I6  2556  1581 I5   316  8153 19380  8.5  8.4  0.57  0.13  -1.69  -5.31  -3.47  -3.12  79   655     0  8.1
  5  1928 I5   558   236 I6   425  1782 I5   335 10413 22045  9.9  9.8  0.99  0.14   2.61  -0.78   0.67   1.01  88   540     0  6.6
  6  2859 I5  1380   892 I6  1379  2232 I5   515 11454 23460  9.6  9.4  1.55  0.13   7.78   3.16   5.22   5.58  87   386     0  6.0
  7  2648 I5  1396  1082 I6  1782  1902 I5   341 10865 22589  9.6  9.4  2.21  0.11  10.56   6.53   8.28   8.66  92   303     0  5.7
  8  1783 I5   813   582 I6  1281  1482 I5   282  8887 20080  9.6  9.4  2.36  0.09  10.51   7.52   8.90   9.26  92   289     0  5.9
  9  1729 I5   621   924 I6  1029  1348 I5   280  6254 17136  9.1  8.9  1.65  0.06   9.11   4.92   7.16   7.76  86   339     0  6.7
 10  1092 I5   462   661 I6   819   881 I5   235  3667 14079  9.1  8.9  0.87  0.04   4.95   0.77   2.98   3.63  78   480     0  6.6
 11   544 I5   205   695 I6   648   412 I5   133  1804 11152  8.7  8.5  0.75  0.04   2.81  -1.82   0.84   1.04  75   535     0  8.7
 12   227 I5    63   101 I7   165   215 I5    46  1057  9462  9.4  9.3  0.62  0.04  -0.33  -3.78  -1.84  -1.58  77   632     0  9.1
 13  1497 I5   899   765 I6   466  1148 I5   677  6031 16620  9.2  9.0  1.11  0.09   3.38  -0.60   1.46   1.85  82  6179     0  7.5
 1995
  1   350 I5   136   347 I6   559   295 I5    74  1456 10469  8.9  8.7  0.51  0.06  -3.94  -7.34  -5.41  -5.23  79   743     0  8.2
  2   964 I5   534  1460 I6  1726   560 I5   196  2955 13207  7.6  7.0  0.64  0.08  -3.99  -7.40  -5.56  -5.13  86   673     0  9.6
  3  2284 I5  1116  3088 I6  2539  1050 I5   370  5363 16298  6.3  5.5  0.52  0.10  -3.83  -8.85  -6.09  -5.36  83   765     0  8.5
  4  2627 I5  1454  1883 I6  2412  1607 I5   454  8131 19354  8.3  8.0  0.74  0.12  -0.78  -5.44  -2.89  -2.24  86   643     0  7.1
  5  2653 I5  1092   922 I6  1252  2065 I5   446 10398 22025  9.5  9.3  1.09  0.13   4.85   0.11   2.23   2.73  89   491     0  6.1
  6  3239 I5  1677  1645 I6  2526  2161 I5   368 11452 23455  9.2  8.8  1.33  0.13   7.37   2.58   4.69   5.10  86   401     0  6.0
  7  2463 I5   976   658 I6  1104  2037 I5   374 10876 22607  9.8  9.6  1.98  0.11  10.27   6.38   7.99   8.36  92   310     0  4.9
  8  2273 I5   954   829 I6  1129  1797 I5   403  8907 20103  9.7  9.4  2.19  0.08  11.65   7.91   9.61  10.05  93   265     0  5.3
  9  2216 I5   973  2066 I6  2325  1321 I5   262  6277 17165  8.0  7.6  1.45  0.06  10.83   6.27   8.49   9.31  89   293     0  6.2
 10  1302 I5   612  1281 I6  1280   884 I5   213  3686 14106  8.4  7.9  0.92  0.04   6.15   1.27   3.92   4.76  83   453     0  6.8
 11   585 I5   212   812 I6   781   433 I5   131  1815 11170  8.0  7.6  0.59  0.03   2.15  -1.17   0.60   1.03  78   535     0  7.8
 12   217 I5    77   106 I7   259   202 I5    51  1059  9469  9.6  9.4  0.84  0.04   1.62  -0.66   0.72   0.98  88   553     0  8.1
 13  1764 I5  1026  1258 I6   831  1201 I5   729  6031 16619  8.6  8.2  1.07  0.08   3.53  -0.53   1.53   2.03  86  6126     0  7.0
 1996
  1   406 I5   212   564 I6   864   309 I5    74  1448 10456  8.3  8.2  0.62  0.06   1.00  -2.36  -0.49  -0.18  84   589     0  7.9
  2   870 I5   454   928 I7  1152   612 I5   195  2975 13233  8.0  7.8  0.66  0.08  -0.75  -5.14  -2.58  -2.12  83   617     0  9.8
  3  1879 I6  1072  1868 I7  2449  1097 I6   300  5431 16373  7.9  7.5  0.78  0.10   2.58  -1.32   0.68   1.19  88   549     0  8.0
  4  2328 I6  1211  1346 I7  2121  1638 I6   388  8196 19425  8.8  8.7  0.71  0.12   1.83  -2.37  -0.24   0.32  81   558     0  7.8
  5  3154 I5  1753  1883 I6  2898  2021 I5   429 10440 22081  8.6  8.4  1.11  0.13   6.65   1.75   4.34   4.87  89   438     0  6.3
  6  3244 I5  1784  1722 I6  2623  2205 I5   420 11457 23466  8.7  8.4  1.76  0.13   9.37   4.93   7.09   7.46  90   335     0  7.0
  7  2363 J5  1203   652 J6  1528  1968 J5   509 10842 22558  9.5  9.3  2.31  0.10  11.16   6.81   8.93   9.36  95   290     0  6.2
  8  1897 J6   973   600 J7  1281  1554 J6   356  8848 20035  9.6  9.4  2.23  0.08  11.44   8.63   9.83  10.17  94   257     0  6.5
  9  2017 J5   813  1444 J6  1444  1392 J5   278  6210 17090  8.6  8.1  1.25  0.05   9.54   5.10   7.25   8.06  85   330     0  6.4
 10  1101 J5   486   793 J6  1183   844 J5   234  3629 14031  9.0  8.8  0.90  0.04   6.13   2.30   4.36   4.93  80   438     0  7.1
 11   508 J5   242   599 J6   732   395 J5   138  1782 11116  8.9  8.5  0.91  0.03   4.45   0.45   2.80   3.16  84   476     0  7.4
 12   262 J5    87   240 J7   381   232 J5    52  1054  9462  8.9  8.8  0.62  0.04   1.80  -2.18  -0.04   0.13  81   574     0  8.6
 13  1669 J5  1031  1053 J7   572  1189 J5   706  6026 16610  8.7  8.5  1.16  0.08   5.43   1.38   3.49   3.95  86  5451     0  7.4
 1997
  1   344 J8   204   374 J8   833   281 J8    93  1473 10511  8.9  8.7  0.61  0.06  -1.72  -5.15  -3.38  -3.22  81   675     0  8.9
  2   709 J8   373   590 J8   857   546 J8   162  2991 13263  9.0  8.9  0.72  0.08  -1.77  -5.70  -3.69  -3.48  89   618     0  8.2
  3  2227 J8  1219  2726 J8  2765  1096 J8   347  5411 16354  6.7  6.0  0.45  0.10  -2.87  -6.67  -4.62  -4.15  82   716     0  7.1
  4  2536 J8  1333  2150 J8  2752  1441 J8   305  8178 19411  7.9  7.8  0.63  0.12   1.06  -3.00  -1.04  -0.61  84   579     0  6.1
  5  3585 J8  1900  2813 J8  3064  2034 J8   413 10430 22067  7.4  7.2  1.06  0.13   5.89   1.30   3.60   4.08  88   457     0  6.8
  6  2932 J8  1642  1312 J8  2103  2118 J8   443 11457 23469  9.0  8.8  1.51  0.13   7.85   4.16   5.88   6.18  90   370     0  4.8
  7  2408 J8  1292   948 J8  2183  1877 J8   307 10852 22572  9.4  9.3  2.11  0.11  10.40   7.47   8.75   9.01  91   291     0  4.8
  8  1982 J8   939   887 J8  1623  1523 J8   242  8864 20052  9.3  9.3  2.42  0.08  11.36   8.16   9.65  10.01  95   266     0  5.5
  9  2082 J8   903  2249 J8  2578  1215 J8   300  6229 17107  7.8  7.6  1.58  0.06   9.63   6.36   7.98   8.56  88   310     0  6.7
 10  1181 J8   506  1259 J8  1317   796 J8   248  3646 14050  8.5  8.2  0.96  0.04   5.13   1.74   3.62   4.11  78   462     0  7.4
 11   607 J8   309  1329 J8  1451   366 J8   102  1792 11124  7.6  7.3  0.72  0.03   3.05  -1.17   1.29   1.55  82   522     0  8.7
 12   281 J8   106   443 J8   696   227 J8    43  1055  9463  8.7  8.6  0.44  0.04  -2.15  -6.05  -3.93  -3.93  75   695     0  7.3
 13  1740 J8  1089  1423 J8   861  1127 J8   686  6032 16620  8.3  8.1  1.10  0.08   3.82   0.12   2.01   2.34  85  5960     0  6.8
 1998
  1   348 J8   148   389 J8   637   288 J8    84  1465 10496  9.0  8.5  0.53  0.06  -3.51  -7.00  -5.13  -5.14  85   731     0  7.2
  2   672 J8   302   578 J8   785   533 J8   173  2974 13240  8.6  8.5  0.54  0.08  -3.33  -8.09  -5.39  -5.27  86   673     0  6.2
  3  1537 J8   791  1174 J8  1508  1089 J8   373  5389 16327  8.9  8.2  0.80  0.10   0.41  -2.75  -1.00  -0.83  89   604     0  7.5
  4  2440 J8  1364  1908 J8  2495  1523 J8   269  8156 19385  7.9  7.7  0.82  0.12   1.41  -1.93  -0.20   0.07  85   558     0  8.6
  5  2715 J8  1465  1311 J8  2307  1969 J8   379 10415 22049  8.9  8.8  0.95  0.13   3.83   0.39   2.05   2.35  89   503     0  6.4
  6  2519 J8  1162   715 J8  1371  2106 J8   454 11454 23461  9.7  9.4  1.59  0.13   6.86   4.28   5.42   5.60  94   383     0  5.3
  7  2423 J8  1512   956 J8  2259  1850 J8   443 10863 22586  9.4  9.2  2.11  0.11  10.36   7.07   8.45   8.77  95   298     0  4.8
  8  2314 J8  1030  1263 J8  1607  1700 J8   312  8884 20077  8.9  8.6  1.93  0.08  10.39   7.01   8.76   9.12  91   299     0  6.5
  9  1735 J8   601   965 J8  1281  1344 J8   335  6251 17134  9.1  8.9  1.33  0.06   8.72   5.46   7.11   7.55  87   337     0  7.1
 10  1152 J8   447  1145 J8  1311   820 J8   204  3665 14076  8.0  7.8  0.82  0.04   5.42   1.14   3.43   4.19  80   466     0  6.6
 11   580 J8   267  1112 J8  1242   376 J8   105  1803 11151  7.9  7.7  0.71  0.03   2.38  -1.14   0.88   1.31  86   531     0  7.7
 12   296 J8   119   536 J8   691   224 J8    52  1057  9462  8.4  8.3  0.55  0.04   0.07  -3.83  -1.68  -1.38  83   626     0  8.3
 13  1561 J8   922  1004 J8   416  1152 J8   691  6031 16620  8.7  8.5  1.06  0.08   3.58   0.05   1.89   2.20  87  6010     0  6.9
 1999
  1   366 J8   219   361 J8   639   301 J8   126  1457 10472  9.1  9.0  0.57  0.06  -0.90  -5.27  -2.89  -3.02  84   664     0  8.9
  2   804 J8   335   726 J8   994   610 J8   165  2957 13213  9.0  8.4  0.46  0.08  -2.25  -6.08  -3.99  -3.77  84   630     0  8.5
  3  1240 J8   555   543 J8  1089  1028 J8   186  5366 16300  9.3  9.0  0.56  0.10  -2.35  -6.87  -4.54  -4.39  85   711     0  8.6
  4  2261 J8   962  1082 J8  1263  1703 J8   479  8134 19356  9.3  8.7  0.79  0.12  -0.27  -3.82  -1.85  -1.63  88   611     0  6.8
  5  2807 J8  1179  1215 J8  1667  2120 J8   462 10400 22027  9.1  8.9  0.83  0.13   3.06  -0.56   1.19   1.55  86   529     0  5.6
  6  2838 J8  1566  1128 J8  2065  2150 J8   467 11452 23455  9.3  8.9  1.59  0.13   6.65   2.88   4.69   4.97  94   407     0  5.9
  7  2044 J8   582   233 J8   547  1904 J8   326 10874 22604  9.9  9.8  2.32  0.11   8.79   6.06   7.28   7.45  96   338     0  5.7
  8  1611 J8   332   187 J8   472  1521 J8   226  8904 20099  9.9  9.8  1.93  0.08   8.98   6.46   7.69   7.95  95   329     0  5.7
  9  1401 J8   392   395 J8   721  1239 J8   229  6274 17161  9.7  9.6  1.36  0.06   8.52   5.91   7.25   7.60  92   334     0  5.8
 10  1118 J8   363   867 J8   942   864 J8   213  3684 14104  9.0  8.7  0.73  0.04   4.23   0.33   2.42   2.98  81   498     0  7.1
 11   483 J8   184   550 J8   806   389 J8   108  1814 11168  9.1  8.7  0.64  0.03   1.64  -1.71   0.16   0.30  81   551     0  8.5
 12   332 J8   113   756 J8   847   239 J8    66  1059  9468  8.0  7.8  0.29  0.04  -5.26 -10.81  -7.78  -7.87  77   817     0  7.6
 13  1442 J8   891   670 J8   351  1172 J8   705  6031 16619  9.2  8.9  1.00  0.08   2.57  -1.12   0.80   1.01  87  6419     0  7.1
 2000
  1   374 J8   162   402 J8   491   307 J8   101  1449 10458  8.2  8.0  0.53  0.06  -5.65 -10.06  -7.52  -7.18  84   812     0  8.6
  2   790 J8   374   865 J8  1248   571 J8   191  2977 13236  8.7  8.3  0.67  0.08   0.47  -1.64  -0.60  -0.47  89   549     0  9.3
  3  1327 J8   591   774 J8  1331  1017 J8   264  5434 16376  9.2  9.0  0.60  0.10  -1.04  -3.82  -2.21  -1.95  85   643     0  7.5
  4  2756 J8  1217  1919 J8  2182  1717 J8   334  8199 19429  8.8  8.3  0.72  0.12   0.92  -1.99  -0.42  -0.21  85   566     0  6.9
  5  2868 J8  1238  1234 J8  1874  2117 J8   373 10442 22084  9.3  8.9  0.98  0.13   3.91   0.33   2.12   2.49  84   503     0  4.7
  6  3216 J8  1526  1548 J8  2343  2233 J8   485 11457 23467  9.0  8.8  1.50  0.13   7.92   3.97   5.95   6.29  90   372     0  5.8
  7  2702 J8   669   421 J8   552  2454 J8   410 10840 22556  9.8  9.6  2.03  0.10   9.93   7.12   8.43   8.68  94   304     0  5.0
  8  1971 J8   892   634 J8  1312  1633 J8   302  8845 20033  9.7  9.5  2.25  0.08  10.90   8.15   9.36   9.65  92   273     0  5.9
  9  1845 J8   837  1247 J8  1689  1323 J8   321  6207 17087  9.0  8.7  1.44  0.05   8.86   5.69   7.31   7.77  86   332     0  6.8
 10  1128 J8   401  1081 J8  1329   835 J8   218  3627 14028  8.3  8.1  0.96  0.04   6.19   2.26   4.42   5.04  83   437     0  7.1
 11   581 J8   240   920 J8   764   407 J8   118  1781 11113  8.2  7.7  0.79  0.03   3.94   0.86   2.58   3.07  82   478     0  8.8
 12   253 J8   107   289 J8   492   216 J8    51  1054  9462  9.0  8.8  0.80  0.04   3.52  -0.10   2.08   2.33  87   515     0  6.9
 13  1651 J8  1055   944 J8   490  1236 J8   792  6026 16610  8.9  8.6  1.11  0.08   4.16   0.90   2.63   2.96  87  5783     0  6.9
 2001
  1   332 J8   147   278 J8   397   284 J8    83  1474 10513  9.3  9.0  0.59  0.06   0.15  -2.87  -1.12  -0.89  82   610     0  8.5
  2   941 J8   441  1149 J8  1256   630 J8   187  2994 13269  8.3  7.6  0.58  0.08   1.35  -2.22  -0.18   0.12  80   525     0  9.1
  3  1426 J8   600   781 J8  1084  1116 J8   283  5414 16357  9.2  9.0  0.53  0.10  -0.05  -4.06  -1.84  -1.37  78   632     0  6.9
  4  2120 J8  1045   997 J8  1768  1607 J8   282  8181 19414  9.2  8.9  0.75  0.12   2.02  -1.92   0.20   0.64  80   548     0  7.6
  5  2678 J8  1362   944 J8  2187  2090 J8   301 10432 22069  9.5  9.3  0.89  0.13   2.94  -0.59   1.15   1.48  79   532     0  5.6
  6  3232 J8  1845  1764 J8  2491  2087 J8   382 11457 23469  8.8  8.5  1.55  0.13   7.53   3.04   5.08   5.47  89   391     0  5.6
  7  2171 J8  1142   540 J8  1658  1850 J8   373 10850 22568  9.8  9.6  2.24  0.11   8.89   6.09   7.35   7.59  95   336     0  5.0
  8  1851 J8   832   516 J8  1311  1563 J8   298  8861 20043  9.8  9.6  2.17  0.08  10.45   7.69   8.86   9.18  93   287     0  5.1
  9  1874 J8   727  1238 J8  1476  1387 J8   277  6226 17105  8.9  8.6  1.33  0.06   9.17   5.32   7.37   7.95  86   333     0  6.5
 10  1167 J8   453   685 J8   758   941 J8   238  3644 14047  9.1  8.8  0.92  0.04   4.78   0.73   3.03   3.52  79   483     0  7.3
 11   534 J8   237   614 J8   783   418 J8   134  1791 11121  9.1  8.8  0.78  0.03   2.95  -0.05   1.51   1.72  81   506     0  8.5
 12   276 J8   106   350 J8   511   232 J8    51  1055  9462  9.1  8.9  0.48  0.04  -3.16  -7.55  -4.99  -4.90  76   734     0  9.7
 13  1550 J8   938   821 J8   423  1184 J8   682  6032 16620  9.2  8.9  1.07  0.08   3.92   0.30   2.20   2.54  83  5918     0  7.1
 2002
  1   349 J8   220   346 J8   718   286 J8   106  1466 10498  9.2  9.2  0.74  0.06  -2.54  -7.31  -4.71  -4.59  82   721     0  9.1
  2   763 J8   347   560 J8   732   619 J8   232  2976 13242  8.7  8.6  0.55  0.08  -5.98 -10.02  -7.72  -7.41  74   737     0  6.7
  3  1588 J8   791  1056 J8  1396  1172 J8   340  5392 16329  8.8  8.2  0.86  0.10   1.13  -1.86  -0.11   0.19  76   580     0  7.5
  4  2371 J8  1039  1556 J8  2237  1641 J8   262  8159 19387  8.4  8.0  0.91  0.12   1.70  -1.26   0.29   0.64  74   543     0  7.5
  5  2756 J8  1519  1274 J8  2498  2006 J8   475 10417 22053  9.1  8.9  1.35  0.13   5.05   2.16   3.41   3.69  84   456     0  6.6
  6  2949 J8  1435  1323 J8  1992  2157 J8   397 11455 23461  9.2  8.9  1.62  0.13   7.98   4.36   6.16   6.44  84   365     0  5.4
  7  2448 J8   978   619 J8   977  2069 J8   456 10862 22585  9.7  9.4  1.84  0.11  10.18   6.95   8.48   8.81  87   303     0  4.7
  8  2366 J8   915   974 J8  1295  1833 J8   312  8881 20074  9.1  9.0  1.73  0.08  11.80   7.96   9.92  10.47  81   262     0  5.2
  9  1687 J8   622   760 J8   968  1375 J8   322  6248 17131  9.1  8.9  1.63  0.06  10.12   6.61   8.54   9.05  81   299     0  6.9
 10  1088 J8   480   893 J8  1172   806 J8   213  3662 14072  8.8  8.8  1.28  0.04   6.58   3.33   5.07   5.60  75   415     0  7.6
 11   542 J8   194   669 J8   793   421 J8   119  1802 11149  8.8  8.4  0.98  0.03   3.36   0.14   1.98   2.34  72   497     0  6.7
 12   320 J8   122   782 J8   847   221 J8    46  1057  9462  7.4  7.2  0.81  0.04   1.60  -3.27  -0.58  -0.07  74   594     0  6.0
 13  1602 J8   970   901 J8   353  1217 J8   728  6031 16620  8.9  8.6  1.19  0.08   4.25   0.65   2.56   2.93  79  5772     0  6.7
 2003
  1   337 J8   137   286 J8   439   291 J8    78  1458 10476  9.4  9.0  0.83  0.06   0.04  -2.82  -1.21  -1.04  74   611     0  8.4
  2   737 J8   407   468 J8   714   605 J8   222  2959 13214  9.7  9.1  0.81  0.08  -0.67  -3.53  -2.01  -1.78  77   572     0  7.8
  3  2048 J8   940  2196 J8  2394  1166 J8   267  5369 16303  8.2  7.2  0.65  0.10   0.19  -3.65  -1.79  -1.25  64   622     0  7.3
  4  2656 J8  1043  1629 J8  1547  1811 J8   370  8137 19360  8.9  8.3  0.98  0.12   3.74  -0.04   1.96   2.38  72   494     0  7.4
  5  3315 J8  1436  1844 J8  2284  2246 J8   515 10402 22030  8.4  8.3  1.14  0.13   5.71   1.07   3.51   4.02  86   463     0  5.9
  6  2726 J8  1120   829 J8  1331  2220 J8   392 11452 23457  9.5  9.3  1.73  0.13   8.40   4.96   6.54   6.81  95   350     0  5.3
  7  2613 J8  1456  1150 J8  2381  1926 J8   416 10872 22602  9.2  9.0  2.04  0.11  10.32   6.95   8.49   8.81  95   300     0  6.0
  8  2054 J8   836   796 J8  1328  1649 J8   194  8901 20093  9.4  9.2  2.17  0.08  11.05   7.69   9.37   9.73  95   278     0  5.6
  9  2107 J8   914  1597 J8  2024  1407 J8   233  6271 17157  8.5  8.3  1.38  0.06  10.37   5.49   8.25   9.09  86   312     0  5.7
 10  1106 J8   504   838 J8  1165   845 J8   232  3681 14101  8.9  8.8  1.07  0.04   5.91   2.84   4.35   4.83  80   433     0  8.1
 11   634 J8   255  1031 J8   962   446 J8   121  1813 11167  8.3  7.9  1.07  0.03   3.94   0.28   2.33   2.52  82   487     0  8.7
 12   299 J8   112   479 J8   626   242 J8    62  1058  9468  8.2  8.0  0.75  0.04   1.19  -2.76  -0.27  -0.06  79   593     0  8.4
 13  1719 J8  1047  1095 J8   601  1238 J8   742  6031 16619  8.9  8.5  1.22  0.08   5.02   1.37   3.29   3.67  82  5514     0  7.0
 2004
  1   412 J8   125   717 J8   867   308 J8    80  1450 10460  7.6  7.3  0.66  0.06  -0.53  -3.91  -2.10  -1.90  79   637     0  8.5
  2   816 J8   401   658 J8   907   630 J8   175  2979 13243  8.7  8.5  0.74  0.08  -0.64  -4.09  -2.22  -1.89  87   600     0  8.5
  3  1698 J8   655  1333 J8  1482  1185 J8   326  5437 16381  8.5  8.2  0.62  0.10  -1.38  -4.98  -2.89  -2.52  79   667     0  5.8
  4  2681 J8  1380  1847 J8  2234  1709 J8   376  8201 19430  8.3  7.6  0.85  0.12   1.24  -2.25  -0.46  -0.04  87   565     0  7.0
  5  2859 J8  1366  1427 J8  2249  2044 J8   415 10444 22086  8.8  8.8  1.47  0.13   6.12   2.71   4.34   4.68  92   431     0  6.5
  6  3008 J8  1508  1148 J8  2090  2273 J8   359 11457 23467  9.5  9.1  1.58  0.13   8.94   5.32   6.93   7.22  92   336     0  5.3
  7  2284 J8   848   423 J8   708  2020 J8   522 10839 22555  9.8  9.7  2.08  0.10  11.16   8.01   9.49   9.79  95   271     0  4.3
  8  1654 J8   439   169 J8   396  1572 J8   320  8842 20028  9.9  9.8  2.26  0.08  11.87   9.40  10.46  10.74  94   239     0  5.0
  9  1807 J8   622  1002 J8  1066  1396 J8   284  6204 17085  8.8  8.6  1.53  0.05  10.85   6.31   8.69   9.42  87   293     0  5.9
 10  1173 J8   457  1265 J8  1256   796 J8   185  3624 14025  8.2  8.1  1.23  0.04   6.93   3.31   5.29   5.72  83   410     0  9.3
 11   592 J8   225   926 J8   792   422 J8    92  1780 11109  8.2  7.7  0.84  0.03   2.95  -0.27   1.53   1.80  79   510     0  9.1
 12   300 J8   123   563 J8   742   230 J8    57  1054  9461  8.1  8.1  0.73  0.04   0.50  -3.41  -1.02  -0.72  81   613     0  8.5
 13  1607 J8   962   957 J8   476  1215 J8   726  6026 16611  8.7  8.4  1.21  0.08   4.83   1.34   3.17   3.52  86  5571     0  7.0
 2005
  1   376 J8   217   540 J8  1044   286 J8    93  1475 10515  8.5  8.3  0.95  0.06   2.08  -0.49   0.93   1.23  93   544     0  7.4
  2   749 J8   277   591 J8   754   596 J8   133  2996 13273  8.7  8.6  0.78  0.08  -0.38  -4.55  -2.11  -1.72  90   582     0  6.7
  3  1427 J8   571   809 J8  1116  1114 J8   255  5417 16363  8.9  8.5  0.80  0.10  -0.06  -3.89  -1.91  -1.50  88   629     0  7.4
  4  2350 J8  1236  1441 J8  2209  1625 J8   312  8184 19417  8.8  8.6  0.75  0.12  -0.26  -4.22  -2.07  -1.67  84   617     0  7.8
  5  3316 J8  1316  1974 J8  2229  2180 J8   395 10433 22071  8.5  8.2  1.17  0.13   5.33   1.19   3.20   3.57  83   467     0  6.8
  6  3111 J8  1212  1263 J8  1756  2356 J8   402 11457 23469  9.1  8.9  1.73  0.13  11.37   6.89   8.92   9.31  84   276     0  5.5
  7  2551 J8   975   783 J8  1255  2084 J8   435 10849 22567  9.6  9.4  1.85  0.11  12.99   9.46  11.15  11.46  85   220     0  4.7
  8  1833 J8   572   439 J8   804  1619 J8   322  8859 20041  9.7  9.6  2.26  0.08  12.56   9.75  10.98  11.28  91   222     0  6.2
  9  1614 J8   573   967 J8  1287  1278 J8   231  6223 17102  8.8  8.8  1.78  0.06  10.34   7.24   8.81   9.23  91   286     0  8.5
 10  1185 J8   496  1013 J8  1090   875 J8   198  3641 14044  8.8  8.2  1.06  0.04   6.63   2.86   4.81   5.25  82   421     0  8.1
 11   558 J8   209   804 J8   730   419 J8   104  1790 11119  8.6  8.2  0.72  0.03   0.91  -2.06  -0.50  -0.27  78   567     0  9.0
 12   211 J8    68   137 J8   330   195 J8    35  1055  9464  9.6  9.5  0.88  0.04   1.16  -2.60  -0.31  -0.01  83   591     0  6.9
 13  1607 J8  1053   897 J8   490  1219 J8   761  6032 16620  9.0  8.7  1.23  0.08   5.22   1.63   3.49   3.85  86  5423     0  7.1
 2006
  1   336 J8   118   220 J8   464   302 J8    80  1467 10499  9.1  9.0  0.42  0.06  -6.16 -10.04  -7.99  -7.86  73   819     0  8.9
  2   831 J8   426  1023 J8  1426   572 J8   139  2979 13244  8.1  7.8  0.69  0.08  -0.24  -5.72  -2.74  -2.35  78   597     0  8.1
  3  1562 J8   704  1236 J8  1469  1109 J8   250  5394 16333  8.4  8.2  0.94  0.10   1.06  -2.62  -0.44  -0.05  82   592     0  7.1
  4  2173 J8   934  1103 J8  1789  1655 J8   375  8162 19392  9.0  8.7  0.74  0.12  -0.74  -4.70  -2.51  -2.19  78   632     0  8.6
  5  3285 J8  2260  2485 J8  4032  1845 J8   380 10418 22056  7.9  7.8  1.03  0.13   3.88  -0.79   1.51   2.04  81   520     0  6.3
  6  2751 J8  1559  1201 J8  2464  2083 J8   452 11455 23463  9.1  8.9  1.50  0.13   7.57   2.56   5.02   5.47  88   398     0  4.6
  7  2544 J8  1166   843 J8  1273  2035 J8   504 10860 22583  9.5  9.3  2.00  0.11  10.31   6.70   8.31   8.64  93   304     0  5.4
  8  1609 J8   544   223 J8   636  1497 J8   309  8879 20071  9.9  9.8  2.24  0.08  10.38   7.63   8.96   9.28  96   289     0  5.0
  9  1832 J8   775  1121 J8  1714  1386 J8   424  6245 17127  9.1  8.7  1.58  0.06   8.84   5.05   7.07   7.71  89   342     0  6.7
 10  1228 J8   445  1295 J8  1216   858 J8   201  3660 14070  8.3  8.1  1.07  0.04   5.94   2.00   4.08   4.66  86   445     0  7.0
 11   528 J8   217   586 J8   717   423 J8   147  1801 11144  9.1  8.6  0.91  0.03   2.80   0.04   1.44   1.78  86   507     0  6.9
 12   320 J8   101   665 J8   671   241 J8    46  1057  9463  7.7  7.5  0.59  0.04  -2.02  -6.95  -4.05  -3.71  84   707     0  7.6
 13  1583 J8   979  1000 J8   598  1167 J8   678  6031 16620  8.8  8.5  1.14  0.08   3.47  -0.57   1.56   1.95  84  6153     0  6.8
 2007
  1   405 J8   170   596 J8   947   312 J8    88  1459 10481  8.3  8.0  0.67  0.06  -4.19  -8.76  -6.17  -5.82  90   769     0  9.1
  2   790 J8   305   766 J8   899   601 J8   127  2962 13218  8.7  8.5  0.92  0.08   0.34  -2.14  -0.69  -0.49  92   538     0  6.9
  3  2041 J8   812  2436 J8  2489  1128 J8   310  5372 16308  7.0  6.8  0.48  0.10  -4.86 -10.68  -7.58  -6.83  82   809     0  7.2
  4  2409 J8  1133  1493 J8  2069  1683 J8   415  8140 19363  8.9  8.4  0.84  0.12   0.04  -3.03  -1.55  -1.32  93   595     0  7.0
  5  2283 J8   970   678 J8  1183  1897 J8   430 10403 22031  9.5  9.3  1.16  0.13   2.28  -1.41   0.30   0.61  90   555     0  6.5
  6  2886 J8  1475  1355 J8  2166  2063 J8   443 11452 23457  9.0  8.9  1.63  0.13   7.00   2.25   4.51   4.89  93   411     0  5.5
  7  2512 J8  1545   999 J8  2402  1908 J8   311 10871 22598  9.4  9.1  1.85  0.11   9.93   5.59   7.51   7.94  94   328     0  3.8
  8  1809 J8   634   444 J8   843  1563 J8   277  8898 20090  9.8  9.7  2.34  0.08  10.90   7.91   9.24   9.60  96   277     0  4.3
  9  1776 J8   667  1068 J8  1227  1309 J8   238  6268 17155  9.2  9.1  1.71  0.06   9.89   7.44   8.55   8.92  95   290     0  7.2
 10  1310 J8   540  1622 J8  1550   833 J8   170  3679 14098  7.7  7.4  1.01  0.04   5.97   1.80   3.87   4.53  87   448     0  6.2
 11   520 J8   228   588 J8   717   418 J8   143  1811 11165  8.7  8.2  0.85  0.03   2.82  -0.65   1.40   1.75  81   517     0  6.7
 12   315 J8   126   647 J8   804   234 J8    50  1058  9467  8.0  7.8  0.61  0.04   0.35  -3.84  -1.42  -1.47  75   622     0  7.7
 13  1588 J8   898  1058 J8   581  1162 J8   669  6031 16619  8.7  8.4  1.17  0.08   3.37  -0.46   1.50   1.86  89  6159     0  6.5
 2008
  1   386 J8   193   462 J8   796   310 J8    96  1451 10462  8.3  8.0  0.63  0.06  -1.64  -5.70  -3.27  -3.09  83   682     0  7.2
  2  1002 J8   666  1516 J8  1893   572 J8   163  2982 13246  7.1  6.9  0.46  0.08  -6.26 -10.91  -8.57  -8.38  82   781     0  9.5
  3  1589 J8   700  1077 J8  1228  1186 J8   358  5440 16385  8.9  8.4  0.61  0.10  -6.20 -11.22  -8.44  -8.03  85   838     0  7.2
  4  2501 J8   892  1498 J8  1536  1777 J8   456  8204 19435  8.7  8.1  0.92  0.12  -0.35  -4.39  -1.96  -1.62  87   621     0  6.3
  5  2059 J8   995   458 J8  1659  1802 J8   331 10446 22089  9.7  9.7  1.09  0.13   2.27  -0.95   0.46   0.78  92   548     0  5.7
  6  2237 J8   802   296 J8   523  2048 J8   530 11457 23467  9.9  9.7  1.65  0.13   6.30   2.23   4.01   4.34  94   422     0  5.2
  7  2796 J8  1647  1244 J8  2462  2102 J8   628 10837 22552  9.0  8.7  1.87  0.10   8.58   4.76   6.55   6.90  92   361     0  5.4
  8  1979 J8   907   782 J8  1649  1595 J8   248  8839 20025  9.4  9.3  1.54  0.08  10.51   6.03   8.38   8.96  91   312     0  3.6
  9  1316 J8   403   334 J8   822  1195 J8   205  6201 17081  9.6  9.5  1.48  0.05   9.17   6.16   7.69   8.17  93   320     0  5.5
 10  1063 J8   539   960 J8  1490   776 J8   218  3622 14023  8.5  8.3  0.93  0.04   4.19  -0.32   2.21   3.00  82   508     0  7.2
 11   525 J8   181   648 J8   636   413 J8   103  1779 11102  8.2  8.1  0.64  0.03   0.31  -4.04  -1.44  -0.93  77   606     0  6.5
 12   253 J8   108   361 J8   710   207 J8    48  1054  9459  9.0  9.0  0.85  0.04   0.05  -2.94  -1.35  -1.19  85   613     0  8.3
 13  1475 J8   852   803 J8   449  1165 J8   697  6026 16610  8.9  8.7  1.05  0.08   2.25  -1.77   0.36   0.74  87  6612     0  6.5
 2009
  1   419 J8   192   566 J8   663   320 J8    95  1476 10520  8.7  8.4  0.57  0.06  -6.17 -10.00  -7.70  -7.36  84   819     0  8.0
  2  1043 J8   569  1561 J8  1896   626 J8   198  2998 13274  7.3  6.8  0.82  0.08  -1.26  -7.03  -3.98  -3.69  89   629     0  9.0
  3  2130 J8   915  2232 J8  2005  1226 J8   326  5420 16366  7.6  7.0  0.62  0.10  -4.79  -9.15  -6.85  -6.47  82   784     0  7.6
  4  3094 J8  1447  2792 J8  2729  1699 J8   423  8187 19420  7.5  7.0  0.80  0.12  -1.02  -4.85  -2.83  -2.42  91   638     0  7.3
  5  3821 J8  1971  3337 J8  3716  1962 J8   292 10435 22075  7.2  7.1  1.06  0.13   3.91  -0.86   1.37   1.93  89   521     0  5.8
  6  3104 J8  1531  1609 J8  2483  2162 J8   455 11457 23469  8.9  8.7  1.57  0.13   6.96   2.77   4.69   5.02  94   404     0  5.0
  7  2715 J8  1189  1074 J8  1485  2130 J8   523 10847 22563  9.3  9.0  2.10  0.11   8.37   5.58   6.76   6.99  97   352     0  5.8
  8  2664 J8  1311  1912 J8  2433  1692 J8   356  8856 20038  8.7  8.2  1.84  0.08  10.38   6.51   8.40   8.89  94   306     0  5.4
  9  1739 J8   695  1094 J8  1429  1296 J8   274  6220 17096  8.8  8.6  1.31  0.06   8.50   4.30   6.47   7.11  88   358     0  6.1
 10  1163 J8   419  1195 J8  1352   833 J8   163  3639 14041  8.3  8.2  1.05  0.04   5.45   1.29   3.51   4.31  83   464     0  5.6
 11   542 J8   204   626 J8   603   428 J8   124  1789 11118  9.0  8.6  0.73  0.03   0.62  -3.12  -0.99  -0.82  78   588     0  8.4
 12   299 J8   117   517 J8   703   234 J8    52  1055  9463  8.4  8.2  0.93  0.04   1.57  -1.75   0.03   0.31  88   571     0  8.0
 13  1894 J8  1197  1543 J8   894  1217 J8   716  6032 16620  8.3  8.0  1.12  0.08   2.71  -1.36   0.74   1.15  88  6434     0  6.8
 2010
  1   359 J8   200   539 J8   924   278 J8   101  1468 10501  8.5  8.2  0.62  0.06  -2.28  -6.31  -4.26  -3.99  84   701     0  8.7
  2   716 J8   291   524 J8   599   583 J8   185  2981 13247  9.1  9.1  0.57  0.08  -5.75  -9.41  -7.53  -7.45  88   725     0  6.4
  3  1980 J8   935  2341 J8  2343  1085 J8   308  5397 16336  7.2  6.8  0.42  0.10  -8.98 -15.04 -11.54 -10.73  83   941     0  6.3
  4  2648 J8  1121  1790 J8  1964  1743 J8   364  8165 19393  8.4  8.2  0.66  0.12  -1.25  -6.14  -3.47  -2.89  85   661     0  6.2
  5  2948 J8  1267  1587 J8  2107  2074 J8   470 10420 22058  8.7  8.4  1.13  0.13   2.97  -1.53   0.58   1.04  96   546     0  6.3
  6  3378 J8  1856  2094 J8  2694  2131 J8   475 11455 23463  8.5  8.2  1.57  0.13   5.96   1.93   3.74   4.03  96   432     0  5.5
  7  2703 J8  1133  1111 J8  1559  2036 J8   481 10858 22582  9.4  9.1  1.96  0.11   9.73   5.05   7.04   7.44  95   339     0  4.3
  8  1852 J8   762   454 J8   892  1610 J8   321  8876 20066  9.7  9.5  2.11  0.08   9.99   7.13   8.44   8.73  97   303     0  5.1
  9  1771 J8   688  1237 J8  1664  1286 J8   297  6242 17125  8.7  8.5  1.81  0.06   9.18   6.09   7.58   8.02  92   321     0  6.7
 10  1099 J8   461   942 J8  1174   823 J8   197  3658 14064  8.8  8.5  1.08  0.04   5.10   1.91   3.54   3.97  87   460     0  7.0
 11   557 J8   262   757 J8   896   425 J8   142  1799 11139  8.6  8.3  0.95  0.03   2.36  -0.92   0.83   1.26  84   528     0  7.2
 12   270 J8   102   269 J8   528   238 J8    64  1057  9462  9.1  9.0  0.71  0.04  -0.45  -3.91  -1.98  -1.80  80   636     0  8.3
 13  1690 J8  1081  1137 J8   684  1193 J8   721  6031 16620  8.7  8.5  1.13  0.08   2.21  -1.76   0.25   0.64  89  6592     0  6.5
