722050 ORLANDO INTL ARPT      FL  -5  N28 26  W081 20    29  1010
 1991-2010
 MO AVGLO FL SDGLO AVDIR FL SDDIR AVDIF FL SDDIF AVETR AETRN  TOT  OPQ   H2O   TAU  MAX_T  MIN_T  AVG_T  AVGDT  RH  HTDD  CLDD AVWS
  1  3290 K5   430  4391 K6  1252  1202 K5   158  6240 14872  5.2  4.6  2.17  0.08  21.52  10.30  15.60  18.17  74   102    27  3.7
  2  3965 K5   401  4553 K6  1055  1473 K5   167  7514 15638  5.3  4.8  2.19  0.09  22.68  11.37  16.73  19.21  72    68    31  3.9
  3  5010 K5   456  4978 K6   962  1886 K5   177  9060 16535  5.0  4.5  2.34  0.12  25.12  13.60  19.09  21.43  70    34    66  4.1
  4  6005 K5   495  5370 K6   885  2254 K5   174 10366 17396  4.8  4.2  2.56  0.15  27.62  16.12  21.63  24.00  69     7   113  3.9
  5  6375 K5   401  5188 K6   636  2577 K5   134 11129 18076  4.8  4.2  3.24  0.19  30.69  19.63  24.76  26.73  71     0   212  3.6
  6  5833 K5   567  4172 K6   979  2701 K5   234 11382 18375  6.2  5.3  4.40  0.21  31.95  22.43  26.39  28.00  78     0   266  3.1
  7  5849 K5   409  4224 K6   716  2680 K5   176 11198 18120  5.7  4.8  4.70  0.23  32.69  23.36  27.15  28.69  79     0   301  2.8
  8  5445 K5   428  4014 K6   719  2503 K5   201 10554 17434  5.8  5.0  4.82  0.22  32.50  23.54  27.09  28.74  80     0   301  2.9
  9  4751 K5   310  3714 K6   642  2276 K5   163  9428 16594  5.9  5.1  4.54  0.19  31.30  22.89  26.29  28.18  80     0   263  3.2
 10  4189 K5   390  4067 K6   836  1819 K5   103  7941 15726  5.0  4.5  3.48  0.15  28.57  19.32  23.43  25.59  77     3   177  3.5
 11  3459 K5   360  4115 K6   961  1390 K5   127  6529 14956  4.8  4.3  2.64  0.12  25.01  14.84  19.53  21.81  76    25    73  3.6
 12  2978 K5   311  3966 K6   912  1163 K5   129  5824 14580  5.3  4.8  2.36  0.09  22.09  11.60  16.49  18.97  76    82    36  3.5
 13  4763 K5   268  4396 K6   672  1994 K5   128  8930 16525  5.3  4.7  3.29  0.15  27.64  17.42  22.02  24.13  75   320  1863  3.5
 1991
  1  2638 I5   870  2651 I6  1969  1361 I5   297  6233 14868  7.0  6.4  2.68  0.07  23.75  13.91  18.31  20.57  79    45    60  4.5
  2  3586 I5  1325  3567 I6  2967  1571 I5   510  7497 15630  5.9  5.5  2.31  0.08  23.13  12.43  17.45  19.90  67    51    36  4.3
  3  4249 I5  1731  3724 I6  2913  1848 I5   460  9037 16520  5.9  5.4  2.59  0.10  25.19  14.35  19.57  21.53  73    31    76  4.3
  4  5266 I5  1322  3967 I6  2156  2463 I5   450 10349 17384  5.8  5.2  3.13  0.14  28.79  19.00  23.39  25.39  76     0   167  3.8
  5  5438 I5  1458  3762 I6  2229  2659 I5   401 11121 18069  6.0  5.5  3.87  0.18  30.76  21.62  25.52  27.10  78     0   244  3.8
  6  5753 I5  1061  3818 I6  1640  2841 I5   496 11381 18375  6.8  5.8  4.49  0.21  31.71  22.20  26.25  27.95  78     0   259  3.4
  7  5421 I5  1144  3488 I6  1720  2729 I5   392 11204 18129  6.7  5.8  4.69  0.23  32.51  23.43  26.88  28.27  81     0   299  3.6
  8  5296 I5  1062  3373 I6  1529  2770 I5   350 10567 17447  6.5  5.3  4.65  0.25  32.40  23.79  27.34  29.00  80     0   303  3.5
  9  4948 I5  1012  3520 I6  1696  2564 I5   432  9449 16610  5.0  4.4  4.28  0.26  31.78  23.00  26.72  28.82  79     0   272  3.7
 10  3838 I5  1082  3035 I6  2169  2003 I5   413  7965 15739  5.7  5.0  3.53  0.26  28.44  19.25  23.14  25.33  78     0   171  3.9
 11  2829 I5   889  2099 I6  1748  1730 I5   327  6546 14965  6.3  5.4  2.79  0.25  23.59  13.71  18.26  20.40  74    52    61  4.4
 12  2617 I5   698  2260 I6  1410  1512 I5   200  5826 14581  5.4  4.7  2.67  0.25  23.73  13.36  18.21  20.79  75    44    51  4.0
 13  4323 I5  1186  3272 I6   623  2171 I5   554  8931 16526  6.1  5.4  3.47  0.19  27.98  18.34  22.59  24.59  77   223  1998  3.9
 1992
  1  2730 I5   787  2244 I6  1602  1582 I5   290  6226 14862  6.4  5.6  2.50  0.26  20.69   9.79  15.03  17.55  71   109    13  4.4
  2  3234 I5   995  2192 I6  1770  1916 I5   347  7510 15632  7.1  6.7  2.49  0.27  23.34  12.80  17.53  19.95  74    48    40  4.4
  3  4500 I5  1352  3168 I6  2486  2362 I5   568  9074 16539  5.9  5.3  2.26  0.28  24.61  13.25  18.82  21.17  68    31    50  4.4
  4  5180 I5  1464  3560 I6  2292  2627 I5   532 10374 17401  5.7  5.1  2.62  0.30  26.00  15.82  20.44  22.48  72    12    90  4.3
  5  6220 I5  1006  4277 I6  1634  2976 I5   449 11132 18080  4.5  3.9  2.66  0.32  29.44  17.83  23.32  25.45  71     5   170  3.9
  6  5009 I5  1179  2213 I6  1295  3309 I5   500 11381 18375  7.0  6.2  4.66  0.33  31.43  22.85  26.29  27.79  83     0   264  4.0
  7  6416 I5   789  4463 I6  1505  2991 I5   457 11195 18117  3.9  3.3  4.11  0.33  34.06  23.75  28.33  30.13  75     0   328  3.2
  8  5045 I5   910  2720 I6  1270  2954 I5   453 10547 17431  7.2  6.0  4.68  0.30  32.51  22.99  26.53  28.29  82     0   292  3.4
  9  4518 I5   974  2731 I6  1437  2628 I5   363  9417 16589  6.5  5.3  4.54  0.26  31.51  22.99  26.21  28.05  83     0   267  2.8
 10  3879 I5  1119  3309 I6  2240  1907 I5   439  7928 15724  5.3  4.6  3.02  0.21  27.44  18.22  22.34  24.47  78     0   139  3.7
 11  2740 I5   883  2140 I6  1803  1642 I5   356  6518 14952  7.0  6.0  3.33  0.17  25.28  17.04  20.78  22.46  78    29   114  4.6
 12  2511 I5   944  2668 I6  2150  1246 I5   269  5822 14579  5.8  5.1  2.42  0.14  22.51  12.21  17.02  19.61  80    61    31  3.5
 13  4332 I5  1331  2974 I6   800  2345 I5   670  8927 16523  6.0  5.2  3.27  0.26  27.40  17.46  21.89  23.95  76   295  1798  3.9
 1993
  1  2412 I5   843  1882 I6  1704  1474 I5   232  6250 14880  7.2  6.3  2.96  0.12  23.75  14.40  18.55  20.68  81    41    64  3.8
  2  3514 I5  1195  3355 I6  2221  1640 I5   310  7525 15643  6.3  5.0  2.03  0.12  21.25  10.23  15.53  17.84  71    79     7  4.1
  3  4328 I5  1589  3777 I6  3002  1938 I5   526  9065 16539  6.1  5.1  2.22  0.14  23.70  12.64  17.88  20.03  70    47    42  4.9
  4  5564 I5  1346  4533 I6  2468  2435 I5   572 10370 17397  4.8  3.8  2.09  0.18  25.72  14.09  20.01  22.53  64     9    57  4.7
  5  5830 I5  1323  4396 I6  2358  2674 I5   490 11132 18078  5.1  4.4  3.19  0.21  29.43  18.75  23.84  25.79  68     0   178  4.4
  6  5933 I5  1076  3906 I6  1651  2956 I5   373 11383 18376  5.2  4.4  3.99  0.23  32.47  22.54  26.77  28.50  74     0   275  3.6
  7  5939 I5   884  4035 I6  1641  2853 I5   550 11197 18119  5.7  4.0  4.71  0.24  33.68  23.54  27.68  29.37  76     0   319  3.1
  8  5580 I5  1188  3939 I6  1800  2697 I5   388 10551 17431  5.3  4.0  4.50  0.23  33.19  23.46  27.41  29.19  76     0   310  3.3
  9  4846 I5   733  3453 I6  1192  2496 I5   318  9424 16589  5.6  4.4  4.54  0.20  31.70  22.56  26.18  28.29  80     0   264  3.2
 10  3611 I5  1144  2796 I6  2198  1941 I5   442  7937 15721  6.5  5.8  3.99  0.16  28.27  19.26  23.17  25.15  82     6   174  3.8
 11  2849 I5  1180  2796 I6  2331  1413 I5   257  6525 14954  6.1  5.6  3.20  0.12  24.81  15.18  19.57  21.64  79    27    77  4.2
 12  2955 I5   700  3632 I6  2077  1243 I5   338  5823 14579  5.4  4.2  2.37  0.09  20.57   9.11  14.61  17.31  74   117     9  4.2
 13  4447 I5  1333  3542 I6   752  2147 I5   610  8932 16526  5.8  4.8  3.32  0.17  27.38  17.15  21.77  23.86  75   327  1776  3.9
 1994
  1  2607 I5   980  2506 I6  2295  1388 I5   354  6242 14874  6.8  6.1  2.34  0.08  21.20  10.60  15.70  18.12  80    95    19  4.8
  2  3028 I5   823  2222 I6  1542  1783 I5   263  7512 15639  7.2  6.5  2.51  0.09  23.89  13.89  18.48  20.67  78    38    54  4.5
  3  4744 I5  1108  4284 I6  2375  2006 I5   580  9052 16531  5.8  4.7  2.60  0.11  26.04  14.15  19.71  22.04  71    24    79  5.1
  4  5349 I5  1131  3998 I6  1740  2582 I5   371 10360 17393  5.5  4.6  3.07  0.15  28.36  17.95  22.78  25.00  75     2   146  4.5
  5  6263 I5  1145  5007 I6  2166  2536 I5   608 11127 18072  5.4  4.3  3.44  0.19  30.56  19.68  24.59  26.53  73     0   211  3.8
  6  5474 I5  1458  3301 I6  2054  2942 I5   451 11382 18375  7.3  6.4  4.64  0.21  31.84  22.67  26.30  27.82  84     0   268  3.4
  7  5466 I5   976  3374 I6  1405  2951 I5   342 11200 18123  6.6  5.2  4.40  0.23  32.06  22.67  26.31  27.84  81     0   280  3.4
  8  4966 I5  1011  3022 I6  1841  2750 I5   421 10558 17439  6.7  5.7  4.47  0.21  31.35  22.73  25.91  27.48  84     0   270  3.4
  9  3996 I5  1195  2259 I6  1736  2449 I5   372  9436 16599  7.6  6.7  4.57  0.18  30.27  21.95  25.19  27.03  88     0   233  3.2
 10  3606 I5  1078  2799 I6  2079  1960 I5   434  7950 15728  6.1  5.5  3.69  0.15  28.41  20.11  23.58  25.58  85     0   184  3.6
 11  3001 I5   986  3001 I6  2135  1465 I5   327  6535 14960  5.6  5.0  3.02  0.11  26.42  17.66  21.54  23.54  82     3   115  3.9
 12  2378 I5   940  2586 I6  2321  1171 I5   279  5825 14579  6.6  6.2  2.59  0.08  22.25  13.94  17.59  19.54  86    52    44  3.7
 13  4240 I5  1305  3197 I6   856  2165 I5   622  8932 16526  6.4  5.6  3.44  0.15  27.72  18.17  22.31  24.27  81   214  1903  3.9
 1995
  1  2887 I5  1065  3359 I6  2822  1258 I5   409  6234 14868  5.8  5.2  2.03  0.07  20.00   9.65  14.55  16.80  79   118     9  3.7
  2  3950 I5  1285  4727 I6  3263  1373 I5   627  7499 15632  4.9  4.3  2.14  0.08  21.95  10.35  15.83  18.12  70    89    28  4.6
  3  4531 I5  1354  3889 I6  2462  2007 I5   465  9039 16521  6.3  5.2  2.43  0.10  25.06  14.73  19.40  21.53  76    16    64  4.5
  4  5262 I5  1807  4357 I6  3054  2209 I5   500 10350 17385  6.1  4.9  2.81  0.14  27.58  17.30  22.11  24.24  77     4   127  4.0
  5  6525 I5   817  5308 I6  1796  2610 I5   604 11121 18070  5.4  4.0  3.41  0.18  32.02  21.15  26.08  28.05  73     0   256  3.8
  6  5332 I5  1627  3402 I6  2457  2781 I5   431 11381 18374  7.0  5.9  4.15  0.21  30.68  22.16  25.77  27.25  79     0   243  3.7
  7  5324 I5  1244  3133 I6  1851  2974 I5   387 11204 18128  7.0  5.4  4.60  0.22  32.44  23.33  27.11  28.62  80     0   296  3.5
  8  4748 I5  1632  3071 I6  2216  2518 I5   349 10566 17447  6.6  5.5  4.99  0.21  32.08  24.29  27.38  28.77  82     0   306  4.2
  9  4756 I5  1007  3657 I6  1929  2326 I5   423  9448 16608  6.2  5.0  4.63  0.18  32.02  23.16  26.66  28.71  82     0   278  3.1
 10  3810 I5   931  3295 I6  2066  1860 I5   386  7963 15737  6.3  5.5  4.23  0.14  28.89  21.08  24.48  26.26  82     0   206  4.1
 11  3656 J5   723  4715 J6  1993  1272 J5   402  6545 14964  4.4  3.4  2.74  0.10  24.07  13.02  18.37  20.74  76    46    53  3.6
 12  2765 I5   752  3320 I6  2142  1250 I5   324  5826 14582  5.7  4.8  2.40  0.08  21.13  10.88  15.52  17.90  78   108    36  3.5
 13  4462 I5  1098  3853 I6   744  2036 I5   632  8931 16526  6.0  4.9  3.38  0.14  27.33  17.59  21.94  23.92  78   380  1901  3.9
 1996
  1  3590 J5   595  5125 J6  1842  1113 J5   342  6227 14864  3.8  3.4  2.15  0.07  21.11   8.85  14.90  17.72  74   122    18  4.0
  2  4241 I5   987  5282 I6  2344  1309 I5   445  7512 15633  4.0  3.5  2.01  0.08  22.19  10.11  15.98  18.51  73   100    37  4.1
  3  5032 I5  1473  5240 I6  2795  1683 I5   475  9075 16542  4.6  3.8  2.17  0.11  22.73  11.26  16.74  18.96  72    88    47  5.0
  4  5998 I5  1298  5757 I6  2508  2027 I5   560 10375 17403  4.2  3.3  2.45  0.14  27.69  16.02  21.69  24.05  70     8   113  4.3
  5  5960 I5  1135  4661 I6  1933  2642 I5   421 11133 18080  5.0  4.0  3.18  0.18  31.67  21.32  25.89  27.80  75     0   253  4.0
  6  5749 I5  1140  3640 I6  1718  3057 I5   451 11381 18375  6.4  4.9  4.09  0.21  32.07  22.66  26.49  28.10  80     0   271  3.6
  7  6843 J8   675  6315 J8  1520  2328 J8   533 11194 18116  2.0  1.8  4.22  0.22  33.04  23.31  27.55  29.27  77     0   305  3.0
  8  5896 J8   670  4717 J8  1385  2589 J8   445 10545 17431  3.4  3.0  4.33  0.21  31.89  22.95  26.37  28.07  82     0   282  2.4
  9  5100 J8   870  4446 J8  1819  2241 J8   490  9415 16588  3.5  3.0  4.09  0.18  31.27  22.34  26.02  28.11  80     0   254  2.6
 10  4052 J8   933  4032 J8  2329  1761 J8   512  7926 15723  4.5  4.0  3.56  0.14  27.66  18.37  22.67  24.73  80     3   149  3.3
 11  3411 J8   692  3918 J8  1846  1462 J8   346  6517 14951  4.4  3.5  2.48  0.10  24.94  14.26  19.23  21.63  75    25    63  4.1
 12  2918 J8   864  3826 J8  2435  1197 J8   328  5822 14579  4.1  3.9  2.29  0.08  22.53  10.98  16.36  19.13  78    72    23  3.2
 13  4899 J7  1239  4747 J7   827  1951 J7   630  8927 16524  4.2  3.5  3.09  0.14  27.40  16.87  21.66  23.84  77   417  1815  3.6
 1997
  1  3370 J8   892  4727 J8  2458  1157 J8   388  6251 14880  3.7  3.3  2.04  0.07  22.10  10.11  15.74  18.65  76    93    24  3.0
  2  3797 J7   813  4133 J7  2201  1635 J7   482  7527 15647  4.6  4.2  2.58  0.08  25.45  13.93  19.16  21.83  78    27    65  3.6
  3  4882 J6   679  4515 J7  1553  2085 J6   445  9067 16541  4.4  3.9  2.89  0.10  27.86  16.88  21.93  24.20  73     0   125  3.4
  4  5249 J6  1638  4464 J7  2932  2242 J6   597 10371 17399  4.7  4.3  3.07  0.14  26.25  15.49  20.74  22.70  72     5    81  4.0
  5  5892 J6   977  4792 J7  1986  2559 J6   489 11132 18080  4.5  4.0  3.47  0.18  29.58  19.04  24.17  26.05  74     0   185  3.1
  6  5730 J6  1161  4093 J7  1733  2824 J6   353 11383 18377  5.4  4.8  4.00  0.21  31.14  21.74  25.77  27.40  79     0   243  3.1
  7  5784 J6   799  3908 J7  1377  2915 J6   472 11196 18119  5.1  4.3  4.59  0.22  32.82  22.83  26.71  28.33  81     0   294  2.1
  8  5324 J6   607  3503 J7  1350  2876 J6   451 10549 17428  5.1  4.3  4.61  0.21  32.52  23.30  27.02  28.76  80     0   297  2.3
  9  4748 J6   827  3676 J7  1568  2394 J6   412  9422 16586  4.7  4.2  4.40  0.18  31.67  22.08  26.24  28.49  81     0   256  2.7
 10  4088 J6   988  3907 J7  2010  1823 J6   385  7935 15719  4.6  4.1  3.12  0.14  28.21  17.95  22.66  25.01  78     3   151  3.2
 11  3124 J7   808  3245 J8  1853  1509 J7   318  6524 14953  5.4  4.9  2.83  0.10  23.96  13.78  18.67  20.82  80    28    44  3.1
 12  2509 J6  1133  3056 J7  2813  1103 J6   324  5823 14580  6.4  5.9  2.85  0.08  20.64  12.08  16.13  17.87  79    97    36  3.4
 13  4541 J6  1141  4001 J7   563  2093 J6   649  8932 16526  4.9  4.3  3.37  0.14  27.68  17.43  22.08  24.18  78   253  1802  3.1
 1998
  1  3205 K4  1135  4054 K6  2733  1297 K4   496  6243 14874  5.4  4.8  2.32  0.07  21.66  12.25  16.70  18.88  80    71    29  3.6
  2  4042 K4  1488  4873 K6  3273  1358 K4   577  7514 15640  5.0  4.8  2.12  0.08  21.68  11.11  16.27  18.45  77    74    20  4.5
  3  5554 K4  1331  6102 K6  2721  1755 K4   666  9054 16532  4.0  3.6  2.14  0.10  22.86  12.25  17.31  19.54  70    73    49  4.2
  4  6173 K4  1313  5512 K6  2425  2363 K4   585 10361 17394  4.1  4.0  2.37  0.14  27.31  16.09  21.57  23.97  70     6   107  4.0
  5  6619 K4  1631  5679 K6  2659  2353 K4   560 11127 18074  3.6  3.1  3.21  0.18  31.62  19.11  25.11  27.32  71     0   218  3.0
  6  7140 K4   645  6163 K6  1373  2429 K4   373 11382 18375  3.5  3.0  3.96  0.21  35.38  23.26  28.76  30.94  71     0   330  3.2
  7  5965 K4  1280  4397 K6  1954  2641 K4   356 11200 18122  5.0  4.1  4.90  0.22  33.45  23.94  27.79  29.40  79     0   321  2.5
  8  5915 K4   859  4751 K6  1522  2415 K4   401 10557 17439  5.3  4.4  4.65  0.21  33.17  23.82  27.49  29.30  82     0   315  2.6
  9  4169 K4  1156  2613 K6  1853  2375 K4   415  9434 16599  7.8  6.7  4.88  0.18  30.60  23.31  26.17  27.70  86     0   259  3.3
 10  4616 K4   653  4827 K6  1512  1830 K4   402  7948 15727  4.0  3.8  3.14  0.14  29.98  20.22  24.51  26.93  78     0   210  3.2
 11  3558 K4   991  4362 K6  2162  1383 K4   314  6534 14958  4.0  3.6  2.56  0.10  26.92  16.56  21.34  23.81  83     5   107  2.4
 12  3102 K4   913  4329 K6  2304  1174 K4   274  5824 14579  4.5  4.4  2.45  0.08  24.75  14.33  19.01  21.66  81    35    73  2.9
 13  5005 K4  1392  4805 K6   989  1948 K4   539  8932 16526  4.7  4.2  3.23  0.14  28.28  18.02  22.67  24.83  77   264  2036  3.3
 1999
  1  3663 K4   705  5133 K6  1864  1208 K4   372  6235 14869  4.2  3.8  1.95  0.07  23.62  11.70  17.25  20.15  79    62    42  3.5
  2  4562 K4  1084  5885 K6  2320  1345 K4   412  7500 15633  3.4  3.3  1.77  0.08  23.95  11.50  17.32  20.23  73    52    35  3.4
  3  5601 K4  1409  6441 K6  2690  1604 K4   593  9040 16523  3.2  2.8  1.69  0.10  25.07  11.01  18.07  21.06  65    33    24  3.5
  4  6423 K4  1334  6115 K6  2336  2074 K4   537 10351 17387  5.1  4.3  2.49  0.14  29.92  16.83  22.92  25.54  67     8   160  3.4
  5  6555 K4   936  5405 K6  1634  2533 K4   396 11122 18070  5.6  4.8  2.70  0.18  29.66  18.31  23.40  25.49  73     3   178  3.3
  6  5349 K4  1682  3457 K6  2263  2702 K4   409 11381 18373  8.5  7.7  4.54  0.21  30.67  22.25  25.46  26.83  81     0   244  2.8
  7  6403 K4   730  5063 K6  1255  2653 K4   301 11203 18126  6.2  5.3  4.19  0.22  32.72  23.39  27.42  29.08  76     0   302  2.5
  8  5586 K4  1108  4284 K6  1821  2397 K4   345 10565 17446  6.8  5.8  4.76  0.21  33.15  23.59  27.30  29.09  80     0   311  2.9
  9  4685 K4  1377  3709 K6  2222  2205 K4   382  9446 16607  6.0  5.5  4.38  0.18  31.03  22.48  26.12  28.04  80     0   253  3.2
 10  3983 K4  1342  3865 K6  2428  1766 K4   441  7962 15736  5.1  4.6  3.28  0.14  27.83  19.82  23.26  25.13  79     2   172  4.0
 11  3904 K4   566  5062 K6  1488  1377 K4   349  6544 14964  4.0  3.9  2.14  0.10  24.96  15.13  19.54  21.86  76    13    65  3.9
 12  3145 K4  1036  4573 K6  2614  1044 K4   349  5826 14582  4.6  4.4  2.30  0.08  21.64  11.09  16.03  18.74  75    80    19  3.0
 13  4988 K4  1167  4916 K6   965  1909 K4   594  8931 16526  5.2  4.7  3.02  0.14  27.85  17.26  22.01  24.27  75   254  1805  3.3
 2000
  1  3503 K4   992  5133 K6  2481  1102 K4   377  6228 14864  4.3  4.2  1.76  0.07  21.67  10.05  15.51  18.09  74    95    19  3.5
  2  4545 K4  1068  5852 K6  2371  1396 K4   495  7514 15634  3.2  3.0  1.84  0.08  23.39  10.62  16.58  19.63  70    60    21  3.3
  3  5382 K4  1146  5616 K6  2230  1908 K4   540  9077 16542  3.8  3.6  2.17  0.11  27.22  14.64  20.62  23.37  71     1    82  3.8
  4  6532 K4  1326  6328 K6  2309  2076 K4   516 10376 17403  3.5  3.2  2.00  0.14  27.71  14.77  21.13  23.72  66    10    98  3.9
  5  6947 K4   743  6054 K6  1304  2530 K4   396 11133 18080  3.2  3.0  2.81  0.18  31.93  19.06  25.31  27.65  67     0   222  3.5
  6  6208 K4  1374  4988 K6  1917  2565 K4   353 11381 18374  4.9  4.2  4.29  0.21  32.73  21.52  26.38  28.26  74     0   264  3.2
  7  5933 K4  1313  4452 K6  1732  2597 K4   318 11194 18116  4.6  4.0  4.81  0.22  32.87  22.74  26.88  28.57  80     0   294  3.0
  8  5809 K4  1015  4677 K6  1519  2367 K4   344 10544 17427  4.1  3.5  4.63  0.21  32.64  22.76  26.85  28.73  79     0   291  2.5
  9  4727 K4  1373  3820 K6  1852  2172 K4   304  9414 16587  5.4  4.6  4.68  0.18  31.62  23.05  26.50  28.39  81     0   270  3.1
 10  4582 K4   729  4890 K6  1630  1766 K4   404  7924 15723  3.3  3.1  2.65  0.14  27.76  17.28  22.09  24.66  74     2   132  4.0
 11  3679 K4   994  4688 K6  2246  1309 K4   379  6515 14951  3.5  3.1  2.33  0.10  24.86  12.70  18.35  21.12  72    41    54  3.3
 12  3223 K4   938  4749 K6  2289  1056 K4   307  5822 14579  4.3  4.0  1.82  0.08  21.01   9.60  14.87  17.54  75   127    33  3.8
 13  5089 K4  1235  5104 K6   728  1904 K4   573  8927 16523  4.0  3.6  2.98  0.14  27.95  16.57  21.76  24.14  74   336  1779  3.4
 2001
  1  3538 K4   989  5210 K6  2532  1078 K4   369  6252 14882  4.3  3.9  1.66  0.07  19.98   6.84  13.11  16.04  68   169    17  3.4
  2  4164 K4  1370  4950 K6  2654  1414 K4   422  7528 15649  5.1  4.9  2.48  0.08  25.44  13.71  19.02  21.65  77    27    62  3.2
  3  4779 K4  1674  4722 K6  2946  1857 K4   549  9069 16542  4.8  4.5  2.32  0.10  25.07  13.47  18.84  21.02  68    33    62  4.3
  4  6416 K4  1122  6089 K6  2261  2202 K4   624 10372 17400  3.7  3.2  2.44  0.14  28.03  15.83  21.68  24.26  66     6   114  3.8
  5  6709 K4  1121  5606 K6  1820  2531 K4   419 11133 18080  3.9  3.5  2.79  0.18  30.23  18.60  23.93  25.98  71     0   189  3.5
  6  5978 K4  1395  4740 K6  1879  2410 K4   326 11383 18377  4.9  4.1  4.07  0.21  31.81  21.85  25.95  27.64  79     0   255  2.6
  7  5244 K4  1348  3436 K6  1859  2650 K4   378 11196 18119  5.8  4.9  4.76  0.22  31.35  23.02  26.34  27.62  83     0   274  3.0
  8  5705 K4  1232  4578 K6  1786  2307 K4   363 10548 17426  4.9  4.0  4.57  0.21  32.30  23.29  26.84  28.55  79     0   293  2.3
  9  4435 K4  1445  3433 K6  2162  2129 K4   345  9421 16585  6.6  5.8  4.50  0.18  29.52  21.95  24.85  26.40  83     0   222  3.1
 10  4275 K4   956  3964 K6  1833  1920 K4   362  7933 15718  6.2  4.8  3.05  0.14  27.26  18.84  22.48  24.46  75     7   153  4.1
 11  3612 K4   958  4527 K6  2118  1347 K4   306  6523 14952  4.1  3.9  2.32  0.10  25.41  15.92  20.09  22.32  80     0    70  3.6
 12  3278 K4   816  4564 K6  2055  1169 K4   318  5823 14579  5.4  5.0  2.16  0.08  23.76  14.40  18.69  21.16  80    49    72  3.1
 13  4844 K4  1159  4652 K6   789  1918 K4   546  8932 16526  5.0  4.4  3.10  0.14  27.51  17.31  21.82  23.93  76   291  1784  3.3
 2002
  1  3269 K4  1104  4427 K6  2610  1174 K4   414  6244 14875  4.8  4.6  2.37  0.07  21.95  10.78  16.02  18.50  78   110    49  3.0
  2  4058 K4  1411  4646 K6  2726  1514 K4   436  7515 15640  4.9  4.5  2.32  0.08  21.56  11.14  16.23  18.49  71    71    15  3.6
  3  5347 K4  1406  5574 K6  2516  1882 K4   500  9055 16532  4.2  4.0  2.61  0.10  26.98  14.45  20.53  23.22  72    27   100  3.9
  4  6132 K4  1247  5412 K6  1905  2349 K4   420 10362 17394  4.6  4.4  3.28  0.14  29.15  17.92  23.24  25.52  73     0   156  3.2
  5  6669 K4  1124  5627 K6  1896  2621 K4   490 11128 18075  3.8  3.7  3.23  0.18  31.05  19.76  25.00  27.03  71     0   219  4.1
  6  5162 K4  1515  3226 K6  2066  2647 K4   331 11382 18375  7.0  6.2  4.77  0.21  30.39  22.21  25.30  26.54  84     0   239  2.8
  7  5830 K4  1114  4258 K6  1517  2613 K4   301 11199 18122  5.3  4.8  4.95  0.22  31.77  23.28  26.62  27.98  82     0   285  2.4
  8  5094 K4  1231  3678 K6  1813  2431 K4   375 10556 17439  5.7  5.2  4.81  0.21  31.42  22.94  26.22  27.74  83     0   274  2.7
  9  4965 K4  1021  4055 K6  1743  2218 K4   305  9433 16597  5.9  5.2  4.94  0.18  31.66  23.86  26.84  28.58  82     0   283  3.0
 10  4582 K4   685  4809 K6  1334  1815 K4   323  7947 15726  3.6  3.4  4.01  0.14  30.15  20.99  24.93  27.11  82     0   224  2.6
 11  3830 K4   959  5099 K6  2283  1223 K4   363  6533 14957  4.0  3.7  2.66  0.10  23.93  13.35  18.48  20.63  74    46    55  3.5
 12  3068 K4  1044  4355 K6  2532  1075 K4   266  5824 14579  5.5  4.8  2.20  0.08  20.81  10.02  15.25  17.59  77   104    13  3.5
 13  4834 K4  1118  4597 K6   751  1964 K4   599  8932 16526  4.9  4.5  3.51  0.14  27.57  17.56  22.05  24.08  77   357  1914  3.2
 2003
  1  3986 K4   569  6321 K6  1637   999 K4   333  6236 14869  2.8  2.6  1.53  0.07  18.47   6.05  12.18  15.02  67   189     1  3.7
  2  3972 K4  1396  4631 K6  2903  1450 K4   495  7502 15633  5.3  5.1  2.44  0.08  23.34  11.93  17.37  19.87  75    51    32  3.7
  3  4655 K4  1714  4141 K6  2690  1996 K4   478  9042 16523  6.1  5.7  3.20  0.10  26.87  17.20  21.48  23.29  80     9   124  3.4
  4  6222 K4  1101  5666 K6  2024  2254 K4   469 10353 17387  4.5  4.1  2.74  0.14  27.27  16.02  21.45  23.81  73    13   112  3.6
  5  6586 K4  1210  5446 K6  1909  2566 K4   421 11123 18070  4.6  4.2  3.74  0.18  31.60  21.27  26.15  27.94  72     0   251  3.2
  6  5370 K4  1658  3604 K6  2092  2671 K4   384 11381 18375  6.2  5.5  4.76  0.21  31.08  22.60  26.01  27.40  83     0   255  3.0
  7  5882 K4  1087  4179 K6  1569  2665 K4   313 11203 18125  6.0  5.1  4.84  0.22  32.53  23.07  26.78  28.38  81     0   294  2.5
  8  5028 K4  1101  3625 K6  1577  2409 K4   331 10564 17445  5.5  4.7  5.06  0.21  31.26  23.33  26.22  27.58  86     0   278  2.8
  9  4632 K4  1180  3395 K6  1990  2360 K4   410  9444 16605  5.8  5.1  4.64  0.18  30.49  22.77  25.94  27.69  83     0   249  3.3
 10  4137 K4  1135  3998 K6  2245  1830 K4   417  7960 15735  5.0  4.5  3.48  0.14  28.76  19.74  23.81  25.93  79     0   184  3.3
 11  3623 K4   888  4531 K6  2000  1368 K4   341  6543 14964  4.1  3.9  2.92  0.10  26.23  16.63  21.02  23.15  80    14   107  3.6
 12  3328 K4   768  4884 K6  2191  1089 K4   348  5826 14582  4.4  4.2  1.85  0.08  21.08   9.78  15.16  17.94  74    98     8  3.6
 13  4785 K4  1051  4535 K6   904  1971 K4   613  8931 16526  5.0  4.6  3.43  0.14  27.42  17.53  21.97  24.00  78   374  1895  3.3
 2004
  1  3734 K4   815  5728 K6  2312  1020 K4   389  6229 14864  3.9  3.6  2.04  0.07  21.24   9.20  14.74  17.55  75   109    12  3.3
  2  3842 K4  1509  4433 K6  2962  1423 K4   382  7515 15634  6.6  5.7  2.44  0.08  22.11  11.63  16.63  18.81  78    66    24  3.9
  3  5413 K4  1319  5729 K6  2591  1856 K4   542  9079 16544  4.0  3.7  2.14  0.11  25.35  13.90  19.37  21.87  71    21    61  3.8
  4  6290 K4  1276  6000 K6  2303  2142 K4   488 10377 17405  3.8  3.5  2.18  0.14  26.56  14.80  20.54  23.05  69    11    82  3.9
  5  6875 K4  1166  6048 K6  1716  2515 K4   443 11134 18080  3.2  3.1  3.13  0.18  30.88  19.03  24.75  26.94  72     0   205  3.5
  6  6483 K4   777  5228 K6  1396  2512 K4   302 11381 18374  5.1  4.5  4.76  0.21  33.32  22.68  27.05  28.90  76     0   290  2.8
  7  5913 K4  1290  4366 K6  1849  2635 K4   302 11193 18114  5.2  4.5  4.87  0.22  32.82  23.29  27.28  28.88  76     0   302  2.8
  8  5166 K4  1063  3665 K6  1562  2452 K4   377 10543 17425  6.2  5.4  5.22  0.21  32.24  23.70  26.92  28.40  82     0   299  2.7
  9  4473 K4  1472  3527 K6  2154  2118 K4   360  9412 16586  6.2  5.6  4.77  0.18  30.84  23.84  26.66  28.13  80     0   270  5.9
 10  4350 K4  1018  4515 K6  1890  1755 K4   388  7923 15722  4.3  4.0  3.49  0.14  28.80  19.76  23.83  25.96  76     0   184  3.0
 11  3824 K4   738  5067 K6  1788  1287 K4   325  6514 14951  4.4  4.2  2.64  0.10  26.26  16.21  20.83  23.11  75     4    91  3.4
 12  3022 K4   977  4044 K6  2385  1157 K4   345  5822 14579  5.8  5.5  2.34  0.08  21.26  10.92  15.70  17.92  74    98    28  3.8
 13  4949 K4  1255  4862 K6   895  1906 K4   577  8927 16523  4.9  4.4  3.34  0.14  27.64  17.41  22.03  24.13  75   309  1849  3.6
 2005
  1  3486 K4   963  4979 K6  2614  1143 K4   428  6253 14884  4.4  4.3  2.31  0.07  22.10  11.31  16.33  18.79  76    78    28  3.8
  2  4060 K4  1280  4684 K6  2786  1486 K4   459  7530 15649  5.4  5.2  2.45  0.08  23.06  11.93  17.16  19.64  71    47    24  4.0
  3  4592 K4  1872  4536 K6  3245  1735 K4   522  9070 16544  5.9  5.4  2.42  0.10  23.33  12.94  18.01  19.92  70    59    53  4.0
  4  6662 K4   860  6508 K6  1818  2090 K4   515 10373 17403  3.7  3.4  2.12  0.14  26.20  14.44  20.15  22.66  66     8    68  4.3
  5  6061 K4  1708  4683 K6  2456  2659 K4   544 11133 18084  4.9  4.7  3.36  0.18  29.50  19.23  23.81  25.62  73     0   187  3.3
  6  4876 K4  1670  3019 K6  2234  2682 K4   512 11383 18377  7.2  6.5  4.91  0.21  30.25  23.01  25.82  26.85  86     0   249  3.1
  7  6281 K4  1165  4988 K6  1737  2514 K4   365 11195 18118  4.8  4.4  4.95  0.22  33.45  24.80  28.35  29.80  81     0   335  3.0
  8  5945 K4   853  4755 K6  1352  2388 K4   337 10547 17426  5.2  4.6  5.18  0.21  33.75  24.81  28.24  29.84  80     0   340  2.6
  9  4869 K4  1415  4176 K6  2335  2127 K4   361  9419 16584  4.8  4.4  4.32  0.18  31.72  23.67  26.99  28.90  76     0   281  3.6
 10  3962 K4  1129  3730 K6  2342  1808 K4   444  7931 15718  5.4  5.1  3.79  0.14  27.83  19.68  23.09  24.83  80    10   179  3.8
 11  3546 K4  1006  4383 K6  2232  1364 K4   360  6521 14951  4.2  4.1  2.75  0.10  25.47  15.69  20.15  22.37  78    12    80  3.7
 12  3019 K4  1131  4233 K6  2728  1075 K4   345  5823 14579  5.2  4.9  2.20  0.08  20.87  10.38  15.34  17.82  78    89     5  3.8
 13  4780 K4  1218  4556 K6   830  1923 K4   575  8932 16526  5.1  4.7  3.40  0.14  27.29  17.66  21.95  23.92  76   304  1827  3.6
 2006
  1  3768 K4   673  5661 K6  2074  1083 K4   396  6245 14876  5.1  4.8  2.06  0.07  23.28  11.34  16.93  19.71  72    67    36  3.8
  2  4163 K4  1320  5252 K6  2730  1353 K4   462  7517 15640  4.8  4.4  1.98  0.08  22.24  10.01  15.84  18.56  71    86    24  3.8
  3  5850 K4  1004  6702 K6  2071  1668 K4   489  9057 16534  4.1  3.5  2.09  0.10  26.00  13.06  19.46  22.20  66    24    61  4.0
  4  6504 K4   866  6082 K6  1849  2203 K4   557 10364 17396  5.1  4.6  2.52  0.14  29.93  16.99  23.24  25.96  68     0   154  4.0
  5  6682 K4  1576  5920 K6  2400  2314 K4   481 11128 18075  4.8  4.2  3.01  0.18  31.34  18.62  24.93  27.08  68     0   206  3.3
  6  5968 K4  1642  4609 K6  2143  2569 K4   367 11382 18375  6.0  5.3  4.21  0.21  31.99  22.27  26.48  28.11  79     0   264  3.2
  7  5799 K4  1060  4219 K6  1542  2685 K4   332 11199 18122  7.1  5.7  4.76  0.22  32.26  23.50  27.05  28.53  82     0   296  2.6
  8  5632 K4  1387  4579 K6  1970  2270 K4   308 10555 17436  5.9  5.3  4.94  0.21  33.04  23.47  27.44  29.16  80     0   308  2.6
  9  5187 K4   824  4631 K6  1683  2080 K4   337  9431 16597  6.0  4.9  4.43  0.18  31.96  22.44  26.24  28.34  76     0   266  2.5
 10  4566 K4   809  4787 K6  1769  1777 K4   375  7945 15726  4.7  4.3  3.15  0.14  28.96  17.76  23.22  25.76  64     5   161  3.3
 11  3597 K4   938  4381 K6  2217  1384 K4   340  6531 14957  5.4  4.6  2.32  0.10  23.87  13.77  18.39  20.66  68    41    56  3.9
 12  2881 K4   926  3527 K6  2305  1289 K4   339  5824 14579  6.8  5.9  3.09  0.08  24.51  14.97  19.22  21.56  72    29    73  3.8
 13  5050 K4  1231  5029 K6   908  1890 K4   537  8932 16526  5.5  4.8  3.21  0.14  28.28  17.35  22.37  24.64  72   253  1905  3.4
 2007
  1  3211 K4  1072  4086 K6  2622  1259 K4   377  6237 14869  7.0  5.9  2.76  0.07  22.36  13.09  17.51  19.61  67    63    44  3.6
  2  4165 K4  1523  5174 K6  3013  1328 K4   454  7504 15633  5.6  5.3  2.16  0.08  21.61   9.97  15.84  18.35  62    90    19  3.8
  3  5251 K4  1235  5455 K6  2488  1925 K4   553  9044 16524  5.1  4.4  2.30  0.10  25.85  14.25  19.62  22.16  61    23    76  4.1
  4  6301 K4  1437  5909 K6  2290  2115 K4   470 10354 17387  5.1  4.5  2.45  0.14  27.49  15.26  21.32  23.74  56    12   103  3.9
  5  6450 K4   862  5180 K6  1447  2682 K4   466 11123 18070  5.5  4.8  3.01  0.18  29.79  18.98  23.97  25.92  59     0   188  4.5
  6  6094 K4  1297  4552 K6  1907  2643 K4   364 11381 18375  6.2  5.3  4.25  0.21  31.90  21.87  26.22  27.89  68     0   257  3.1
  7  5643 K4  1215  4158 K6  1661  2496 K4   332 11202 18124  7.6  6.4  5.06  0.22  32.86  23.26  26.89  28.34  84     0   302  2.2
  8  6214 K4  1067  5303 K6  1594  2302 K4   311 10563 17444  5.2  4.7  4.74  0.21  34.22  24.01  28.32  30.30  77     0   334  2.5
  9  5020 K4   901  4242 K6  1448  2177 K4   280  9443 16604  6.7  5.4  4.71  0.18  31.78  23.18  26.49  28.33  82     0   274  3.0
 10  3868 K4  1272  3506 K6  2180  1826 K4   312  7958 15734  6.7  5.9  4.43  0.14  29.36  21.88  25.00  26.72  83     0   226  3.6
 11  3841 K4   923  5060 K6  2070  1281 K4   328  6541 14964  4.1  3.7  2.53  0.10  25.22  14.30  19.39  21.95  76    14    57  3.2
 12  3302 K4   689  4627 K6  1980  1230 K4   316  5826 14581  5.0  4.6  2.78  0.08  24.88  14.38  19.20  21.84  81    26    66  2.8
 13  4947 K4  1218  4771 K6   691  1939 K4   553  8931 16526  5.8  5.1  3.43  0.14  28.11  17.87  22.48  24.60  71   227  1945  3.4
 2008
  1  3321 K4   965  4359 K6  2366  1248 K4   328  6230 14864  6.3  5.4  2.41  0.07  21.75  10.87  16.06  18.48  74    88    26  3.7
  2  3979 K4  1268  4533 K6  2863  1551 K4   505  7517 15637  5.7  5.2  2.40  0.08  24.79  13.08  18.57  21.02  74    37    54  3.4
  3  5211 K4  1064  5105 K6  2137  2025 K4   413  9080 16545  6.0  5.3  2.38  0.11  25.04  13.81  19.28  21.59  72    22    56  3.9
  4  6195 K4  1307  5462 K6  2008  2379 K4   437 10379 17406  5.2  4.3  2.61  0.14  27.10  16.01  21.25  23.53  63    12   109  3.7
  5  6749 K4  1245  5737 K6  2010  2508 K4   481 11134 18081  5.2  4.7  3.03  0.18  31.08  19.81  25.17  27.18  61     0   220  4.0
  6  6246 K4  1210  4869 K6  1698  2569 K4   287 11381 18374  6.4  5.6  4.39  0.21  32.24  21.89  26.15  27.87  71     0   262  2.2
  7  5334 K4  1295  3539 K6  1805  2622 K4   369 11193 18114  7.7  5.7  4.91  0.22  31.67  22.81  26.13  27.46  75     0   276  1.9
  8  4763 K4  1829  3348 K6  2313  2327 K4   430 10542 17424  7.5  6.3  5.15  0.21  31.36  23.38  26.75  28.18  75     0   280  3.5
  9  4934 K4  1280  4190 K6  2085  2156 K4   372  9411 16585  5.8  5.3  4.27  0.18  30.98  23.00  26.38  28.09  74     0   260  3.4
 10  4439 K4   898  4624 K6  1907  1726 K4   361  7921 15719  5.2  4.5  3.19  0.14  27.70  18.56  22.56  24.68  69    14   163  3.8
 11  3632 K4   981  4779 K6  2321  1259 K4   377  6513 14950  4.3  3.9  2.03  0.10  23.27  11.84  17.16  19.88  71    62    39  3.3
 12  3354 K4   793  5086 K6  2071  1055 K4   285  5822 14579  4.9  4.2  2.24  0.08  23.75  12.33  17.84  20.48  74    50    41  2.9
 13  4846 K4  1157  4636 K6   710  1952 K4   564  8927 16523  5.8  5.0  3.25  0.14  27.56  17.28  21.94  24.04  71   286  1787  3.3
 2009
  1  3559 K4   972  5306 K6  2601  1090 K4   373  6254 14884  4.4  3.7  1.89  0.07  21.55   8.56  14.79  17.83  68   116    14  3.0
  2  4543 K4  1148  6087 K6  2399  1286 K4   433  7532 15650  4.4  4.1  1.72  0.08  21.86   9.46  15.59  18.50  64    91    17  3.5
  3  5332 K4  1092  5574 K6  2234  1927 K4   486  9072 16545  4.7  4.3  2.32  0.10  26.07  13.23  19.34  22.04  67    30    71  3.7
  4  6245 K4  1598  5899 K6  2593  2132 K4   609 10375 17404  4.7  4.2  2.29  0.14  28.15  15.61  21.72  24.27  64     9   115  4.1
  5  5990 K4  1635  4648 K6  2148  2577 K4   433 11134 18084  6.4  5.5  3.82  0.18  30.74  20.12  24.74  26.45  72     0   220  3.2
  6  6421 K4  1277  5181 K6  1757  2526 K4   350 11383 18377  6.6  5.7  4.44  0.21  32.39  23.07  27.07  28.66  75     0   282  2.8
  7  5622 K4  1340  4032 K6  1798  2575 K4   377 11195 18117  7.0  6.1  4.77  0.22  32.15  23.04  26.72  28.21  78     0   287  2.3
  8  5861 K4   769  4609 K6  1270  2467 K4   316 10546 17425  6.6  5.8  4.98  0.21  32.75  23.82  27.46  29.14  77     0   309  2.4
  9  4929 K4  1056  4129 K6  1719  2201 K4   336  9417 16583  6.7  6.0  4.74  0.18  31.50  23.16  26.55  28.45  76     0   270  2.5
 10  4448 K4   967  4515 K6  1734  1790 K4   325  7930 15716  5.6  5.3  4.05  0.14  30.06  20.23  24.70  26.95  73     7   218  2.7
 11  3332 K4  1030  3762 K6  2363  1426 K4   369  6520 14949  6.8  6.3  2.73  0.10  25.43  15.91  20.10  22.26  71    19    89  3.4
 12  2739 K4   977  3296 K6  2461  1245 K4   354  5822 14579  7.6  6.9  2.86  0.08  22.21  12.87  17.27  19.17  75    75    51  3.7
 13  4918 K4  1213  4753 K6   872  1937 K4   560  8932 16526  5.9  5.3  3.39  0.14  27.90  17.42  22.17  24.33  72   347  1943  3.1
 2010
  1  3325 K4  1219  4937 K6  3046  1013 K4   391  6246 14878  5.3  4.8  1.68  0.07  18.18   6.68  12.18  14.67  65   196    13  3.8
  2  3856 K4  1608  4592 K6  3220  1339 K4   449  7519 15640  5.8  5.3  1.68  0.08  17.36   7.58  12.30  14.23  66   168     4  3.8
  3  4971 K4  1885  5267 K6  3266  1654 K4   506  9059 16534  5.3  4.9  1.77  0.10  21.44  10.51  15.73  17.96  66    80     7  3.8
  4  6139 K4  1401  5787 K6  2425  2115 K4   546 10365 17396  5.5  5.0  2.43  0.14  27.19  16.11  21.31  23.63  68     0   100  3.6
  5  6476 K4  1203  5524 K6  1961  2500 K4   427 11129 18075  5.2  4.8  3.73  0.18  30.92  21.24  25.46  27.26  72     0   240  3.1
  6  6385 K4  1117  5426 K6  1803  2392 K4   355 11382 18375  5.7  4.6  4.67  0.21  33.45  23.27  27.45  29.21  74     0   301  2.5
  7  5947 K4  1500  4684 K6  2190  2513 K4   257 11198 18121  5.9  5.1  4.84  0.22  33.31  24.25  28.15  29.68  74     0   324  2.6
  8  5324 K4  1486  4084 K6  1968  2368 K4   364 10554 17436  7.0  5.9  5.40  0.21  32.84  24.44  27.76  29.26  79     0   320  2.7
  9  5084 K4  1080  4618 K6  1702  2113 K4   270  9429 16595  5.5  4.8  4.41  0.18  32.13  23.06  26.83  28.96  77     0   278  2.9
 10  5097 K4   548  6132 K6  1052  1522 K4   285  7943 15724  2.8  2.7  2.71  0.14  29.57  17.42  23.16  26.17  68     0   160  2.5
 11  3596 K4   978  4687 K6  2169  1301 K4   299  6530 14956  4.6  4.2  2.37  0.10  25.35  14.18  19.33  21.89  73    17    60  3.2
 12  3446 K4   884  5712 K6  2171   879 K4   227  5824 14579  3.1  2.7  1.27  0.08  17.80   4.43  10.78  13.73  64   224     0  3.7
 13  4970 K4  1164  5121 K6   611  1809 K4   595  8932 16526  5.1  4.6  3.08  0.14  26.63  16.10  20.87  23.05  70   685  1806  3.2
