722010 KEY WEST INTL ARPT     FL  -5  N24 33  W081 45     1  1013
 1991-2010
 MO AVGLO FL SDGLO AVDIR FL SDDIR AVDIF FL SDDIF AVETR AETRN  TOT  OPQ   H2O   TAU  MAX_T  MIN_T  AVG_T  AVGDT  RH  HTDD  CLDD AVWS
  1  3803 K5   233  4438 K6   632  1461 K5   112  6857 15218  3.9  3.4  2.68  0.15  23.57  18.29  20.82  21.86  77    18    98  4.9
  2  4613 K5   300  4918 K6   745  1688 K5   168  8033 15839  3.5  3.1  2.65  0.15  24.27  18.99  21.52  22.56  76    10   103  4.7
  3  5695 K5   269  5539 K6   571  1987 K5   165  9404 16555  3.4  2.9  2.71  0.16  25.64  20.39  22.95  23.95  74     4   149  4.9
  4  6527 K5   342  6027 K6   656  2169 K5   175 10490 17236  3.5  2.7  2.91  0.17  27.23  22.36  24.74  25.70  72     0   194  5.0
  5  6722 K5   311  5857 K6   507  2368 K5   128 11065 17769  3.6  2.8  3.54  0.17  29.24  24.54  26.85  27.63  73     0   265  4.4
  6  6420 K5   481  5339 K6   897  2411 K5   219 11227 17996  4.4  3.4  4.62  0.17  30.94  26.32  28.64  29.31  75     0   309  3.9
  7  6438 K5   343  5384 K6   650  2388 K5   205 11089 17779  3.8  2.8  4.62  0.18  31.68  27.02  29.31  29.96  73     0   342  3.8
  8  6129 K5   328  5413 K6   675  2168 K5   220 10607 17222  4.1  3.0  4.83  0.15  31.89  26.93  29.44  30.27  73     0   343  3.7
  9  5260 K5   333  4568 K6   671  2111 K5   186  9692 16550  4.6  3.4  4.92  0.16  30.97  26.23  28.62  29.42  76     0   308  3.9
 10  4622 K5   292  4476 K6   678  1839 K5   164  8400 15863  4.1  3.3  4.17  0.16  29.14  24.74  26.85  27.68  76     0   267  4.5
 11  3911 K5   223  4165 K6   539  1598 K5   108  7117 15259  3.7  3.2  3.19  0.17  26.45  22.11  24.13  24.91  75     1   179  5.0
 12  3464 K5   203  4075 K6   532  1392 K5   113  6464 14969  4.0  3.5  2.86  0.14  24.30  19.48  21.80  22.76  77     8   119  4.7
 13  5300 K5   129  5017 K6   363  1965 K5   122  9204 16521  3.9  3.1  3.64  0.16  27.94  23.12  25.47  26.33  75    40  2677  4.5
 1991
  1  3493 I5   980  3705 I6  1931  1510 I5   277  6851 15215  5.0  4.1  3.40  0.13  26.42  21.71  23.94  24.92  78     0   178  5.1
  2  4589 I5   897  4853 I6  1904  1701 I5   412  8017 15832  3.9  3.2  2.76  0.14  25.30  19.98  22.49  23.56  69     5   126  5.3
  3  5812 I5   898  6225 I6  1959  1730 I5   533  9384 16544  3.5  2.8  2.85  0.15  26.98  21.41  24.15  25.29  74     1   183  5.8
  4  6432 I5   847  5959 I6  1812  2127 I5   497 10477 17225  4.6  3.1  3.35  0.16  29.04  24.61  26.53  27.47  74     0   255  6.2
  5  6295 I5  1334  5330 I6  2137  2338 I5   519 11059 17766  5.7  4.2  4.04  0.17  30.01  25.58  27.73  28.47  73     0   293  5.9
  6  6506 I5   675  5209 I6  1534  2552 I5   524 11226 17995  6.5  4.3  4.83  0.16  31.40  26.19  28.82  29.62  73     0   314  3.6
  7  6434 I5   859  5024 I6  1494  2620 I5   470 11093 17787  6.7  3.8  4.82  0.18  32.50  27.14  29.63  30.41  71     0   356  3.7
  8  6509 I5   528  5427 I6  1361  2448 I5   547 10618 17232  5.1  3.3  4.67  0.19  32.69  27.09  29.74  30.86  70     0   358  3.9
  9  5459 I5   890  4217 I6  1484  2437 I5   392  9710 16563  6.6  3.9  4.78  0.23  31.46  26.04  28.69  29.68  74     0   313  3.6
 10  4255 I5  1003  3061 I6  1626  2275 I5   425  8421 15880  6.1  4.3  4.55  0.27  28.93  24.67  26.62  27.35  78     0   263  4.7
 11  3496 I5   896  2853 I6  1819  1844 I5   332  7134 15270  6.0  4.6  3.40  0.30  25.23  21.54  23.30  23.93  77     0   152  5.5
 12  3339 I5   680  3116 I6  1643  1681 I5   356  6466 14969  4.7  3.2  3.12  0.29  25.16  20.34  22.48  23.52  78     0   137  5.4
 13  5218 I5  1302  4582 I6  1163  2105 I5   391  9205 16523  5.4  3.7  3.88  0.20  28.76  23.86  26.18  27.09  74     7  2928  4.9
 1992
  1  3412 I5   818  3043 I6  1590  1726 I5   294  6844 15211  5.7  4.1  3.00  0.32  23.35  18.32  20.64  21.58  79     8    85  4.9
  2  4119 I5   988  3074 I6  1710  2182 I5   405  8029 15832  5.8  4.1  2.78  0.33  24.64  20.07  22.20  23.19  78     2   118  5.0
  3  5308 I5  1170  4041 I6  1838  2455 I5   544  9415 16564  4.7  3.4  2.71  0.32  25.50  20.42  22.84  23.77  73     0   144  5.3
  4  5967 I5  1090  4123 I6  1583  2831 I5   464 10496 17240  6.2  4.2  3.23  0.30  26.42  21.93  24.05  24.93  72     0   175  5.8
  5  7098 I5   593  5933 I6  1533  2605 I5   626 11066 17766  3.4  2.0  2.95  0.30  28.44  22.36  25.48  26.60  67     0   219  4.5
  6  5719 I5  1506  3425 I6  1946  3050 I5   590 11226 17995  6.7  5.3  5.18  0.28  31.12  25.99  28.59  29.32  77     0   307  4.4
  7  6734 I5   647  5061 I6  1777  2858 I5   701 11087 17776  4.8  3.2  4.30  0.28  31.73  27.09  29.46  30.17  72     0   343  5.2
  8  6162 I5   685  4599 I6  1352  2708 I5   484 10602 17217  6.2  3.7  4.78  0.23  32.03  26.88  29.42  30.26  72     0   345  4.5
  9  5262 I5   956  3912 I6  1353  2491 I5   364  9683 16546  7.1  4.2  4.90  0.23  30.92  25.82  28.37  29.13  76     0   301  4.2
 10  4880 I5   680  4509 I6  1645  2019 I5   477  8388 15860  4.3  2.7  3.80  0.22  28.76  23.98  26.30  27.34  74     0   249  4.9
 11  3697 I5   783  3413 I6  1834  1763 I5   401  7108 15256  5.6  4.0  4.01  0.22  27.45  23.46  25.28  25.92  78     0   214  5.8
 12  3528 I5   778  4188 I6  1859  1371 I5   294  6462 14970  3.6  3.0  2.73  0.18  25.07  20.08  22.44  23.61  75     1   133  5.0
 13  5157 I5  1252  4110 I6   844  2338 I5   525  9200 16519  5.3  3.7  3.70  0.27  27.95  23.03  25.42  26.32  74    11  2634  5.0
 1993
  1  3679 I5   856  3999 I6  1801  1516 I5   311  6867 15225  4.9  3.5  3.42  0.18  25.94  21.11  23.29  24.20  78     0   161  5.5
  2  4673 I5   695  4777 I6  1600  1763 I5   428  8043 15845  4.2  3.1  2.58  0.18  23.89  18.79  21.27  22.22  72     3    88  5.5
  3  5211 I5  1396  4589 I6  2322  2077 I5   330  9409 16558  5.0  3.7  2.80  0.19  24.93  19.28  22.04  23.09  75     7   124  5.2
  4  6389 I5  1054  5674 I6  1997  2240 I5   532 10494 17241  4.5  3.0  2.54  0.19  26.30  20.53  23.54  24.60  69     0   153  5.8
  5  6342 I5  1266  4928 I6  2065  2623 I5   445 11067 17771  5.1  3.7  3.41  0.20  28.31  23.85  26.03  26.77  72     0   240  5.2
  6  6865 I5   477  5803 I6  1320  2502 I5   516 11227 17996  5.2  3.4  4.22  0.19  31.01  26.47  28.74  29.52  73     0   312  3.9
  7  6732 I5   524  5556 I6  1089  2539 I5   422 11088 17778  5.2  3.0  4.44  0.20  32.45  27.18  29.68  30.50  70     0   356  3.8
  8  6328 I5   927  5458 I6  1952  2326 I5   660 10604 17219  5.0  3.1  4.47  0.17  32.38  26.81  29.56  30.61  70     0   349  4.0
  9  5355 I5  1219  4683 I6  2150  2082 I5   453  9688 16544  6.1  4.0  4.88  0.17  31.29  26.43  28.91  29.64  74     0   316  4.6
 10  4301 I5  1070  3739 I6  2061  1931 I5   409  8395 15856  6.0  4.5  4.72  0.17  29.97  24.62  27.16  28.26  80     0   278  4.1
 11  3768 I5   881  3687 I6  1601  1687 I5   270  7114 15254  4.1  2.9  3.54  0.17  27.12  22.84  24.76  25.60  79     0   200  5.3
 12  3654 I5   758  4576 I6  2115  1316 I5   397  6463 14968  4.0  3.0  2.80  0.14  24.23  18.63  21.17  22.17  75     6   103  5.4
 13  5275 I5  1240  4789 I6   733  2050 I5   420  9205 16521  4.9  3.4  3.65  0.18  28.15  23.04  25.51  26.43  74    17  2679  4.9
 1994
  1  3427 I5  1143  3662 I6  2324  1448 I5   252  6860 15219  5.3  4.4  2.94  0.15  23.68  18.74  21.06  22.01  80     6    95  5.7
  2  4251 I5  1257  4443 I6  2464  1599 I5   379  8031 15839  4.8  4.2  3.15  0.15  26.01  21.13  23.25  24.22  81     3   149  5.3
  3  5615 I5  1193  5786 I6  2357  1777 I5   532  9397 16549  4.0  2.7  2.93  0.16  26.56  20.54  23.54  24.72  74     0   162  5.1
  4  6452 I5   871  5900 I6  1782  2211 I5   528 10486 17231  4.5  2.9  3.35  0.16  28.61  23.65  26.04  27.02  74     0   234  5.1
  5  6699 I5   756  5932 I6  1695  2265 I5   520 11063 17770  5.6  3.3  3.85  0.17  30.08  24.72  27.45  28.33  72     0   281  4.2
  6  6432 I5   822  5141 I6  1764  2510 I5   548 11227 17996  6.3  4.3  4.67  0.17  32.05  27.08  29.41  30.18  73     0   337  4.2
  7  6281 I5   882  4915 I6  1693  2616 I5   515 11090 17780  6.2  3.8  4.52  0.18  31.50  26.83  29.11  29.75  72     0   336  5.0
  8  5519 I5  1390  4096 I6  2263  2456 I5   506 10610 17227  6.5  4.6  4.67  0.15  31.23  26.07  28.72  29.44  75     0   320  4.0
  9  4607 I5  1533  3330 I6  2300  2255 I5   359  9699 16555  7.2  5.5  4.86  0.15  30.43  25.77  28.13  28.79  78     0   293  3.9
 10  4724 I5   817  4473 I6  1644  1917 I5   395  8408 15865  4.5  3.4  4.01  0.15  29.57  24.35  26.86  27.92  77     0   268  3.8
 11  3751 I5   813  3770 I6  1740  1642 I5   350  7123 15260  4.6  3.8  3.44  0.16  27.68  23.33  25.36  26.22  80     0   215  5.2
 12  3354 I5   747  3802 I6  1679  1392 I5   271  6464 14969  4.7  4.1  3.01  0.13  25.34  20.85  23.02  24.02  78     0   148  5.1
 13  5093 I5  1235  4604 I6   923  2007 I5   431  9205 16522  5.3  3.9  3.78  0.16  28.56  23.59  25.99  26.88  76     9  2838  4.7
 1995
  1  3685 I5   887  4107 I6  2017  1479 I5   337  6852 15215  5.1  3.9  2.53  0.13  23.35  17.72  20.51  21.62  75    10    78  5.0
  2  4622 I5  1041  5145 I6  1988  1571 I5   368  8019 15832  3.7  2.7  2.37  0.14  23.87  17.45  20.49  21.89  76    15    80  4.2
  3  5392 I5  1181  5146 I6  2137  1921 I5   436  9385 16544  4.1  3.4  2.71  0.15  26.18  20.35  23.11  24.27  75     0   153  5.1
  4  5830 I5  1620  5151 I6  2904  2151 I5   575 10478 17225  4.7  3.8  3.16  0.16  28.19  23.28  25.70  26.64  73     0   222  5.4
  5  6829 I5   791  6280 I6  1786  2203 I5   551 11059 17766  4.0  3.0  3.67  0.17  30.90  26.20  28.36  29.15  73     0   317  4.9
  6  5872 I5  1452  4476 I6  2551  2562 I5   547 11226 17994  5.9  5.0  4.67  0.16  31.02  25.74  28.40  29.13  77     0   302  5.1
  7  5737 I5  1361  3992 I6  2226  2744 I5   513 11093 17786  6.1  4.7  4.85  0.18  31.90  26.54  29.22  29.95  74     0   338  4.5
  8  6052 I5  1351  5342 I6  2411  2165 I5   547 10617 17232  5.4  3.8  4.88  0.14  32.36  26.73  29.54  30.65  74     0   348  4.0
  9  5284 I5  1119  4271 I6  1899  2216 I5   469  9709 16562  6.0  4.5  5.14  0.15  31.79  26.19  28.99  29.94  76     0   320  4.0
 10  4045 I5  1140  3310 I6  2168  1944 I5   424  8420 15879  6.0  5.2  5.27  0.15  29.97  25.42  27.55  28.29  83     0   290  5.2
 11  4055 J5   819  4627 J6  2042  1499 J5   428  7133 15268  3.6  3.0  3.17  0.16  26.15  21.74  23.78  24.55  75     0   168  5.4
 12  3047 I5  1073  3391 I6  2526  1343 I5   355  6466 14969  4.8  4.3  2.87  0.13  23.08  18.07  20.54  21.52  80    23    93  5.0
 13  5038 I5  1134  4603 I6   860  1983 I5   442  9205 16523  5.0  3.9  3.77  0.15  28.23  22.95  25.52  26.47  76    48  2708  4.8
 1996
  1  3963 J5   837  5075 J6  2119  1270 J5   333  6845 15211  3.5  3.3  2.60  0.13  23.17  17.30  20.07  21.37  77    21    81  5.2
  2  5159 I5   824  6487 I6  1845  1321 I5   398  8031 15832  1.5  1.4  2.11  0.14  23.37  15.75  19.58  21.24  75    36    71  4.8
  3  5406 J7  1364  5344 J7  2408  1823 J7   432  9416 16564  4.2  3.9  2.61  0.15  23.61  18.38  20.97  21.86  75    18   101  4.0
  4  6422 J7   965  6037 J8  1858  2086 J7   501 10497 17240  4.0  3.0  2.83  0.16  26.63  21.87  24.13  24.95  74     0   178  3.6
  5  6354 J8  1142  5494 J8  1965  2344 J8   488 11066 17766  4.1  3.5  3.98  0.16  29.18  24.65  26.96  27.70  76     0   266  3.3
  6  6514 J8  1256  5902 J8  2372  2232 J8   622 11226 17995  4.1  3.2  4.68  0.16  30.50  25.60  28.07  28.79  76     0   292  2.5
  7  7354 J8   416  7272 J8  1390  1960 J8   581 11086 17776  1.7  1.2  4.45  0.18  31.57  27.15  29.30  29.92  76     0   342  3.2
  8  6877 J8   884  7216 J8  2046  1711 J8   585 10601 17216  2.2  1.6  4.65  0.14  31.27  26.21  28.71  29.60  77     0   323  2.7
  9  6009 J8   623  6326 J8  1337  1767 J8   413  9682 16545  2.8  1.9  4.51  0.15  31.10  26.13  28.66  29.52  75     0   309  2.4
 10  4465 J8   753  4215 J8  1422  1826 J8   313  8387 15860  4.2  3.8  4.38  0.15  28.08  23.85  26.03  26.70  80     0   237  4.0
 11  3733 J8   954  4241 J8  1934  1412 J8   301  7107 15256  3.8  3.5  3.15  0.16  26.47  21.92  24.00  24.79  74     0   176  4.7
 12  3443 J8   940  4436 J8  2045  1205 J8   271  6462 14970  3.4  2.9  2.85  0.12  25.09  19.88  22.29  23.43  76     7   136  3.4
 13  5475 J7  1318  5670 J8  1062  1746 J7   379  9201 16519  3.3  2.8  3.57  0.15  27.50  22.39  24.90  25.82  76    82  2510  3.6
 1997
  1  3975 J8   941  5288 J8  2352  1159 J8   331  6868 15225  2.9  2.8  2.76  0.13  24.13  18.94  21.49  22.57  76    16   115  3.5
  2  4687 J7  1045  5544 J7  2227  1432 J7   414  8045 15846  2.8  2.5  3.13  0.14  26.20  21.70  23.70  24.65  80     1   159  3.5
  3  5697 J6   995  5854 J7  1733  1808 J6   364  9410 16560  2.9  2.7  3.12  0.15  27.60  22.70  25.15  26.11  75     0   211  3.5
  4  6077 J6  1165  5529 J7  2245  2108 J6   575 10495 17244  4.1  3.6  3.63  0.16  27.52  22.92  25.26  26.10  75     0   207  3.6
  5  6543 J6   793  5715 J7  1487  2380 J6   499 11067 17771  3.5  2.8  3.93  0.17  30.15  25.23  27.66  28.48  75     0   290  3.0
  6  6739 J6  1160  6154 J7  2194  2226 J6   597 11227 17997  3.4  2.8  4.48  0.16  30.68  26.24  28.53  29.16  75     0   304  3.0
  7  6742 J6   835  6259 J7  1717  2197 J6   526 11088 17777  2.9  2.2  4.74  0.18  31.56  26.23  29.03  29.75  73     0   328  2.3
  8  6567 J6   782  6560 J7  1685  1855 J6   521 10603 17216  3.2  2.4  4.69  0.14  31.76  26.60  29.23  30.06  71     0   336  2.3
  9  5620 J5   718  5459 J7  1310  1890 J5   330  9687 16542  3.9  2.9  5.17  0.15  30.13  25.26  27.71  28.55  78     0   281  2.5
 10  4903 J6   882  5378 J7  1854  1598 J6   414  8394 15856  3.2  2.7  3.66  0.15  28.19  23.79  25.92  26.79  74     0   237  3.4
 11  3846 J7   813  4335 J8  1714  1461 J7   248  7113 15254  4.2  3.5  3.80  0.16  26.23  21.94  23.90  24.63  78     0   173  3.6
 12  3268 J6  1021  3948 J7  2454  1267 J6   319  6463 14968  4.3  3.9  3.16  0.13  23.70  19.13  21.47  22.33  79     9   105  4.2
 13  5389 J6  1228  5502 J7   746  1782 J6   401  9205 16521  3.4  2.9  3.86  0.15  28.15  23.39  25.75  26.60  76    27  2746  3.2
 1998
  1  3697 K4  1038  4184 K6  2317  1483 K4   409  6860 15220  4.5  3.8  3.04  0.13  23.66  19.10  21.34  22.30  80     7   102  4.7
  2  4380 K4  1279  4349 K6  2426  1748 K4   455  8033 15840  4.5  4.3  2.54  0.14  23.93  18.86  21.45  22.29  78     5    91  5.3
  3  5919 K4  1203  6058 K6  1976  1844 K4   352  9398 16549  3.1  2.9  2.54  0.15  23.80  18.94  21.36  22.19  74    13   107  5.8
  4  7116 K4   576  7217 K6  1369  1863 K4   457 10487 17231  2.4  2.2  2.44  0.16  26.71  22.52  24.45  25.32  73     0   188  5.5
  5  6974 K4  1201  6343 K6  2330  2157 K4   654 11063 17770  2.7  1.9  3.22  0.17  29.01  23.95  26.53  27.44  77     0   253  3.6
  6  7226 K4   673  6842 K6  1630  2093 K4   545 11227 17996  2.8  2.3  4.14  0.16  31.93  27.10  29.40  30.20  73     0   336  3.3
  7  6611 K4  1405  5847 K6  2130  2149 K4   411 11090 17780  3.3  2.6  4.57  0.18  32.06  27.51  29.60  30.28  74     0   355  3.8
  8  6421 K4  1246  6104 K6  2117  1948 K4   473 10610 17227  3.6  2.8  4.87  0.14  31.87  26.74  29.39  30.25  75     0   340  3.4
  9  5208 K4  1484  4453 K6  2404  2091 K4   539  9697 16554  4.6  3.4  4.99  0.15  30.72  26.53  28.68  29.36  79     0   309  5.2
 10  4880 K4   848  4833 K6  1642  1885 K4   328  8406 15864  3.2  2.6  3.82  0.15  29.41  24.87  26.95  27.92  76     0   273  4.8
 11  4074 K4   851  4538 K6  1582  1576 K4   299  7122 15259  2.9  2.5  2.99  0.16  27.30  22.86  24.92  25.79  78     0   202  4.7
 12  3640 K4   677  4391 K6  1580  1432 K4   238  6464 14969  3.2  2.9  2.84  0.13  25.91  21.70  23.72  24.57  81     0   170  4.7
 13  5512 K4  1365  5430 K6  1085  1856 K4   253  9205 16521  3.4  2.8  3.50  0.15  28.03  23.39  25.65  26.49  76    25  2726  4.6
 1999
  1  3793 K4  1035  4481 K6  1982  1453 K4   351  6853 15215  3.4  3.2  2.45  0.13  24.72  19.77  22.08  23.06  78     9   130  5.4
  2  4887 K4  1031  5466 K6  2032  1644 K4   311  8020 15835  2.4  2.2  2.12  0.14  24.51  19.34  22.00  23.03  74     6   106  4.4
  3  6019 K4   950  6142 K6  1559  1954 K4   353  9387 16545  1.8  1.5  1.96  0.15  25.13  19.19  22.29  23.36  75     1   120  4.6
  4  6809 K4  1006  6550 K6  1573  2091 K4   377 10479 17226  2.7  1.9  2.71  0.16  28.17  23.34  25.67  26.61  79     0   223  4.6
  5  7054 K4   822  6458 K6  1427  2244 K4   390 11060 17767  2.7  2.1  3.13  0.17  29.49  24.14  26.93  27.82  77     0   263  3.6
  6  5885 K4  1474  4354 K6  2242  2540 K4   487 11226 17994  4.5  3.6  4.73  0.16  30.43  25.94  28.16  28.76  79     0   296  3.5
  7  6342 K4  1302  5342 K6  1903  2376 K4   372 11093 17785  4.0  3.4  4.21  0.18  31.17  26.69  28.81  29.51  77     0   329  4.0
  8  5511 K4  1690  4635 K6  2441  2190 K4   450 10616 17231  4.6  4.0  4.82  0.14  31.32  26.35  29.03  29.80  75     0   326  3.3
  9  5217 K4  1250  4473 K6  2098  2126 K4   365  9707 16562  5.2  4.4  4.69  0.15  31.09  26.00  28.60  29.52  77     0   306  4.3
 10  4129 K4  1506  3888 K6  2464  1755 K4   418  8418 15877  4.2  3.5  4.12  0.15  28.55  24.38  26.52  27.23  78     0   252  5.0
 11  4135 K4   628  4522 K6  1571  1613 K4   338  7131 15266  2.9  2.5  2.71  0.16  25.76  21.74  23.51  24.26  77     0   163  5.6
 12  3627 K4   632  4268 K6  1636  1465 K4   313  6466 14969  3.9  3.5  2.47  0.13  24.68  19.69  21.89  23.07  79     3   122  4.3
 13  5284 K4  1180  5048 K6   916  1954 K4   363  9205 16523  3.5  3.0  3.34  0.15  27.92  23.05  25.46  26.33  77    18  2635  4.4
 2000
  1  4127 K4   651  5195 K6  1612  1407 K4   309  6846 15211  2.7  2.4  2.34  0.13  24.11  18.30  21.14  22.35  78     7    96  4.6
  2  4791 K4  1193  5388 K6  2200  1605 K4   365  8032 15836  2.9  2.7  2.40  0.14  24.06  18.93  21.33  22.42  79     7    99  4.5
  3  5927 K4   705  5799 K6  1452  2059 K4   407  9418 16564  3.3  2.6  2.86  0.15  27.21  21.24  24.18  25.39  74     0   183  4.2
  4  6708 K4   968  6252 K6  1651  2167 K4   369 10498 17242  3.0  2.5  2.57  0.16  27.21  21.38  24.38  25.47  71     0   179  4.8
  5  7179 K4   645  6625 K6  1268  2230 K4   425 11067 17767  2.6  2.3  3.24  0.16  29.64  24.53  26.94  27.83  72     0   271  4.3
  6  6704 K4  1151  5812 K6  1944  2275 K4   425 11226 17995  4.1  3.2  4.43  0.16  30.86  26.29  28.46  29.11  76     0   307  4.2
  7  6698 K4  1127  5775 K6  1917  2308 K4   441 11086 17775  3.6  3.0  4.55  0.18  31.97  26.90  29.30  30.08  75     0   344  3.0
  8  5920 K4  1217  5016 K6  1958  2231 K4   424 10600 17216  4.2  3.4  4.61  0.14  31.09  25.95  28.57  29.45  77     0   316  4.0
  9  5652 K4  1040  5265 K6  1900  1993 K4   454  9680 16545  4.2  3.1  4.96  0.15  31.29  26.38  28.74  29.70  79     0   315  3.9
 10  4714 K4  1136  4895 K6  2125  1713 K4   427  8385 15860  2.6  2.3  3.45  0.15  27.82  23.33  25.36  26.30  76     0   225  4.8
 11  4074 K4   826  4477 K6  1657  1578 K4   261  7106 15256  3.4  3.2  2.99  0.16  25.92  21.26  23.40  24.30  77     0   158  4.9
 12  3246 K4   959  3468 K6  2214  1478 K4   345  6462 14970  5.1  4.7  2.96  0.12  22.99  18.86  20.72  21.38  81    14    95  5.4
 13  5478 K4  1267  5331 K6   836  1920 K4   340  9201 16520  3.5  3.0  3.45  0.15  27.85  22.78  25.21  26.15  76    29  2588  4.4
 2001
  1  4122 K4   678  5179 K6  1530  1413 K4   282  6869 15226  2.8  2.5  2.07  0.13  21.11  15.16  17.96  19.17  78    49    43  4.6
  2  4727 K4   951  5033 K6  2014  1757 K4   370  8046 15848  3.5  3.2  2.94  0.14  26.04  21.51  23.49  24.48  83     0   153  4.9
  3  6150 K4   505  6286 K6  1129  1937 K4   375  9412 16561  2.8  2.4  2.67  0.15  26.15  20.41  23.32  24.45  79     2   155  4.5
  4  6501 K4  1312  6103 K6  2164  2129 K4   437 10496 17245  3.6  2.7  2.84  0.16  27.39  22.48  24.75  25.73  72     0   198  5.4
  5  6229 K4  1632  5004 K6  2546  2478 K4   500 11068 17771  4.7  3.9  3.60  0.17  28.00  23.11  25.49  26.27  75     0   224  4.4
  6  7023 K4   656  6322 K6  1326  2299 K4   403 11228 17997  3.7  3.1  4.35  0.16  30.98  26.45  28.72  29.43  73     0   312  4.0
  7  5999 K4  1661  4779 K6  2330  2356 K4   457 11087 17777  4.7  3.6  4.61  0.18  30.98  26.14  28.56  29.20  75     0   317  3.8
  8  6002 K4  1375  5308 K6  2195  2122 K4   446 10602 17215  4.5  3.6  4.72  0.14  31.50  26.78  29.17  30.05  75     0   335  3.7
  9  4573 K4  1630  3669 K6  2494  2077 K4   352  9685 16541  5.3  4.2  4.87  0.15  29.99  25.40  27.72  28.42  79     0   281  3.8
 10  4465 K4  1159  4031 K6  2015  1948 K4   390  8392 15856  5.2  4.4  4.34  0.15  28.27  24.08  26.15  26.88  79     0   243  5.2
 11  4224 K4   601  4780 K6  1384  1588 K4   333  7112 15254  3.8  3.4  2.94  0.16  25.61  21.55  23.40  24.23  78     0   157  5.4
 12  3602 K4   858  4422 K6  1726  1360 K4   243  6463 14968  4.3  3.7  3.07  0.13  25.20  21.00  22.99  23.89  79     1   149  4.4
 13  5301 K4  1127  5076 K6   843  1955 K4   363  9205 16522  4.1  3.4  3.58  0.15  27.60  22.84  25.14  26.02  77    52  2567  4.5
 2002
  1  3933 K4   831  4749 K6  1797  1434 K4   281  6861 15220  3.7  3.4  2.65  0.13  24.14  19.00  21.41  22.35  81    20   121  4.5
  2  4283 K4  1359  4359 K6  2577  1709 K4   439  8034 15840  5.0  4.5  2.99  0.14  23.91  19.03  21.39  22.26  77     6    94  5.0
  3  5674 K4  1550  5684 K6  2456  1847 K4   414  9400 16549  4.2  3.5  2.91  0.15  26.65  21.56  23.92  24.85  79     2   181  5.0
  4  6717 K4  1099  6375 K6  1874  2135 K4   522 10488 17232  3.5  2.9  3.14  0.16  28.44  23.72  25.98  27.02  69     0   233  5.1
  5  6647 K4  1379  5862 K6  2132  2321 K4   409 11064 17770  4.5  4.0  3.60  0.17  29.46  25.15  27.10  27.82  73     0   278  5.2
  6  5655 K4  1551  4000 K6  2130  2640 K4   500 11227 17996  5.9  4.9  4.92  0.16  30.18  25.67  28.02  28.61  81     0   288  4.2
  7  6393 K4  1238  5306 K6  1945  2349 K4   391 11090 17779  4.4  3.6  4.77  0.18  31.33  26.68  29.05  29.66  77     0   331  3.6
  8  6198 K4  1076  5429 K6  1908  2177 K4   434 10609 17225  4.4  3.7  4.87  0.14  31.53  26.74  29.17  29.99  80     0   335  3.6
  9  5014 K4  1271  4034 K6  2201  2247 K4   454  9696 16553  5.9  4.3  5.21  0.15  30.94  26.87  28.94  29.58  82     0   317  5.0
 10  4906 K4   854  5132 K6  1609  1776 K4   356  8405 15861  2.9  2.3  4.27  0.15  30.05  25.85  27.83  28.68  81     0   298  3.8
 11  4078 K4   882  4484 K6  1643  1586 K4   262  7121 15258  3.1  2.8  3.15  0.16  26.04  21.32  23.69  24.43  74     5   166  5.0
 12  3515 K4   854  4109 K6  1968  1447 K4   280  6464 14970  4.0  3.6  2.98  0.13  24.37  19.30  21.86  22.74  79     5   114  4.9
 13  5251 K4  1123  4960 K6   789  1972 K4   392  9205 16521  4.3  3.6  3.79  0.15  28.09  23.41  25.70  26.50  78    38  2755  4.6
 2003
  1  3853 K4   837  4375 K6  1895  1530 K4   308  6854 15216  3.3  3.1  2.18  0.13  20.82  14.41  17.46  18.85  74    51    28  4.8
  2  4926 K4   744  5438 K6  1710  1717 K4   396  8022 15835  2.4  2.2  2.88  0.14  24.75  19.49  22.00  23.16  82     3   109  3.9
  3  5962 K4   641  5806 K6  1532  2026 K4   427  9388 16546  2.9  2.4  3.28  0.15  27.74  22.85  25.33  26.31  81     2   218  3.8
  4  6505 K4  1149  5793 K6  2084  2243 K4   449 10480 17226  3.1  2.8  2.97  0.16  26.81  21.55  24.07  25.09  79     0   176  4.7
  5  6911 K4  1063  6200 K6  1792  2277 K4   467 11060 17768  2.8  2.5  4.07  0.17  29.86  25.71  27.69  28.34  77     0   293  4.3
  6  6225 K4  1360  4998 K6  2377  2468 K4   530 11226 17995  5.0  4.2  4.92  0.16  30.70  26.09  28.52  29.17  77     0   302  4.2
  7  6455 K4  1017  5390 K6  1740  2419 K4   398 11092 17785  3.8  3.3  4.59  0.18  31.54  27.31  29.43  29.99  75     0   344  4.4
  8  6009 K4  1208  5125 K6  1765  2265 K4   371 10615 17231  4.3  3.6  5.05  0.14  32.31  27.61  30.06  30.78  72     0   360  4.0
  9  5358 K4  1045  4602 K6  1761  2200 K4   336  9706 16561  4.3  3.6  5.03  0.15  31.58  27.25  29.44  30.21  75     0   332  3.7
 10  4780 K4   973  4781 K6  1825  1847 K4   390  8417 15871  3.5  3.2  4.00  0.15  30.31  26.12  28.14  28.97  72     0   306  4.2
 11  4074 K4   740  4551 K6  1418  1567 K4   224  7130 15265  3.8  3.6  3.48  0.16  27.90  23.79  25.68  26.36  73     0   225  5.6
 12  3251 K4   956  3491 K6  2059  1472 K4   289  6466 14969  4.8  4.7  2.52  0.13  22.55  17.75  20.14  21.03  77    17    73  5.1
 13  5359 K4  1181  5046 K6   746  2003 K4   361  9205 16522  3.7  3.3  3.75  0.15  28.07  23.33  25.66  26.52  76    73  2768  4.4
 2004
  1  3953 K4   806  4816 K6  1789  1452 K4   268  6847 15211  3.6  3.6  2.55  0.13  23.02  17.43  20.15  21.19  78    13    72  5.0
  2  4891 K4   868  5487 K6  1913  1642 K4   383  8034 15836  3.6  3.5  2.69  0.14  24.37  19.00  21.65  22.52  78     9   106  4.9
  3  5960 K4   777  5812 K6  1519  2104 K4   373  9419 16565  3.0  2.8  2.43  0.15  25.33  20.56  22.73  23.73  73     0   143  5.8
  4  6839 K4   791  6431 K6  1629  2168 K4   464 10499 17242  2.8  2.6  2.83  0.16  26.00  21.30  23.55  24.52  73     0   159  5.3
  5  6948 K4   827  6208 K6  1700  2354 K4   498 11067 17768  3.1  2.9  3.24  0.16  28.07  24.06  25.89  26.56  77     0   240  5.6
  6  6948 K4   664  6171 K6  1436  2299 K4   403 11226 17994  3.4  3.1  4.50  0.16  30.86  26.90  28.86  29.47  77     0   316  4.3
  7  6386 K4  1084  5346 K6  1598  2373 K4   313 11085 17774  3.6  3.3  4.71  0.18  31.35  26.85  28.95  29.62  76     0   334  3.4
  8  6189 K4  1035  5365 K6  1787  2168 K4   387 10599 17216  4.2  3.5  5.08  0.14  31.65  26.77  29.28  30.10  76     0   337  3.7
  9  5348 K4  1325  4947 K6  2078  1976 K4   396  9679 16545  4.4  3.7  4.88  0.15  30.33  26.15  28.30  28.99  83     0   297  5.4
 10  4934 K4   859  5140 K6  1652  1765 K4   356  8384 15860  3.4  3.1  3.94  0.15  29.28  24.99  27.02  27.92  73     0   273  4.6
 11  4072 K4   837  4549 K6  1616  1549 K4   239  7104 15256  3.0  2.9  2.97  0.16  27.39  22.98  25.06  25.84  68     0   206  5.2
 12  3539 K4   818  4049 K6  1757  1463 K4   267  6462 14970  4.4  4.2  2.72  0.12  24.20  18.89  21.49  22.48  72     8   107  5.2
 13  5501 K4  1223  5360 K6   716  1943 K4   351  9201 16520  3.6  3.3  3.55  0.15  27.65  22.99  25.25  26.08  75    29  2591  4.9
 2005
  1  4213 K4   553  5503 K6  1296  1365 K4   239  6870 15226  3.0  2.9  2.46  0.13  23.13  17.90  20.45  21.60  73    19    87  4.8
  2  4678 K4  1013  4988 K6  1933  1700 K4   311  8048 15848  3.0  2.8  2.58  0.14  23.82  18.48  21.01  22.13  72     7    86  4.6
  3  5484 K4  1476  5235 K6  2288  2011 K4   376  9413 16564  3.5  3.1  2.91  0.15  24.69  19.56  22.26  23.18  75     3   121  4.3
  4  6605 K4  1177  6212 K6  1881  2128 K4   401 10497 17245  2.4  2.2  2.68  0.16  26.17  20.90  23.57  24.58  67     0   156  5.2
  5  6655 K4  1329  5649 K6  2013  2465 K4   494 11068 17772  3.3  2.9  3.45  0.17  28.60  23.99  26.35  27.09  71     0   247  4.1
  6  5649 K4  1910  4273 K6  2796  2421 K4   488 11228 17996  5.6  4.5  5.02  0.16  30.27  26.27  28.26  28.74  75     0   298  4.7
  7  6449 K4  1485  5558 K6  2038  2250 K4   399 11087 17777  3.2  2.8  4.82  0.18  31.48  27.30  29.44  30.01  72     0   343  4.8
  8  5875 K4  1443  5076 K6  2068  2187 K4   443 10601 17215  3.8  3.0  5.13  0.14  32.34  27.46  29.94  30.67  70     0   359  4.2
  9  5440 K4  1112  4853 K6  1675  2168 K4   374  9684 16541  3.9  2.9  5.01  0.15  31.01  26.02  28.52  29.43  74     0   306  4.1
 10  4357 K4  1259  4062 K6  2168  1842 K4   330  8391 15854  5.1  4.5  4.39  0.15  28.93  24.92  26.81  27.51  76     0   266  5.8
 11  3910 K4   848  3945 K6  1772  1708 K4   272  7111 15254  3.7  3.2  3.35  0.16  26.58  22.11  24.22  25.14  76     0   181  4.9
 12  3626 K4   814  4360 K6  1979  1397 K4   294  6462 14968  2.8  2.5  2.72  0.13  23.73  17.98  21.17  22.26  75    15    94  4.0
 13  5245 K4  1067  4976 K6   705  1970 K4   368  9205 16522  3.6  3.1  3.71  0.15  27.56  22.74  25.17  26.03  73    45  2543  4.6
 2006
  1  3992 K4   641  4768 K6  1740  1526 K4   356  6862 15220  3.4  2.7  2.48  0.13  23.51  18.40  20.95  21.89  75    13    94  5.0
  2  4639 K4  1306  5013 K6  2307  1668 K4   343  8036 15840  2.9  2.8  2.24  0.14  23.34  17.98  20.44  21.42  71    14    79  4.7
  3  5843 K4   859  5758 K6  1652  2011 K4   409  9401 16550  2.5  2.1  2.39  0.15  25.42  20.23  22.76  23.81  67     1   140  4.8
  4  6879 K4   623  6614 K6  1239  2169 K4   416 10489 17233  2.0  1.5  2.53  0.16  27.14  22.15  24.55  25.66  69     0   189  4.5
  5  6370 K4  1417  5215 K6  2317  2502 K4   564 11064 17770  2.1  1.9  3.46  0.17  28.38  23.49  25.91  26.69  71     0   236  3.6
  6  6214 K4  1749  5287 K6  2345  2282 K4   425 11227 17996  2.7  2.2  4.45  0.16  30.21  25.35  28.06  28.70  72     0   284  3.8
  7  6031 K4  1338  4816 K6  1982  2372 K4   392 11089 17779  3.2  2.9  4.77  0.18  31.00  26.67  28.80  29.30  72     0   326  4.1
  8  5954 K4  1496  5390 K6  2100  2072 K4   411 10608 17223  3.7  2.7  4.87  0.14  31.44  27.00  29.18  29.86  71     0   338  3.8
  9  5205 K4  1254  4682 K6  2177  2090 K4   396  9694 16551  3.0  2.5  4.96  0.15  30.93  26.10  28.63  29.50  72     0   306  3.0
 10  4859 K4   974  4934 K6  1676  1810 K4   366  8403 15861  3.1  2.6  4.12  0.15  29.17  24.91  26.95  27.67  71     0   270  4.8
 11  3529 K4  1184  3568 K6  2239  1575 K4   382  7120 15257  3.7  3.2  3.26  0.16  25.24  20.68  23.00  23.79  73     4   143  4.7
 12  3146 K4  1006  3328 K6  2113  1473 K4   299  6464 14970  4.9  4.7  3.71  0.13  25.30  21.55  23.25  23.94  79     0   158  5.4
 13  5222 K4  1198  4948 K6   877  1963 K4   347  9205 16521  3.1  2.7  3.60  0.15  27.59  22.88  25.21  26.02  72    32  2562  4.3
 2007
  1  3823 K4   769  4325 K6  1848  1537 K4   337  6855 15216  4.2  3.8  3.14  0.13  25.49  21.08  23.18  23.99  74     3   156  5.1
  2  4126 K4  1543  4064 K6  2535  1707 K4   377  8024 15835  4.3  4.1  3.04  0.14  23.71  18.58  21.11  22.04  74    10    89  4.6
  3  5972 K4   644  5875 K6  1354  2077 K4   347  9390 16547  2.3  2.1  2.58  0.15  25.92  21.27  23.44  24.35  67     0   163  5.6
  4  6664 K4  1198  6391 K6  1748  2045 K4   323 10481 17227  2.8  2.0  2.89  0.16  27.18  22.38  24.80  25.71  65     0   194  4.9
  5  6390 K4  1316  5315 K6  2138  2498 K4   456 11061 17768  3.1  2.6  3.57  0.17  28.79  24.27  26.55  27.25  66     0   254  5.1
  6  6247 K4  1571  5151 K6  2088  2403 K4   507 11227 17996  4.0  3.3  4.55  0.16  30.61  26.06  28.39  28.98  71     0   300  3.5
  7  6514 K4  1047  5591 K6  1672  2328 K4   404 11092 17783  2.8  1.9  4.80  0.18  32.76  28.15  30.50  31.16  65     0   376  3.0
  8  6084 K4  1138  5277 K6  1654  2221 K4   344 10614 17230  2.9  2.2  4.79  0.14  33.10  28.59  30.77  31.54  64     0   388  3.8
  9  5198 K4  1128  4483 K6  1883  2111 K4   404  9705 16561  2.8  2.2  4.83  0.15  31.94  26.91  29.42  30.29  68     0   333  3.5
 10  4512 K4  1186  4220 K6  2006  1873 K4   412  8415 15870  4.1  3.3  4.75  0.15  30.56  26.56  28.54  29.28  72     0   317  5.1
 11  3977 K4   934  4263 K6  1921  1619 K4   314  7129 15265  3.1  2.9  2.89  0.16  27.54  23.53  25.28  26.02  65     0   216  5.1
 12  3784 K4   797  4953 K6  1587  1291 K4   282  6466 14969  2.4  2.1  3.12  0.13  26.19  21.36  23.68  24.75  74     0   169  4.4
 13  5274 K4  1157  4992 K6   739  1976 K4   375  9205 16522  3.2  2.7  3.75  0.15  28.65  24.06  26.31  27.11  69    13  2955  4.5
 2008
  1  3660 K4  1036  4150 K6  2077  1507 K4   304  6848 15211  4.1  3.7  2.88  0.13  23.96  18.61  21.18  22.11  73    13   105  5.3
  2  4750 K4  1087  5248 K6  1997  1660 K4   302  8035 15839  2.2  2.1  3.06  0.14  26.22  21.47  23.72  24.62  73     2   162  4.5
  3  5545 K4  1203  5148 K6  2077  2130 K4   429  9421 16566  3.5  2.9  3.06  0.15  26.30  21.29  23.58  24.47  72     1   170  5.1
  4  6734 K4   919  6336 K6  1681  2157 K4   442 10500 17244  3.2  2.3  3.00  0.16  26.96  22.19  24.71  25.62  67     0   187  4.9
  5  7131 K4   693  6471 K6  1294  2314 K4   381 11068 17768  3.0  2.2  3.26  0.16  29.65  25.00  27.32  28.08  68     0   279  4.3
  6  6810 K4   932  5981 K6  1723  2326 K4   440 11226 17993  2.9  2.0  4.31  0.16  31.05  27.18  29.01  29.59  69     0   324  4.2
  7  6218 K4  1526  5189 K6  2268  2309 K4   406 11085 17774  2.2  1.5  4.44  0.18  31.05  27.12  29.02  29.57  71     0   333  3.7
  8  6074 K4  1546  5474 K6  2179  2097 K4   504 10598 17215  3.1  2.3  4.76  0.14  31.67  27.09  29.37  30.11  73     0   343  4.0
  9  4831 K4  1558  4063 K6  2096  2072 K4   444  9678 16544  3.7  2.9  4.72  0.15  29.93  26.07  27.92  28.53  79     0   290  4.8
 10  4508 K4  1133  4216 K6  2068  1851 K4   361  8382 15860  4.1  3.5  3.99  0.15  28.14  23.97  25.87  26.59  77     0   240  4.4
 11  4140 K4   593  4573 K6  1507  1616 K4   303  7103 15254  2.4  2.3  2.53  0.16  24.70  19.93  22.21  23.02  74     1   121  4.4
 12  3627 K4   790  4499 K6  1985  1364 K4   347  6462 14970  3.5  3.1  2.51  0.12  24.37  19.22  21.64  22.74  80     1   108  4.6
 13  5336 K4  1249  5112 K6   840  1950 K4   339  9201 16520  3.1  2.6  3.54  0.15  27.83  23.26  25.46  26.25  73    18  2661  4.5
 2009
  1  3704 K4   986  4214 K6  2209  1520 K4   356  6871 15226  3.3  2.9  2.36  0.13  23.18  17.37  20.21  21.37  74    19    80  4.5
  2  4927 K4   824  5368 K6  1478  1750 K4   299  8049 15848  3.1  2.8  2.09  0.14  22.84  16.90  19.63  20.94  73    15    58  5.0
  3  5521 K4   994  5015 K6  1882  2144 K4   390  9415 16566  4.2  3.4  2.63  0.15  24.99  20.25  22.42  23.32  72     4   137  5.3
  4  6875 K4   598  6541 K6  1335  2141 K4   398 10498 17247  3.0  2.3  2.78  0.16  27.21  22.48  24.90  25.87  71     1   196  5.1
  5  6969 K4   686  6122 K6  1515  2413 K4   494 11069 17772  2.5  1.9  3.53  0.17  29.06  25.03  26.96  27.63  73     0   270  4.3
  6  6333 K4  1299  5149 K6  2016  2484 K4   417 11228 17997  2.5  2.0  4.53  0.16  31.10  25.91  28.65  29.34  73     0   305  3.2
  7  6512 K4  1033  5546 K6  1616  2315 K4   334 11086 17775  1.8  1.5  4.55  0.18  32.59  27.74  30.20  30.85  70     0   367  3.1
  8  6370 K4  1030  5879 K6  1489  2034 K4   306 10600 17213  2.4  1.8  4.85  0.14  32.42  27.91  30.25  30.98  70     0   367  3.7
  9  5191 K4  1065  4469 K6  1713  2188 K4   323  9683 16539  2.7  2.0  5.11  0.15  31.71  26.84  29.39  30.24  73     0   328  3.0
 10  4934 K4   987  5137 K6  1571  1762 K4   276  8389 15854  2.9  2.3  4.12  0.15  30.38  25.72  28.05  28.94  73     0   301  3.9
 11  3557 K4  1046  3404 K6  2193  1672 K4   398  7109 15253  3.6  3.4  3.26  0.16  26.50  22.18  24.32  25.12  74     1   181  4.8
 12  3352 K4   991  3719 K6  2148  1457 K4   354  6462 14968  3.3  2.9  3.23  0.13  24.98  20.70  22.92  23.70  79     5   145  4.6
 13  5354 K4  1301  5047 K6   951  1990 K4   348  9205 16522  3.0  2.4  3.59  0.15  28.08  23.25  25.66  26.53  73    45  2736  4.2
 2010
  1  3559 K4  1093  3949 K6  2268  1483 K4   283  6863 15223  3.4  3.1  2.33  0.13  20.50  15.33  17.93  18.61  74    71    58  4.8
  2  4154 K4  1375  3837 K6  2196  1886 K4   393  8037 15842  3.8  3.7  2.47  0.14  20.55  15.44  18.18  18.94  75    47    37  4.4
  3  5482 K4  1151  5183 K6  2090  2009 K4   389  9403 16550  3.0  2.7  2.21  0.15  22.18  17.33  19.71  20.50  73    21    65  4.5
  4  6008 K4  1688  5361 K6  2544  2190 K4   477 10490 17235  2.9  2.2  2.74  0.16  26.56  22.00  24.22  25.09  72     0   178  4.6
  5  6818 K4  1185  6064 K6  1896  2352 K4   452 11065 17771  2.8  2.5  3.66  0.17  29.65  25.87  27.68  28.28  73     0   292  4.4
  6  6842 K4   924  6334 K6  1678  2056 K4   389 11227 17996  2.0  1.5  4.84  0.16  31.80  27.98  29.81  30.36  72     0   347  4.2
  7  6146 K4  1469  5122 K6  2269  2328 K4   449 11089 17779  2.5  1.8  4.92  0.18  31.08  27.10  29.11  29.63  75     0   334  4.0
  8  5969 K4  1532  5484 K6  2382  1978 K4   539 10607 17222  2.0  1.5  5.31  0.14  31.78  27.27  29.68  30.36  74     0   347  3.3
  9  5358 K4  1440  5177 K6  2305  1744 K4   381  9693 16549  3.0  2.2  4.94  0.15  30.75  26.47  28.64  29.32  78     0   308  4.0
 10  4887 K4  1318  5563 K6  2237  1452 K4   401  8401 15859  2.9  2.3  3.73  0.15  28.38  24.45  26.28  27.06  75     0   251  3.9
 11  4032 K4   949  4717 K6  2100  1406 K4   295  7119 15257  3.0  2.7  2.84  0.16  26.26  21.51  23.58  24.30  75     0   167  4.1
 12  3694 K4   881  4986 K6  2094  1177 K4   333  6464 14970  3.5  3.0  1.82  0.13  19.95  14.55  17.20  18.07  73    50    17  4.5
 13  5246 K4  1170  5148 K6   735  1838 K4   385  9205 16521  2.9  2.4  3.48  0.15  26.62  22.11  24.34  25.04  74   189  2401  4.2
