722024 MIAMI/OPA LOCKA        FL  -5  N25 54  W080 17     3  1013
 1991-2010
 MO AVGLO FL SDGLO AVDIR FL SDDIR AVDIF FL SDDIF AVETR AETRN  TOT  OPQ   H2O   TAU  MAX_T  MIN_T  AVG_T  AVGDT  RH  HTDD  CLDD AVWS
  1  3523 K6   314  4410 K7  1003  1362 K6   175  6645 15101  4.3  3.9  2.52  0.08  23.92  14.60  19.15  21.32  73    40    69  3.9
  2  4221 K6   355  4608 K7   853  1641 K6   146  7856 15770  4.1  3.8  2.52  0.09  24.31  14.93  19.52  21.37  73    31    68  4.0
  3  5191 K6   245  4963 K7   577  2040 K6   130  9289 16548  4.2  3.8  2.59  0.12  26.19  17.12  21.57  23.37  69    14   117  4.5
  4  5967 K6   444  5158 K7   830  2321 K6   173 10452 17290  4.0  3.5  2.77  0.16  28.35  20.13  24.07  25.69  67     0   178  4.5
  5  6177 K6   318  4837 K7   489  2622 K6   137 11092 17873  3.8  3.3  3.45  0.19  30.08  22.24  25.94  27.25  71     2   245  4.1
  6  5715 K6   596  3949 K7   810  2757 K6   252 11285 18121  4.6  3.5  4.58  0.22  31.40  24.06  27.34  28.38  78     2   284  3.4
  7  5898 K6   328  4247 K7   420  2736 K6   184 11132 17895  3.8  2.9  4.64  0.23  32.02  24.74  28.00  29.08  77     0   312  3.2
  8  5481 K6   327  3964 K7   440  2589 K6   210 10593 17294  4.0  3.1  4.84  0.22  32.22  25.04  28.21  29.37  78     1   320  3.1
  9  4753 K6   289  3606 K7   471  2303 K6   184  9606 16565  4.6  3.7  4.84  0.19  31.24  24.44  27.48  28.75  80     2   287  3.3
 10  4195 K6   313  3775 K7   661  1940 K6   112  8245 15816  4.6  3.9  4.00  0.15  29.71  22.85  26.05  27.54  76     0   246  3.8
 11  3586 K6   285  3978 K7   758  1520 K6   110  6916 15158  4.3  3.9  3.05  0.12  26.86  19.09  22.83  24.47  73     3   143  4.0
 12  3200 K6   227  3897 K7   712  1338 K6   123  6243 14838  4.4  4.1  2.71  0.09  24.74  16.03  20.20  22.12  75    29    93  3.8
 13  4826 K6   131  4283 K7   407  2097 K6   122  9113 16523  4.2  3.6  3.54  0.16  28.42  20.44  24.20  25.72  74   125  2361  3.8
 1991
  1  3324 J8   836  3659 J8  2085  1515 J8   352  6639 15097  5.0  4.3  3.03  0.07  22.11  12.58  17.16  19.12  71    91    60  3.4
  2  4085 J8  1141  4387 J8  2706  1626 J8   516  7840 15761  4.1  4.0  2.53  0.08  21.82  12.37  17.08  18.77  75    59    24  4.3
  3  5328 J8   850  5165 J8  2311  2002 J8   715  9268 16533  4.6  3.9  2.51  0.11  25.84  16.15  20.93  22.79  69    29   112  4.7
  4  5943 J8   887  4833 J8  1936  2486 J8   599 10438 17282  5.0  4.0  3.25  0.15  29.07  21.62  25.03  26.66  64     0   210  4.7
  5  5896 J8  1619  4525 J8  2510  2580 J8   548 11085 17866  5.4  4.7  3.79  0.19  30.16  21.64  25.73  26.76  76    13   247  4.7
  6  5947 J8  1223  3926 J8  1716  2983 J8   397 11285 18121  6.6  4.8  4.60  0.21  29.77  22.00  25.35  26.03  88    10   237  3.0
  7  5714 J8  1030  3498 J8  1670  3073 J8   434 11137 17903  6.3  4.8  4.68  0.23  31.65  23.05  27.44  28.63  80    10   290  2.7
  8  6003 J8   747  4139 J8  1322  2899 J8   395 10605 17305  5.2  3.8  4.63  0.26  32.16  23.74  27.69  28.82  80    10   309  3.0
  9  4961 J8   799  3100 J8  1408  2752 J8   404  9625 16578  6.2  4.6  4.74  0.27  31.38  22.27  26.83  28.43  82    14   269  2.8
 10  3962 J8  1133  2777 J8  1847  2202 J8   408  8267 15827  6.2  5.0  4.52  0.26  29.45  22.09  25.56  27.24  83     0   231  3.6
 11  3233 J8  1021  2571 J8  1989  1788 J8   389  6932 15167  5.6  4.7  3.15  0.25  27.98  20.58  24.23  25.72  72     0   178  4.4
 12  2825 J8   737  2312 J8  1605  1644 J8   259  6246 14840  5.2  4.7  2.96  0.25  22.54   9.41  15.67  18.04  89   100    27  3.9
 13  4768 J8  1212  3741 J8   918  2296 J8   572  9114 16523  5.4  4.4  3.70  0.19  27.83  18.96  23.23  24.75  77   336  2194  3.8
 1992
  1  3104 J8   801  2549 J8  1736  1751 J8   368  6631 15091  5.4  4.7  2.77  0.26  24.13  15.06  19.60  21.65  72    29    68  4.1
  2  3697 J8   994  2676 J8  1943  2084 J8   377  7852 15766  5.3  4.7  2.52  0.27  21.61  10.27  16.16  17.90  89    88    19  4.0
  3  4768 J8  1370  3470 J8  2301  2378 J8   558  9301 16550  5.7  5.0  2.50  0.27  24.87  14.71  19.78  21.79  66    25    70  4.3
  4  5057 J8  1570  2959 J8  2206  2845 J8   566 10459 17292  6.2  5.4  2.80  0.30  29.02  21.57  25.09  26.75  65     0   209  4.8
  5  6599 J8   979  4964 J8  1929  2850 J8   619 11094 17877  3.2  2.8  2.58  0.32  30.36  19.80  25.21  26.34  73    22   231  3.7
  6  5662 J8  1445  3029 J8  1922  3322 J8   554 11285 18118  7.3  5.4  5.02  0.33  31.03  24.06  27.20  28.29  77     0   277  3.1
  7  6379 J8  1068  4670 J8  1942  2881 J8   572 11129 17892  4.0  3.2  3.99  0.33  32.10  24.41  27.59  28.70  78     0   308  2.9
  8  5606 J8   894  3233 J8  1383  3157 J8   475 10588 17287  6.2  4.4  4.53  0.31  31.55  23.15  27.10  27.97  82    11   290  2.4
  9  4695 J8  1195  3101 J8  1705  2497 J8   449  9596 16560  6.0  5.0  4.54  0.26  31.02  22.69  26.64  27.72  82    11   267  2.4
 10  4165 J8   934  3321 J8  1826  2098 J8   413  8232 15811  4.9  4.1  3.26  0.21  29.45  22.09  25.56  27.24  72     0   231  2.9
 11  2966 J8  1002  2377 J8  1991  1691 J8   363  6905 15155  6.0  5.5  3.69  0.17  26.39  18.42  22.24  23.97  73     5   127  4.2
 12  3163 J8   788  3531 J8  1947  1432 J8   283  6242 14838  4.4  4.0  2.38  0.14  21.98  11.51  16.59  18.74  67    77    28  2.9
 13  4655 J8  1261  3323 J8   784  2415 J8   612  9109 16520  5.4  4.5  3.38  0.26  27.79  18.98  23.23  24.76  75   267  2123  3.5
 1993
  1  3060 J8   793  2824 J8  1890  1622 J8   321  6655 15108  6.0  5.5  3.08  0.12  21.40  11.67  16.26  18.30  69   103    48  3.6
  2  3951 J8  1124  3781 J8  2227  1760 J8   354  7867 15775  4.8  4.3  2.29  0.12  25.55  16.89  21.00  22.62  75    17    98  3.8
  3  4831 J8  1486  4193 J8  2758  2059 J8   529  9294 16553  5.3  4.7  2.48  0.14  26.36  17.76  22.03  23.58  66     6   122  4.4
  4  5915 J8  1454  5059 J8  2499  2281 J8   476 10456 17292  4.4  3.8  1.96  0.18  28.31  19.72  23.94  25.56  66     0   171  4.6
  5  5879 J8  1659  4378 J8  2481  2626 J8   553 11094 17875  5.1  4.6  3.14  0.22  30.16  23.00  26.36  27.62  71     0   256  4.9
  6  6497 J8  1028  4857 J8  1855  2848 J8   615 11286 18121  5.2  3.6  4.03  0.24  31.38  24.54  27.70  28.81  75     0   289  3.7
  7  6230 J8   877  4190 J8  1862  3069 J8   651 11131 17893  5.1  3.8  4.42  0.25  32.55  24.60  27.86  29.03  78     0   318  3.1
  8  5907 J8  1046  4287 J8  1580  2719 J8   430 10591 17293  5.1  3.9  4.26  0.24  32.36  25.57  28.64  29.81  75     0   330  3.0
  9  5250 J8   868  4003 J8  1477  2429 J8   326  9601 16561  5.3  4.2  4.55  0.20  31.02  24.59  27.44  28.63  80     0   284  3.1
 10  3828 J8  1170  3096 J8  2306  1978 J8   519  8240 15816  5.7  5.0  4.39  0.16  30.85  23.60  26.98  28.53  78     0   276  2.5
 11  3491 J8   927  3815 J8  1967  1490 J8   370  6912 15155  4.8  4.2  3.40  0.12  26.92  19.34  22.95  24.60  69     1   145  3.8
 12  3292 J8   663  4138 J8  1859  1297 J8   334  6242 14836  4.4  3.8  2.50  0.09  26.79  18.95  22.64  24.54  75     4   145  3.9
 13  4844 J8  1258  4052 J8   634  2181 J8   572  9114 16523  5.1  4.3  3.37  0.17  28.64  20.85  24.48  25.97  73   131  2480  3.7
 1994
  1  2800 J8   908  2364 J8  2108  1615 J8   381  6647 15103  6.4  5.8  2.70  0.08  24.68  15.94  20.22  22.13  71    21    83  4.7
  2  3452 J8  1160  3257 J8  2590  1698 J8   449  7854 15771  5.3  5.0  2.90  0.09  26.90  18.52  22.32  23.86  74     5   128  4.0
  3  5154 J8  1264  4990 J8  2357  1892 J8   460  9282 16550  4.3  3.9  2.74  0.11  27.74  19.35  23.49  25.22  70     2   164  4.0
  4  5423 J8  1444  4295 J8  2490  2365 J8   482 10447 17288  5.1  4.6  3.18  0.15  29.05  21.61  25.01  26.64  66     0   210  3.9
  5  6239 J8  1355  5159 J8  2415  2437 J8   521 11090 17870  4.6  3.9  3.63  0.19  30.73  22.69  26.47  27.94  67     0   260  3.8
  6  6094 J8  1131  4012 J8  1687  3015 J8   518 11285 18122  7.1  5.1  4.55  0.22  31.75  24.52  27.66  28.73  80     0   294  3.8
  7  6250 J8   959  4427 J8  1871  2908 J8   596 11133 17897  5.3  3.9  4.34  0.23  31.60  24.40  27.68  28.75  81     0   300  4.2
  8  5629 J8  1010  3835 J8  1925  2798 J8   539 10598 17299  6.1  5.1  4.54  0.22  32.16  25.21  28.14  29.22  79     0   321  3.7
  9  4774 J8  1227  3310 J8  2053  2458 J8   428  9612 16568  6.9  5.5  4.72  0.19  31.27  24.71  27.54  28.78  80     0   290  3.8
 10  4456 J8   762  4159 J8  1566  1950 J8   392  8253 15821  4.6  3.8  3.75  0.15  29.45  22.09  25.56  27.24  72     0   231  3.9
 11  3364 J8  1062  3647 J8  2408  1457 J8   438  6921 15161  4.7  4.4  3.34  0.11  25.87  18.38  22.03  23.54  69    16   129  4.4
 12  3061 J8   836  3555 J8  2250  1300 J8   356  6244 14838  5.0  4.6  2.78  0.08  25.97  20.11  22.86  24.12  74     2   148  3.8
 13  4725 J8  1279  3917 J8   774  2158 J8   585  9114 16524  5.5  4.6  3.60  0.15  28.93  21.46  24.92  26.35  74    46  2557  4.0
 1995
  1  3658 J8   943  4702 J8  2355  1259 J8   348  6640 15097  4.8  4.0  2.30  0.07  25.55  17.84  21.65  23.42  73     7   111  4.0
  2  4276 J8   998  4857 J8  2486  1580 J8   519  7842 15761  3.8  3.6  2.25  0.08  21.72  12.23  16.88  18.66  67    66    28  4.2
  3  5095 J8  1225  4785 J8  2314  1947 J8   439  9269 16533  4.9  4.5  2.52  0.11  26.30  17.11  21.59  23.50  60    27   132  4.9
  4  5747 J8  1535  5084 J8  2782  2188 J8   606 10439 17285  4.7  4.2  2.87  0.15  29.07  21.62  25.03  26.66  64     0   210  4.2
  5  6447 J8  1023  4954 J8  1802  2735 J8   488 11086 17867  4.1  3.5  3.36  0.19  30.16  23.00  26.36  27.62  76     0   256  3.9
  6  5673 J8  1632  3603 J8  2310  2940 J8   570 11285 18121  6.4  5.0  4.45  0.21  32.38  23.47  27.65  28.72  76    12   300  3.8
  7  6358 J8   872  4694 J8  1932  2839 J8   640 11136 17903  5.9  4.2  4.66  0.23  31.54  24.33  27.48  28.59  76     0   298  3.6
  8  5858 J8  1149  4444 J8  1854  2592 J8   547 10604 17302  5.4  4.1  5.08  0.22  32.28  25.14  28.28  29.44  73     0   322  3.3
  9  5378 J8   867  4522 J8  1825  2231 J8   497  9623 16578  5.6  3.9  4.94  0.19  30.85  24.25  27.26  28.15  79    12   289  3.1
 10  3988 J8  1020  3204 J8  1971  2026 J8   387  8265 15825  6.0  5.1  4.98  0.14  29.45  22.09  25.56  27.24  72     0   231  3.8
 11  3657 J8   972  4310 J8  2300  1383 J8   399  6931 15167  4.1  3.8  2.99  0.11  26.39  18.42  22.24  23.97  73     5   127  3.2
 12  3127 J8   861  3879 J8  2130  1236 J8   309  6246 14839  4.6  4.5  2.69  0.08  25.10  16.42  20.40  22.39  79    19    94  4.0
 13  4939 J8  1146  4420 J8   577  2080 J8   617  9114 16523  5.0  4.2  3.59  0.15  28.40  20.49  24.20  25.70  72   148  2397  3.8
 1996
  1  3445 J8   899  4296 J8  2174  1362 J8   331  6632 15094  4.2  3.7  2.49  0.07  24.31  14.68  19.36  21.85  74    26    62  3.1
  2  4794 J8   801  6012 J8  2010  1397 J8   438  7854 15766  2.9  2.7  2.05  0.08  24.69  15.59  20.02  21.90  81    15    68  3.9
  3  4974 J8  1331  4648 J8  2595  2042 J8   587  9302 16552  4.3  4.0  2.49  0.11  23.27  12.63  18.20  19.99  81    53    42  5.3
  4  5914 J8  1100  5198 J8  2106  2308 J8   495 10460 17293  3.9  3.4  2.72  0.15  26.85  19.52  23.05  24.41  70     0   146  4.6
  5  5762 J8  1101  4234 J8  1912  2718 J8   526 11094 17877  5.5  4.4  3.97  0.19  30.35  23.13  26.44  27.72  68     0   261  4.4
  6  5992 J8  1028  3972 J8  1845  3046 J8   594 11285 18118  6.0  4.3  4.69  0.21  31.04  22.19  26.31  27.27  75    12   261  3.4
  7  6062 J8   651  4524 J8  1198  2792 J8   422 11129 17892  3.8  3.2  4.37  0.23  31.84  24.75  28.05  29.18  71     0   309  4.3
  8  5708 J8   758  4252 J8  1974  2708 J8   667 10587 17284  4.7  3.9  4.72  0.21  32.11  25.20  28.19  29.29  76     0   320  3.7
  9  5037 J8   662  3836 J8  1277  2466 J8   396  9594 16560  5.7  4.4  4.57  0.18  30.90  25.02  27.73  28.89  77     0   289  3.5
 10  3656 J8   813  2571 J8  1437  2136 J8   366  8231 15811  6.6  5.6  4.16  0.14  29.02  22.68  25.60  26.90  77     0   233  4.5
 11  3387 J8   768  3298 J8  1778  1663 J8   367  6904 15155  5.6  4.8  2.97  0.10  27.63  20.19  23.69  25.32  74     0   167  5.4
 12  2992 J8   674  3274 J8  1770  1436 J8   277  6242 14838  5.4  5.0  2.75  0.08  25.43  17.49  21.20  22.91  77    12   109  3.9
 13  4810 J8  1148  4176 J8   910  2173 J8   597  9109 16520  4.9  4.1  3.50  0.15  28.12  20.26  23.99  25.47  75   119  2266  4.2
 1997
  1  3189 J8   912  3640 J8  2114  1401 J8   308  6656 15109  4.8  4.5  2.70  0.07  24.09  14.00  18.96  21.53  71    31    53  3.8
  2  3767 J8  1008  3516 J8  2067  1791 J8   404  7868 15775  5.5  5.1  3.13  0.08  21.87  11.59  16.82  18.75  64    72    27  4.6
  3  4777 J8  1031  4050 J8  1895  2184 J8   412  9295 16554  5.2  4.8  3.14  0.11  25.29  14.71  19.99  22.11  67    25    77  4.3
  4  5078 J8  1381  3612 J8  2041  2567 J8   471 10457 17292  6.5  5.8  3.42  0.15  29.97  20.07  24.71  26.61  65     0   201  4.7
  5  5447 J8  1109  3462 J8  1689  2901 J8   414 11095 17876  6.5  5.7  4.05  0.19  28.77  21.03  24.73  26.08  72     0   204  4.2
  6  5855 J8   806  3572 J8  1669  3236 J8   599 11286 18121  6.8  5.0  4.56  0.21  31.60  24.57  27.80  28.84  75     0   293  4.0
  7  5674 J8   782  3571 J8  1377  3069 J8   436 11130 17893  6.4  5.1  4.78  0.23  32.19  25.28  28.47  29.44  78     0   323  3.4
  8  5061 J8  1093  3038 J8  1805  2907 J8   441 10590 17290  6.8  5.7  4.80  0.22  32.10  24.74  27.94  29.21  80     0   313  3.1
  9  4365 J8   906  2548 J8  1418  2677 J8   422  9600 16560  7.3  6.0  5.13  0.19  31.54  24.86  27.65  28.94  81     0   296  3.2
 10  4198 J8   742  3565 J8  1394  2042 J8   384  8239 15812  5.9  4.8  3.52  0.14  30.96  23.56  27.02  28.63  79     0   277  4.2
 11  2972 J8   994  2537 J8  2039  1616 J8   337  6911 15153  6.4  5.9  3.57  0.11  27.73  19.92  23.71  25.50  76     0   165  4.2
 12  2803 J7   880  2981 J8  2354  1404 J7   377  6242 14836  5.4  5.1  2.99  0.08  22.85  10.74  16.56  19.10  65    82    34  4.0
 13  4432 J8  1060  3341 J8   463  2316 J8   662  9114 16523  6.1  5.3  3.82  0.15  28.25  19.59  23.70  25.39  73   210  2261  4.0
 1998
  1  3303 K4   899  3608 K6  2626  1552 K4   517  6648 15103  7.1  6.3  2.93  0.07  25.09  17.01  21.11  22.89  77    13    97  4.8
  2  4082 K4  1391  4328 K6  2943  1647 K4   586  7856 15772  5.6  5.3  2.46  0.08  21.91  12.23  17.07  18.86  69    63    28  5.6
  3  5234 K4  1412  5241 K6  2931  1963 K4   710  9283 16550  5.4  4.8  2.47  0.11  25.17  16.15  20.52  22.28  68    27    99  5.3
  4  6412 K4   971  5704 K6  1790  2421 K4   490 10448 17289  4.5  4.0  2.33  0.15  27.53  20.03  23.65  25.05  70     0   164  5.3
  5  6542 K4  1563  5523 K6  2500  2397 K4   538 11090 17870  3.5  3.0  3.09  0.19  30.35  22.64  26.28  27.56  71     0   253  3.6
  6  6666 K4   872  5486 K6  1522  2563 K4   379 11285 18122  3.3  2.5  4.21  0.21  33.44  25.23  28.95  30.25  75     0   330  3.2
  7  6371 K4  1132  5038 K6  1738  2571 K4   379 11133 17895  3.7  2.5  4.65  0.23  32.81  25.38  28.60  29.78  83     0   334  3.1
  8  5897 K4  1116  4678 K6  1679  2466 K4   418 10597 17299  3.5  2.6  4.78  0.22  32.48  25.58  28.59  29.80  80     0   332  2.9
  9  4544 K4  1502  3445 K6  2100  2221 K4   446  9611 16567  4.6  3.5  4.78  0.19  31.20  24.79  27.75  28.99  84     0   290  3.8
 10  4406 K4  1092  4303 K6  1925  1891 K4   341  8251 15819  3.9  3.0  3.70  0.14  29.74  23.38  26.23  27.63  77     0   255  3.9
 11  3800 K4   943  4521 K6  2006  1486 K4   370  6920 15160  3.5  3.0  2.88  0.11  27.04  20.13  23.36  24.88  85     0   158  3.2
 12  3470 K4   720  4551 K6  1956  1325 K4   331  6244 14838  3.4  3.2  2.69  0.08  25.79  18.26  21.79  23.59  82     8   123  3.6
 13  5061 K4  1276  4702 K6   728  2042 K4   455  9114 16524  4.3  3.6  3.41  0.15  28.55  20.90  24.49  25.96  77   112  2463  4.0
 1999
  1  3577 K4   952  4688 K6  2198  1340 K4   367  6641 15098  3.5  3.3  2.34  0.07  24.73  16.27  20.44  22.42  78    23    90  4.1
  2  4723 K4  1028  5817 K6  2319  1468 K4   455  7843 15762  2.7  2.7  2.07  0.08  25.33  15.19  20.07  22.26  68    14    68  3.5
  3  5663 K4   996  5957 K6  2046  1946 K4   543  9271 16535  2.5  2.3  1.88  0.11  26.03  15.46  20.82  23.01  63     5    80  4.0
  4  6523 K4  1223  6282 K6  1998  2039 K4   417 10440 17285  2.2  2.0  2.69  0.15  29.97  20.07  24.71  26.61  65     0   201  3.8
  5  6194 K4  1394  5104 K6  1905  2437 K4   379 11086 17867  2.2  1.9  3.05  0.19  30.13  21.06  25.35  26.86  67     0   225  3.4
  6  4668 K4  1397  2729 K6  1662  2621 K4   406 11285 18122  3.7  2.8  4.62  0.21  30.00  23.27  26.05  26.95  79     0   249  2.7
  7  6084 K4  1049  4532 K6  1632  2763 K4   311 11136 17903  2.5  1.9  4.19  0.23  31.87  24.94  28.16  29.29  70     0   312  3.2
  8  5154 K4  1461  3731 K6  1830  2423 K4   363 10603 17302  2.8  2.1  4.84  0.22  32.38  24.73  27.85  29.02  78     0   317  2.6
  9  4400 K4  1430  3242 K6  2124  2216 K4   444  9622 16578  4.3  3.4  4.54  0.19  31.13  24.12  27.31  28.67  78     0   279  3.2
 10  4026 K4  1281  3605 K6  2333  1891 K4   441  8264 15824  4.8  4.2  3.83  0.14  29.07  22.88  25.76  27.02  77     0   237  4.5
 11  3776 K4   755  4445 K6  1776  1506 K4   386  6930 15166  3.8  3.6  2.53  0.11  26.44  19.40  22.77  24.27  72     0   138  4.4
 12  3195 K4   911  3982 K6  2481  1293 K4   382  6245 14839  4.8  4.6  2.39  0.08  24.78  16.60  20.34  22.33  78    19    93  3.0
 13  4832 K4  1100  4510 K6  1121  1995 K4   510  9114 16523  3.3  2.9  3.25  0.15  28.49  20.33  24.14  25.73  73    62  2289  3.5
 2000
  1  3939 K4   756  5588 K6  1986  1187 K4   379  6633 15094  2.7  2.6  2.04  0.07  24.31  14.68  19.36  21.85  72    26    62  3.6
  2  4391 K4  1214  5135 K6  2553  1557 K4   541  7855 15768  3.7  3.6  2.12  0.08  24.69  15.59  20.02  21.90  72    15    68  3.6
  3  5409 K4  1010  5330 K6  2056  2075 K4   482  9304 16553  3.6  3.5  2.55  0.11  27.48  19.05  23.09  24.82  72     0   153  3.8
  4  6188 K4  1518  5570 K6  2372  2227 K4   508 10461 17294  3.5  3.3  2.42  0.15  27.91  19.00  23.32  24.99  71     0   154  4.4
  5  6501 K4   938  5307 K6  1652  2605 K4   435 11095 17878  3.0  2.9  3.04  0.19  30.16  22.52  26.11  27.50  70     0   248  3.9
  6  6044 K4  1014  4438 K6  1435  2765 K4   324 11285 18119  3.5  2.8  4.35  0.21  31.03  24.06  27.20  28.29  80     0   277  3.4
  7  5465 K4  1107  3693 K6  1503  2734 K4   333 11128 17890  4.1  3.1  4.90  0.23  32.10  24.41  27.59  28.70  79     0   308  2.6
  8  5483 K4  1081  4111 K6  1451  2493 K4   266 10586 17284  3.3  2.6  4.69  0.21  31.61  24.51  27.73  28.88  78     0   302  3.3
  9  4963 K4  1177  4093 K6  1867  2205 K4   341  9593 16559  4.0  3.1  5.03  0.18  31.50  24.70  27.67  29.06  79     0   293  2.9
 10  4183 K4  1140  3983 K6  2004  1854 K4   408  8229 15810  4.1  3.8  3.33  0.14  28.63  21.65  24.90  26.44  71     0   211  4.1
 11  3853 K4   939  4618 K6  1956  1457 K4   306  6903 15154  3.8  3.5  2.70  0.10  27.19  18.01  22.54  24.44  74     3   131  3.6
 12  3102 K4   897  3642 K6  2095  1368 K4   316  6242 14837  5.0  4.8  2.57  0.08  24.10  16.45  20.15  21.79  77    31    91  4.3
 13  4960 K4  1063  4626 K6   731  2044 K4   554  9109 16520  3.7  3.3  3.31  0.15  28.39  20.39  24.14  25.72  75    75  2297  3.6
 2001
  1  3955 K4   781  5662 K6  1976  1121 K4   407  6657 15110  3.1  2.9  1.88  0.07  22.68  11.35  16.89  19.49  72    75    35  3.8
  2  4644 K4   833  5374 K6  1951  1676 K4   463  7870 15781  3.3  3.2  2.63  0.08  27.15  18.97  22.92  24.70  74     0   133  4.0
  3  5278 K4  1289  5332 K6  2550  1967 K4   578  9297 16554  3.3  3.0  2.61  0.11  27.81  18.15  22.81  24.76  74     3   148  4.5
  4  5898 K4  1443  5164 K6  2518  2299 K4   593 10458 17293  3.5  3.3  2.69  0.15  28.14  20.43  24.17  25.71  69     0   179  4.7
  5  5941 K4  1828  4620 K6  2597  2537 K4   454 11095 17878  4.4  3.6  3.43  0.19  29.07  21.60  25.24  26.54  73     0   217  4.3
  6  5861 K4  1338  4402 K6  1839  2511 K4   365 11286 18121  3.2  2.0  4.36  0.21  31.81  24.25  27.54  28.72  79     0   291  3.3
  7  5595 K4  1595  4115 K6  2073  2567 K4   313 11130 17892  2.8  1.6  4.81  0.23  31.77  24.52  27.83  28.96  80     0   304  3.7
  8  5251 K4  1497  3727 K6  1957  2493 K4   360 10589 17290  3.2  2.0  4.93  0.22  32.52  25.71  28.73  29.94  79     0   334  3.3
  9  4333 K4  1512  3248 K6  2251  2201 K4   396  9598 16560  4.2  3.4  4.82  0.19  30.88  24.43  27.12  28.35  83     0   280  3.3
 10  3882 K4  1261  3182 K6  1976  1925 K4   286  8237 15811  5.5  4.6  4.02  0.14  28.98  23.08  25.89  27.04  80     0   239  4.6
 11  3743 K4   760  4253 K6  1773  1565 K4   307  6910 15153  4.0  3.8  2.79  0.11  26.40  18.87  22.50  24.07  74     0   129  4.3
 12  3274 K4   762  4075 K6  1957  1376 K4   339  6242 14836  3.7  3.5  2.79  0.08  25.69  18.77  22.01  23.74  75     8   129  4.0
 13  4805 K4   951  4430 K6   826  2020 K4   496  9114 16523  3.7  3.1  3.48  0.15  28.57  20.85  24.47  26.00  76    87  2417  4.0
 2002
  1  3814 K4   827  5222 K6  1976  1271 K4   385  6649 15103  2.9  2.7  2.64  0.07  24.94  15.69  20.11  22.39  77    35    97  3.7
  2  4042 K4  1154  4215 K6  2587  1712 K4   499  7857 15772  5.1  4.8  3.01  0.08  24.75  16.12  20.43  22.13  73    10    69  3.9
  3  5214 K4  1470  5094 K6  2311  2030 K4   389  9285 16550  3.8  3.7  2.95  0.11  27.39  19.39  23.31  24.87  72     3   160  4.5
  4  6458 K4  1216  5969 K6  2062  2217 K4   450 10450 17290  2.5  2.4  3.18  0.15  29.07  21.62  25.03  26.66  66     0   210  4.2
  5  6381 K4  1127  5067 K6  1884  2665 K4   454 11091 17871  3.8  3.5  3.57  0.19  30.16  23.00  26.36  27.62  71     0   256  4.4
  6  4499 K4  1756  2554 K6  1968  2599 K4   450 11286 18121  6.4  5.0  4.95  0.21  30.04  23.51  26.52  27.42  81     0   253  3.2
  7  5547 K4  1184  3943 K6  1652  2640 K4   350 11133 17893  4.2  3.5  4.91  0.23  31.42  24.65  27.60  28.55  78     0   301  2.7
  8  5455 K4  1222  3938 K6  1691  2538 K4   273 10596 17299  3.9  3.3  4.83  0.22  31.97  24.67  28.03  29.31  78     0   310  3.0
  9  4866 K4  1206  3872 K6  1932  2300 K4   398  9609 16566  4.7  4.0  5.18  0.19  31.20  25.07  27.82  29.04  81     0   294  3.4
 10  4640 K4   814  4787 K6  1536  1849 K4   375  8250 15819  3.0  2.9  4.28  0.14  30.65  23.45  26.88  28.52  78     0   270  3.0
 11  3706 K4   941  4248 K6  2153  1491 K4   382  6919 15159  3.8  3.5  3.18  0.11  26.84  17.90  22.25  24.03  76     6   127  3.5
 12  3240 K4   751  3864 K6  2047  1401 K4   349  6244 14838  4.4  4.2  2.92  0.08  25.16  16.23  20.65  22.66  79    19    92  4.2
 13  4822 K4  1031  4398 K6   888  2059 K4   509  9114 16523  4.0  3.6  3.80  0.15  28.63  20.94  24.58  26.10  76    74  2440  3.6
 2003
  1  3745 K4  1006  5372 K6  2555  1134 K4   407  6642 15099  3.5  3.2  2.08  0.07  22.07  11.19  16.41  19.09  75    74    22  3.7
  2  4505 K4   841  5073 K6  2156  1682 K4   554  7845 15764  3.0  2.9  2.89  0.08  26.84  17.11  21.82  24.07  81     2   104  3.6
  3  5413 K4   969  5190 K6  1851  2095 K4   391  9272 16536  4.0  3.8  3.36  0.11  29.50  20.97  24.98  26.80  81     3   217  3.6
  4  5774 K4  1578  4820 K6  2237  2372 K4   472 10441 17286  4.2  4.0  3.03  0.15  27.73  19.70  23.69  25.15  72     2   163  4.1
  5  6117 K4  1392  4725 K6  1950  2628 K4   363 11087 17868  3.7  3.3  4.05  0.19  31.04  23.63  26.92  28.19  80     0   279  3.5
  6  5165 K4  1300  3272 K6  1584  2742 K4   326 11285 18122  5.6  4.6  4.92  0.21  31.37  24.39  27.45  28.36  80     0   286  3.2
  7  5864 K4  1270  4345 K6  1729  2631 K4   329 11135 17902  3.8  3.2  4.55  0.23  32.23  25.58  28.57  29.59  75     0   328  3.5
  8  5018 K4  1324  3632 K6  1629  2391 K4   287 10602 17302  4.7  3.8  5.08  0.22  31.68  24.97  27.86  28.93  80     0   310  3.1
  9  4602 K4  1213  3586 K6  1714  2223 K4   374  9620 16575  4.7  3.9  4.98  0.19  31.40  24.63  27.61  28.92  82     0   291  2.9
 10  4640 K4   958  4670 K6  1972  1840 K4   430  8262 15824  3.7  3.4  3.94  0.14  30.33  23.32  26.55  28.15  78     0   263  3.7
 11  3660 K4   887  4200 K6  1834  1527 K4   287  6929 15164  4.7  4.4  3.37  0.11  27.53  20.43  23.91  25.32  73     3   172  4.2
 12  3100 K4   974  3879 K6  2233  1300 K4   339  6245 14839  4.9  4.7  2.37  0.08  23.44  14.26  18.98  20.92  73    36    53  4.1
 13  4800 K4   945  4397 K6   688  2047 K4   544  9114 16523  4.2  3.8  3.72  0.15  28.76  20.85  24.56  26.13  77   121  2488  3.6
 2004
  1  3694 K4   881  5138 K6  2218  1235 K4   400  6634 15094  3.8  3.6  2.46  0.07  23.86  13.78  18.58  21.05  75    29    45  3.5
  2  4122 K4  1034  4360 K6  2170  1692 K4   451  7857 15770  3.8  3.6  2.64  0.08  25.65  16.05  20.71  22.61  75    19    93  4.0
  3  5329 K4  1134  5217 K6  2329  2071 K4   543  9306 16554  4.6  4.3  2.35  0.11  26.13  18.48  22.13  23.72  68     2   125  5.2
  4  6235 K4  1254  5509 K6  2259  2324 K4   582 10462 17296  4.0  3.7  2.68  0.15  27.31  18.53  22.91  24.62  68     1   138  4.6
  5  6625 K4  1044  5468 K6  1714  2647 K4   346 11095 17878  3.6  3.5  3.15  0.19  29.18  22.68  25.78  27.00  68     0   236  4.9
  6  6390 K4  1080  5147 K6  1435  2516 K4   306 11285 18121  3.3  2.8  4.53  0.21  32.27  25.13  28.33  29.46  73     0   311  3.3
  7  6153 K4  1172  4731 K6  1515  2634 K4   260 11128 17890  3.8  3.2  4.70  0.23  32.13  24.74  28.05  29.18  76     0   313  2.7
  8  5001 K4  1097  3445 K6  1520  2514 K4   374 10585 17284  5.0  4.0  5.20  0.21  32.36  24.95  28.07  29.33  79     0   320  2.8
  9  4496 K4  1555  3384 K6  2257  2168 K4   431  9591 16559  4.8  4.3  4.96  0.18  30.36  24.26  26.85  27.99  82     0   269  5.1
 10  4544 K4   766  4314 K6  1615  1960 K4   380  8228 15810  4.2  3.9  3.73  0.14  29.55  22.48  25.73  27.30  74     0   238  3.7
 11  3805 K4   834  4518 K6  1812  1476 K4   300  6902 15152  3.8  3.5  2.87  0.10  27.33  19.47  23.27  24.95  72     0   152  3.9
 12  3316 K4   776  4104 K6  2051  1331 K4   361  6241 14837  4.6  4.4  2.66  0.08  24.42  15.63  19.92  21.89  73    28    80  4.0
 13  4976 K4  1157  4611 K6   724  2047 K4   510  9109 16520  4.1  3.7  3.49  0.15  28.38  20.51  24.19  25.76  74    79  2320  4.0
 2005
  1  3779 K4   888  5336 K6  2174  1180 K4   364  6658 15110  4.4  4.3  2.44  0.07  24.13  15.06  19.60  21.63  77    29    68  4.2
  2  4205 K4  1165  4668 K6  2553  1658 K4   475  7871 15782  4.1  3.9  2.62  0.08  24.61  15.17  19.76  21.81  79    17    60  3.7
  3  5347 K4  1559  5355 K6  2683  1899 K4   635  9299 16555  4.1  3.8  2.79  0.11  25.91  16.94  21.28  23.10  74    12   108  4.0
  4  6318 K4  1411  5907 K6  2341  2145 K4   577 10459 17293  2.9  2.6  2.44  0.15  27.23  17.77  22.49  24.30  67     0   125  4.5
  5  6231 K4  1334  4941 K6  2145  2600 K4   409 11096 17879  3.7  3.3  3.46  0.19  29.77  21.72  25.44  26.88  74     0   230  3.8
  6  4629 K4  1707  2774 K6  2116  2571 K4   506 11286 18121  6.5  5.2  4.96  0.21  30.43  23.73  26.75  27.68  84     0   263  3.4
  7  6091 K4  1322  4563 K6  1779  2657 K4   375 11129 17892  3.8  3.3  4.86  0.23  32.45  25.80  28.91  29.97  76     0   335  3.7
  8  5610 K4  1262  4372 K6  1613  2450 K4   358 10588 17290  3.7  3.0  5.16  0.22  32.77  26.00  29.05  30.21  78     0   343  3.1
  9  4974 K4  1303  4139 K6  2199  2199 K4   481  9597 16556  4.2  3.7  4.94  0.19  31.73  24.87  27.97  29.36  80     0   299  3.6
 10  3979 K4  1235  3571 K6  2205  1898 K4   385  8235 15809  5.2  4.5  4.35  0.14  29.80  23.46  26.51  27.74  76     0   257  3.9
 11  3714 K4   971  4291 K6  2141  1523 K4   372  6909 15152  4.2  4.1  3.19  0.11  26.98  19.96  23.35  24.82  76     2   156  4.0
 12  3442 K4   851  4517 K6  2360  1251 K4   422  6242 14837  3.8  3.6  2.64  0.08  24.52  15.48  19.84  21.98  73    18    70  3.4
 13  4860 K4  1048  4536 K6   834  2003 K4   520  9114 16523  4.2  3.8  3.65  0.15  28.36  20.50  24.24  25.79  76    78  2314  3.8
 2006
  1  3762 K4   577  4939 K6  1985  1410 K4   490  6650 15105  4.0  3.6  2.35  0.07  24.46  15.69  20.18  22.13  70    24    78  4.5
  2  4519 K4  1235  5470 K6  2587  1440 K4   473  7859 15773  3.2  3.1  2.20  0.08  23.99  14.32  19.18  21.14  68    30    54  3.3
  3  5508 K4   930  5667 K6  1918  2006 K4   487  9286 16551  2.7  2.4  2.28  0.11  26.30  16.27  21.33  23.45  63     6    98  4.2
  4  6527 K4   890  6086 K6  1785  2237 K4   515 10451 17290  2.6  2.3  2.70  0.15  29.31  20.11  24.52  26.40  64     0   191  4.2
  5  6159 K4  1657  5006 K6  2418  2444 K4   469 11092 17871  1.6  1.4  3.42  0.19  30.61  21.26  25.67  27.23  67     0   236  3.2
  6  5654 K4  1591  4209 K6  2047  2578 K4   419 11286 18121  2.3  2.0  4.52  0.21  31.33  24.50  27.56  28.62  73     0   288  3.5
  7  5532 K4  1661  3844 K6  2198  2560 K4   368 11132 17893  2.2  1.7  4.77  0.23  31.41  24.76  27.68  28.66  74     0   302  3.2
  8  5439 K4  1275  4176 K6  1705  2438 K4   331 10595 17298  2.2  1.8  4.89  0.22  32.10  25.03  28.12  29.23  73     0   317  3.2
  9  4748 K4  1257  3988 K6  1891  2072 K4   348  9608 16566  2.7  2.3  4.81  0.19  31.52  24.25  27.35  28.77  74     0   287  2.6
 10  4642 K4   911  4715 K6  1678  1812 K4   312  8248 15819  2.8  2.4  3.79  0.14  29.86  22.43  25.99  27.60  67     0   242  3.7
 11  3453 K4   966  3570 K6  2195  1604 K4   406  6918 15158  3.8  3.5  2.98  0.11  25.87  18.37  22.02  23.54  69    16   129  4.1
 12  3000 K4   891  3381 K6  2215  1410 K4   343  6244 14838  5.5  5.1  3.58  0.08  25.97  20.11  22.86  24.12  74     2   148  4.6
 13  4912 K4  1091  4588 K6   864  2001 K4   457  9114 16523  3.0  2.6  3.52  0.15  28.56  20.59  24.37  25.91  70    78  2370  3.7
 2007
  1  3505 K4   911  4379 K6  2314  1402 K4   450  6643 15101  3.8  3.5  2.93  0.07  25.93  17.89  21.80  23.60  71    10   121  4.0
  2  4123 K4  1380  4575 K6  2836  1554 K4   522  7846 15765  3.8  3.6  2.85  0.08  24.70  15.46  19.94  21.79  70    24    73  3.9
  3  5348 K4  1151  5121 K6  2171  2122 K4   432  9274 16538  4.0  3.6  2.57  0.11  26.54  18.84  22.54  24.07  63     1   136  5.2
  4  6227 K4  1289  5650 K6  2018  2218 K4   488 10442 17286  2.9  2.6  2.77  0.15  28.02  19.04  23.44  25.08  63     1   157  4.4
  5  6089 K4  1013  4514 K6  1669  2801 K4   414 11087 17868  3.4  3.0  3.41  0.19  29.28  21.81  25.30  26.56  68     0   224  5.2
  6  5567 K4  1596  4043 K6  2108  2538 K4   330 11285 18122  2.9  2.3  4.54  0.21  31.13  23.40  26.85  27.94  78     0   268  3.4
  7  5706 K4  1149  4377 K6  1530  2474 K4   309 11135 17902  1.9  1.4  4.86  0.23  32.44  24.95  28.12  29.22  75     0   321  2.4
  8  5687 K4  1235  4548 K6  1575  2418 K4   304 10602 17302  1.8  1.4  4.60  0.22  32.69  25.82  28.92  30.18  71     0   339  3.1
  9  4935 K4  1513  4146 K6  2157  2104 K4   360  9619 16574  2.0  1.5  4.83  0.19  32.03  24.44  27.94  29.49  75     0   297  3.1
 10  3908 K4  1107  3317 K6  1766  1922 K4   297  8261 15824  4.1  3.3  4.73  0.14  29.94  24.71  26.98  28.04  78     0   279  4.6
 11  3943 K4   802  4835 K6  1938  1431 K4   381  6928 15164  3.5  3.3  3.06  0.11  26.92  19.34  22.95  24.60  69     1   145  3.9
 12  3463 K4   686  4521 K6  1919  1328 K4   313  6245 14839  3.3  3.1  3.13  0.08  26.79  18.95  22.64  24.53  75     4   145  3.6
 13  4875 K4  1027  4502 K6   571  2026 K4   499  9114 16524  3.1  2.7  3.69  0.15  28.87  21.22  24.79  26.26  71    40  2503  3.9
 2008
  1  3546 K4   929  4402 K6  2182  1381 K4   367  6635 15095  4.4  3.8  2.83  0.07  24.68  15.94  20.22  22.13  71    21    83  4.1
  2  4143 K4  1135  4470 K6  2176  1648 K4   362  7858 15770  3.7  3.5  2.91  0.08  26.80  18.30  22.18  23.76  74     5   128  4.1
  3  4972 K4  1213  4414 K6  2068  2199 K4   413  9307 16554  4.1  3.6  2.92  0.11  26.82  18.83  22.64  24.17  70     3   142  4.7
  4  5922 K4  1207  4972 K6  1889  2414 K4   395 10463 17298  3.6  3.1  2.83  0.15  27.70  20.03  23.72  25.22  67     2   168  4.5
  5  6534 K4   934  5443 K6  1567  2610 K4   427 11096 17878  2.3  2.1  3.40  0.19  30.74  22.61  26.44  27.88  68     0   259  4.6
  6  5603 K4  1347  4038 K6  1700  2568 K4   354 11285 18121  1.9  1.5  4.38  0.21  31.26  24.62  27.60  28.59  75     0   288  3.5
  7  5769 K4  1284  4241 K6  1573  2643 K4   263 11127 17890  2.0  1.6  4.64  0.23  31.54  24.33  27.48  28.59  76     0   298  2.9
  8  5045 K4  1467  3644 K6  1874  2372 K4   402 10584 17284  2.4  1.9  5.02  0.21  32.11  25.20  28.19  29.29  76     0   320  3.5
  9  4655 K4  1400  3511 K6  2070  2261 K4   240  9590 16558  3.1  2.4  4.74  0.18  31.08  25.32  27.88  29.05  76     0   296  4.4
 10  4022 K4  1274  3758 K6  2160  1807 K4   364  8226 15808  3.4  2.8  3.96  0.14  28.50  22.21  25.11  26.34  75     2   220  4.2
 11  3864 K4   877  4964 K6  2005  1369 K4   375  6901 15152  2.9  2.8  2.60  0.10  25.74  16.69  21.02  22.90  71     4    91  3.9
 12  3271 K4   899  4129 K6  2119  1319 K4   316  6241 14837  4.5  4.0  2.55  0.08  25.06  17.19  20.98  22.82  74     7    94  3.9
 13  4779 K4  1035  4332 K6   579  2049 K4   514  9109 16520  3.2  2.8  3.57  0.15  28.50  20.94  24.46  25.89  73    45  2386  4.0
 2009
  1  3812 K4   776  5272 K6  2112  1269 K4   411  6659 15110  2.6  2.3  2.23  0.07  23.90  13.95  18.83  21.38  70    32    50  3.8
  2  4661 K4   879  5442 K6  2128  1596 K4   502  7873 15782  3.9  3.8  2.08  0.08  24.07  14.52  19.26  21.25  64    27    54  4.4
  3  5196 K4   975  4862 K6  1934  2130 K4   480  9300 16555  4.5  4.0  2.49  0.11  25.81  17.68  21.53  23.12  67    11   116  4.7
  4  6315 K4  1018  5809 K6  2031  2244 K4   584 10460 17293  3.5  2.9  2.60  0.15  28.98  20.98  24.79  26.27  64     1   201  4.8
  5  5851 K4  1311  4593 K6  1762  2554 K4   318 11096 17880  2.4  2.0  3.60  0.19  30.08  22.72  26.03  27.22  73     0   250  3.8
  6  5636 K4  1164  3995 K6  1565  2619 K4   303 11286 18122  2.1  1.6  4.69  0.21  32.23  24.31  27.58  28.73  76     0   298  3.1
  7  5366 K4  1395  3834 K6  1819  2554 K4   388 11129 17891  1.6  1.2  4.80  0.23  32.59  24.74  28.31  29.44  75     0   320  2.3
  8  5664 K4  1044  4285 K6  1540  2567 K4   384 10587 17289  2.2  1.8  4.86  0.22  32.47  25.70  28.87  30.06  75     0   333  2.9
  9  4499 K4  1028  3342 K6  1482  2252 K4   330  9596 16555  2.2  1.9  5.21  0.19  31.54  24.86  27.65  28.94  81     0   296  2.2
 10  4664 K4   673  4590 K6  1268  1917 K4   301  8234 15809  3.0  2.7  4.19  0.14  31.02  23.58  27.05  28.69  78     0   278  3.1
 11  3826 K4   874  4375 K6  2065  1527 K4   347  6907 15150  3.1  2.9  2.97  0.11  27.59  19.57  23.27  24.95  75     3   160  3.5
 12  3101 K4   961  3752 K6  2327  1331 K4   334  6242 14836  3.5  3.3  3.22  0.08  25.73  17.73  21.66  23.33  79    15   120  3.7
 13  4883 K4   962  4513 K6   739  2047 K4   505  9114 16523  2.9  2.5  3.58  0.15  28.83  20.86  24.57  26.11  73    89  2479  3.5
 2010
  1  3446 K4  1143  4564 K6  2939  1232 K4   520  6651 15105  3.0  2.8  2.14  0.07  21.40  11.67  16.26  18.30  69   103    48  4.2
  2  4233 K4  1380  4753 K6  2850  1548 K4   498  7860 15774  3.3  3.1  2.17  0.08  21.63  12.06  16.79  18.55  69    69    28  4.1
  3  4988 K4  1658  5181 K6  2969  1785 K4   545  9288 16551  3.2  2.7  2.15  0.11  23.25  13.70  18.49  20.26  69    36    41  4.4
  4  5476 K4  1879  4670 K6  2927  2218 K4   538 10452 17290  4.1  3.5  2.74  0.15  26.85  19.52  23.05  24.41  71     0   146  4.4
  5  6106 K4  1383  4757 K6  2220  2671 K4   444 11092 17871  3.4  3.0  3.75  0.19  30.42  23.29  26.57  27.84  75     0   264  3.8
  6  6206 K4   970  4915 K6  1358  2550 K4   225 11286 18121  2.4  2.0  4.77  0.21  32.81  25.53  28.81  29.96  75     0   325  3.4
  7  5740 K4  1511  4108 K6  2043  2654 K4   308 11132 17893  2.5  1.9  4.91  0.23  32.19  25.28  28.47  29.44  78     0   323  3.4
  8  5149 K4  1407  3756 K6  1915  2447 K4   372 10594 17295  2.1  1.6  5.34  0.22  32.45  25.11  28.19  29.38  80     0   324  2.4
  9  4584 K4  1427  3697 K6  1921  2139 K4   356  9606 16565  3.1  2.5  4.87  0.19  31.27  24.71  27.54  28.78  80     0   290  3.5
 10  4115 K4  1172  4024 K6  2110  1807 K4   382  8246 15819  3.8  3.3  3.54  0.14  29.45  22.09  25.56  27.24  72     0   231  3.3
 11  3499 K4  1141  4165 K6  2374  1352 K4   254  6917 15157  3.8  3.6  2.84  0.11  26.39  18.42  22.24  23.97  73     5   127  3.1
 12  3755 K4   822  5872 K6  2167   969 K4   317  6243 14838  2.7  2.5  1.69  0.08  22.71  10.27  16.24  18.91  63    86    29  3.8
 13  4775 K4   983  4539 K6   629  1948 K4   586  9114 16523  3.1  2.7  3.41  0.15  27.57  19.30  23.19  24.75  73   299  2173  3.7
