700637 DEADHORSE              AK  -9  N70 12  W148 29    23  1010
 1991-2010
 MO AVGLO FL SDGLO AVDIR FL SDDIR AVDIF FL SDDIF AVETR AETRN  TOT  OPQ   H2O   TAU  MAX_T  MIN_T  AVG_T  AVGDT  RH  HTDD  CLDD AVWS
  1     8 J7     2   142 J8    74     6 J7     1    33  1752  6.0  5.1  0.32  0.05 -22.84 -29.70 -26.36 -11.45  79  1383     0  5.7
  2   343 J7    34  1115 J8   379   221 J7    16   879  9923  5.9  4.9  0.34  0.06 -23.56 -30.32 -26.85 -26.59  79  1280     0  5.6
  3  1645 J7   168  3485 J8   985   788 J7    83  3251 16103  5.1  3.9  0.33  0.08 -22.51 -29.84 -26.01 -25.24  77  1380     0  5.5
  4  3026 J7   317  4037 J7   995  1539 J7   120  6630 22103  6.9  5.9  0.53  0.09 -11.93 -19.96 -15.64 -15.04  81  1028     0  5.1
  5  3226 J7   426  2844 J7   996  1967 J7   100  9961 29808  8.4  7.8  0.85  0.09  -2.18  -7.37  -4.54  -4.45  86   716     0  5.9
  6  4600 J7   474  4533 J7  1083  2417 J7   155 11765 31777  7.7  6.9  1.34  0.09   7.55   1.02   4.27   4.27  83   421     0  5.7
  7  4451 J7   335  4794 J7   857  2225 J7   101 10767 31366  7.6  6.5  1.70  0.08  12.22   4.29   8.18   8.19  81   313     0  5.3
  8  2423 J7   366  2127 J8   938  1559 J7   104  7674 24006  8.7  8.2  1.52  0.06   9.65   3.03   6.22   6.66  85   372     0  4.9
  9  1206 J7   144  1281 J8   496   844 J7    57  4268 17830  8.8  8.4  1.03  0.05   3.73  -1.20   1.16   1.74  87   512     0  5.2
 10   418 J7    38   659 J8   242   321 J7    23  1505 11943  8.7  8.1  0.65  0.03  -5.70 -11.19  -8.15  -7.83  85   830     0  5.4
 11    40 J7     6   278 J8   151    30 J7     3   141  4029  7.4  6.7  0.46  0.03 -14.17 -20.81 -17.36 -12.20  81  1074     0  5.4
 12     0 I0     0     0 I0     0     0 I0     0     0     0  6.6  5.6  0.36  0.04 -19.85 -26.39 -23.06   0.00  78  1285     0  5.6
 13  1782 J7   109  2108 J8   389   993 J7    35  4739 16720  7.3  6.5  0.79  0.06  -7.47 -14.04 -10.68  -6.83  82 10593     0  5.4
 1991
  1     5 J6     8    33 J7    97     4 J6     8    32  1717  7.3  5.7  0.33  0.04 -22.22 -29.37 -25.98  -8.05  80  1368     0  6.4
  2   351 J5   240  1134 J7  1161   222 J5   121   860  9849  5.8  4.0  0.37  0.05 -27.87 -34.10 -30.89 -30.65  79  1381     0  5.6
  3  1574 J5   788  3154 J7  2760   768 J5   290  3206 16015  5.7  4.5  0.28  0.07 -23.79 -31.64 -27.69 -26.93  74  1427     0  5.4
  4  2796 J5  1143  3994 J6  3367  1375 J5   480  6577 22008  6.2  5.7  0.45  0.08 -12.15 -19.68 -16.12 -15.52  84  1027     0  4.5
  5  2394 J5  1147  1062 J6  1663  1913 J5   534  9918 29720  9.6  9.1  0.88  0.08   0.11  -3.59  -1.61  -1.52  93   622     0  6.1
  6  4320 J5  2238  4331 J6  4987  2271 J5   610 11758 31778  7.6  7.1  1.30  0.08   7.10   0.64   4.07   4.07  81   434     0  6.1
  7  4089 J5  1927  3795 J6  3695  2221 J5   572 10802 31424  8.2  7.3  1.31  0.07   9.82   2.32   5.94   5.95  81   380     0  4.8
  8  2459 J5  1222  2328 J6  2783  1506 J5   427  7726 24118  8.3  7.7  1.25  0.08   7.35   0.41   3.51   3.99  84   448     0  5.4
  9  1092 J5   901  1259 J7  2212   700 J5   236  4316 17911  8.9  8.5  1.03  0.10   2.08  -1.33   0.21   0.60  91   539     0  6.2
 10   411 J5   363   708 J7  1239   286 J5   162  1537 12037  7.4  7.1  0.57  0.11  -4.68 -12.02  -8.02  -7.20  87   827     0  4.3
 11    36 J6    51   137 J7   296    30 J6    38   149  4150  4.4  4.3  0.38  0.13 -21.32 -28.34 -25.23 -17.26  74  1295     0  5.0
 12     0 I0     0     0 I0     0     0 I0     0     0     0  4.5  3.7  0.27  0.16 -27.39 -32.17 -29.77   0.00  73  1491     0  4.8
 13  1627 J5  1571  1828 J7  1621   941 J5   878  4740 16727  7.0  6.2  0.70  0.09  -9.41 -15.74 -12.63  -7.71  82 11239     0  5.4
 1992
  1     6 J6    12    29 J7    69     5 J6    10    30  1663  6.5  5.7  0.26  0.19 -26.14 -30.93 -28.56 -14.44  77  1453     0  6.4
  2   280 J5   182   410 J7   599   230 J5   135   878  9900  4.9  4.3  0.30  0.22 -28.40 -34.70 -31.81 -31.38  71  1447     0  4.5
  3  1321 J5   540  1418 J7  1277   956 J5   352  3281 16159  6.5  5.4  0.32  0.25 -19.08 -26.49 -22.63 -21.93  77  1275     0  4.2
  4  2542 J5  1161  1820 J6  2185  1806 J5   549  6664 22165  8.0  7.0  0.35  0.27 -12.05 -20.57 -16.37 -15.78  81  1039     0  5.9
  5  3176 J5  1483  2059 J6  2908  2206 J5   443  9989 29864  8.4  7.7  0.65  0.27  -2.07  -8.85  -5.22  -5.06  84   738     0  5.7
  6  3837 J5  1846  2190 J6  2562  2684 J5   699 11769 31772  8.4  7.6  1.30  0.24   7.40   1.23   4.28   4.28  82   420     0  5.3
  7  4538 J5  1744  4399 J6  3417  2348 J5   557 10744 31330  6.6  5.7  1.52  0.21  12.50   4.04   8.32   8.35  78   312     0  5.7
  8  2152 J5  1063  1559 J6  2323  1541 J5   500  7641 23940  8.5  8.0  1.41  0.18  10.00   2.72   6.29   6.88  83   371     0  5.0
  9   931 J5   486   395 J7   846   811 J5   296  4236 17772  9.3  9.0  0.56  0.15  -1.07  -5.43  -3.10  -2.56  84   648     0  5.1
 10   369 J5   227   504 J7   628   295 J5   156  1484 11879  8.2  7.5  0.46  0.12  -7.76 -13.05 -10.22  -9.71  84   891     0  5.9
 11    31 J6    47   100 J7   222    27 J6    38   135  3944  6.4  5.8  0.40  0.11 -15.66 -22.12 -18.91 -14.10  80  1117     0  5.0
 12     0 I0     0     0 I0     0     0 I0     0     0     0  5.3  4.7  0.27  0.10 -22.10 -28.41 -25.24   0.00  75  1351     0  6.3
 13  1599 J5  1614  1240 J7  1289  1076 J5  1002  4738 16699  7.3  6.5  0.65  0.19  -8.70 -15.22 -11.93  -7.95  80 11060     0  5.4
 1993
  1     6 J6    12    41 J7   101     6 J6    11    35  1812  6.6  5.7  0.28  0.11 -20.29 -27.57 -23.79 -14.36  80  1310     0  6.9
  2   274 J5   179   408 J7   532   228 J5   140   889  9970  6.7  6.1  0.41  0.11 -19.43 -27.81 -23.50 -22.92  79  1175     0  5.8
  3  1406 J5   811  2002 J7  2065   874 J5   361  3259 16119  6.8  5.6  0.37  0.12 -18.96 -25.76 -22.10 -21.40  78  1261     0  4.9
  4  2350 J5  1243  2118 J6  2696  1524 J5   525  6639 22118  8.5  7.6  0.52  0.13 -10.36 -17.08 -13.71 -13.16  85   962     0  4.8
  5  2978 J5  1815  2747 J6  4068  1768 J5   502  9969 29823  8.2  7.8  0.94  0.13  -1.39  -5.91  -3.66  -3.55  89   681     0  7.6
  6  4041 J5  1694  2692 J6  2433  2685 J5   654 11767 31778  8.6  7.7  1.35  0.12   7.49   1.13   4.29   4.29  81   421     0  5.5
  7  4321 J5  1821  4362 J6  3661  2166 J5   549 10762 31355  7.2  6.7  1.85  0.10  14.74   6.47  10.33  10.34  81   240     0  5.7
  8  1894 J5   973  1004 J6  1746  1489 J5   350  7666 23985  9.4  8.9  1.29  0.08   9.08   3.09   6.06   6.37  85   380     0  5.1
  9  1249 J5   712  1258 J7  1839   863 J5   274  4260 17811  8.7  8.3  0.78  0.06   4.05  -1.29   1.27   1.89  86   509     0  6.2
 10   379 J5   225   361 J7   556   327 J5   178  1500 11928  9.1  8.2  0.73  0.05  -2.72  -7.46  -4.75  -4.25  88   726     0  6.4
 11    36 J6    55   139 J7   295    30 J6    44   140  4012  7.4  6.8  0.40  0.04 -11.86 -18.89 -15.30  -8.74  83  1011     0  6.1
 12     0 I0     0     0 I0     0     0 I0     0     0     0  7.0  5.7  0.37  0.04 -19.71 -25.11 -22.33   0.00  77  1263     0  7.6
 13  1578 J5  1563  1428 J7  1374   997 J5   920  4740 16726  7.9  7.1  0.77  0.09  -5.78 -12.18  -8.93  -5.46  83  9937     0  6.0
 1994
  1     7 J6    12    81 J7   163     6 J6    10    34  1767  6.1  5.0  0.36  0.05 -21.13 -26.57 -23.88 -10.20  73  1308     0  7.4
  2   334 J5   268  1089 J7  1383   199 J5   125   875  9916  6.4  5.6  0.34  0.07 -22.26 -28.06 -25.14 -25.22  76  1218     0  5.7
  3  1611 J5   670  3016 J7  2326   865 J5   382  3234 16071  5.8  4.1  0.32  0.08 -24.04 -31.14 -27.40 -26.49  74  1424     0  6.5
  4  2644 J5  1161  3133 J6  3697  1491 J5   380  6610 22066  7.1  6.6  0.42  0.09 -13.13 -21.83 -17.42 -16.69  78  1074     0  5.0
  5  2877 J5  1675  2043 J6  3367  1984 J5   519  9945 29774  8.9  8.3  0.80  0.09  -3.06  -7.56  -5.23  -5.16  84   733     0  7.1
  6  4892 J5  1995  5067 J6  4713  2525 J5   586 11763 31778  7.7  6.5  1.16  0.09   5.71  -0.66   2.48   2.48  84   474     0  4.4
  7  5017 J5  1537  5977 J6  3789  2239 J5   592 10781 31387  7.1  5.7  2.03  0.07  14.92   4.22   9.51   9.50  80   272     0  4.4
  8  2836 J5  1210  2408 J6  2739  1845 J5   480  7694 24049  8.5  7.9  1.75  0.06  14.33   5.60   9.67  10.18  81   259     0  5.1
  9  1199 J5   694   912 J7  1769   923 J5   371  4286 17859  9.4  8.6  0.88  0.04   1.63  -2.62  -0.74  -0.57  87   565     0  6.4
 10   396 J5   238   561 J7  1027   311 J5   128  1517 11981  9.2  8.4  0.49  0.03  -8.94 -14.31 -11.31 -11.09  87   929     0  4.3
 11    46 J6    62   323 J7   610    32 J6    45   144  4078  6.9  6.3  0.32  0.03 -19.24 -25.29 -22.34 -15.76  78  1218     0  6.6
 12     0 I0     0     0 I0     0     0 I0     0     0     0  5.8  4.8  0.30  0.03 -21.99 -29.26 -25.70   0.00  74  1363     0  5.3
 13  1822 J5  1831  2051 J7  1960  1035 J5   946  4740 16727  7.4  6.5  0.76  0.06  -8.10 -14.79 -11.46  -7.42  80 10835     0  5.7
 1995
  1    10 J6    18   164 J7   351     6 J6    10    32  1722  6.4  5.4  0.40  0.04 -22.73 -28.49 -25.63 -12.09  84  1362     0  5.4
  2   338 J5   250  1237 J7  1433   196 J5   124   861  9854  5.1  4.4  0.35  0.05 -23.74 -32.41 -27.87 -27.06  84  1299     0  6.0
  3  1454 J5   767  2303 J7  2480   863 J5   315  3209 16019  6.6  5.3  0.32  0.07 -23.08 -30.99 -26.89 -26.01  79  1406     0  6.6
  4  3123 J5  1117  4167 J6  3149  1598 J5   594  6581 22014  6.9  5.8  0.63  0.08  -8.42 -16.29 -12.35 -11.72  80   921     0  5.2
  5  2776 J5  1637  1790 J6  2825  1974 J5   609  9921 29725  9.1  8.4  0.96  0.08   1.02  -3.65  -1.35  -1.28  85   609     0  6.2
  6  4254 J5  2018  3930 J6  4355  2440 J5   506 11758 31778  8.1  7.3  1.34  0.08   8.75   2.51   5.44   5.44  81   381     0  5.6
  7  3926 J5  1811  3290 J6  3402  2327 J5   600 10799 31421  8.4  7.6  1.96  0.07  12.66   5.70   9.14   9.16  82   284     0  4.7
  8  2656 J5  1153  2570 J7  2755  1556 J5   366  7722 24109  8.6  7.9  1.49  0.05   9.07   2.82   5.71   6.16  87   384     0  4.4
  9  1233 J5   568  1448 J7  2313   863 J5   330  4313 17910  8.2  7.8  1.25  0.04   6.50   1.30   3.57   4.25  85   433     0  6.3
 10   408 J5   228   348 J7   601   356 J5   165  1535 12032  9.3  9.0  0.55  0.02  -4.86  -8.93  -6.76  -6.65  82   782     0  7.0
 11    39 J6    55   172 J7   362    32 J6    42   148  4143  7.8  7.2  0.47  0.02 -12.07 -18.88 -15.32 -10.93  79  1014     0  4.8
 12     0 I0     0     0 I0     0     0 I0     0     0     0  6.6  5.9  0.33  0.02 -21.37 -26.40 -23.89   0.00  75  1309     0  6.8
 13  1685 J5  1592  1785 J7  1487  1018 J5   928  4740 16727  7.6  6.8  0.84  0.05  -6.52 -12.81  -9.68  -5.89  82 10184     0  5.8
 1996
  1     8 J6    17   144 J7   358     5 J6    10    30  1668  5.8  4.9  0.30  0.04 -19.97 -27.60 -23.49  -8.49  78  1305     0  5.0
  2   301 J5   212   702 J7   717   231 J5   153   880  9911  6.8  5.8  0.25  0.05 -22.20 -30.37 -26.11 -25.63  77  1294     0  6.2
  3  1702 J5   700  3705 J7  2636   789 J5   422  3285 16166  5.0  3.8  0.38  0.07 -15.51 -24.47 -20.13 -19.50  76  1188     0  5.4
  4  2973 J5  1091  3709 J6  3214  1648 J5   487  6668 22168  7.1  5.7  0.38  0.08 -12.96 -22.25 -17.41 -16.64  75  1078     0  4.3
  5  3616 J5  1904  3601 J6  3981  1996 J5   472  9992 29874  7.9  7.1  0.80  0.08   1.75  -4.94  -1.51  -1.37  79   618     0  4.9
  6  4347 J5  1936  3864 J6  3864  2457 J5   497 11769 31772  8.3  7.6  1.35  0.08  10.75   2.84   6.94   6.94  76   346     0  5.6
  7  5025 J7  1648  6123 J7  4800  2231 J7   697 10742 31328  6.6  5.7  1.70  0.07  14.37   5.71  10.16  10.17  74   259     2  5.3
  8  2334 J6  1005  1693 J7  2534  1677 J6   455  7638 23931  8.9  8.5  1.26  0.05   7.88   0.67   4.04   4.44  81   436     0  5.5
  9   996 J5   617   634 J7  1876   812 J5   268  4233 17765  9.4  9.2  0.84  0.03  -0.76  -4.78  -2.76  -2.43  85   633     0  5.1
 10   394 J5   217   519 J7   896   325 J5   164  1481 11876  8.6  8.3  0.42  0.02 -12.45 -20.84 -16.32 -16.07  79  1084     0  4.1
 11    39 J6    47   376 J7   499    32 J6    42   135  3931  6.6  5.6  0.58  0.02 -13.27 -21.33 -16.83 -10.48  78  1069     0  4.1
 12     0 I0     0     0 I0     0     0 I0     0     0     0  7.5  6.3  0.39  0.02 -18.09 -25.16 -21.54   0.00  75  1239     0  4.2
 13  1811 J6  1816  2089 J7  2016  1017 J6   932  4738 16699  7.4  6.5  0.72  0.05  -6.70 -14.38 -10.41  -6.59  78 10548     2  5.0
 1997
  1     7 J6    13    96 J7   218     6 J6    12    36  1818  5.8  4.7  0.29  0.04 -23.65 -30.61 -27.13 -11.74  79  1409     0  5.7
  2   354 J5   238  1264 J7  1368   218 J5   135   890  9977  6.2  5.0  0.34  0.05 -23.49 -29.18 -26.27 -26.21  73  1251     0  4.5
  3  1723 J5   689  3762 J7  2333   804 J5   295  3262 16124  5.7  3.9  0.25  0.07 -22.90 -30.71 -26.80 -25.98  73  1399     0  6.1
  4  3470 J5  1205  5234 J6  3844  1557 J5   628  6642 22130  5.8  4.5  0.54  0.08 -10.62 -19.74 -15.17 -14.38  79  1005     0  5.0
  5  2910 J5  1797  2274 J6  3551  1895 J5   494  9972 29830  8.9  8.3  0.81  0.08  -1.15  -6.92  -3.98  -3.88  81   693     0  5.3
  6  4650 J5  1927  4511 J6  4119  2439 J5   624 11767 31778  7.6  7.1  1.36  0.08   7.68   0.61   4.02   4.02  81   425     0  5.3
  7  3940 J5  1867  3858 J6  3916  2071 J5   474 10759 31349  8.2  7.1  1.86  0.07  11.45   4.16   7.58   7.60  81   326     0  5.9
  8  2091 J5  1127  1247 J6  2022  1568 J5   459  7662 23982  9.5  8.9  1.70  0.05  11.62   5.80   8.64   8.94  84   298     0  5.6
  9   940 J5   577   686 J7  1876   750 J5   235  4257 17807  9.3  9.0  1.12  0.04   4.90   1.27   3.01   3.39  89   457     0  5.8
 10   400 J5   216   505 J7   968   325 J5   128  1498 11917  9.3  8.7  0.45  0.02  -7.03 -12.80  -9.41  -8.86  81   876     0  4.3
 11    45 J6    63   251 J7   558    34 J6    43   139  4005  8.4  7.4  0.55  0.02  -9.33 -15.80 -12.00  -6.24  80   927     0  5.5
 12     0 I0     0     0 I0     0     0 I0     0     0     0  7.6  6.7  0.30  0.02 -22.26 -27.48 -25.06   0.00  77  1339     0  5.9
 13  1711 J5  1680  1974 J7  1887   972 J5   891  4740 16726  7.7  6.8  0.80  0.05  -7.06 -13.45 -10.21  -6.11  80 10407     0  5.4
 1998
  1     7 J6    13   120 J7   228     6 J6    10    34  1773  6.0  5.1  0.28  0.04 -23.08 -30.58 -28.13 -11.93  72  1400     0  6.1
  2   318 J5   209   627 J7   782   250 J5   168   877  9921  7.3  6.3  0.36  0.05 -22.61 -28.75 -25.68 -25.31  76  1232     0  5.7
  3  1643 J5   676  3038 J7  1921   882 J5   357  3237 16076  6.6  4.9  0.50  0.07 -14.68 -21.04 -17.88 -17.06  76  1122     0  5.7
  4  2736 J5  1237  3413 J6  3049  1501 J5   471  6613 22072  7.7  6.3  0.58  0.08  -3.88 -12.87  -8.34  -7.65  82   801     0  4.7
  5  3107 J5  1485  2462 J6  2928  2025 J5   472  9948 29777  8.8  8.0  0.98  0.08   1.55  -4.30  -1.62  -1.50  85   611     0  7.9
  6  4518 J5  1961  4098 J6  3595  2458 J5   468 11763 31778  8.3  7.2  1.31  0.08   9.80   2.75   6.08   6.08  82   362     0  6.7
  7  4512 J5  1557  4728 J6  3092  2199 J5   613 10778 31381  7.9  6.6  2.11  0.07  14.90   7.31  10.48  10.48  83   224     0  6.8
  8  2282 J5   975  1347 J6  1903  1701 J5   428  7690 24041  9.4  8.9  1.82  0.05  13.06   7.18  10.04  10.41  78   254     0  5.3
  9  1169 J5   591   910 J7  1408   891 J5   228  4283 17855  9.1  8.8  1.15  0.04   6.84   0.86   3.62   4.56  86   434     0  4.5
 10   460 J5   301   697 J7  1170   359 J5   183  1515 11973  8.2  7.7  0.72  0.02  -2.26  -9.64  -5.76  -5.09  81   753     0  5.3
 11    30 J6    44    64 J7   142    28 J6    40   143  4071  9.5  9.0  0.63  0.02  -9.80 -15.17 -12.25  -8.16  84   924     0  5.1
 12     0 I0     0     0 I0     0     0 I0     0     0     0  7.9  6.3  0.45  0.02 -15.48 -23.65 -19.51   0.00  79  1175     0  4.4
 13  1732 J5  1692  1792 J7  1681  1025 J5   918  4740 16727  8.1  7.1  0.91  0.05  -3.80 -10.66  -7.41  -3.76  80  9292     0  5.7
 1999
  1     7 J6    14    93 J7   157     6 J6    12    32  1728  6.6  5.6  0.29  0.04 -24.87 -33.97 -29.55 -14.16  81  1480     0  4.0
  2   291 J5   186   660 J7   897   233 J5   157   863  9864  7.3  5.4  0.28  0.05 -26.79 -32.93 -29.55 -29.09  84  1349     0  3.8
  3  1480 J5   811  2495 J7  2291   861 J5   362  3212 16028  6.8  5.3  0.44  0.07 -25.71 -32.87 -28.77 -27.98  83  1476     0  4.5
  4  3118 J5  1107  3856 J6  2785  1653 J5   472  6585 22020  7.1  6.1  0.65  0.08 -16.10 -23.70 -19.54 -19.01  77  1147     0  6.1
  5  2838 J5  1390  1891 J6  2575  1975 J5   490  9924 29731  9.1  8.5  0.78  0.08  -3.05  -7.30  -4.99  -4.92  88   729     0  6.3
  6  4408 J7  1993  4233 J8  4152  2430 J7   621 11759 31778  7.8  7.0  1.30  0.08   5.35  -0.15   2.56   2.56  85   472     0  5.6
  7  4362 J8  1868  4701 J8  4323  2274 J8   528 10796 31419  7.8  6.6  1.57  0.07  11.15   3.62   7.46   7.49  82   339     0  4.7
  8  2469 J8  1610  2367 J8  3587  1474 J8   432  7718 24097  8.8  8.0  1.71  0.05  10.16   3.93   7.03   7.40  86   350     0  5.5
  9  1327 J8   802  1778 J8  2780   815 J8   301  4309 17902  8.4  8.2  1.10  0.04   3.30  -2.59   0.28   0.83  89   539     0  4.6
 10   425 J8   261   494 J8   797   349 J8   160  1533 12025  9.6  8.9  0.71  0.02  -8.14 -11.86  -9.84  -9.86  81   878     0  7.8
 11    49 J8    66   479 J8   688    32 J8    44   148  4133  7.6  6.9  0.54  0.02 -16.06 -23.04 -19.45 -14.95  80  1136     0  5.1
 12     0 I0     0     0 I0     0     0 I0     0     0     0  5.8  4.8  0.38  0.02 -26.57 -32.30 -29.56   0.00  82  1481     0  6.5
 13  1731 J7  1667  1920 J7  1654  1008 J7   918  4740 16727  7.7  6.8  0.81  0.05  -9.78 -16.10 -12.83  -8.47  83 11377     0  5.4
 2000
  1     8 J8    16   110 J9   260     6 J8    12    31  1677  7.0  6.2  0.26  0.04 -22.13 -28.82 -25.48 -10.17  77  1358     0  6.2
  2   336 J8   261  1032 J8  1026   223 J8   147   882  9917  6.4  5.2  0.35  0.05 -22.84 -30.75 -26.48 -26.15  80  1309     0  4.6
  3  1599 J8   609  3424 J8  2458   796 J8   315  3288 16171  4.6  3.5  0.35  0.07 -24.07 -29.07 -26.38 -25.72  75  1392     0  6.9
  4  3085 J8  1082  4518 J8  3527  1470 J8   582  6671 22178  6.2  5.5  0.47  0.08 -15.18 -23.55 -18.75 -18.03  78  1131     0  4.9
  5  3325 J8  1661  2761 J8  3635  2057 J8   528  9995 29881  8.5  7.8  0.70  0.08  -5.70 -13.47  -9.18  -9.16  83   865     0  4.5
  6  5607 J8  1809  6591 J8  4222  2423 J8   567 11769 31772  6.9  5.7  1.37  0.08   9.00   1.75   5.48   5.48  80   389     0  4.5
  7  4069 J8  1920  3906 J8  3840  2238 J8   575 10739 31323  8.6  7.2  1.58  0.07  10.62   3.32   7.00   7.02  84   352     0  5.4
  8  2338 J8  1218  2114 J8  3016  1473 J8   470  7634 23921  8.6  8.4  1.21  0.05   7.90   1.11   4.50   5.01  84   429     0  5.5
  9  1222 J8   506  1097 J8  1317   933 J8   304  4229 17765  8.9  8.6  0.84  0.03   2.81  -3.02   0.05   0.80  85   553     0  4.7
 10   465 J8   350  1091 J8  1583   296 J8   155  1479 11870  8.3  7.7  0.59  0.02  -7.45 -13.77 -10.18  -9.54  85   897     0  3.4
 11    44 J8    58   441 J8   747    27 J8    32   134  3923  8.0  7.4  0.49  0.02 -14.71 -21.66 -18.18 -12.61  80  1096     0  5.2
 12     0 I0     0     0 I0     0     0 I0     0     0     0  6.0  4.9  0.43  0.02 -18.67 -22.74 -20.64   0.00  82  1210     0  7.5
 13  1841 J8  1852  2257 J8  2033   995 J8   914  4738 16700  7.3  6.5  0.72  0.05  -8.37 -15.06 -11.52  -7.76  81 10980     0  5.3
 2001
  1     6 J8    10    62 J8   136     6 J8    10    36  1824  7.5  6.6  0.43  0.04 -20.28 -26.44 -23.16  -8.09  78  1292     0  5.8
  2   356 J8   235  1201 J8  1076   230 J8   141   892  9984  6.4  5.2  0.41  0.05 -17.21 -25.41 -20.98 -20.66  77  1110     0  5.5
  3  1655 J8   721  3452 J8  2394   810 J8   386  3265 16132  5.0  3.8  0.31  0.07 -25.55 -32.44 -28.82 -28.03  73  1467     0  5.1
  4  3469 J8  1159  5079 J8  3158  1594 J8   437  6646 22137  6.5  5.0  0.50  0.08 -13.92 -21.77 -17.31 -16.73  80  1085     0  5.8
  5  3361 J8  1853  3085 J8  4105  2004 J8   546  9975 29836  8.4  7.6  0.68  0.08  -7.85 -14.00 -10.24 -10.13  86   907     0  4.5
  6  4481 J8  2053  4220 J8  4014  2463 J8   476 11767 31778  8.1  7.1  1.27  0.08   6.74   0.07   3.36   3.36  84   448     0  4.8
  7  4071 J8  1861  3980 J8  4207  2222 J8   487 10756 31346  8.0  7.3  1.46  0.07  11.77   3.70   7.80   7.81  81   328     0  5.5
  8  1906 J8   950  1047 J8  1922  1500 J8   559  7659 23974  9.5  9.2  1.42  0.05   7.73   2.03   4.81   5.17  87   417     0  5.0
  9  1165 J8   698  1227 J8  1982   822 J8   321  4253 17802  9.3  8.7  1.20  0.04   3.79  -0.25   1.55   2.09  89   497     0  3.9
 10   398 J8   273   494 J8   803   323 J8   172  1496 11913  8.9  8.5  0.60  0.02 -10.30 -16.29 -12.86 -12.57  84   980     0  4.7
 11    34 J8    42   255 J8   438    27 J8    32   138  3995  6.8  6.2  0.46  0.02 -15.23 -22.78 -18.67 -13.08  80  1120     0  4.0
 12     0 I0     0     0 I0     0     0 I0     0     0     0  6.8  5.8  0.31  0.02 -20.28 -27.45 -23.97   0.00  76  1308     0  2.9
 13  1742 J8  1695  2009 J8  1830  1000 J8   919  4740 16727  7.6  6.8  0.75  0.05  -8.38 -15.08 -11.54  -7.57  81 10960     0  4.8
 2002
  1    11 J8    21   212 J8   316     7 J8    15    34  1780  5.4  4.6  0.35  0.04 -25.15 -32.06 -28.56 -14.86  84  1455     0  5.0
  2   369 J8   276  1503 J8  1354   199 J8   120   878  9928  4.9  4.2  0.26  0.05 -26.19 -30.93 -28.42 -28.20  74  1313     0  6.5
  3  1718 J8   805  4132 J8  2774   708 J8   315  3240 16081  4.5  3.5  0.36  0.07 -16.85 -25.46 -21.06 -20.23  77  1224     0  4.6
  4  3036 J8  1251  4514 J8  3650  1375 J8   350  6617 22080  6.4  5.8  0.46  0.08 -11.66 -21.78 -15.82 -15.11  80  1051     0  6.9
  5  4086 J8  1922  5265 J8  4792  1878 J8   507  9951 29785  6.4  5.7  0.77  0.08  -0.45  -6.34  -3.01  -2.88  86   673     0  6.1
  6  4364 J8  1915  3705 J8  4033  2571 J8   693 11763 31778  8.4  7.4  1.20  0.08   6.65   0.05   3.53   3.53  85   449     0  5.0
  7  4809 J8  1867  6098 J8  4981  2068 J8   693 10775 31377  7.2  5.8  1.56  0.07  10.34   2.37   6.55   6.59  82   371     0  4.6
  8  2395 J8  1157  1954 J8  2949  1628 J8   408  7686 24033  8.7  8.3  1.47  0.05   9.28   2.51   5.75   6.25  82   385     0  4.3
  9  1214 J8   617  1337 J8  1832   838 J8   305  4279 17850  8.7  8.5  1.37  0.04   6.32   0.82   3.33   3.97  84   443     0  4.3
 10   397 J8   194   839 J8  1332   304 J8   152  1513 11962  8.4  8.1  0.78  0.02  -4.26  -8.97  -6.50  -6.34  86   773     0  5.4
 11    33 J8    45   182 J8   331    30 J8    40   143  4062  8.1  7.5  0.57  0.02 -10.04 -15.81 -12.98 -10.49  83   938     0  6.4
 12     0 I0     0     0 I0     0     0 I0     0     0     0  8.0  7.1  0.49  0.02 -16.42 -23.90 -19.98   0.00  81  1193     0  4.7
 13  1869 J8  1824  2478 J8  2154   967 J8   908  4740 16726  7.1  6.4  0.80  0.05  -6.54 -13.29  -9.76  -6.48  82 10270     0  5.3
 2003
  1     8 J8    14   158 J9   323     5 J8    10    32  1734  6.0  5.0  0.38  0.04 -20.15 -27.01 -23.65  -9.68  76  1299     0  4.8
  2   367 J8   248  1414 J8  1288   211 J8   147   865  9871  6.3  4.8  0.38  0.05 -24.03 -29.07 -26.69 -26.71  78  1257     0  5.8
  3  1744 J8   749  3987 J8  2670   750 J8   261  3216 16034  4.6  3.5  0.35  0.07 -22.56 -29.84 -26.21 -25.61  75  1380     0  4.2
  4  2795 J8   973  3788 J8  3208  1448 J8   565  6588 22025  6.7  6.2  0.63  0.08 -10.96 -18.43 -14.30 -13.67  84   991     0  3.9
  5  3284 J8  1564  2870 J8  3425  2079 J8   524  9927 29737  8.4  7.7  0.80  0.08  -2.70  -7.48  -4.84  -4.75  88   726     0  6.0
  6  4500 J8  2431  5107 J8  5247  2100 J8   531 11759 31778  7.2  6.7  1.25  0.08   5.34  -0.61   2.45   2.45  85   479     0  5.9
  7  4322 J8  1669  4305 J8  4098  2481 J8   511 10794 31415  7.8  6.5  1.76  0.07  13.15   4.84   9.06   9.07  79   289     0  5.3
  8  2174 J8  1106  1278 J8  2004  1631 J8   561  7714 24092  9.2  8.8  1.53  0.05   6.88   1.34   3.97   4.31  88   441     0  5.0
  9  1274 J8   599  1524 J8  2132   867 J8   261  4306 17898  8.2  7.8  1.04  0.04   2.62  -2.46   0.15   0.77  85   548     0  5.0
 10   382 J8   226   511 J8   945   305 J8   132  1530 12021  8.8  8.4  1.04  0.02  -2.34  -7.62  -4.61  -4.24  90   723     0  4.6
 11    45 J8    54   403 J8   581    36 J8    50   147  4125  6.6  5.7  0.49  0.02 -14.36 -20.50 -17.50 -11.56  78  1073     0  5.2
 12     0 I0     0     0 I0     0     0 I0     0     0     0  6.4  5.5  0.31  0.02 -19.12 -25.18 -22.00   0.00  78  1255     0  7.4
 13  1741 J8  1674  2112 J8  1808   993 J8   918  4740 16727  7.2  6.4  0.83  0.05  -7.35 -13.50 -10.35  -6.63  82 10460     0  5.3
 2004
  1    10 J8    20   255 J9   435     6 J8    13    31  1684  5.2  4.6  0.26  0.04 -22.42 -29.33 -25.90 -13.48  72  1370     0  5.8
  2   369 J8   274  1448 J8  1262   205 J8   124   883  9924  5.7  4.8  0.27  0.05 -31.02 -35.56 -33.09 -32.91  82  1497     0  6.3
  3  1378 J8   620  2816 J8  2489   758 J8   305  3291 16180  5.3  4.7  0.31  0.07 -25.55 -32.95 -28.84 -28.10  77  1475     0  6.0
  4  3381 J8  1327  5752 J8  3947  1309 J8   430  6675 22181  5.0  4.3  0.53  0.08 -15.05 -23.49 -18.69 -18.05  81  1128     0  4.5
  5  3666 J8  1654  4044 J8  3657  1935 J8   394  9998 29889  7.6  6.8  0.99  0.08  -2.81  -8.26  -5.19  -5.09  89   740     0  6.6
  6  4809 J8  2100  5219 J8  4274  2387 J8   622 11769 31772  7.3  6.4  1.61  0.08   8.85   2.31   5.67   5.67  86   383     0  5.7
  7  4526 J8  1825  5398 J8  4986  2120 J8   732 10736 31320  7.1  6.3  1.93  0.07  13.28   4.36   8.73   8.73  84   295     0  4.8
  8  3076 J8  1233  3899 J8  3312  1525 J8   457  7630 23910  7.6  6.8  1.75  0.05  12.16   3.83   7.99   8.61  85   320     0  4.8
  9  1179 J8   473  1057 J8  1794   921 J8   268  4226 17758  8.8  8.7  0.93  0.03   3.10  -1.30   0.76   1.00  84   523     0  4.9
 10   433 J8   320   932 J8  1593   292 J8   144  1477 11864  8.1  7.8  0.70  0.02  -5.26 -10.61  -7.70  -7.24  87   814     0  5.5
 11    46 J8    60   653 J8   872    24 J8    34   134  3915  6.1  5.3  0.37  0.02 -15.27 -20.87 -18.04 -14.38  82  1092     0  6.8
 12     0 I0     0     0 I0     0     0 I0     0     0     0  7.3  6.3  0.26  0.02 -20.44 -28.55 -24.11   0.00  78  1328     0  6.4
 13  1906 J8  1858  2623 J8  2153   957 J8   881  4737 16700  6.8  6.1  0.82  0.05  -8.37 -15.04 -11.54  -7.94  82 10965     0  5.7
 2005
  1    10 J8    17   239 J9   418     6 J8    12    36  1827  5.1  4.3  0.40  0.04 -20.78 -28.04 -24.28 -10.89  81  1325     0  6.1
  2   377 J8   275  1399 J8  1334   214 J8   146   894  9993  5.9  4.7  0.34  0.05 -23.43 -29.43 -26.21 -25.92  74  1253     0  5.4
  3  1730 J8   688  3665 J8  2408   839 J8   329  3268 16137  5.5  4.0  0.38  0.07 -19.95 -27.38 -23.52 -23.05  78  1302     0  6.5
  4  3405 J8  1275  4966 J8  3353  1507 J8   381  6650 22142  6.6  5.4  0.53  0.08 -13.51 -21.11 -16.94 -16.40  80  1069     0  5.1
  5  2788 J8  1532  1891 J8  3069  1943 J8   517  9978 29841  9.0  8.6  1.09  0.08  -3.05  -7.46  -4.73  -4.63  89   731     0  6.1
  6  4329 J8  2320  4402 J8  5055  2205 J8   584 11768 31778  7.5  7.2  1.26  0.08   5.01  -0.50   2.30   2.30  84   482     0  6.8
  7  4511 J8  1834  5069 J8  4143  2245 J8   508 10754 31342  7.8  6.2  1.37  0.07   7.79   1.30   4.45   4.46  83   427     0  5.9
  8  2590 J8  1443  2722 J8  3184  1462 J8   426  7655 23965  8.5  7.9  1.63  0.05   9.91   2.76   6.29   6.77  89   372     0  4.0
  9  1200 J8   683  1062 J8  1550   892 J8   269  4250 17800  9.4  8.7  1.05  0.04   3.19  -0.62   1.16   1.62  89   511     0  8.0
 10   445 J8   271   724 J8   991   336 J8   163  1494 11907  8.4  7.6  0.63  0.02  -5.65 -10.29  -7.82  -7.66  88   815     0  5.4
 11    43 J8    54   292 J8   344    35 J8    45   138  3986  8.0  7.3  0.32  0.02 -22.19 -29.19 -25.54 -20.26  79  1321     0  4.8
 12     0 I0     0     0 I0     0     0 I0     0     0     0  8.5  7.1  0.47  0.02 -18.07 -24.47 -21.38   0.00  83  1228     0  3.6
 13  1786 J8  1697  2203 J8  1900   974 J8   872  4740 16727  7.5  6.6  0.79  0.05  -8.39 -14.53 -11.35  -7.80  83 10836     0  5.6
 2006
  1    10 J8    18   187 J9   315     7 J8    14    34  1786  7.3  6.8  0.25  0.04 -23.86 -29.85 -26.81 -12.86  81  1401     0  4.5
  2   363 J8   243  1237 J8  1085   233 J8   144   880  9933  5.8  4.7  0.43  0.05 -17.68 -26.47 -22.25 -22.22  82  1131     0  6.4
  3  1853 J8   722  4533 J8  2260   746 J8   325  3243 16088  4.1  2.9  0.30  0.07 -25.67 -32.57 -28.87 -27.89  79  1471     0  5.7
  4  3105 J8   954  3775 J8  2696  1712 J8   463  6621 22092  7.7  6.3  0.45  0.08 -17.77 -24.52 -20.61 -20.04  81  1184     0  5.5
  5  3594 J8  1693  3567 J8  3484  1944 J8   434  9954 29791  7.9  7.4  0.94  0.08  -2.21  -6.59  -4.04  -3.94  90   705     0  4.5
  6  5176 J8  1705  5290 J8  3588  2584 J8   365 11764 31778  7.8  6.5  1.67  0.08  11.04   3.05   6.99   6.99  77   339     0  4.9
  7  4284 J8  1694  4438 J8  4077  2268 J8   559 10772 31371  8.3  7.0  1.70  0.07  10.94   4.23   7.53   7.53  85   333     0  4.9
  8  2002 J8  1122  1255 J8  1887  1493 J8   448  7682 24025  9.4  9.0  1.61  0.05   6.62   1.49   4.03   4.33  94   443     0  4.4
  9  1334 J8   856  1707 J8  2518   839 J8   328  4276 17845  8.5  8.0  1.39  0.04   6.67   0.72   3.40   4.19  92   439     0  3.8
 10   431 J8   254   964 J8  1478   300 J8   159  1511 11958  8.1  7.4  0.80  0.02  -2.32  -6.81  -4.20  -3.78  92   710     0  5.8
 11    42 J8    57   356 J8   558    31 J8    37   142  4052  7.0  6.4  0.31  0.02 -14.68 -23.32 -18.89 -13.73  84  1120     0  4.9
 12     0 I0     0     0 I0     0     0 I0     0     0     0  7.8  7.2  0.41  0.02 -17.03 -23.79 -19.89   0.00  83  1201     0  5.0
 13  1849 J8  1814  2276 J8  1911  1013 J8   946  4740 16727  7.5  6.6  0.86  0.05  -7.16 -13.70 -10.30  -6.78  85 10476     0  5.0
 2007
  1    10 J8    18   169 J9   291     6 J8    12    33  1738  7.1  5.6  0.38  0.04 -23.11 -30.81 -27.19  -9.45  79  1404     0  4.6
  2   386 J8   262  1775 J8  1228   195 J8   123   867  9879  4.4  3.6  0.28  0.05 -22.93 -29.35 -26.01 -25.69  83  1245     0  5.9
  3  1838 J8   694  5105 J8  2133   611 J8   213  3219 16039  2.4  1.9  0.23  0.07 -26.85 -34.30 -30.32 -29.41  81  1516     0  5.4
  4  2872 J8  1066  3512 J8  2764  1557 J8   482  6592 22034  7.9  7.1  0.60  0.08 -11.11 -17.17 -13.69 -13.29  86   974     0  5.7
  5  3254 J8  1617  3359 J8  4336  1818 J8   572  9930 29742  8.0  7.5  0.73  0.08  -5.67 -10.58  -7.71  -7.66  89   820     0  5.1
  6  5210 J8  2144  6071 J8  5088  2292 J8   574 11759 31778  6.6  5.9  1.35  0.08   6.52   0.27   3.34   3.34  86   448     0  7.0
  7  4827 J8  2202  6008 J8  4886  2059 J8   602 10791 31413  6.9  5.8  1.58  0.07  11.23   3.99   7.47   7.49  87   332     0  5.4
  8  3242 J8  1576  4592 J8  4317  1402 J8   539  7710 24084  7.0  6.5  1.47  0.05  10.65   2.85   6.60   7.19  90   359     0  4.5
  9  1523 J8   764  2505 J8  2771   804 J8   312  4302 17893  7.4  7.2  1.01  0.04   5.74  -0.88   2.10   3.07  89   477     0  5.7
 10   521 J8   346  1159 J8  1531   340 J8   157  1528 12010  8.3  7.2  0.58  0.02  -5.36 -10.38  -7.48  -7.20  86   812     0  6.1
 11    41 J8    53   214 J8   431    35 J8    47   147  4120  7.5  6.9  0.54  0.02  -9.96 -15.40 -12.31  -8.14  87   930     0  7.0
 12     0 I0     0     0 I0     0     0 I0     0     0     0  5.3  4.2  0.32  0.02 -17.09 -24.64 -20.75   0.00  82  1215     0  5.3
 13  1977 J8  1883  2872 J8  2247   927 J8   856  4740 16728  6.6  5.8  0.76  0.05  -7.33 -13.87 -10.50  -6.65  85 10533     0  5.6
 2008
  1     9 J8    17   166 J9   364     6 J8    11    31  1692  4.2  3.3  0.28  0.04 -25.82 -33.00 -29.82 -10.60  86  1480     0  6.0
  2   376 J8   261  1499 J8  1240   218 J8   142   885  9933  4.0  3.4  0.35  0.05 -25.06 -32.54 -28.49 -28.44  80  1367     0  4.7
  3  1926 J8   725  4949 J8  2485   696 J8   256  3294 16185  3.2  2.2  0.26  0.07 -27.50 -34.51 -30.67 -29.76  82  1529     0  4.6
  4  3114 J8  1124  3895 J8  3048  1635 J8   395  6679 22188  7.9  6.6  0.68  0.08  -9.85 -17.50 -13.35 -13.02  85   960     0  5.2
  5  3393 J8  1872  3012 J8  3867  1965 J8   480 10001 29897  8.4  7.9  0.87  0.08  -1.55  -5.53  -3.43  -3.40  88   678     0  6.4
  6  5529 J8  1815  6147 J8  3975  2420 J8   567 11770 31772  7.1  6.1  1.49  0.08  10.76   2.28   6.40   6.40  78   354     0  4.7
  7  4693 J8  1616  5245 J8  3802  2307 J8   509 10733 31315  7.4  6.3  1.60  0.07  13.77   5.17   9.23   9.22  81   275     0  5.0
  8  2195 J8  1055  1764 J8  2906  1529 J8   428  7626 23904  8.9  8.5  1.24  0.05   7.50   2.75   4.94   5.27  87   409     0  4.2
  9  1202 J8   641  1436 J8  2405   819 J8   246  4222 17755  8.6  8.1  0.86  0.03   2.98  -1.25   0.98   1.67  87   524     0  4.5
 10   444 J8   223   693 J8   865   351 J8   172  1475 11859  9.1  8.2  0.56  0.02  -5.83 -11.95  -8.65  -8.58  85   844     0  5.7
 11    32 J8    53    92 J9   212    29 J8    47   133  3906  8.8  8.3  0.44  0.02 -13.35 -20.42 -16.65 -11.64  82  1056     0  5.5
 12     0 I0     0     0 I0     0     0 I0     0     0     0  6.6  6.1  0.37  0.02 -15.81 -22.94 -19.37   0.00  78  1169     0  5.3
 13  1909 J8  1916  2408 J8  2182   998 J8   926  4737 16701  7.0  6.2  0.75  0.05  -7.48 -14.12 -10.74  -6.91  83 10645     0  5.2
 2009
  1    12 J8    22   265 J9   395     6 J8    13    36  1834  3.5  2.7  0.30  0.04 -23.81 -31.57 -27.97 -12.34  75  1427     0  5.5
  2   348 J8   235  1010 J8  1075   239 J8   143   895  9999  6.0  5.2  0.40  0.05 -22.50 -30.78 -26.69 -26.35  78  1259     0  5.6
  3  1835 J8   662  4780 J8  2231   690 J8   309  3271 16146  2.9  2.1  0.23  0.07 -26.85 -33.93 -30.37 -29.71  79  1510     0  5.6
  4  3420 J8  1139  5303 J8  3151  1468 J8   431  6654 22147  5.2  4.6  0.57  0.08 -11.35 -19.28 -14.92 -14.56  76  1009     0  4.8
  5  4005 J8  1788  4344 J8  4296  2104 J8   686  9981 29850  7.8  6.8  0.83  0.08  -1.40  -7.14  -3.72  -3.64  86   701     0  4.8
  6  4150 J8  1976  3937 J8  3983  2295 J8   435 11768 31778  8.0  7.4  1.38  0.08   5.65   0.54   2.91   2.91  87   457     0  7.2
  7  4409 J8  1704  4607 J8  3832  2203 J8   484 10751 31338  7.7  7.1  1.72  0.07  11.76   3.93   7.79   7.81  82   325     0  6.3
  8  2640 J8  1224  2436 J8  2958  1665 J8   412  7651 23953  8.6  8.0  1.41  0.05  10.34   2.96   6.61   7.07  83   362     0  4.6
  9  1264 J8   721  1286 J8  2094   882 J8   260  4246 17794  8.8  8.4  1.13  0.04   3.88  -0.59   1.69   2.20  89   501     0  5.2
 10   443 J8   270   764 J8  1237   327 J8   150  1491 11901  8.7  8.2  0.95  0.02  -2.35  -7.43  -4.53  -4.40  88   720     0  4.9
 11    44 J8    52   394 J8   451    34 J8    43   137  3980  7.5  6.4  0.32  0.02 -16.11 -22.56 -19.38 -14.49  78  1130     0  5.0
 12     0 I0     0     0 I0     0     0 I0     0     0     0  5.7  4.5  0.52  0.02 -16.43 -23.82 -19.94   0.00  81  1192     0  5.9
 13  1881 J8  1763  2427 J8  2029   993 J8   908  4740 16727  6.7  5.9  0.81  0.05  -7.43 -14.14 -10.71  -7.13  82 10593     0  5.4
 2010
  1     9 J8    14   216 J9   380     6 J8    10    35  1790  5.1  4.4  0.29  0.04 -25.21 -31.37 -28.23 -11.07  83  1445     0  6.0
  2   381 J8   261  1250 J8  1089   242 J8   147   882  9941  6.1  5.0  0.42  0.05 -21.55 -27.89 -24.89 -24.98  83  1205     0  7.0
  3  1709 J8   797  3971 J8  2720   702 J8   313  3246 16094  4.5  3.9  0.34  0.07 -21.14 -29.19 -24.85 -24.10  69  1348     0  5.5
  4  3096 J8  1069  4182 J8  3088  1556 J8   429  6625 22096  6.8  6.0  0.63  0.08  -8.64 -16.63 -12.02 -11.41  82   929     0  4.9
  5  3086 J8  1747  2758 J8  4072  1881 J8   481  9957 29800  8.4  7.9  0.95  0.08  -3.96  -7.63  -5.60  -5.53  86   748     0  6.8
  6  4578 J8  2265  5054 J8  5445  2209 J8   664 11764 31778  7.2  6.8  1.26  0.08   5.48   0.36   2.85   2.85  85   462     0  7.0
  7  4770 J8  1614  5593 J8  3965  2204 J8   598 10769 31368  7.6  6.4  1.87  0.07  13.17   4.96   9.06   9.09  81   287     0  4.6
  8  2728 J8  1299  2962 J8  2827  1507 J8   395  7678 24015  8.0  7.6  1.90  0.05  11.48   4.66   8.00   8.46  87   319     1  4.9
  9  1415 J8   715  2103 J8  2421   836 J8   231  4272 17843  7.7  7.3  1.16  0.04   6.09  -0.54   2.64   3.50  87   467     0  4.5
 10   361 J8   218   312 J8   628   313 J8   140  1509 11950  9.4  9.0  0.63  0.02  -4.05  -8.70  -6.11  -6.17  87   766     0  6.9
 11    33 J8    47   235 J9   469    26 J8    34   142  4048  8.6  7.5  0.61  0.02  -8.81 -14.75 -11.47  -6.94  87   903     0  6.5
 12     0 I0     0     0 I0     0     0 I0     0     0     0  5.2  4.7  0.25  0.02 -22.68 -30.31 -26.52   0.00  78  1390     0  5.3
 13  1847 J8  1771  2386 J8  2007   957 J8   870  4740 16727  7.1  6.4  0.86  0.05  -6.65 -13.09  -9.76  -5.52  83 10270     1  5.8
