722025 FORT LAUDERDALE HOLLYW FL  -5  N26  4  W080  9     3  1013
 1991-2010
 MO AVGLO FL SDGLO AVDIR FL SDDIR AVDIF FL SDDIF AVETR AETRN  TOT  OPQ   H2O   TAU  MAX_T  MIN_T  AVG_T  AVGDT  RH  HTDD  CLDD AVWS
  1  3586 K5   266  4596 K6   852  1304 K5   148  6618 15089  4.6  4.4  2.51  0.08  24.00  16.50  20.23  21.80  72    31    90  4.3
  2  4375 K5   329  4967 K6   826  1551 K5   168  7834 15762  4.4  4.2  2.50  0.09  24.79  17.19  21.00  22.42  71    18    93  4.2
  3  5338 K5   257  5287 K6   587  1934 K5   156  9275 16547  4.5  4.3  2.57  0.12  26.23  18.96  22.56  23.86  68     7   139  4.8
  4  6155 K5   435  5499 K6   798  2215 K5   166 10447 17297  4.3  4.1  2.75  0.16  27.78  21.14  24.39  25.54  66     0   184  4.7
  5  6481 K5   291  5308 K6   488  2512 K5   127 11095 17886  4.3  4.0  3.43  0.19  29.81  23.64  26.59  27.58  70     0   260  4.3
  6  5909 K5   639  4244 K6   870  2689 K5   223 11292 18139  5.3  4.7  4.57  0.22  31.20  25.18  27.95  28.76  76     0   296  3.4
  7  6121 K5   283  4547 K6   397  2692 K5   188 11137 17910  4.6  4.1  4.63  0.23  31.96  25.94  28.77  29.64  74     0   329  3.3
  8  5705 K5   336  4290 K6   550  2521 K5   206 10591 17303  4.9  4.4  4.82  0.22  31.99  26.01  28.77  29.68  75     0   331  3.2
  9  4886 K5   265  3823 K6   499  2245 K5   193  9594 16567  5.4  4.8  4.82  0.19  30.99  25.45  28.05  29.01  77     0   297  3.5
 10  4351 K5   351  4075 K6   748  1862 K5   133  8225 15811  5.2  4.8  3.98  0.15  29.40  23.85  26.53  27.56  73     0   257  4.4
 11  3649 K5   305  4083 K6   810  1502 K5   120  6890 15144  4.9  4.7  3.05  0.12  26.85  20.47  23.65  24.82  71     2   162  4.6
 12  3258 K5   226  4009 K6   724  1321 K5   129  6216 14820  5.0  4.8  2.71  0.09  25.00  18.06  21.52  22.92  72    16   115  4.2
 13  4984 K5   108  4561 K6   374  2029 K5   122  9101 16523  4.8  4.4  3.53  0.16  28.33  21.87  25.00  26.13  72    75  2555  4.1
 1991
  1  3301 J5   980  3832 J6  2510  1399 J5   416  6612 15086  4.3  4.1  3.02  0.07  25.72  19.93  22.83  23.89  79     4   144  4.0
  2  4325 J5  1190  5081 J6  2714  1416 J5   430  7818 15752  3.8  3.7  2.53  0.08  24.76  17.63  21.19  22.40  67    17    97  4.4
  3  5442 J5  1161  5626 J6  2623  1794 J5   594  9253 16537  4.0  3.8  2.51  0.11  27.03  19.70  23.33  24.60  69     4   160  4.8
  4  5726 J5  1210  4676 J6  2177  2374 J5   447 10432 17281  4.2  4.0  3.25  0.15  28.96  23.30  25.99  26.85  73     0   234  5.1
  5  6250 J5  1483  5173 J6  2470  2421 J5   533 11088 17878  4.5  4.1  3.77  0.19  30.91  26.47  28.60  29.25  63     0   321  5.2
  6  6464 J5  1000  4872 J6  1826  2790 J5   515 11292 18138  5.0  4.1  4.60  0.21  32.40  25.87  28.73  29.55  69     0   324  2.9
  7  6262 J5   918  4331 J6  1764  2954 J5   646 11142 17917  5.2  4.1  4.68  0.23  33.25  26.91  29.69  30.55  71     0   364  2.9
  8  6038 J5   919  4546 J6  1733  2633 J5   479 10603 17318  4.2  3.8  4.62  0.26  33.26  26.91  29.82  30.81  71     0   364  2.9
  9  4847 J5  1042  3179 J6  1788  2635 J5   434  9614 16581  4.6  4.4  4.74  0.27  31.95  26.15  28.91  29.92  74     0   322  3.2
 10  3931 J5  1137  2848 J6  1881  2110 J5   418  8247 15823  5.2  4.8  4.53  0.26  29.69  24.18  26.87  27.72  76     0   267  4.3
 11  3207 J5   910  2522 J6  1736  1804 J5   266  6907 15153  5.4  5.1  3.17  0.25  26.40  20.10  23.30  24.32  76     4   152  4.8
 12  3000 J5   662  2757 J6  1630  1584 J5   291  6218 14821  4.4  4.1  2.96  0.25  25.88  19.71  22.77  23.90  68     0   138  4.2
 13  4899 J5  1304  4120 J6  1062  2160 J5   549  9102 16524  4.6  4.2  3.70  0.19  29.18  23.07  26.00  26.98  72    29  2887  4.1
 1992
  1  3246 J5   886  2963 J6  1799  1657 J5   350  6605 15079  4.3  4.0  2.78  0.26  23.96  16.02  20.08  21.41  67    22    73  4.2
  2  4071 J5   935  3322 J6  1835  2053 J5   358  7830 15759  4.2  3.8  2.52  0.27  25.25  18.12  21.65  22.79  69     4   101  4.3
  3  5172 J5  1145  4196 J6  2141  2318 J5   578  9286 16551  4.2  3.8  2.51  0.28  25.76  18.27  22.14  23.39  62     6   121  4.6
  4  5542 J5  1343  3884 J6  2016  2697 J5   425 10454 17302  4.2  4.0  2.80  0.30  26.32  19.80  23.07  24.04  68     1   143  5.3
  5  6973 J5   829  5873 J6  1643  2579 J5   538 11097 17886  2.2  2.1  2.58  0.32  28.86  21.28  25.20  26.32  67     0   209  4.3
  6  5868 J5  1118  3326 J6  1750  3312 J5   625 11292 18137  6.2  5.0  5.02  0.33  30.64  24.23  26.92  27.63  77     0   273  3.1
  7  6783 J5   812  5135 J6  1516  2866 J5   516 11134 17907  2.8  2.6  3.99  0.33  31.32  25.84  28.50  29.31  63     0   318  3.2
  8  5518 J5   983  3368 J6  1467  3021 J5   539 10586 17299  4.7  4.1  4.52  0.31  31.20  25.60  28.08  28.90  69     0   312  3.1
  9  4897 J5  1033  3287 J6  1872  2576 J5   449  9584 16563  4.7  4.4  4.55  0.27  29.92  25.30  27.50  28.19  69     0   278  3.5
 10  4495 J5   816  4170 J6  1603  1932 J5   334  8213 15810  3.8  3.5  3.27  0.21  28.41  22.41  25.50  26.47  62     0   219  4.3
 11  3094 J5  1038  2719 J6  2018  1641 J5   314  6880 15142  5.3  5.1  3.70  0.17  26.60  22.02  24.30  25.03  67     3   183  5.4
 12  3209 J5   784  3670 J6  2095  1409 J5   343  6214 14819  3.7  3.5  2.38  0.14  24.64  18.27  21.61  22.74  71    11   108  3.6
 13  4906 J5  1327  3826 J6   912  2338 J5   603  9098 16521  4.2  3.8  3.39  0.26  27.74  21.43  24.55  25.52  68    47  2338  4.1
 1993
  1  3144 J5   928  3156 J6  2197  1518 J5   340  6628 15096  4.9  4.7  3.08  0.12  24.80  19.56  22.08  22.92  81     6   126  4.3
  2  4071 J5  1057  4186 J6  2278  1672 J5   406  7844 15768  3.9  3.8  2.30  0.12  22.98  15.71  19.56  20.70  79    14    42  3.8
  3  5035 J5  1339  4441 J6  2559  2081 J5   567  9279 16549  4.8  4.4  2.48  0.14  24.41  17.76  21.19  22.19  74    15   101  4.4
  4  6225 J5  1417  5511 J6  2334  2228 J5   488 10451 17302  3.4  3.3  1.96  0.18  26.46  19.76  23.30  24.33  66     0   143  4.6
  5  6439 J5  1326  5262 J6  2232  2509 J5   556 11097 17889  4.2  3.8  3.14  0.22  28.91  23.48  26.11  26.87  73     0   244  5.0
  6  6424 J5  1128  4742 J6  2075  2851 J5   620 11293 18139  4.3  3.9  4.02  0.24  30.83  26.08  28.22  28.81  78     0   304  3.7
  7  6167 J5  1098  4385 J6  1766  2870 J5   486 11136 17910  4.1  3.6  4.41  0.25  31.91  25.73  28.68  29.44  80     0   325  2.5
  8  5957 J5  1080  4408 J6  2049  2673 J5   578 10589 17297  4.2  3.9  4.26  0.24  31.90  25.90  28.39  29.27  79     0   328  3.0
  9  5266 J5   808  4195 J6  1353  2323 J5   371  9590 16564  4.4  3.8  4.55  0.20  31.39  25.85  28.50  29.43  78     0   309  3.4
 10  4144 J5   885  3405 J6  1895  2051 J5   511  8221 15807  4.6  4.1  4.40  0.16  29.44  23.56  26.33  27.30  82     0   253  3.0
 11  3649 J5   883  4204 J6  1885  1402 J5   289  6887 15141  4.1  3.9  3.41  0.12  27.11  19.49  23.50  24.80  74     5   154  4.2
 12  3360 J5   668  4317 J6  1669  1283 J5   234  6215 14820  3.7  3.5  2.52  0.09  25.00  15.93  20.44  22.31  69    21    87  3.8
 13  4990 J5  1261  4351 J6   656  2122 J5   555  9102 16523  4.2  3.9  3.38  0.17  27.93  21.57  24.69  25.70  76    61  2415  3.8
 1994
  1  3115 J5  1032  3329 J6  2377  1444 J5   340  6621 15090  5.4  4.9  2.71  0.08  24.22  18.10  21.09  22.27  73    14   102  5.3
  2  3828 J5  1372  4063 J6  2782  1517 J5   416  7832 15761  5.0  4.8  2.91  0.09  25.48  20.22  22.78  23.75  76     8   134  4.8
  3  5495 J5  1135  5654 J6  2276  1781 J5   460  9267 16542  3.4  3.1  2.74  0.11  27.24  19.31  23.30  24.74  67     2   156  4.7
  4  5952 J5  1261  5242 J6  2315  2227 J5   540 10442 17296  4.1  3.8  3.19  0.15  28.20  22.71  25.43  26.36  71     0   214  4.5
  5  6543 J5   986  5404 J6  1575  2504 J5   431 11093 17885  3.7  3.3  3.64  0.19  30.46  23.78  26.96  28.02  69     0   273  3.5
  6  6063 J5  1272  3979 J6  1914  2951 J5   539 11292 18138  5.5  4.7  4.55  0.22  32.00  26.06  28.66  29.53  78     0   321  3.0
  7  6419 J5   924  4829 J6  1691  2813 J5   493 11138 17913  4.1  3.7  4.33  0.23  32.09  26.50  29.28  30.08  73     0   340  3.7
  8  5861 J5   859  4366 J6  1751  2649 J5   527 10596 17309  4.9  4.3  4.54  0.22  31.42  25.80  28.62  29.34  77     0   319  2.9
  9  4657 J5  1348  3173 J6  2156  2417 J5   395  9601 16569  5.9  5.2  4.72  0.19  31.01  25.54  28.20  29.05  80     0   298  2.8
 10  4691 J5   907  4661 J6  1638  1815 J5   328  8233 15812  3.6  3.3  3.76  0.15  30.34  24.20  27.11  28.34  75     0   277  3.2
 11  3623 J5   954  4055 J6  2177  1494 J5   358  6896 15145  4.5  4.2  3.35  0.11  28.11  23.20  25.59  26.45  77     0   220  4.1
 12  3245 J5   747  4064 J6  2084  1231 J5   354  6216 14822  4.3  4.2  2.79  0.08  26.09  19.41  22.64  23.98  77     5   142  3.3
 13  4958 J5  1262  4402 J6   781  2070 J5   594  9102 16524  4.5  4.1  3.60  0.15  28.89  22.90  25.80  26.83  74    29  2795  3.8
 1995
  1  3651 J5   863  4733 J6  2122  1253 J5   360  6613 15086  4.0  3.6  2.30  0.07  24.06  16.19  20.00  21.61  72    26    82  3.3
  2  4592 J5   918  5540 J6  2195  1425 J5   401  7819 15752  2.9  2.8  2.25  0.08  24.67  16.50  20.60  22.14  68    28    92  3.9
  3  4953 J5  1279  4656 J6  2434  1917 J5   454  9255 16538  4.4  4.3  2.53  0.11  27.05  19.96  23.47  24.80  70     0   161  4.9
  4  5776 J5  1560  5060 J6  2851  2196 J5   571 10433 17281  4.0  3.8  2.87  0.15  28.74  22.56  25.51  26.60  71     0   220  3.9
  5  6919 J5   845  6194 J6  1760  2319 J5   532 11089 17879  3.1  2.9  3.36  0.19  31.80  25.56  28.55  29.57  69     0   321  3.8
  6  6118 J5  1289  4219 J6  2115  2906 J5   456 11292 18138  5.3  4.5  4.45  0.21  31.33  24.87  28.08  28.84  78     0   293  3.3
  7  6213 J5  1259  4786 J6  2348  2635 J5   664 11141 17913  4.4  3.8  4.65  0.23  32.46  25.96  29.04  29.82  75     0   337  3.2
  8  5907 J5  1071  4253 J6  1972  2740 J5   534 10603 17318  4.6  3.9  5.03  0.22  32.23  26.41  28.96  29.76  78     0   341  3.0
  9  5135 J5   885  4055 J6  1847  2358 J5   516  9612 16580  4.6  4.1  4.89  0.19  32.02  26.04  28.80  29.82  77     0   321  2.7
 10  4138 J5   965  3619 J6  2141  1927 J5   454  8246 15821  5.3  4.9  4.96  0.14  30.70  25.67  28.03  28.91  78     0   306  4.1
 11  3985 J5   775  4867 J6  1815  1383 J5   313  6906 15152  3.5  3.1  2.98  0.11  26.94  19.57  23.44  24.77  67     3   151  4.1
 12  3136 J5   951  3837 J6  2222  1247 J5   277  6218 14822  4.2  4.0  2.68  0.08  24.20  17.08  20.55  21.93  73    35   107  4.0
 13  5043 J5  1170  4652 J6   728  2026 J5   594  9102 16523  4.2  3.8  3.58  0.15  28.85  22.20  25.42  26.55  73    93  2730  3.7
 1996
  1  3462 J5   910  4361 J6  2511  1279 J5   430  6606 15079  4.4  4.2  2.48  0.07  23.74  15.40  19.63  21.42  75    44    82  4.3
  2  4716 J5   988  5844 J6  2016  1418 J5   378  7832 15760  2.4  2.3  2.04  0.08  23.97  13.90  19.34  21.21  71    49    66  4.0
  3  5340 J5  1613  5512 J6  2669  1708 J5   396  9288 16555  3.6  3.5  2.46  0.11  24.81  16.83  20.78  22.17  72    25   102  5.6
  4  6123 J5  1479  5681 J6  2491  2052 J5   432 10455 17302  3.4  3.4  2.68  0.15  26.63  20.94  23.80  24.86  70     2   165  4.9
  5  6316 J5  1056  5009 J6  2032  2529 J5   538 11097 17887  4.8  4.3  3.93  0.19  29.54  23.94  26.42  27.32  76     0   261  4.4
  6  6292 J5   991  4704 J6  2019  2743 J5   637 11292 18137  4.7  4.3  4.67  0.21  30.67  24.38  27.16  27.98  78     0   276  3.7
  7  6219 J7   855  4194 J7  1521  3007 J7   487 11133 17907  5.2  4.1  4.34  0.23  32.73  26.69  29.69  30.67  70     0   353  4.5
  8  6045 J7   874  4850 J7  1620  2465 J7   488 10585 17299  3.8  3.6  4.67  0.21  31.62  25.40  28.53  29.55  73     0   316  3.6
  9  5182 J5   692  3837 J6  1363  2473 J5   417  9583 16562  5.2  4.8  4.54  0.18  31.99  25.33  28.35  29.62  73     0   310  3.3
 10  3627 J5  1002  2584 J6  1795  2064 J5   422  8211 15810  6.6  6.3  4.12  0.14  28.83  23.55  26.17  27.09  73     0   244  4.7
 11  3180 J5   876  2847 J6  1883  1640 J5   362  6879 15142  5.8  5.5  2.95  0.10  27.18  20.90  23.87  25.01  65     0   171  6.1
 12  3046 J5   773  3335 J6  1894  1402 J5   279  6214 14819  5.1  5.0  2.74  0.08  25.38  17.82  21.58  23.13  69    12   114  4.0
 13  4962 J6  1309  4397 J7  1080  2065 J6   578  9098 16522  4.6  4.3  3.47  0.15  28.09  21.26  24.61  25.84  72   132  2460  4.4
 1997
  1  3314 J5   796  3652 J6  1988  1486 J5   343  6629 15096  4.9  4.6  2.66  0.07  24.76  17.04  20.89  22.62  68    28   107  3.9
  2  4046 J5   756  3825 J6  1711  1819 J5   403  7846 15770  5.2  5.1  3.08  0.08  27.45  21.07  24.11  25.43  73     1   167  4.9
  3  5048 J5   904  4437 J6  1686  2104 J5   349  9281 16550  5.1  4.9  3.10  0.11  28.89  22.20  25.37  26.60  70     0   224  4.8
  4  5115 J5  1488  3496 J6  2066  2567 J5   433 10452 17303  6.2  6.0  3.38  0.15  28.72  21.68  25.05  26.25  66     0   206  4.9
  5  6046 J5   866  4207 J6  1389  2837 J5   388 11098 17890  5.8  5.2  4.00  0.19  30.58  24.75  27.52  28.42  72     0   289  4.0
  6  5995 J5  1118  3927 J6  1653  3015 J5   414 11293 18141  6.0  5.3  4.52  0.21  32.11  25.14  28.38  29.42  75     0   309  3.3
  7  6101 J5   598  3817 J6  1222  3141 J5   478 11135 17908  5.8  5.0  4.74  0.23  32.88  26.34  29.40  30.39  74     0   350  3.0
  8  5522 J5   905  3366 J6  1549  2972 J5   435 10588 17296  6.0  5.3  4.75  0.22  33.20  26.64  29.53  30.49  73     0   359  2.5
  9  4540 J5   918  2832 J6  1553  2521 J5   345  9589 16563  6.9  6.1  5.08  0.19  31.21  25.40  28.35  29.21  78     0   299  3.1
 10  4221 J5   784  3477 J6  1356  2073 J5   285  8219 15807  6.0  5.3  3.46  0.14  29.99  24.15  26.94  28.06  68     0   271  4.5
 11  2980 J5   948  2411 J6  2011  1674 J5   307  6886 15139  6.5  6.0  3.57  0.11  27.71  20.97  24.16  25.42  73     0   180  3.9
 12  2900 J5   903  3018 J6  2142  1403 J5   319  6215 14819  5.2  5.0  2.95  0.08  25.43  17.87  21.47  22.96  73    15   118  3.8
 13  4652 J5  1175  3539 J6   576  2301 J5   622  9102 16524  5.8  5.3  3.77  0.15  29.41  22.77  25.93  27.11  72    44  2880  3.9
 1998
  1  3497 K4   937  4083 K6  2680  1471 K4   535  6622 15090  7.1  6.9  2.91  0.07  25.34  18.88  22.10  23.42  73     6   123  4.7
  2  4040 K4  1499  4386 K6  3086  1595 K4   583  7833 15761  5.2  4.9  2.44  0.08  25.53  17.65  21.75  23.37  72    13   104  5.3
  3  5303 K4  1470  5357 K6  3007  1916 K4   700  9269 16544  5.6  5.1  2.47  0.11  25.56  18.53  21.99  23.18  67    10   125  5.7
  4  6606 K4   996  6121 K6  1853  2244 K4   512 10443 17297  4.9  4.8  2.33  0.15  28.97  22.05  25.36  26.58  63     0   215  5.4
  5  6614 K4  1558  5658 K6  2568  2361 K4   567 11093 17886  4.3  3.9  3.09  0.19  32.14  24.12  27.87  29.23  69     0   304  3.4
  6  6871 K4   742  5702 K6  1552  2559 K4   417 11292 18138  5.5  4.9  4.19  0.21  34.51  27.26  30.62  31.77  70     0   377  3.3
  7  6325 K4  1183  5003 K6  1853  2549 K4   401 11138 17912  5.8  5.1  4.63  0.23  33.84  27.26  30.27  31.21  73     0   379  3.1
  8  6176 K4  1042  5103 K6  1644  2386 K4   376 10595 17308  5.8  5.4  4.77  0.22  33.45  27.04  29.92  30.98  74     0   369  3.3
  9  4646 K4  1504  3635 K6  2235  2147 K4   371  9600 16569  7.6  6.7  4.77  0.19  30.97  25.74  28.09  28.97  77     0   301  4.1
 10  4612 K4  1023  4731 K6  1863  1798 K4   327  8232 15811  6.3  5.8  3.71  0.14  29.61  24.55  26.90  27.96  72     0   271  4.7
 11  3857 K4   955  4730 K6  2046  1417 K4   330  6895 15145  5.6  5.2  2.88  0.11  27.29  21.57  24.38  25.53  81     0   183  3.9
 12  3573 K4   583  4636 K6  1684  1339 K4   298  6216 14822  5.6  5.2  2.68  0.08  25.88  19.87  22.77  23.99  73     8   149  4.3
 13  5176 K4  1291  4929 K6   715  1982 K4   451  9102 16524  5.8  5.3  3.40  0.15  29.43  22.88  26.00  27.18  72    37  2900  4.3
 1999
  1  3594 K4   998  4630 K6  2122  1327 K4   351  6614 15086  5.5  5.3  2.35  0.07  24.51  17.90  21.24  22.53  71    24   113  4.8
  2  4868 K4   906  6050 K6  2081  1423 K4   435  7821 15753  3.8  3.7  2.07  0.08  24.86  16.04  20.40  22.15  69    15    75  3.9
  3  5807 K4  1002  6152 K6  2090  1890 K4   510  9256 16538  3.8  3.6  1.87  0.11  25.39  16.61  21.17  22.80  64     7    89  4.3
  4  6621 K4  1163  6444 K6  1961  2019 K4   385 10435 17284  4.5  4.4  2.70  0.15  28.84  20.90  24.70  26.09  66     0   196  4.0
  5  6463 K4  1185  5426 K6  1854  2419 K4   382 11089 17880  4.9  4.4  3.07  0.19  29.19  21.77  25.50  26.64  71     0   222  3.8
  6  4713 K4  1404  2793 K6  1591  2603 K4   387 11292 18138  8.2  6.8  4.63  0.21  29.27  23.87  26.43  27.06  81     0   247  3.3
  7  6417 K4  1085  5078 K6  1689  2620 K4   313 11141 17913  6.2  5.3  4.18  0.23  31.36  25.81  28.49  29.40  72     0   318  3.6
  8  5161 K4  1532  3749 K6  1908  2423 K4   328 10602 17315  6.8  6.1  4.84  0.22  31.71  25.29  28.12  29.07  78     0   315  2.9
  9  4688 K4  1503  3681 K6  2132  2109 K4   387  9611 16578  6.5  5.7  4.55  0.19  30.87  24.53  27.49  28.57  77     0   281  3.6
 10  4058 K4  1307  3626 K6  2306  1842 K4   383  8244 15820  6.4  6.0  3.83  0.14  28.62  23.39  26.00  26.93  74     0   238  5.0
 11  3761 K4   751  4210 K6  1979  1585 K4   372  6905 15151  5.1  4.9  2.55  0.11  26.17  20.35  23.26  24.39  70     0   148  5.4
 12  3240 K4   769  3965 K6  2300  1378 K4   393  6218 14822  5.5  5.4  2.39  0.08  24.60  17.61  20.98  22.59  79    18   104  3.7
 13  4949 K4  1172  4650 K6  1173  1970 K4   475  9102 16523  5.6  5.1  3.25  0.15  27.95  21.17  24.48  25.68  73    64  2346  4.0
 2000
  1  3780 K4   828  5339 K6  2082  1173 K4   376  6607 15080  3.8  3.7  2.03  0.07  24.17  16.64  20.39  22.15  74    24    88  4.2
  2  4614 K4  1251  5532 K6  2464  1480 K4   479  7833 15761  4.7  4.6  2.08  0.08  24.56  17.50  21.02  22.43  73    10    89  4.2
  3  5663 K4  1120  5752 K6  2135  1987 K4   461  9290 16557  5.0  4.8  2.54  0.11  27.59  20.62  24.01  25.32  66     0   179  4.4
  4  6254 K4  1512  5617 K6  2237  2230 K4   417 10456 17302  4.4  4.2  2.41  0.15  28.52  20.82  24.56  25.89  63     0   190  4.4
  5  6772 K4   807  5609 K6  1415  2597 K4   391 11098 17887  4.4  4.2  3.03  0.19  29.30  23.35  26.25  27.23  68     0   248  4.3
  6  6440 K4  1059  4964 K6  1575  2644 K4   363 11292 18137  5.0  4.5  4.28  0.21  30.30  24.70  27.47  28.32  76     0   275  3.8
  7  5707 K4  1262  3932 K6  1754  2737 K4   336 11133 17907  5.5  4.6  4.88  0.23  31.54  25.06  27.84  28.78  77     0   309  2.8
  8  5606 K4  1102  4174 K6  1541  2475 K4   295 10584 17298  5.1  4.5  4.65  0.21  31.40  25.23  28.10  29.00  76     0   309  3.5
  9  5254 K4  1103  4491 K6  1795  2163 K4   298  9582 16561  6.0  5.2  4.97  0.18  30.97  25.52  28.11  29.18  79     0   298  3.2
 10  4267 K4  1136  4165 K6  1901  1740 K4   392  8210 15810  5.4  5.1  3.29  0.14  28.24  22.15  25.02  26.19  72     0   213  4.9
 11  3847 K4   927  4530 K6  1999  1456 K4   287  6878 15142  5.1  4.9  2.66  0.10  26.39  19.00  22.70  24.09  73     4   135  4.1
 12  3097 K4   888  3441 K6  2122  1451 K4   377  6214 14819  6.2  6.0  2.51  0.08  23.42  16.71  20.23  21.49  77    34    87  4.8
 13  5108 K4  1173  4796 K6   777  2011 K4   543  9098 16522  5.0  4.7  3.28  0.15  28.03  21.44  24.64  25.84  73    71  2419  4.1
 2001
  1  4034 K4   787  5896 K6  1907  1072 K4   369  6630 15096  3.9  3.7  1.83  0.07  21.76  11.81  16.86  19.01  74    82    34  3.9
  2  4962 K4   783  6284 K6  1675  1384 K4   382  7848 15772  4.5  4.4  2.60  0.08  25.97  20.05  22.97  24.19  80     1   132  4.4
  3  5344 K4  1254  5444 K6  2467  1927 K4   513  9282 16552  4.4  4.2  2.55  0.11  26.64  18.18  22.43  23.99  74     6   132  4.4
  4  6125 K4  1357  5580 K6  2264  2193 K4   492 10453 17304  4.7  4.6  2.63  0.15  27.14  20.98  24.04  25.17  69     0   172  5.1
  5  6130 K4  1734  4812 K6  2543  2507 K4   437 11098 17890  5.5  4.9  3.37  0.19  28.23  22.52  25.22  26.17  76     0   218  4.7
  6  5863 K4  1474  4402 K6  1825  2478 K4   297 11293 18141  5.3  4.4  4.36  0.21  31.10  24.71  27.49  28.40  85     0   287  3.2
  7  5798 K4  1626  4332 K6  2267  2555 K4   379 11135 17908  5.5  4.7  4.77  0.23  31.00  24.61  27.63  28.58  86     0   294  3.4
  8  5555 K4  1587  4249 K6  2071  2392 K4   331 10587 17296  5.8  5.0  4.87  0.22  31.58  25.92  28.66  29.56  82     0   323  3.3
  9  4465 K4  1583  3438 K6  2336  2161 K4   386  9587 16562  6.6  5.9  4.78  0.19  29.99  24.41  27.04  28.00  79     0   266  3.2
 10  4043 K4  1309  3484 K6  2137  1874 K4   288  8217 15806  7.3  6.5  3.99  0.14  28.49  23.50  25.85  26.78  75     0   238  5.3
 11  3792 K4   868  4401 K6  2047  1456 K4   402  6884 15139  5.6  5.4  2.74  0.11  26.07  20.60  23.19  24.29  73     0   150  4.8
 12  3345 K4   802  4249 K6  1868  1311 K4   304  6215 14819  6.2  6.0  2.74  0.08  25.51  20.09  22.56  23.88  75     8   147  4.4
 13  4955 K4   984  4714 K6   908  1943 K4   523  9102 16524  5.4  5.0  3.44  0.15  27.79  21.45  24.49  25.67  77    97  2393  4.2
 2002
  1  3836 K4   935  5460 K6  2227  1165 K4   373  6623 15091  4.3  4.2  2.65  0.07  24.14  16.70  20.50  22.19  83    36   100  3.7
  2  4113 K4  1168  4258 K6  2544  1731 K4   499  7835 15763  6.0  5.7  3.00  0.08  24.38  16.92  20.67  22.02  84    10    75  4.1
  3  5461 K4  1621  5809 K6  2580  1783 K4   395  9270 16544  5.3  5.2  2.93  0.11  26.70  20.61  23.66  24.74  74     3   168  4.9
  4  6743 K4   896  6298 K6  1718  2170 K4   449 10444 17298  4.4  4.3  3.17  0.15  28.38  22.59  25.27  26.38  66     0   215  4.6
  5  6476 K4  1228  5106 K6  1985  2649 K4   422 11094 17886  5.1  4.9  3.54  0.19  29.31  24.11  26.52  27.42  71     0   260  4.8
  6  4518 K4  1914  2586 K6  2225  2588 K4   448 11292 18138  7.5  6.7  4.93  0.21  29.27  23.99  26.61  27.25  83     0   249  3.3
  7  5752 K4  1351  4108 K6  1895  2691 K4   303 11138 17912  5.7  5.0  4.91  0.23  30.49  25.15  27.68  28.39  83     0   294  2.9
  8  5698 K4  1117  4250 K6  1630  2527 K4   336 10594 17304  5.5  5.0  4.80  0.22  31.37  25.32  28.16  29.08  77     0   310  3.3
  9  5080 K4   992  4118 K6  1631  2252 K4   288  9598 16569  6.4  5.7  5.16  0.19  30.69  25.47  28.01  28.91  81     0   293  3.8
 10  4848 K4   699  4988 K6  1473  1809 K4   367  8230 15810  4.7  4.5  4.28  0.14  30.03  24.28  27.06  28.26  77     0   274  3.3
 11  3709 K4   965  4259 K6  2179  1497 K4   358  6894 15144  5.2  5.0  3.18  0.11  26.37  18.54  22.63  24.00  73     7   131  3.9
 12  3170 K4   764  3695 K6  2018  1419 K4   309  6216 14822  5.9  5.6  2.93  0.08  24.63  16.70  20.87  22.45  77    20    92  4.4
 13  4950 K4  1123  4578 K6  1009  2023 K4   527  9102 16523  5.5  5.1  3.79  0.15  27.98  21.70  24.80  25.92  77    75  2461  3.9
 2003
  1  3786 K4   936  5238 K6  2337  1187 K4   398  6615 15087  4.3  4.1  2.07  0.07  21.59  11.59  16.61  18.97  73    75    21  3.7
  2  4672 K4   933  5622 K6  2179  1524 K4   492  7822 15755  4.1  4.0  2.89  0.08  26.17  18.15  22.04  23.74  74     3   110  3.6
  3  5104 K4  1116  4649 K6  2074  2140 K4   414  9258 16538  5.2  5.0  3.39  0.11  28.87  21.29  24.84  26.29  75     3   213  3.5
  4  5989 K4  1618  5285 K6  2340  2193 K4   424 10436 17289  5.2  4.9  3.01  0.15  27.10  20.45  23.81  24.83  71     2   165  4.2
  5  6280 K4  1276  4991 K6  1963  2532 K4   384 11090 17881  5.1  4.6  4.02  0.19  29.89  23.85  26.72  27.73  81     0   265  3.6
  6  5321 K4  1366  3580 K6  1697  2637 K4   335 11292 18138  6.6  5.8  4.90  0.21  30.37  24.92  27.39  28.07  82     0   279  3.4
  7  6081 K4  1182  4654 K6  1599  2622 K4   292 11140 17913  5.2  4.7  4.59  0.23  31.43  26.00  28.65  29.46  76     0   322  3.8
  8  5175 K4  1223  3641 K6  1558  2467 K4   260 10601 17313  6.2  5.5  5.09  0.22  31.25  25.61  28.21  29.00  78     0   313  3.5
  9  4681 K4  1335  3717 K6  2063  2183 K4   378  9609 16578  5.7  5.1  4.94  0.19  30.90  25.13  27.76  28.87  80     0   291  3.3
 10  4587 K4   959  4579 K6  1952  1832 K4   389  8243 15819  4.7  4.5  3.93  0.14  29.84  23.97  26.85  28.08  74     0   266  4.3
 11  3654 K4   982  4183 K6  1941  1483 K4   301  6904 15150  5.8  5.6  3.36  0.11  27.44  21.80  24.69  25.60  74     2   191  5.1
 12  3151 K4   964  3872 K6  2176  1293 K4   317  6218 14822  5.4  5.3  2.37  0.08  23.40  15.44  19.70  21.19  70    32    66  4.6
 13  4873 K4   992  4501 K6   701  2008 K4   528  9102 16524  5.3  4.9  3.71  0.15  28.19  21.52  24.77  25.99  76   118  2501  3.9
 2004
  1  3511 K4  1029  4699 K6  2554  1224 K4   439  6608 15081  4.6  4.5  2.44  0.07  23.67  15.07  19.38  21.23  73    23    56  3.8
  2  4190 K4  1120  4556 K6  2492  1643 K4   469  7835 15762  4.8  4.6  2.63  0.08  25.31  17.32  21.31  22.80  76    16   102  4.1
  3  5563 K4   945  5659 K6  1954  1945 K4   451  9291 16557  5.1  4.9  2.34  0.11  26.02  19.50  22.56  23.84  73     1   139  5.6
  4  6407 K4  1333  5939 K6  2209  2129 K4   479 10457 17302  4.6  4.4  2.65  0.15  26.83  19.58  23.15  24.48  70     1   147  4.9
  5  7097 K4   807  6300 K6  1442  2369 K4   341 11098 17888  4.6  4.5  3.12  0.19  28.87  23.80  26.15  27.04  71     0   248  5.5
  6  6523 K4   961  5279 K6  1308  2521 K4   228 11292 18137  4.8  4.4  4.53  0.21  31.69  26.27  28.72  29.58  79     0   320  3.7
  7  6236 K4  1235  4879 K6  1629  2579 K4   303 11133 17905  4.9  4.5  4.69  0.23  31.73  25.61  28.39  29.31  78     0   321  3.1
  8  5203 K4  1280  3771 K6  1777  2441 K4   338 10583 17298  6.0  5.3  5.19  0.21  31.62  25.61  28.31  29.25  84     0   319  3.0
  9  4428 K4  1604  3357 K6  2301  2178 K4   414  9580 16560  6.1  5.6  4.95  0.18  30.36  25.69  27.78  28.62  83     0   291  5.7
 10  4645 K4   851  4664 K6  1703  1775 K4   314  8208 15808  5.2  4.9  3.69  0.14  29.11  23.75  26.27  27.35  76     0   251  4.4
 11  3865 K4   843  4668 K6  1895  1424 K4   305  6877 15141  5.0  4.9  2.87  0.10  26.93  20.92  23.92  25.01  74     0   168  4.6
 12  3313 K4   880  4087 K6  2225  1315 K4   356  6214 14819  5.3  5.2  2.66  0.08  23.87  16.35  20.24  21.66  73    29    84  4.5
 13  5082 K4  1278  4821 K6   867  1962 K4   482  9098 16521  5.1  4.8  3.48  0.15  28.00  21.62  24.68  25.85  76    70  2445  4.4
 2005
  1  3873 K4   692  5483 K6  2120  1150 K4   420  6631 15096  4.8  4.7  2.44  0.07  23.60  16.52  19.91  21.49  71    31    84  4.7
  2  4361 K4  1184  5091 K6  2621  1477 K4   453  7849 15773  4.7  4.5  2.63  0.08  23.97  16.21  20.15  21.71  67    17    67  4.1
  3  5375 K4  1602  5501 K6  2817  1824 K4   572  9284 16552  4.4  4.2  2.77  0.11  25.30  17.24  21.18  22.66  70    11   102  4.0
  4  6473 K4  1391  6200 K6  2309  2071 K4   513 10454 17305  3.6  3.5  2.41  0.15  26.47  18.69  22.64  23.98  66     0   128  4.7
  5  6301 K4  1542  5033 K6  2345  2528 K4   531 11099 17891  4.5  4.2  3.44  0.19  28.67  22.47  25.42  26.46  72     0   225  4.2
  6  4838 K4  1791  2915 K6  2258  2642 K4   494 11293 18141  7.2  6.2  4.95  0.21  29.51  23.71  26.60  27.31  83     0   248  3.7
  7  6373 K4  1163  5069 K6  1672  2542 K4   270 11134 17908  4.7  4.3  4.84  0.23  31.64  26.12  28.70  29.52  76     0   327  3.9
  8  6125 K4  1294  5162 K6  1707  2287 K4   330 10586 17294  4.9  4.5  5.15  0.22  31.80  26.18  28.95  29.84  75     0   330  3.4
  9  5208 K4  1351  4608 K6  2228  2082 K4   383  9586 16561  5.2  4.8  4.88  0.19  30.92  25.24  27.94  29.02  75     0   293  4.1
 10  4124 K4  1294  3861 K6  2318  1822 K4   394  8216 15804  6.0  5.5  4.31  0.14  28.57  22.81  25.72  26.74  75     2   230  4.8
 11  3845 K4   910  4487 K6  2078  1482 K4   348  6883 15138  5.1  5.0  3.17  0.11  26.40  20.68  23.57  24.58  73     3   159  4.8
 12  3503 K4   853  4766 K6  2310  1197 K4   363  6214 14819  4.3  4.2  2.63  0.08  23.90  16.08  19.89  21.61  72    20    72  3.8
 13  5033 K4  1097  4848 K6   842  1925 K4   521  9102 16523  4.9  4.6  3.63  0.15  27.56  21.00  24.22  25.41  73    84  2264  4.2
 2006
  1  3912 K4   610  5408 K6  1978  1239 K4   450  6624 15094  4.6  4.5  2.33  0.07  23.75  16.69  20.29  21.70  69    26    85  4.9
  2  4637 K4  1260  5758 K6  2698  1363 K4   473  7837 15766  3.8  3.7  2.20  0.08  23.24  14.72  19.17  20.70  67    35    53  3.9
  3  5821 K4   899  6325 K6  1772  1815 K4   414  9272 16545  3.6  3.5  2.29  0.11  25.57  18.02  21.75  23.23  62     7   114  4.6
  4  6724 K4   797  6445 K6  1663  2071 K4   455 10446 17299  3.6  3.5  2.71  0.15  29.06  21.62  25.15  26.53  61     0   210  4.6
  5  6285 K4  1706  5197 K6  2530  2414 K4   485 11095 17887  2.8  2.6  3.41  0.19  29.83  22.42  26.15  27.28  64     0   242  3.3
  6  5719 K4  1594  4219 K6  2061  2577 K4   405 11292 18139  3.8  3.5  4.48  0.21  31.17  25.80  28.26  29.03  68     0   305  3.6
  7  5732 K4  1585  4125 K6  2053  2559 K4   347 11137 17912  3.8  3.5  4.76  0.23  31.23  25.86  28.37  29.09  70     0   317  3.5
  8  5623 K4  1174  4307 K6  1694  2463 K4   311 10593 17302  3.7  3.4  4.89  0.22  31.85  25.99  28.80  29.71  70     0   328  3.3
  9  4848 K4  1277  4145 K6  2010  2037 K4   358  9597 16568  3.9  3.5  4.76  0.19  31.06  25.34  27.94  28.97  70     0   296  2.5
 10  4850 K4   891  5056 K6  1629  1739 K4   334  8228 15810  3.7  3.6  3.72  0.14  30.03  23.71  26.79  28.05  62     0   265  4.3
 11  3478 K4  1045  3786 K6  2349  1530 K4   415  6893 15144  4.4  4.2  2.94  0.11  26.15  19.59  22.83  24.02  63    12   149  4.6
 12  3081 K4  1013  3517 K6  2277  1379 K4   319  6216 14822  6.1  5.9  3.55  0.08  25.88  21.82  23.71  24.50  68     2   173  5.3
 13  5059 K4  1130  4857 K6   984  1932 K4   493  9102 16524  4.0  3.8  3.50  0.15  28.24  21.80  24.93  26.07  66    82  2537  4.0
 2007
  1  3770 K4   821  5002 K6  2082  1296 K4   420  6616 15087  4.8  4.6  2.92  0.07  25.63  19.68  22.60  23.83  65     9   143  4.6
  2  4106 K4  1406  4517 K6  2862  1542 K4   534  7824 15756  4.8  4.4  2.82  0.08  24.68  16.84  20.68  22.11  64    22    90  4.2
  3  5434 K4  1027  5321 K6  2075  1972 K4   476  9259 16539  4.8  4.6  2.54  0.11  26.16  20.43  23.14  24.17  58     0   154  5.8
  4  6288 K4  1513  5842 K6  2304  2115 K4   435 10437 17290  3.6  3.4  2.74  0.15  27.61  20.30  24.00  25.24  58     0   169  4.7
  5  6404 K4   914  4837 K6  1684  2718 K4   442 11090 17882  4.4  4.2  3.36  0.19  29.13  23.07  25.99  26.91  61     0   241  5.7
  6  5713 K4  1734  4291 K6  2272  2441 K4   347 11292 18138  4.1  3.7  4.50  0.21  30.76  24.40  27.48  28.31  69     0   278  3.7
  7  5913 K4  1356  4585 K6  1885  2490 K4   329 11140 17913  3.1  2.9  4.87  0.23  32.17  25.93  28.71  29.61  69     0   332  2.8
  8  6096 K4  1082  5107 K6  1564  2333 K4   301 10600 17313  3.0  2.9  4.59  0.22  32.48  26.95  29.58  30.52  66     0   353  3.5
  9  5063 K4  1585  4367 K6  2159  2034 K4   347  9608 16577  3.9  3.8  4.81  0.19  31.67  25.71  28.58  29.68  68     0   311  3.7
 10  4114 K4  1125  3588 K6  1802  1897 K4   334  8241 15818  5.4  5.2  4.73  0.14  30.13  26.03  27.92  28.65  70     0   302  5.5
 11  3970 K4   736  4828 K6  1748  1429 K4   310  6903 15150  4.5  4.3  3.06  0.11  27.15  20.47  23.74  25.14  62     0   164  4.5
 12  3658 K4   555  5032 K6  1637  1248 K4   313  6218 14821  4.3  4.2  3.14  0.08  26.88  20.32  23.64  25.02  68     3   167  4.1
 13  5044 K4  1058  4777 K6   571  1960 K4   492  9102 16524  4.2  4.0  3.67  0.15  28.70  22.51  25.51  26.60  65    35  2704  4.4
 2008
  1  3588 K4  1010  4654 K6  2405  1260 K4   375  6609 15082  5.3  5.0  2.81  0.07  24.69  17.69  21.19  22.54  64    17   106  4.6
  2  4229 K4  1246  4667 K6  2370  1570 K4   422  7836 15762  4.9  4.7  2.88  0.08  26.61  19.62  22.98  24.14  66     5   144  4.2
  3  5122 K4  1302  4756 K6  2155  2109 K4   438  9293 16557  4.9  4.6  2.87  0.11  26.73  19.99  23.30  24.42  62     2   158  5.0
  4  6417 K4  1056  5783 K6  1782  2239 K4   397 10458 17302  4.4  4.2  2.80  0.15  27.87  21.20  24.41  25.60  59     1   187  4.9
  5  6732 K4   829  5678 K6  1403  2573 K4   385 11099 17888  3.3  3.1  3.39  0.19  31.04  24.05  27.31  28.48  59     0   286  4.8
  6  6102 K4  1198  4615 K6  1524  2548 K4   298 11292 18138  3.4  3.3  4.38  0.21  31.58  26.01  28.54  29.34  67     0   314  3.9
  7  6022 K4  1374  4617 K6  1892  2536 K4   326 11132 17903  3.2  3.1  4.67  0.23  31.79  25.31  28.35  29.34  68     0   317  3.0
  8  5198 K4  1572  3778 K6  1999  2394 K4   353 10582 17297  3.6  3.3  5.03  0.21  32.56  26.32  29.06  29.94  68     0   344  3.7
  9  4988 K4  1432  4108 K6  2272  2108 K4   409  9579 16559  4.6  4.2  4.75  0.18  31.30  26.74  28.76  29.59  68     0   321  4.9
 10  4152 K4  1299  3927 K6  2355  1782 K4   407  8206 15806  4.8  4.3  3.93  0.14  28.94  23.83  26.26  27.17  67     1   251  4.9
 11  4001 K4   699  5060 K6  1802  1424 K4   372  6876 15140  3.7  3.6  2.59  0.10  26.36  18.28  22.23  23.83  64     2   122  4.4
 12  3234 K4   937  4146 K6  2255  1280 K4   301  6214 14819  5.1  5.0  2.55  0.08  25.61  18.90  22.19  23.68  68     4   126  4.5
 13  4982 K4  1158  4649 K6   629  1985 K4   503  9098 16521  4.3  4.0  3.56  0.15  28.76  22.33  25.38  26.51  65    33  2675  4.4
 2009
  1  3807 K4   851  5380 K6  2289  1230 K4   425  6632 15097  3.6  3.6  2.21  0.07  24.39  15.52  19.94  22.07  64    25    75  4.2
  2  4792 K4   995  5865 K6  2254  1457 K4   426  7851 15774  4.4  4.0  2.09  0.08  24.35  16.36  20.25  21.81  59    22    79  4.7
  3  5292 K4  1226  5230 K6  2359  1939 K4   495  9286 16553  5.2  5.1  2.46  0.11  25.84  19.41  22.39  23.58  63     9   142  5.0
  4  6406 K4  1161  6035 K6  2289  2128 K4   612 10455 17306  3.8  3.7  2.58  0.15  28.37  21.72  24.87  26.08  61     2   203  5.1
  5  6141 K4  1392  5085 K6  1944  2387 K4   356 11099 17891  4.0  3.8  3.61  0.19  29.60  23.67  26.44  27.35  72     0   257  4.2
  6  5802 K4  1429  4276 K6  1959  2549 K4   364 11293 18141  3.9  3.5  4.67  0.21  32.15  24.93  28.01  29.00  74     0   306  2.8
  7  5766 K4  1461  4327 K6  1878  2536 K4   292 11134 17908  3.1  3.0  4.81  0.23  32.63  25.72  29.01  30.05  73     0   336  2.6
  8  5924 K4  1130  4667 K6  1555  2430 K4   222 10585 17294  3.6  3.4  4.85  0.22  31.95  26.23  29.02  30.00  75     0   334  3.5
  9  4823 K4  1053  3798 K6  1678  2168 K4   296  9584 16557  4.2  3.9  5.20  0.19  30.21  24.17  27.02  28.04  82     0   266  2.7
 10  4907 K4   723  5109 K6  1387  1772 K4   273  8214 15803  4.1  3.9  4.20  0.14  29.95  23.65  26.66  27.88  76     1   264  3.8
 11  3769 K4   855  4278 K6  2003  1541 K4   352  6882 15138  4.6  4.3  2.95  0.11  27.39  20.51  23.86  25.20  67     4   172  3.8
 12  3118 K4   932  3802 K6  2130  1324 K4   295  6214 14820  4.9  4.8  3.24  0.08  25.86  18.81  22.38  23.74  75    12   137  4.0
 13  5045 K4  1044  4821 K6   747  1955 K4   482  9103 16523  4.1  3.9  3.57  0.15  28.56  21.72  24.99  26.23  70    74  2571  3.9
 2010
  1  3501 K4  1077  4616 K6  2788  1241 K4   493  6625 15094  4.0  3.8  2.13  0.07  21.48  12.98  17.03  18.66  65    96    62  4.3
  2  4263 K4  1361  4899 K6  2878  1512 K4   513  7838 15766  4.2  4.0  2.13  0.08  21.54  13.19  17.45  18.82  67    68    41  4.2
  3  4983 K4  1734  5263 K6  2969  1736 K4   450  9273 16545  4.0  3.7  2.14  0.11  23.06  14.75  19.13  20.55  67    32    50  4.3
  4  5594 K4  1893  4830 K6  2917  2164 K4   543 10447 17300  5.1  4.9  2.71  0.15  26.52  21.07  23.70  24.62  69     0   164  4.8
  5  6434 K4  1326  5319 K6  2006  2488 K4   360 11095 17888  4.4  4.3  3.73  0.19  29.85  24.44  26.98  27.92  74     0   273  4.2
  6  6542 K4  1060  5493 K6  1490  2428 K4   299 11292 18139  3.8  3.5  4.74  0.21  32.26  26.46  29.21  30.07  74     0   331  3.9
  7  6127 K4  1349  4754 K6  1956  2535 K4   291 11137 17911  3.9  3.6  4.89  0.23  31.75  26.34  28.98  29.72  76     0   332  4.0
  8  5702 K4  1641  4675 K6  2455  2244 K4   402 10592 17299  4.6  4.0  5.35  0.22  31.86  25.88  28.58  29.58  81     0   327  2.8
  9  5013 K4  1589  4436 K6  2188  1967 K4   320  9595 16568  4.6  4.1  4.86  0.19  30.36  25.69  27.78  28.62  83     0   291  3.2
 10  4575 K4  1286  4963 K6  2346  1585 K4   346  8227 15809  5.3  4.9  3.47  0.14  29.11  23.75  26.27  27.35  76     0   251  5.3
 11  3713 K4  1117  4623 K6  2504  1279 K4   340  6892 15144  3.5  3.1  2.84  0.11  26.93  20.92  23.92  25.01  74     0   168  4.8
 12  3787 K4   782  5979 K6  2025   930 K4   306  6216 14822  4.2  4.0  1.69  0.08  23.87  16.35  20.24  21.66  73    29    84  4.4
 13  5020 K4  1072  4988 K6   446  1842 K4   541  9102 16524  4.3  4.0  3.39  0.15  27.38  20.98  24.11  25.22  73   225  2373  4.2
