703500 KODIAK AIRPORT         AK  -9  N57 45  W152 30     5  1012
 1991-2010
 MO AVGLO FL SDGLO AVDIR FL SDDIR AVDIF FL SDDIF AVETR AETRN  TOT  OPQ   H2O   TAU  MAX_T  MIN_T  AVG_T  AVGDT  RH  HTDD  CLDD AVWS
  1   416 J7    62   845 J8   380   286 J7    18  1371 10310  7.2  6.8  0.80  0.07   1.37  -3.24  -0.67  -0.10  77   597     0  5.3
  2   945 J7   123  1316 J8   484   600 J7    44  2874 13147  7.2  6.8  0.79  0.10   2.00  -2.79  -0.18   0.56  78   529     0  5.1
  3  2056 J7   283  2445 J8   858  1109 J7    82  5305 16329  6.7  6.3  0.71  0.12   2.72  -2.76   0.12   0.99  71   569     0  5.6
  4  2834 J7   451  2152 J8   843  1758 J7   117  8099 19463  7.6  7.3  0.93  0.14   6.02   0.67   3.48   4.23  76   450     0  5.1
  5  4057 J7   682  3236 J8  1246  2217 J7   124 10390 22209  7.4  6.7  1.18  0.14   9.95   4.07   7.15   7.79  76   351     0  4.6
  6  4170 J7   549  2915 J8  1006  2446 J7   143 11446 23678  7.9  7.3  1.65  0.14  12.69   7.25  10.06  10.53  81   251     0  4.0
  7  3910 J7   337  2675 J8   534  2359 J7   141 10839 22762  8.1  7.5  2.12  0.11  15.11   9.88  12.46  12.94  84   182     1  3.5
  8  3594 J7   319  3191 J8   705  1933 J7    77  8824 20165  7.3  6.6  2.06  0.09  16.01   9.84  12.93  13.74  80   168     0  3.8
  9  2410 J7   306  2558 J8   792  1340 J7    67  6160 17146  7.1  6.7  1.59  0.06  12.87   6.57   9.89  10.96  79   258     0  4.3
 10  1383 J7   121  2116 J8   526   770 J7    63  3561 14010  6.9  6.2  1.12  0.05   7.95   1.93   5.19   6.28  75   415     0  4.9
 11   614 J7    75  1346 J8   442   376 J7    25  1707 10996  6.8  6.3  0.87  0.04   3.99  -1.27   1.62   2.40  74   509     0  5.4
 12   307 J7    36   843 J8   316   207 J7    14   974  9258  7.1  6.7  0.78  0.05   1.77  -3.31  -0.53  -0.17  76   592     0  5.7
 13  2225 J7   116  2137 J8   260  1283 J7    51  5963 16623  7.3  6.8  1.22  0.09   7.70   2.24   5.13   5.85  77  4871     2  4.8
 1991
  1   438 I5   271  1000 I6  1207   274 I5   117  1365 10292  6.8  6.3  0.87  0.06   1.93  -3.65  -0.74   0.26  80   595     0  5.4
  2   849 I5   493  1280 I6  1656   528 I5   151  2851 13111  7.2  7.0  0.76  0.08  -0.04  -5.10  -2.39  -1.54  82   585     0  5.2
  3  2399 I5   821  3394 I6  2375  1090 I5   383  5264 16279  5.5  4.8  0.73  0.11   4.86  -3.14   0.78   2.18  66   542     0  5.1
  4  2341 I5   952  1121 I6  1461  1765 I5   342  8059 19418  9.0  8.8  0.98  0.13   5.89   1.67   3.78   4.31  81   436     0  5.7
  5  3336 I5  2089  2285 I6  3856  2051 I5   495 10362 22170  8.1  7.8  1.18  0.13   9.52   4.53   7.03   7.53  80   351     0  5.9
  6  3825 I5  2240  2766 I6  3812  2175 I5   484 11442 23673  8.1  7.5  1.78  0.13  12.31   7.12   9.57  10.01  86   258     0  4.4
  7  3548 I5  1822  2406 I6  3375  2190 I5   485 10860 22792  8.3  7.8  2.04  0.11  14.65   9.28  11.84  12.27  88   197     0  3.3
  8  3459 I5  1469  3016 I6  2946  1841 I5   426  8862 20210  7.4  6.7  1.88  0.12  15.21   9.30  12.22  12.99  80   188     0  4.4
  9  2047 I5  1049  1697 I6  2335  1301 I5   310  6202 17193  7.8  7.5  1.67  0.12  12.81   7.56  10.27  11.17  85   244     0  5.0
 10  1351 I5   714  1933 I6  1926   737 I5   258  3596 14056  5.9  5.5  1.13  0.13   8.78   2.13   5.67   7.02  76   399     0  4.6
 11   415 I5   189   493 I6   832   327 I5    85  1727 11039  7.4  7.2  1.11  0.15   5.18   1.01   3.22   3.84  85   457     0  6.3
 12   256 I5    78   273 I7   403   220 I5    44   976  9267  6.4  6.0  0.79  0.18   2.19  -3.96  -0.48   0.19  73   596     0  4.8
 13  2022 I5  1337  1806 I6  1000  1208 I5   778  5964 16625  7.3  6.9  1.24  0.12   7.77   2.23   5.06   5.85  80  4850     0  5.0
 1992
  1   309 I5   111   115 I6   200   289 I5    91  1357 10276  7.9  7.7  0.82  0.22   2.79  -1.24   1.00   1.45  82   544     0  5.1
  2   986 I5   424  1141 I6  1092   668 I5   184  2871 13138  5.1  4.8  0.60  0.26   0.34  -5.00  -2.11  -1.09  66   599     0  5.0
  3  1942 I5   934  1669 I6  1837  1240 I5   332  5332 16360  6.8  6.4  0.73  0.30   3.24  -2.75   0.33   1.31  76   561     0  4.3
  4  3366 I5  1137  2419 I6  2110  2082 I5   396  8124 19490  6.0  5.5  0.80  0.32   6.91   0.76   3.78   4.75  69   435     0  4.8
  5  4795 I5  2046  4057 I6  3116  2379 I5   563 10406 22232  5.6  4.6  1.08  0.30  10.53   3.22   7.14   7.99  67   355     0  5.4
  6  4227 I5  1945  2508 I6  2818  2682 I5   544 11448 23679  7.8  7.0  1.69  0.28  13.10   7.78  10.34  10.80  84   237     0  5.2
  7  4153 I5  1647  2511 I6  2578  2570 I5   495 10826 22745  8.4  7.6  2.11  0.24  15.39  10.39  12.55  13.05  88   169     0  3.9
  8  2979 I5  1287  1826 I6  2224  1972 I5   314  8801 20140  8.2  7.6  2.05  0.20  14.58   9.29  11.83  12.49  88   198     0  4.3
  9  2973 I5  1024  3709 I6  2445  1355 I5   402  6134 17119  4.8  4.0  1.24  0.16  12.11   3.75   7.92   9.51  64   312     0  5.6
 10  1249 I5   535  1434 I6  1252   819 I5   287  3538 13980  6.4  5.8  1.04  0.13   7.51   1.62   4.73   5.88  74   427     0  6.4
 11   576 I5   278  1042 I6  1065   373 I5   114  1694 10969  6.3  5.7  0.88  0.11   4.65  -0.57   2.17   3.13  76   489     0  5.9
 12   279 I5   119   609 I7   877   203 I5    48   972  9253  6.5  5.9  0.85  0.11   1.64  -3.36  -0.58  -0.14  74   595     0  5.8
 13  2319 I5  1635  1920 I6  1182  1386 I5   924  5959 16615  6.6  6.1  1.16  0.22   7.73   1.99   4.92   5.76  76  4920     0  5.1
 1993
  1   477 I5   201   949 I6   980   318 I5    69  1381 10334  6.1  4.9  0.71  0.12   0.15  -5.14  -2.26  -1.64  72   645     0  5.9
  2   790 I5   375  1017 I6  1329   539 I5   171  2887 13169  7.5  7.1  0.84  0.14   1.38  -2.61  -0.48   0.08  84   530     0  5.7
  3  1713 I5   900  1656 I6  2264  1071 I5   264  5312 16338  7.3  7.1  0.83  0.16   4.24  -0.54   2.07   2.90  78   511     0  6.7
  4  2363 I5  1245  1292 I6  2081  1676 I5   317  8106 19473  8.9  8.6  1.07  0.17   6.74   2.56   4.68   5.24  87   410     0  6.2
  5  3725 I5  2059  2553 I6  3293  2190 I5   382 10395 22212  7.8  7.3  1.39  0.17  11.00   5.48   8.15   8.71  84   313     0  4.5
  6  4068 I5  1984  2485 I6  3016  2505 I5   469 11447 23680  8.3  7.7  1.56  0.16  12.97   7.73  10.35  10.81  84   239     0  4.0
  7  4587 I5  1888  3845 I6  3491  2348 I5   503 10836 22755  7.1  6.1  2.09  0.14  17.23  10.63  13.93  14.66  80   142     5  3.9
  8  3416 I5  1614  2838 I6  3037  1853 I5   512  8818 20158  7.6  7.1  2.32  0.11  16.67  10.95  13.75  14.44  83   145     5  5.0
  9  2427 I5   970  2426 I6  2177  1370 I5   278  6153 17136  7.4  6.7  1.77  0.08  13.82   6.94  10.37  11.49  79   238     0  4.8
 10  1197 I5   507  1489 I6  1744   768 I5   255  3555 14003  7.5  6.5  1.39  0.06   8.90   2.75   5.99   7.10  81   388     0  5.3
 11   639 I5   313  1550 I6  1546   348 I5   113  1704 10991  6.3  5.6  1.00  0.05   6.00   0.18   3.41   4.39  72   457     0  6.1
 12   285 I5   109   582 I7   779   214 I5    58   973  9254  7.7  7.3  0.89  0.06   4.28  -0.73   2.01   2.56  82   513     0  6.4
 13  2141 I5  1518  1890 I6   946  1267 I5   839  5964 16625  7.5  6.8  1.32  0.12   8.61   3.18   6.00   6.73  80  4532    10  5.4
 1994
  1   315 I5   125   408 I6   673   260 I5    85  1373 10320  7.9  7.7  0.99  0.07   3.43  -0.58   1.61   2.25  88   524     0  5.6
  2  1097 I5   504  2060 I6  2059   580 I5   201  2870 13143  5.8  5.4  0.70  0.10   1.52  -3.49  -0.98  -0.19  69   541     0  7.5
  3  1944 I5  1108  2506 I6  2983   980 I5   281  5290 16312  6.7  6.5  0.78  0.12   1.69  -3.51  -0.75  -0.12  73   596     0  8.1
  4  2453 I5  1153  1596 I6  2520  1667 I5   330  8084 19446  8.3  8.0  1.00  0.14   6.17   1.09   3.55   4.22  82   441     0  5.9
  5  3197 I5  1419  1704 I6  2294  2235 I5   390 10380 22198  8.8  8.5  1.27  0.14   8.89   4.47   6.59   7.03  85   361     0  6.5
  6  4428 I5  2142  3628 I6  4068  2312 I5   502 11445 23678  7.3  6.6  1.76  0.14  14.11   7.46  10.88  11.50  81   226     0  4.7
  7  3564 I5  1905  2398 I6  3076  2142 I5   466 10847 22774  8.2  7.8  2.12  0.11  13.72   9.25  11.55  12.01  90   212     0  4.8
  8  4157 I5  1392  4501 I6  3300  1793 I5   536  8839 20182  6.5  5.5  2.26  0.09  17.37  10.24  13.78  14.76  79   141     1  4.6
  9  2369 I5   913  2480 I6  2539  1354 I5   365  6176 17162  7.0  6.4  1.47  0.06  13.00   5.93   9.46  10.76  83   266     0  4.9
 10  1376 I5   555  2080 I6  1850   778 I5   243  3574 14026  6.9  6.3  1.00  0.04   7.04   1.21   4.24   5.18  76   440     0  6.0
 11   654 I5   215  1716 I6  1345   367 I5   127  1715 11010  5.2  4.7  0.65  0.04   2.45  -2.99  -0.23   0.48  60   558     0  8.0
 12   273 I5   126   624 I7   999   195 I5    48   975  9259  7.6  7.2  0.74  0.04   0.97  -4.51  -1.34  -0.77  79   623     0  6.4
 13  2152 I5  1456  2142 I6  1131  1222 I5   797  5964 16626  7.2  6.7  1.23  0.09   7.53   2.05   4.86   5.59  79  4930     1  6.1
 1995
  1   417 I5   216   916 I6  1201   271 I5    97  1366 10294  7.4  6.8  0.75  0.06   1.89  -2.80  -0.36   0.54  83   582     0  4.7
  2   939 I5   530  1539 I6  1951   540 I5   157  2853 13116  7.2  6.9  0.78  0.08   2.20  -2.45  -0.01   0.91  78   517     0  5.4
  3  2343 I5   832  3619 I6  2589  1001 I5   294  5267 16284  5.2  4.7  0.58  0.11   1.82  -4.75  -1.39  -0.09  63   614     0  6.9
  4  2676 I5  1513  1953 I6  2910  1668 I5   382  8062 19421  8.3  7.9  1.09  0.13   7.39   2.24   4.70   5.38  82   405     0  5.0
  5  2709 I5  1332   977 I6  1667  2117 I5   495 10364 22173  9.1  8.9  1.31  0.13   7.99   4.35   6.18   6.54  90   377     0  4.4
  6  3567 I5  1932  2175 I6  3133  2228 I5   478 11442 23673  8.7  8.4  1.68  0.13  11.74   7.39   9.47   9.79  85   263     0  3.8
  7  3630 I5  1570  2226 I6  2649  2305 I5   449 10859 22790  8.5  8.0  2.25  0.11  14.78   9.29  11.80  12.30  88   195     0  3.2
  8  3679 I5  1633  3536 I6  3053  1854 I5   430  8859 20207  6.5  5.9  1.92  0.08  16.32   9.47  12.84  13.76  78   169     0  5.3
  9  1887 I5   995  1298 I6  1991  1331 I5   297  6199 17189  8.6  8.5  1.97  0.06  13.02   8.73  10.78  11.45  91   224     0  5.5
 10  1449 I5   658  2223 I6  2258   774 I5   284  3593 14054  7.0  6.5  1.17  0.04   8.89   2.44   5.81   7.06  78   393     0  6.2
 11   726 I5   346  2151 I6  1855   338 I5   153  1725 11034  5.1  4.9  0.69  0.03   3.41  -1.13   1.12   2.01  68   516     0  6.9
 12   235 I5   130   381 I7   883   189 I5    59   976  9267  8.6  8.4  0.99  0.04   3.07   0.09   1.54   1.65  85   519     0  7.6
 13  2021 I5  1268  1916 I6   982  1218 I5   801  5964 16625  7.5  7.2  1.27  0.08   7.71   2.74   5.21   5.94  81  4773     1  5.4
 1996
  1   417 I5   170   767 I6   978   298 I5    81  1358 10278  7.5  7.2  0.69  0.06   0.55  -3.50  -1.27  -0.77  77   614     0  5.4
  2   989 I5   581  1574 I6  1821   552 I5   195  2873 13141  7.0  6.6  0.74  0.08   1.48  -4.78  -1.23  -0.39  71   579     0  6.7
  3  2464 I5   984  3561 I6  2546  1077 I5   380  5335 16360  5.0  4.4  0.73  0.11   6.25  -0.94   2.60   4.02  70   486     0  4.9
  4  2253 I5  1287  1376 I6  2589  1580 I5   294  8127 19493  8.8  8.6  1.00  0.13   5.51   1.76   3.65   4.08  81   441     0  6.1
  5  5353 I5  1740  5753 I6  3790  2052 I5   555 10408 22234  6.0  4.5  1.15  0.13  12.46   4.54   8.74   9.58  69   305     0  4.5
  6  4685 I5  1989  3719 I6  3565  2455 I5   442 11448 23680  7.3  6.5  1.56  0.13  13.39   7.28  10.44  10.99  79   240     0  4.0
  7  3992 J6  1735  2622 J7  2880  2462 J6   512 10824 22743  8.0  7.5  1.93  0.10  14.42   9.33  11.87  12.36  84   200     0  3.9
  8  3821 J5  1412  3780 J6  3249  1875 J5   471  8799 20136  6.7  6.0  1.87  0.08  16.05   9.18  12.55  13.52  80   177     0  3.3
  9  2509 J5   985  2977 J6  2959  1322 J5   512  6131 17116  6.5  6.1  1.34  0.05  11.86   4.81   8.48   9.72  75   300     0  4.8
 10  1482 J5   638  2460 J6  2079   749 J5   269  3536 13979  6.3  5.8  0.95  0.04   6.48   1.13   3.78   4.73  68   450     0  5.8
 11   537 J5   286   819 J6  1238   377 J5   100  1693 10969  7.5  7.0  0.92  0.03   4.27  -0.11   2.36   3.03  77   488     0  5.9
 12   332 J5   130  1088 J7  1172   203 J5    53   972  9252  6.1  5.5  0.67  0.04   0.77  -4.10  -1.40  -0.92  70   620     0  7.4
 13  2403 I5  1733  2541 I6  1508  1250 I5   831  5959 16615  6.9  6.3  1.13  0.08   7.79   2.05   5.05   5.83  75  4899     0  5.2
 1997
  1   410 J8   183   889 J8  1050   281 J8   115  1382 10337  6.8  6.6  0.78  0.06   1.43  -2.65  -0.58  -0.18  75   587     0  6.1
  2   820 J8   449   757 J8   975   620 J8   214  2889 13172  8.6  8.1  1.03  0.08   4.12   0.43   2.64   3.21  89   450     0  4.8
  3  2274 J8   947  3246 J8  2862  1030 J8   323  5315 16342  5.2  4.9  0.61  0.11   2.64  -2.96  -0.04   1.01  65   573     0  5.2
  4  2978 J8  1554  2566 J8  3135  1690 J8   463  8109 19477  7.1  6.7  0.97  0.13   5.84   1.02   3.67   4.40  79   447     0  5.7
  5  5188 J8  2189  5789 J8  4506  1899 J8   566 10397 22217  5.4  4.8  1.21  0.13  11.93   4.98   8.58   9.36  71   306     0  4.2
  6  5028 J8  1841  4462 J8  3816  2447 J8   667 11448 23679  6.4  6.0  1.59  0.13  15.61   7.96  11.85  12.50  74   201     5  3.4
  7  3941 J8  1897  3006 J8  3552  2235 J8   525 10834 22755  7.5  7.0  2.30  0.11  15.91  10.95  13.49  13.95  86   152     0  3.2
  8  3960 J8  1293  4041 J8  2937  1824 J8   431  8816 20153  6.0  5.6  2.19  0.08  17.48  10.76  14.22  15.05  81   131     0  3.7
  9  2475 J8  1098  2736 J8  2682  1338 J8   330  6150 17132  7.1  6.7  1.78  0.06  13.95   8.19  11.17  12.13  84   218     0  4.3
 10  1660 J8   762  3556 J8  2779   619 J8   245  3553 13996  5.5  4.6  0.90  0.04   7.10   1.61   4.60   5.44  71   433     0  5.4
 11   621 J8   237  1497 J8  1503   369 J8   136  1703 10986  6.5  6.5  0.88  0.03   4.55  -1.91   1.76   2.63  80   510     0  4.6
 12   365 J8   113  1324 J8  1016   210 J8    61   973  9253  5.8  5.4  0.58  0.04  -0.34  -7.37  -3.68  -3.54  73   688     0  4.9
 13  2477 J8  1760  2822 J8  1532  1214 J8   797  5964 16625  6.5  6.1  1.24  0.08   8.35   2.58   5.64   6.33  77  4696     5  4.6
 1998
  1   426 J8   159   811 J8   958   309 J8   114  1374 10320  7.3  6.9  0.87  0.06   1.94  -1.67   0.30   0.54  81   564     0  5.3
  2  1017 J8   496  1311 J8  1401   650 J8   181  2872 13145  7.8  7.4  0.92  0.08   4.20   0.85   2.66   3.25  83   443     0  5.6
  3  1858 J8  1031  1931 J8  2361  1070 J8   320  5293 16314  7.6  7.4  0.94  0.11   4.94   1.44   3.22   3.82  78   469     0  6.1
  4  3111 J8  1544  3059 J8  3438  1636 J8   411  8087 19449  6.8  6.5  0.90  0.13   6.60   0.52   3.80   4.66  74   443     0  5.1
  5  3763 J8  1465  2637 J8  2518  2284 J8   365 10382 22200  8.0  7.4  1.16  0.13   9.10   3.31   6.33   6.93  76   376     0  4.4
  6  4111 J8  1950  2911 J8  3454  2431 J8   607 11445 23678  7.9  7.4  1.81  0.13  12.41   7.11   9.84  10.26  82   257     0  4.2
  7  3800 J8  1853  2941 J8  3588  2167 J8   418 10846 22773  8.0  7.4  1.98  0.11  14.28   9.64  12.01  12.46  85   198     0  3.4
  8  4126 J8  1214  4382 J8  2931  1889 J8   507  8836 20179  6.3  5.4  1.64  0.08  15.39   7.68  11.71  12.81  76   211     0  4.0
  9  2498 J8   805  2847 J8  2541  1322 J8   374  6173 17160  7.0  6.4  1.48  0.06  11.80   6.21   9.35  10.30  81   280     0  4.0
 10  1474 J8   727  2799 J8  2526   673 J8   213  3572 14026  5.7  5.2  1.01  0.04   8.06   1.27   5.03   6.20  75   424     0  4.5
 11   603 J8   234  1455 J8  1417   358 J8   125  1713 11008  6.9  6.5  0.91  0.03   4.53   0.03   2.51   3.31  81   482     0  4.3
 12   328 J8   139  1169 J8  1250   185 J8    46   975  9260  6.5  6.3  0.67  0.04   0.53  -4.01  -1.62  -1.51  71   622     0  6.0
 13  2260 J8  1492  2354 J8  1029  1248 J8   821  5964 16626  7.1  6.7  1.19  0.08   7.81   2.70   5.43   6.09  79  4768     0  4.7
 1999
  1   527 J8   278  1736 J8  1572   249 J8    88  1367 10296  4.8  4.5  0.61  0.06  -0.52  -5.61  -2.72  -2.05  70   663     0  5.6
  2  1162 J8   495  2477 J8  2019   550 J8   213  2855 13119  4.4  4.2  0.38  0.08  -2.77  -8.48  -5.35  -4.43  63   671     0  5.9
  3  1856 J8   816  2087 J8  2487  1092 J8   344  5270 16288  7.0  6.8  0.60  0.11   0.52  -4.77  -1.91  -1.12  72   634     0  4.9
  4  3076 J8  1465  2882 J8  2990  1655 J8   375  8064 19424  6.3  6.2  0.80  0.13   4.85  -0.77   2.26   3.05  69   489     0  5.4
  5  3884 J8  1799  3232 J8  3490  2107 J8   401 10366 22178  7.0  6.6  0.99  0.13   8.83   3.19   5.90   6.49  69   382     0  5.3
  6  3511 J8  1899  1943 J8  3054  2372 J8   562 11443 23674  8.5  8.2  1.89  0.13  10.85   7.01   8.88   9.18  84   282     0  4.6
  7  4260 J8  2142  3528 J8  4146  2190 J8   585 10857 22788  7.5  7.0  2.28  0.11  15.67  10.56  13.00  13.48  80   165     4  3.6
  8  3297 J8  1315  2616 J8  3104  1978 J8   532  8856 20203  7.6  7.1  2.27  0.08  15.04   9.84  12.56  13.22  81   183     0  3.4
  9  2496 J8  1084  2802 J8  2807  1320 J8   438  6196 17186  6.9  6.6  1.42  0.06  12.70   6.53   9.87  10.95  78   261     0  4.5
 10  1415 J8   450  1999 J8  1607   844 J8   284  3591 14054  7.3  6.1  0.99  0.04   6.52   0.65   3.94   4.96  72   457     0  4.5
 11   582 J8   292  1014 J8  1217   396 J8   151  1724 11032  7.9  7.5  0.81  0.03   3.20  -0.96   1.43   1.89  76   516     0  5.0
 12   325 J8   117   958 J8   919   210 J8    59   976  9266  6.8  6.5  0.65  0.04  -0.17  -6.05  -2.87  -2.54  71   665     0  4.9
 13  2199 J8  1401  2273 J8   805  1247 J8   802  5964 16626  6.8  6.4  1.14  0.08   6.23   0.93   3.75   4.42  74  5368     4  4.8
 2000
  1   477 J8   192  1154 J8  1020   296 J8    87  1359 10280  6.5  6.0  0.57  0.06  -1.96  -7.43  -4.33  -3.86  67   714     0  5.2
  2   697 J8   348   456 J8   686   573 J8   205  2875 13145  8.6  8.5  0.79  0.08   3.14  -1.05   1.28   1.94  87   501     0  4.0
  3  1800 J8   934  1542 J8  1919  1164 J8   279  5338 16365  8.1  7.6  0.79  0.11   3.74  -1.03   1.51   2.20  81   526     0  5.2
  4  2776 J8  1340  2117 J8  2557  1737 J8   350  8130 19495  7.6  7.4  0.84  0.13   5.53   0.80   3.25   3.95  78   455     0  4.5
  5  4714 J8  1686  4497 J8  3671  2194 J8   561 10410 22234  6.3  5.6  0.90  0.13  10.27   3.67   7.24   8.00  65   352     0  4.5
  6  3760 J8  1459  2190 J8  2424  2504 J8   394 11448 23680  8.4  7.7  1.43  0.13  11.02   6.03   8.91   9.36  83   294     0  4.1
  7  3740 J8  1420  2137 J8  2345  2503 J8   519 10823 22740  8.4  7.8  1.96  0.10  14.02   8.80  11.68  12.14  85   214     0  2.9
  8  4007 J8  1087  3841 J8  2541  1988 J8   445  8796 20131  6.8  5.9  2.12  0.08  17.11  10.27  13.85  14.83  70   145     1  4.1
  9  2665 J8  1080  3442 J8  2975  1227 J8   404  6128 17112  6.3  6.0  1.62  0.05  12.81   6.37   9.84  10.89  75   262     0  3.9
 10  1276 J8   470  1992 J8  2088   744 J8   228  3534 13975  7.4  6.7  1.13  0.04   7.85   2.18   5.23   6.35  78   413     0  4.7
 11   685 J8   297  1716 J8  1562   367 J8   136  1692 10965  7.0  6.7  0.96  0.03   5.72   0.29   3.41   4.19  84   460     0  4.7
 12   270 J8   134   712 J8  1037   183 J8    41   972  9252  7.9  7.5  0.81  0.04   4.68   0.43   2.80   3.09  86   489     0  6.3
 13  2239 J8  1572  2150 J8  1227  1290 J8   871  5959 16615  7.4  7.0  1.16  0.08   7.83   2.44   5.39   6.09  78  4826     1  4.5
 2001
  1   434 J8   208  1009 J8  1185   277 J8    76  1383 10339  7.2  6.8  0.73  0.06   3.16  -2.42   0.80   1.61  83   557     0  5.6
  2  1057 J8   517  1801 J8  1786   594 J8   173  2892 13178  6.2  5.9  0.75  0.08   3.58  -1.98   1.18   2.12  80   491     0  4.9
  3  2070 J8  1041  2504 J8  2604  1096 J8   300  5318 16347  6.5  6.1  0.76  0.11   3.85  -1.59   1.25   2.12  79   533     0  5.6
  4  2778 J8  1063  1977 J8  2112  1838 J8   374  8112 19480  7.7  7.4  0.87  0.13   6.02   0.99   3.63   4.30  82   445     0  5.1
  5  4448 J8  1530  3752 J8  2988  2344 J8   434 10399 22223  7.4  6.5  0.94  0.13   8.55   2.54   5.76   6.42  79   396     0  4.9
  6  5353 J8  2160  5286 J8  4264  2243 J8   515 11448 23681  5.7  5.4  1.45  0.13  15.39   8.20  12.04  12.73  73   198     2  4.1
  7  4013 J8  1570  2649 J8  2764  2472 J8   366 10833 22753  8.3  7.7  2.35  0.11  16.11  10.30  13.12  13.65  80   159     0  2.9
  8  3283 J8  1404  2541 J8  2650  1959 J8   467  8813 20148  7.7  7.0  2.17  0.08  16.25  10.89  13.56  14.22  84   148     0  3.8
  9  2111 J8   961  1762 J8  2094  1370 J8   336  6147 17129  8.0  7.5  1.51  0.06  12.53   7.28  10.09  10.99  83   253     0  4.2
 10  1462 J8   472  2771 J8  2005   709 J8   251  3550 13994  5.3  5.1  0.95  0.04   6.09  -0.30   3.13   4.41  68   479     0  4.3
 11   563 J8   238   987 J8  1260   397 J8   149  1701 10983  7.4  7.1  0.78  0.03   3.06  -1.87   0.88   1.58  83   532     0  4.9
 12   347 J8   136  1354 J8  1179   189 J8    51   973  9253  6.0  5.6  0.57  0.04  -0.55  -6.17  -3.30  -3.07  74   672     0  5.5
 13  2327 J8  1671  2366 J8  1219  1291 J8   856  5964 16626  7.0  6.5  1.15  0.08   7.84   2.15   5.18   5.92  79  4862     2  4.6
 2002
  1   423 J8   228   845 J8  1034   287 J8   102  1375 10322  7.8  7.4  0.99  0.06   2.08  -2.47   0.15   0.69  80   574     0  5.5
  2   927 J8   390  1166 J8  1262   624 J8   175  2875 13149  7.6  7.0  0.75  0.08   1.76  -3.80  -0.76  -0.03  79   542     0  5.5
  3  1978 J8  1077  2459 J8  2806  1049 J8   328  5295 16318  6.7  6.4  0.67  0.11   2.35  -2.25   0.25   0.99  67   567     0  4.7
  4  3668 J8  1176  3645 J8  2839  1841 J8   446  8090 19451  5.7  5.4  0.87  0.13   6.73  -0.40   3.46   4.60  60   455     0  4.2
  5  4071 J8  1989  3379 J8  3930  2159 J8   584 10384 22203  7.3  6.7  1.24  0.13  10.47   4.39   7.79   8.47  74   338     0  3.4
  6  4326 J8  2075  3353 J8  3702  2352 J8   462 11445 23678  7.6  7.0  1.52  0.13  12.48   6.84   9.73  10.22  84   260     0  3.7
  7  3850 J8  1825  2793 J8  3058  2228 J8   499 10844 22770  7.8  7.4  2.12  0.11  15.06   9.74  12.33  12.82  81   184     0  3.6
  8  3824 J8  1434  3621 J8  3200  1920 J8   473  8833 20175  7.3  6.6  2.06  0.08  16.09  10.09  13.04  13.82  81   162     0  2.7
  9  2714 J8  1146  3179 J8  2592  1319 J8   304  6170 17156  7.0  6.2  1.61  0.06  13.32   7.33  10.51  11.49  72   240     0  3.9
 10  1333 J8   757  2064 J8  2326   706 J8   212  3569 14021  7.2  6.8  1.49  0.04  10.11   4.42   7.75   8.60  84   343     0  4.7
 11   556 J8   200   965 J8  1013   399 J8   135  1712 11006  7.9  7.2  1.20  0.03   7.21   2.57   5.31   6.18  86   403     0  5.1
 12   343 J8   110  1171 J8  1162   210 J8    58   975  9259  6.2  6.0  0.79  0.04   1.85  -3.68  -0.44   0.26  77   597     0  4.5
 13  2334 J8  1576  2387 J8  1099  1258 J8   812  5964 16626  7.2  6.7  1.28  0.08   8.29   2.73   5.76   6.51  77  4665     0  4.3
 2003
  1   297 J8   101   284 J8   514   256 J8    68  1368 10301  8.6  8.5  1.06  0.06   4.09   0.36   2.46   2.63  83   499     0  5.9
  2   847 J8   427   896 J8  1192   603 J8   168  2858 13123  8.3  7.9  1.19  0.08   5.65   1.37   3.60   4.39  85   415     0  3.6
  3  2031 J8   888  2424 J8  2255  1104 J8   226  5273 16290  6.8  6.5  0.67  0.11   2.38  -2.64   0.04   0.70  65   572     0  5.7
  4  2959 J8  1437  2480 J8  2998  1731 J8   464  8067 19427  7.4  6.8  1.01  0.13   7.72   1.76   4.93   5.78  68   408     0  4.5
  5  3837 J8  1466  2781 J8  2988  2318 J8   493 10368 22181  7.3  6.8  1.11  0.13  10.51   4.27   7.59   8.28  69   339     0  4.6
  6  3538 J8  1501  1767 J8  2165  2481 J8   445 11443 23674  8.9  8.4  1.81  0.13  11.93   7.54   9.81  10.17  86   258     0  3.8
  7  4352 J8  1836  3531 J8  3480  2387 J8   520 10855 22786  7.5  6.7  2.20  0.11  16.22  10.53  13.44  13.92  81   158     4  3.6
  8  3713 J8  1312  3365 J8  2752  1954 J8   436  8853 20200  7.3  6.5  2.09  0.08  16.47   9.72  13.20  14.15  81   164     1  3.4
  9  2798 J8  1085  3786 J8  3011  1246 J8   369  6193 17183  5.8  5.5  1.40  0.06  13.13   5.37   9.64  10.99  74   272     0  4.5
 10  1200 J8   586  1336 J8  1589   809 J8   234  3588 14049  8.3  7.8  1.37  0.04   9.04   4.09   6.92   7.78  83   365     0  4.9
 11   621 J8   215  1516 J8  1308   371 J8   122  1723 11027  6.5  6.2  0.98  0.03   4.74  -0.59   2.14   2.48  63   488     0  5.1
 12   344 J8   127  1175 J8  1053   201 J8    51   976  9266  6.3  5.7  0.67  0.04   1.35  -4.67  -1.50  -1.12  72   620     0  5.9
 13  2211 J8  1500  2112 J8  1122  1288 J8   861  5964 16625  7.4  6.9  1.30  0.08   8.60   3.09   6.02   6.68  76  4557     5  4.6
 2004
  1   472 J8   177  1332 J8  1146   283 J8   112  1360 10282  5.6  5.4  0.59  0.06   0.44  -5.02  -1.87  -1.15  68   639     0  5.4
  2   850 J8   382   863 J8  1064   620 J8   168  2878 13150  8.5  8.3  0.94  0.08   3.71  -0.74   1.85   2.42  83   489     0  4.9
  3  2389 J8   986  3304 J8  2377  1079 J8   279  5341 16369  6.1  5.5  0.61  0.11   2.36  -3.98  -0.45   0.51  61   593     0  5.1
  4  2387 J8   923  1154 J8  1542  1828 J8   393  8133 19500  8.7  8.5  1.05  0.13   6.07   1.15   3.69   4.32  79   442     0  5.5
  5  3836 J8  1685  2882 J8  3192  2264 J8   428 10412 22238  7.7  7.0  1.58  0.13  11.66   6.06   8.74   9.35  76   293     0  4.0
  6  3561 J8  1704  1938 J8  2406  2392 J8   476 11448 23679  8.7  8.2  1.94  0.13  12.29   7.85   9.99  10.36  88   248     0  4.4
  7  3842 J8  1950  2585 J8  3326  2324 J8   582 10821 22738  8.1  7.5  2.24  0.10  16.30  11.19  13.56  14.03  86   149     7  3.4
  8  3686 J8  1428  3452 J8  3145  1926 J8   512  8793 20130  7.1  6.4  2.20  0.08  17.30  10.76  14.01  14.84  83   135     2  3.4
  9  2673 J8  1139  3330 J8  2949  1289 J8   336  6125 17107  6.4  6.0  1.45  0.05  13.38   5.73   9.67  11.08  73   263     0  3.5
 10  1353 J8   420  2079 J8  1771   779 J8   234  3531 13972  6.8  6.2  1.20  0.04   9.38   3.04   6.44   7.58  72   376     0  4.4
 11   596 J8   291  1201 J8  1219   372 J8    89  1690 10963  7.5  6.7  0.99  0.03   4.97  -1.16   2.45   3.28  77   493     0  4.6
 12   320 J8   100   777 J8   809   229 J8    49   972  9252  7.1  6.8  0.84  0.04   3.26  -1.74   0.84   0.99  74   545     0  5.5
 13  2164 J8  1393  2075 J8  1010  1282 J8   835  5959 16615  7.4  6.9  1.30  0.08   8.43   2.76   5.74   6.47  77  4665     9  4.5
 2005
  1   370 J8   149   485 J8   670   297 J8    95  1384 10342  8.0  7.8  1.01  0.06   4.81   1.00   3.08   3.55  76   478     0  5.2
  2  1057 J8   448  1553 J8  1309   657 J8   198  2894 13182  7.0  6.4  0.75  0.08   2.33  -3.00   0.03   0.95  79   523     0  4.4
  3  1705 J8   757  1222 J8  1241  1233 J8   328  5321 16350  8.2  7.9  0.83  0.11   4.55  -0.96   1.95   2.81  76   513     0  5.1
  4  3244 J8  1270  2608 J8  2775  1911 J8   426  8115 19484  7.1  6.9  0.97  0.13   7.60   1.02   4.55   5.45  74   421     0  4.2
  5  3732 J8  1678  2456 J8  2897  2292 J8   522 10401 22227  8.6  7.5  1.34  0.13  10.25   5.37   7.99   8.52  85   326     0  4.4
  6  4866 J8  1954  4070 J8  3380  2457 J8   547 11448 23682  7.0  6.2  1.75  0.13  14.23   7.86  11.24  11.84  80   218     0  4.0
  7  4562 J8  1383  3251 J8  2604  2633 J8   443 10831 22752  7.5  6.7  2.06  0.11  17.00  10.73  13.90  14.50  80   138     0  3.6
  8  3519 J8  1446  3062 J8  2938  1960 J8   390  8810 20146  7.1  6.6  2.01  0.08  16.11  10.55  13.48  14.23  80   155     0  3.7
  9  2419 J8   882  2339 J8  2234  1486 J8   337  6144 17126  7.0  6.6  1.71  0.06  13.89   6.24  10.49  11.88  76   248     0  3.7
 10  1433 J8   532  2010 J8  1672   850 J8   258  3548 13991  6.9  6.4  0.96  0.04   7.62   1.00   4.65   5.95  73   435     0  4.6
 11   592 J8   278  1333 J8  1496   364 J8   110  1700 10980  6.5  6.3  0.69  0.03   0.83  -4.89  -1.53  -0.56  69   611     0  5.4
 12   257 J8   126   442 J8   722   201 J8    56   973  9253  8.6  7.9  1.09  0.04   3.68  -0.22   2.03   2.55  85   515     0  5.5
 13  2313 J8  1641  2069 J8  1111  1362 J8   885  5964 16626  7.5  6.9  1.26  0.08   8.57   2.89   5.99   6.81  78  4580     0  4.5
 2006
  1   431 J8   198   751 J8   933   312 J8   106  1377 10324  7.4  6.9  0.67  0.06  -0.67  -5.12  -2.53  -1.90  77   658     0  4.6
  2   992 J8   528  1509 J8  1937   597 J8   143  2877 13152  7.0  6.7  0.71  0.08   1.59  -4.24  -1.13  -0.45  71   550     0  5.0
  3  2138 J8   993  2830 J8  2508  1063 J8   335  5298 16321  6.6  6.2  0.77  0.11   2.56  -2.32   0.21   1.02  70   565     0  5.9
  4  3278 J8  1204  2814 J8  2697  1866 J8   479  8093 19457  7.1  6.4  0.82  0.13   5.12  -1.40   2.11   3.01  71   494     0  4.7
  5  4594 J8  2049  4122 J8  3689  2226 J8   436 10386 22205  6.8  5.6  1.13  0.13  10.79   3.88   7.63   8.32  70   341     0  4.0
  6  4066 J8  2058  2697 J8  3548  2486 J8   565 11445 23677  8.2  7.4  1.69  0.13  12.13   7.33   9.99  10.44  80   258     0  4.3
  7  3381 J8  1609  2042 J8  2505  2284 J8   473 10842 22767  8.4  7.9  2.06  0.11  13.99   9.68  11.78  12.16  83   201     0  4.4
  8  3423 J8  1120  2562 J8  1948  2091 J8   357  8830 20172  8.1  7.3  2.12  0.08  15.07   9.42  12.18  12.89  82   189     0  3.2
  9  2140 J8   736  1618 J8  1802  1467 J8   371  6167 17152  8.1  7.7  1.73  0.06  12.39   6.72   9.73  10.65  83   263     0  4.3
 10  1471 J8   518  2394 J8  1780   789 J8   247  3567 14016  7.1  6.1  1.24  0.04   8.79   3.02   6.21   7.29  76   385     0  4.5
 11   741 J8   355  2137 J8  1729   350 J8    99  1711 11004  5.5  5.0  0.57  0.03   0.95  -4.27  -1.50  -0.76  64   600     0  6.2
 12   306 J8   127   825 J8  1011   208 J8    58   975  9258  7.5  7.0  0.72  0.04   1.30  -4.79  -1.32  -1.21  73   622     0  5.8
 13  2247 J8  1480  2192 J8   940  1311 J8   857  5964 16625  7.3  6.7  1.19  0.08   7.00   1.49   4.45   5.12  75  5127     0  4.7
 2007
  1   434 J8   202   937 J8  1054   296 J8    92  1369 10304  7.0  6.6  0.73  0.06  -0.94  -7.17  -3.42  -2.51  75   694     0  4.7
  2  1039 J8   599  1562 J8  1642   614 J8   234  2860 13125  7.1  6.5  0.80  0.08   1.44  -2.45  -0.47   0.10  77   527     0  4.4
  3  2685 J8   974  4124 J8  2340  1090 J8   328  5276 16295  4.4  3.8  0.37  0.11  -2.46  -8.60  -5.27  -4.33  54   740     0  6.6
  4  2170 J8   974   890 J8  1166  1733 J8   474  8070 19430  9.1  8.6  1.04  0.13   4.57   0.57   2.77   3.33  85   473     0  6.1
  5  3402 J8  1520  1966 J8  2335  2306 J8   389 10370 22184  8.5  7.9  1.28  0.13   7.48   3.08   5.43   5.94  83   405     0  4.3
  6  4195 J8  1713  2755 J8  2801  2614 J8   511 11443 23675  8.0  7.4  1.55  0.13  12.72   6.57   9.92  10.40  77   261     0  3.8
  7  3711 J8  1705  2205 J8  3014  2463 J8   640 10853 22781  8.5  7.8  2.04  0.11  13.74   9.31  11.57  11.96  86   211     0  3.3
  8  3388 J8  1442  2886 J8  3001  1939 J8   465  8850 20196  8.0  6.9  2.09  0.08  15.89  10.17  12.79  13.50  83   164     0  3.6
  9  2278 J8   793  2095 J8  1930  1427 J8   249  6190 17179  7.7  7.3  1.73  0.06  13.34   7.57  10.47  11.31  78   236     0  3.6
 10  1440 J8   640  2107 J8  1990   809 J8   235  3586 14045  7.5  6.7  1.00  0.04   7.35   0.79   4.46   5.59  71   442     0  4.8
 11   566 J8   265   790 J8   831   420 J8   140  1722 11022  8.1  7.6  0.99  0.03   4.77  -0.39   2.53   3.38  78   484     0  4.8
 12   311 J8   117   754 J8   800   223 J8    55   976  9265  7.5  7.3  0.74  0.04   1.95  -3.45  -0.45  -0.06  73   591     0  5.7
 13  2135 J8  1368  1923 J8  1019  1328 J8   873  5964 16625  7.6  7.0  1.20  0.08   6.65   1.33   4.19   4.88  77  5228     0  4.6
 2008
  1   458 J8   210  1096 J8   998   288 J8    90  1361 10284  7.4  6.8  0.71  0.06  -0.85  -5.44  -2.86  -2.58  71   666     0  4.9
  2   959 J8   397  1294 J8  1316   636 J8   198  2880 13152  7.7  7.0  0.76  0.08   0.10  -4.27  -1.77  -1.22  75   592     0  5.3
  3  1691 J8   855  1380 J8  1799  1152 J8   313  5344 16371  8.4  7.8  0.82  0.11   2.02  -2.36  -0.01   0.55  77   574     0  4.5
  4  3535 J8  1596  3769 J8  3670  1658 J8   472  8136 19503  6.6  5.9  0.80  0.13   4.94  -1.51   1.95   2.85  65   498     0  4.3
  5  4005 J8  1914  2832 J8  3194  2396 J8   594 10413 22239  8.0  6.9  1.21  0.13   8.60   2.94   5.99   6.61  75   389     0  5.0
  6  3812 J8  1607  1983 J8  2168  2644 J8   560 11448 23680  8.8  8.0  1.51  0.13  11.00   6.17   8.66   9.07  81   292     0  3.3
  7  3791 J8  1731  2413 J8  2891  2404 J8   531 10819 22735  8.5  7.6  2.02  0.10  14.36   8.75  11.59  12.09  78   210     0  2.9
  8  3220 J8  1253  2285 J8  2251  2016 J8   421  8790 20127  8.4  7.5  1.92  0.08  14.55   9.01  11.78  12.53  82   203     0  2.9
  9  2184 J8   785  1984 J8  2075  1379 J8   381  6122 17104  8.1  7.4  1.63  0.05  11.94   5.97   9.23  10.28  83   281     0  3.3
 10  1467 J8   617  2316 J8  2043   798 J8   246  3529 13969  6.8  6.1  0.92  0.04   6.20  -0.74   3.05   4.28  70   484     0  4.1
 11   652 J8   269  1455 J8  1309   399 J8   132  1689 10962  6.8  6.1  0.73  0.03   2.00  -4.46  -1.00  -0.08  73   587     0  4.1
 12   310 J8   123   819 J8  1019   216 J8    65   972  9252  7.6  7.1  0.90  0.04   1.46  -2.70  -0.33   0.09  76   587     0  5.2
 13  2174 J8  1431  1969 J8   829  1332 J8   883  5959 16615  7.7  7.0  1.16  0.08   6.36   0.95   3.86   4.54  75  5363     0  4.1
 2009
  1   455 J8   192  1059 J8  1148   297 J8   105  1385 10348  7.3  6.5  0.81  0.06   0.18  -4.60  -1.89  -1.28  77   637     0  4.0
  2  1053 J8   450  1427 J8  1312   670 J8   197  2896 13184  7.1  6.3  0.71  0.08   0.71  -5.06  -2.06  -1.20  69   574     0  4.4
  3  1878 J8   752  1746 J8  1952  1211 J8   291  5324 16354  7.3  7.0  0.75  0.11   0.74  -4.26  -1.47  -0.79  67   623     0  5.3
  4  2360 J8  1107  1182 J8  2022  1764 J8   474  8118 19487  8.7  8.5  0.89  0.13   4.79   0.16   2.73   3.27  74   476     0  3.9
  5  4732 J8  1730  4319 J8  3619  2288 J8   586 10403 22231  7.0  5.6  1.07  0.13  11.15   3.28   7.48   8.42  70   345     0  3.7
  6  4839 J8  2052  4046 J8  3506  2460 J8   503 11448 23681  7.6  6.2  1.45  0.13  12.68   6.18   9.75  10.38  78   267     0  3.5
  7  3977 J8  1729  2572 J8  2582  2480 J8   562 10829 22746  8.1  7.7  2.13  0.11  15.37  10.04  12.70  13.20  84   174     0  3.4
  8  3585 J8  1345  3038 J8  2648  2033 J8   444  8807 20143  7.7  6.7  1.88  0.08  15.67   9.26  12.39  13.10  78   182     0  3.3
  9  1841 J8   878  1231 J8  1895  1325 J8   301  6141 17122  8.5  8.3  1.66  0.06  11.65   6.88   9.54  10.21  85   272     0  4.3
 10  1164 J8   528  1505 J8  1918   755 J8   241  3546 13986  8.1  7.6  1.44  0.04   8.76   4.17   6.84   7.60  83   368     0  4.0
 11   627 J8   265  1258 J8  1337   410 J8   107  1699 10976  7.4  6.9  0.77  0.03   2.45  -3.16   0.10   0.82  69   561     0  5.1
 12   310 J8   114   685 J8   879   229 J8    66   973  9254  8.1  7.9  0.94  0.04   2.27  -2.04   0.39   0.75  85   565     0  4.5
 13  2235 J8  1656  2006 J8  1207  1327 J8   858  5964 16626  7.7  7.1  1.21  0.08   7.20   1.74   4.71   5.37  77  5042     0  4.1
 2010
  1   333 J8   153   352 J8   536   280 J8   101  1378 10327  8.8  8.6  1.00  0.06   3.43   0.42   2.14   2.49  85   509     0  5.3
  2   764 J8   422   638 J8  1093   591 J8   171  2879 13155  9.2  8.7  0.94  0.08   3.63  -0.05   1.96   2.38  84   463     0  4.8
  3  1961 J8   747  1697 J8  1754  1290 J8   324  5301 16326  8.3  7.4  0.73  0.11   2.13  -3.27  -0.46   0.18  74   586     0  5.4
  4  2914 J8  1296  2132 J8  2405  1835 J8   382  8096 19462  7.8  7.3  0.87  0.13   5.39  -0.51   2.73   3.57  72   477     0  4.8
  5  3810 J8  1653  2744 J8  3023  2241 J8   444 10387 22206  7.7  7.0  1.15  0.13   9.05   3.88   6.64   7.25  76   368     0  4.6
  6  3642 J8  1342  1624 J8  1883  2689 J8   453 11446 23677  9.1  8.3  1.62  0.13  11.52   7.53   9.51   9.82  82   264     0  3.8
  7  3502 J8  1613  1847 J8  2496  2394 J8   439 10841 22764  8.8  8.2  2.06  0.11  13.94   9.23  11.46  11.85  84   209     0  2.8
  8  3332 J8  1357  2636 J8  2516  1999 J8   526  8827 20167  7.8  7.1  2.08  0.08  15.65   9.98  12.78  13.56  80   171     0  3.1
  9  2706 J8  1265  3420 J8  3250  1250 J8   438  6164 17149  6.5  5.8  1.56  0.06  13.95   7.28  10.83  11.92  77   232     0  3.4
 10  1414 J8   558  1776 J8  1564   887 J8   268  3565 14015  7.8  7.0  1.03  0.04   8.48   2.13   5.37   6.63  77   404     0  3.9
 11   720 J8   236  1816 J8  1239   407 J8   113  1710 11001  6.1  5.5  0.81  0.03   4.80  -1.08   1.93   2.80  65   494     0  4.8
 12   350 J8   129  1139 J8  1080   215 J8    62   974  9258  6.6  5.9  0.74  0.04   1.28  -3.22  -0.88  -0.61  68   598     0  6.0
 13  2121 J8  1354  1818 J8   866  1340 J8   877  5964 16625  7.9  7.2  1.22  0.08   7.77   2.69   5.34   5.99  77  4774     0  4.4
