703980 ANNETTE ISLAND AP      AK  -9  N55  3  W131 34    33  1009
 1991-2010
 MO AVGLO FL SDGLO AVDIR FL SDDIR AVDIF FL SDDIF AVETR AETRN  TOT  OPQ   H2O   TAU  MAX_T  MIN_T  AVG_T  AVGDT  RH  HTDD  CLDD AVWS
  1   486 J7    71   670 J8   379   357 J7    22  1789 11043  7.6  7.4  1.08  0.12   4.88   0.22   2.72   3.33  81   489     0  3.9
  2   999 J7   143  1003 J8   440   695 J7    48  3327 13520  7.5  7.2  1.03  0.16   5.90   0.89   3.44   4.23  79   422     0  3.7
  3  1933 J7   179  1498 J8   409  1299 J7    70  5719 16352  7.5  7.1  1.00  0.21   6.56   1.41   4.08   4.83  76   445     0  4.0
  4  3223 J7   249  2259 J8   548  2007 J7   115  8388 19143  7.0  6.5  1.13  0.24   9.94   3.86   6.98   7.81  76   343     0  3.6
  5  4274 J7   513  2870 J8   842  2549 J7   146 10522 21536  6.8  6.3  1.40  0.25  13.41   6.97  10.23  10.94  75   253     0  3.2
  6  4385 J7   516  2655 J8   701  2711 J7   144 11488 22771  7.4  7.0  1.83  0.24  16.05   9.85  12.92  13.53  79   164     3  3.1
  7  4038 J7   544  2584 J8   840  2460 J7   139 10933 21995  7.5  7.0  2.24  0.20  17.53  11.82  14.59  15.16  82   117     3  2.9
  8  3669 J7   396  2941 J8   717  2029 J7    95  9068 19746  7.0  6.3  2.26  0.16  17.96  11.98  14.83  15.63  83   109     5  2.9
  9  2293 J7   304  1969 J8   693  1411 J7    67  6545 17066  7.4  7.0  1.97  0.11  14.76   9.36  12.03  12.90  86   188     0  3.2
 10  1244 J7   125  1214 J8   372   845 J7    38  4013 14271  7.8  7.6  1.53  0.08  10.69   5.87   8.39   9.12  84   312     0  3.7
 11   647 J7    98   849 J8   482   465 J7    33  2141 11626  7.9  7.6  1.20  0.07   7.12   2.52   4.93   5.54  82   405     0  4.0
 12   389 J7    55   585 J8   349   298 J7    13  1368 10142  7.8  7.5  1.08  0.08   5.15   0.79   3.13   3.63  80   476     0  4.2
 13  2298 J7   139  1758 J8   250  1427 J7    52  6275 16601  7.4  7.0  1.48  0.16  10.83   5.46   8.19   8.89  80  3722    12  3.5
 1991
  1   616 I5   276  1389 I6  1408   356 I5   111  1782 11032  5.9  5.3  0.97  0.11   3.01  -2.72   0.36   1.44  76   564     0  3.7
  2   971 I5   635   872 I6  1481   684 I5   212  3303 13486  8.1  7.8  1.20  0.15   7.46   2.66   4.98   5.47  83   371     0  4.8
  3  2098 I5   856  1904 I6  1855  1306 I5   341  5679 16308  6.6  6.1  0.89  0.19   5.59   0.05   2.81   3.76  72   481     0  3.8
  4  3078 I5  1332  1730 I7  1809  2091 I5   445  8350 19102  7.5  6.9  1.11  0.23   9.71   3.12   6.47   7.24  79   357     0  4.0
  5  4274 I5  1860  3172 I7  3085  2385 I5   504 10497 21504  6.6  6.1  1.44  0.24  13.03   6.60   9.92  10.64  76   264     0  4.0
  6  4481 I5  1841  2775 I7  2827  2702 I5   572 11485 22767  7.4  7.1  1.77  0.24  15.49   9.13  12.28  12.87  79   184     3  3.5
  7  3853 I5  1544  2060 I7  2006  2605 I5   471 10953 22022  8.1  7.6  2.09  0.20  16.94  11.13  14.03  14.58  81   135     1  3.2
  8  3570 I5  1777  2807 I7  3027  1978 I5   421  9103 19787  7.1  6.6  2.32  0.18  18.10  12.02  15.00  15.70  81   113    12  3.9
  9  2064 I5   887  1162 I6  1238  1510 I5   405  6585 17109  8.3  8.0  2.20  0.17  15.03   9.60  12.24  13.09  88   180     0  3.3
 10  1166 I5   575  1093 I6  1542   811 I5   222  4047 14314  7.2  7.0  1.57  0.17   9.72   4.99   7.38   8.12  78   340     0  3.7
 11   458 I5   144    96 I6   179   438 I5   121  2161 11662  9.1  9.0  1.44  0.18   8.29   4.92   6.74   7.16  86   352     0  4.9
 12   338 I5   111   132 I6   292   316 I5    76  1371 10150  9.2  9.0  1.32  0.21   7.19   3.76   5.46   5.81  86   398     0  5.0
 13  2247 I5  1551  1599 I6  1003  1432 I5   904  6276 16603  7.6  7.2  1.53  0.19  10.80   5.44   8.14   8.82  80  3740    16  4.0
 1992
  1   413 I5   130    96 I6   182   395 I5   109  1774 11010  9.3  9.0  1.23  0.27   6.76   3.42   5.25   5.60  86   410     0  4.6
  2   914 I5   337   360 I6   489   803 I5   225  3323 13512  8.3  7.7  1.17  0.33   7.44   2.61   4.94   5.50  77   386     0  4.7
  3  1915 I5   884   963 I6  1458  1471 I5   382  5745 16380  7.3  7.0  1.19  0.39   7.98   2.73   5.52   6.30  80   402     0  4.1
  4  3326 I5  1314  1791 I7  2089  2317 I5   618  8412 19167  7.5  6.8  1.16  0.42  10.10   3.97   7.26   8.13  75   339     0  4.2
  5  4461 I5  1709  2529 I7  2782  2884 I5   613 10537 21553  6.9  6.4  1.40  0.41  13.47   7.01  10.33  11.02  71   251     0  4.1
  6  4846 I5  1950  2741 I7  2862  3031 I5   670 11490 22774  7.0  6.3  1.94  0.38  17.44  10.01  13.75  14.52  78   143     5  3.4
  7  4677 I5  1690  2901 I7  2544  2805 I5   539 10922 21977  7.2  6.3  2.22  0.32  18.04  12.11  14.99  15.64  80   104     3  3.6
  8  3991 I5  1672  3185 I7  2790  2167 I5   533  9047 19724  6.9  5.5  2.15  0.26  18.22  11.61  14.94  15.90  80   108     2  3.2
  9  2166 I5  1130  1359 I6  1663  1511 I5   520  6520 17043  7.9  7.6  1.84  0.20  13.26   7.64  10.47  11.27  86   236     0  3.9
 10  1273 I5   680  1119 I6  1444   868 I5   285  3991 14247  7.4  7.1  1.44  0.16  10.48   5.19   7.92   8.72  80   325     0  3.6
 11   582 I5   253   490 I6   680   469 I5   137  2127 11606  8.3  8.0  1.34  0.14   8.56   4.12   6.53   7.17  83   360     0  4.2
 12   391 I5   154   507 I6   896   309 I5    72  1366 10140  7.0  6.8  0.98  0.14   3.55  -1.34   1.16   1.67  76   534     0  4.0
 13  2413 I5  1755  1503 I7  1096  1586 I5  1026  6271 16594  7.6  7.0  1.51  0.29  11.27   5.76   8.59   9.29  79  3598    10  4.0
 1993
  1   522 I5   183   731 I6   956   385 I5    91  1799 11066  6.4  6.2  0.88  0.17   3.67  -1.59   1.14   2.07  78   536     0  4.3
  2  1164 I5   701  1523 I6  1782   678 I5   213  3340 13540  5.8  5.6  1.10  0.21   7.54   1.97   4.72   5.86  70   380     0  4.7
  3  2043 I5  1014  1553 I6  1916  1349 I5   393  5726 16358  6.9  6.7  0.92  0.24   8.23   1.69   5.11   6.15  70   414     0  4.3
  4  2971 I5  1089  1516 I7  1675  2137 I5   421  8396 19150  8.1  7.6  1.27  0.27  11.39   5.34   8.30   9.12  79   299     0  3.9
  5  4353 I5  1880  2617 I7  2425  2696 I5   512 10527 21543  6.8  6.2  1.64  0.28  16.75   9.21  12.89  13.70  73   170     4  3.7
  6  5022 I5  1623  3132 I7  2243  2951 I5   600 11489 22773  6.8  6.4  1.79  0.27  17.13  10.06  13.71  14.42  75   142     0  3.4
  7  4595 I5  1844  3370 I7  3106  2478 I5   459 10931 21991  6.7  6.3  2.15  0.23  19.38  12.03  15.58  16.37  79    83     2  3.5
  8  4318 I5  1572  3963 I7  2871  2046 I5   395  9063 19738  5.9  5.2  2.12  0.17  19.75  12.39  15.97  17.04  77    83    13  3.7
  9  3266 I5  1307  3966 I6  2932  1377 I5   389  6538 17058  5.1  4.3  1.86  0.13  17.74   9.57  13.52  15.07  78   142     2  3.4
 10  1401 I5   812  1715 I6  2000   801 I5   202  4007 14263  7.4  7.0  1.77  0.09  12.44   6.91   9.61  10.68  89   268     0  3.3
 11   666 I5   302   789 I6   943   493 I5   149  2137 11616  7.6  7.2  1.31  0.08   7.84   2.53   5.27   6.15  84   394     0  4.1
 12   338 I5   131   266 I6   379   296 I5    75  1367 10141  8.9  8.5  1.29  0.09   7.15   3.64   5.53   5.84  85   401     0  5.2
 13  2555 I5  1743  2095 I7  1278  1474 I5   958  6277 16603  6.9  6.4  1.51  0.19  12.42   6.15   9.28  10.21  78  3313    20  4.0
 1994
  1   391 I5   200   303 I6   716   332 I5    77  1791 11046  9.0  8.7  1.38  0.12   6.91   3.88   5.47   5.87  89   401     0  3.3
  2   855 I5   409   505 I6   801   702 I5   206  3323 13516  8.5  8.1  0.82  0.16   1.77  -1.73  -0.03   0.49  75   513     0  3.5
  3  1797 I5   871  1097 I6  1473  1319 I5   346  5704 16340  8.8  8.1  1.21  0.20   7.95   2.97   5.44   6.10  83   399     0  3.8
  4  3447 I5  1504  2640 I7  2628  2010 I5   532  8374 19129  7.3  6.4  1.29  0.24  11.59   5.14   8.35   9.32  76   299     0  3.4
  5  4415 I5  1814  3123 I7  3022  2490 I5   402 10513 21524  7.7  6.5  1.39  0.25  13.61   7.08  10.37  11.05  75   248     0  4.2
  6  4332 I5  1763  2294 I7  2393  2812 I5   557 11487 22769  8.3  7.7  1.94  0.24  15.66   9.75  12.62  13.16  80   169     0  3.4
  7  4701 I5  2028  3481 I7  3270  2531 I5   534 10941 22006  6.9  6.1  2.17  0.20  18.50  11.75  15.03  15.78  79   103     4  3.0
  8  4205 I5  1428  3945 I7  2761  1952 I5   445  9082 19760  6.2  5.3  2.40  0.15  20.58  12.78  16.34  17.37  81    61    10  2.2
  9  2110 I5  1132  1581 I6  2154  1381 I5   306  6560 17082  8.0  7.6  2.02  0.11  14.63   9.77  12.15  12.80  86   184     0  3.9
 10  1270 I5   621  1083 I6  1361   896 I5   221  4026 14287  8.1  7.8  1.43  0.08  11.00   5.67   8.58   9.50  83   310     0  4.0
 11   591 I5   339   646 I6  1256   445 I5   120  2148 11643  8.3  8.1  1.04  0.06   5.31   0.87   3.06   3.66  84   457     0  4.3
 12   370 I5   155   458 I6   837   295 I5    60  1369 10143  8.3  8.1  0.96  0.08   4.36   0.71   2.64   3.11  82   490     0  4.4
 13  2374 I5  1731  1763 I7  1287  1430 I5   912  6277 16604  7.9  7.4  1.51  0.16  10.99   5.72   8.33   9.02  81  3633    14  3.6
 1995
  1   515 I5   215   810 I6  1223   370 I5   114  1783 11033  6.9  6.7  1.06  0.11   6.57   0.72   3.57   4.73  79   455     0  3.1
  2  1116 I5   690  1433 I6  1854   665 I5   189  3305 13490  6.9  6.6  0.95  0.15   5.73   1.11   3.37   4.13  71   417     0  3.9
  3  1721 I5   719  1314 I6  1971  1209 I5   365  5682 16309  7.7  7.5  1.05  0.19   6.88   1.54   4.29   5.13  73   438     0  4.4
  4  3689 I5  1762  3163 I7  2951  1920 I5   436  8353 19106  6.1  5.6  1.12  0.23  12.30   4.96   8.95   9.97  68   291     0  4.2
  5  4654 I5  1794  3620 I7  2787  2440 I5   379 10499 21505  6.3  5.9  1.45  0.24  15.70   8.14  11.76  12.68  74   199     0  2.9
  6  5088 I5  2075  3735 I7  3295  2679 I5   560 11485 22767  6.6  6.0  1.77  0.24  17.46  10.16  13.96  14.71  74   144     8  3.3
  7  4229 I5  1812  2741 I7  2913  2515 I5   558 10951 22019  7.5  6.9  2.35  0.19  18.93  12.60  15.65  16.27  79    88     8  3.2
  8  3602 I5  1355  2504 I7  2223  2180 I5   455  9101 19783  7.6  6.9  2.11  0.15  17.05  10.73  13.90  14.79  82   138     0  2.8
  9  2764 I5  1245  3166 I6  2833  1320 I5   304  6582 17107  6.3  5.5  2.23  0.10  17.96  10.58  14.10  15.48  83   122     0  2.9
 10  1238 I5   500  1317 I6  1883   838 I5   223  4045 14311  8.0  7.4  1.43  0.07  10.88   6.33   8.46   9.37  86   301     0  4.6
 11   550 I5   251   285 I6   635   484 I5   145  2160 11657  9.4  9.1  1.28  0.06   7.19   3.04   5.04   5.50  81   396     0  4.9
 12   365 I5   176   430 I6   850   295 I5    88  1371 10150  8.7  8.3  1.14  0.07   5.20   0.60   2.83   3.27  81   478     0  4.9
 13  2461 I5  1743  2043 I6  1251  1410 I5   897  6276 16603  7.3  6.9  1.50  0.15  11.82   5.87   8.82   9.67  78  3467    16  3.8
 1996
  1   691 I5   366  1749 I6  1539   336 I5    90  1775 11015  4.9  4.7  0.71  0.11   1.10  -5.02  -1.73  -0.47  68   629     0  3.7
  2  1043 I5   656  1060 I6  1608   703 I5   257  3325 13515  7.4  7.2  1.11  0.15   6.17   0.71   3.31   4.25  79   432     0  4.3
  3  2159 I5  1331  2198 I6  2666  1185 I5   324  5748 16385  6.6  6.2  0.99  0.19   7.53   2.18   4.91   5.79  62   418     0  4.3
  4  2792 I5  1230  1281 I7  1550  2077 I5   450  8415 19171  8.2  7.8  1.25  0.23  10.05   4.27   7.20   7.95  78   335     0  4.5
  5  5062 I5  1810  4329 I7  3278  2479 I5   536 10539 21556  5.5  4.8  1.18  0.24  13.62   6.04  10.07  10.99  66   263     0  3.5
  6  4035 I5  1887  2284 I7  2929  2621 I5   496 11490 22773  7.9  7.6  1.75  0.23  14.95   8.78  11.88  12.45  79   194     0  4.5
  7  4629 J6  1843  3179 J7  2620  2620 J6   629 10920 21975  7.1  6.3  2.01  0.19  17.64  11.13  14.35  15.07  78   125     3  3.4
  8  3239 J6  1558  2197 J7  2415  1987 J6   424  9044 19719  8.5  7.5  2.22  0.15  16.88  11.36  14.04  14.70  84   131     0  3.4
  9  2166 J8   957  1920 J8  2185  1365 J8   341  6517 17039  7.5  7.1  1.82  0.10  13.19   8.33  10.80  11.54  86   227     0  2.9
 10  1127 J8   541  1133 J8  1898   778 J8   206  3988 14244  8.1  7.9  1.46  0.07   9.39   5.13   7.46   7.91  83   343     0  3.7
 11   743 J8   396  1470 J8  1796   432 J8   156  2126 11605  6.7  6.5  1.07  0.06   4.64   0.58   2.75   3.21  70   472     0  3.8
 12   492 J8   199  1365 J8  1335   283 J8    67  1366 10140  5.9  5.7  0.79  0.07   1.84  -2.55  -0.24   0.23  67   579     0  4.4
 13  2348 J6  1608  2014 J7   947  1406 J6   914  6271 16595  7.0  6.6  1.36  0.15   9.75   4.25   7.07   7.80  75  4148     3  3.9
 1997
  1   433 J8   242   492 J8   943   331 J8    91  1800 11068  8.3  8.2  1.07  0.11   3.62  -0.16   1.92   2.36  84   515     0  4.0
  2   833 J8   458   681 J8  1162   627 J8   184  3342 13543  8.8  8.5  1.26  0.15   6.17   2.57   4.57   5.01  87   391     0  3.8
  3  1853 J8   971  1618 J8  2291  1190 J8   314  5729 16360  7.2  6.9  0.92  0.19   5.04   0.35   2.90   3.46  76   485     0  4.0
  4  3420 J8  1575  2918 J8  2982  1873 J8   509  8398 19155  6.0  5.7  1.12  0.23  10.17   3.33   7.00   8.00  78   347     0  3.3
  5  4852 J8  2021  4175 J8  3439  2341 J8   609 10529 21544  5.2  4.7  1.41  0.24  14.61   7.82  11.27  12.04  75   220     0  2.8
  6  4031 J8  1638  2200 J8  2401  2613 J8   427 11490 22773  7.9  7.7  2.04  0.24  15.92  10.28  12.89  13.44  83   157     0  3.0
  7  3705 J8  1615  1983 J8  2183  2413 J8   409 10929 21989  8.3  8.0  2.32  0.19  16.84  12.32  14.49  14.94  85   116     0  2.6
  8  4147 J8  1686  4026 J8  3185  1877 J8   466  9060 19736  5.9  5.3  2.46  0.15  19.32  13.94  16.39  17.17  82    64    12  3.0
  9  2069 J8  1023  1591 J8  2149  1358 J8   314  6536 17054  7.6  7.5  2.11  0.10  15.53  10.72  13.06  13.77  86   156     0  3.5
 10  1485 J8   984  1979 J8  2644   759 J8   190  4005 14261  7.5  7.3  1.50  0.07  10.59   5.85   8.46   9.19  84   313     0  3.6
 11   817 J8   421  1946 J8  2042   385 J8   102  2136 11613  6.3  6.1  1.27  0.06   8.67   3.79   6.26   7.14  84   363     0  3.0
 12   359 J8   146   466 J8   772   286 J8    53  1367 10140  8.4  8.2  1.30  0.07   7.58   3.41   5.63   5.86  85   398     0  4.7
 13  2334 J8  1614  2006 J8  1221  1338 J8   866  6277 16603  7.3  7.0  1.57  0.15  11.17   6.18   8.74   9.37  82  3526    12  3.4
 1998
  1   507 J8   234   946 J8  1309   340 J8   102  1792 11049  6.9  6.7  1.01  0.11   4.20  -0.61   1.93   2.44  73   513     0  4.3
  2   851 J8   347   757 J8  1288   639 J8   170  3325 13518  8.2  8.1  1.14  0.15   8.48   4.24   6.45   7.00  72   335     0  4.8
  3  2026 J8   932  1878 J8  2126  1246 J8   397  5707 16342  6.8  6.6  1.08  0.19   8.17   2.42   5.35   6.35  78   404     0  3.1
  4  3233 J8  1247  2422 J8  2310  1968 J8   431  8377 19131  6.6  6.3  1.14  0.23   9.52   3.77   6.74   7.57  79   350     0  3.3
  5  5006 J8  1426  4116 J8  2574  2549 J8   498 10515 21529  5.1  4.7  1.56  0.24  14.73   7.73  10.93  11.81  77   221     1  2.7
  6  4750 J8  1962  3471 J8  2825  2606 J8   522 11487 22769  5.7  5.5  2.05  0.24  17.50  10.74  13.98  14.67  79   127     1  2.9
  7  4335 J8  2198  3622 J8  4066  2210 J8   569 10940 22004  6.3  6.2  2.41  0.19  17.93  12.15  14.97  15.56  80   107     5  3.1
  8  3472 J8  1585  2483 J8  2467  2036 J8   441  9079 19758  7.4  6.8  2.16  0.15  16.49  11.36  13.83  14.48  86   136     0  2.9
  9  2387 J8  1111  2438 J8  2612  1350 J8   374  6557 17080  6.6  6.4  1.82  0.10  13.96   8.52  11.34  12.21  86   213     0  3.1
 10  1264 J8   559  1267 J8  1668   853 J8   233  4024 14281  8.2  7.5  1.61  0.07  11.26   6.37   9.08   9.77  85   295     0  3.9
 11   727 J8   418  1328 J8  1682   433 J8   104  2147 11641  7.2  7.1  1.12  0.06   7.16   2.28   4.72   5.46  81   408     0  3.5
 12   367 J8   146   541 J8   933   288 J8    65  1369 10142  7.9  7.7  1.01  0.07   4.04  -0.29   2.13   2.66  85   510     0  4.1
 13  2410 J8  1712  2106 J8  1188  1377 J8   871  6277 16604  6.9  6.6  1.51  0.15  11.12   5.72   8.45   9.16  80  3620     7  3.5
 1999
  1   504 J8   254   737 J8  1009   356 J8   110  1784 11035  7.2  6.9  1.00  0.11   4.14  -0.18   2.16   2.76  83   507     0  3.4
  2   762 J8   263   391 J8   556   654 J8   155  3308 13493  9.1  8.8  0.95  0.15   4.46   0.38   2.53   2.71  83   446     0  4.6
  3  1984 J8   810  1598 J8  1590  1287 J8   304  5685 16310  8.0  7.8  0.96  0.19   6.42   1.35   3.77   4.58  80   448     0  3.7
  4  2912 J8  1277  1954 J8  2093  1875 J8   267  8356 19107  7.1  6.9  1.17  0.23   8.54   2.75   5.80   6.55  78   380     0  3.6
  5  3219 J8  1232  1390 J8  1518  2380 J8   405 10501 21507  8.5  8.0  1.28  0.24   9.57   4.83   7.31   7.78  84   345     0  3.8
  6  3403 J8  1683  1429 J8  2444  2472 J8   504 11485 22768  8.6  8.4  1.85  0.24  13.53   8.67  10.93  11.37  85   217     0  3.1
  7  4232 J8  1947  3090 J8  3425  2326 J8   619 10950 22017  6.7  6.3  2.18  0.19  16.56  10.16  13.23  13.88  85   156     2  2.7
  8  3382 J8  1684  2683 J8  2794  1913 J8   380  9098 19782  7.3  6.6  2.37  0.15  16.08  10.88  13.24  13.84  91   152     2  2.7
  9  1963 J8   792  1339 J8  1648  1414 J8   330  6579 17104  7.9  7.8  1.82  0.10  12.72   7.47  10.20  11.05  92   247     0  2.7
 10   981 J8   355   440 J8   647   840 J8   211  4043 14309  8.9  8.7  1.53  0.07   9.55   5.25   7.71   8.27  90   339     0  4.0
 11   541 J8   211   305 J8   486   478 J8   125  2158 11654  9.2  8.9  1.19  0.06   6.64   2.86   4.98   5.30  86   407     0  4.9
 12   317 J8   129   286 J8   493   272 J8    71  1370 10149  9.0  8.7  1.11  0.07   5.37   1.72   3.69   4.09  91   458     0  3.3
 13  2017 J8  1380  1303 J8   932  1356 J8   827  6276 16603  8.1  7.8  1.45  0.15   9.46   4.68   7.13   7.68  86  4103     4  3.6
 2000
  1   491 J8   251   712 J8  1107   349 J8    84  1776 11018  7.3  7.2  0.76  0.11   2.88  -2.26   0.62   1.30  81   559     0  3.5
  2  1074 J8   388  1141 J8  1462   748 J8   183  3328 13517  6.5  6.4  0.82  0.15   5.18  -0.37   2.38   3.57  81   462     0  3.2
  3  1715 J8   752  1214 J8  1732  1227 J8   306  5751 16388  8.5  7.8  0.96  0.19   6.84   2.60   4.87   5.50  81   422     0  4.6
  4  3211 J8  1277  2266 J8  2322  1997 J8   322  8417 19173  7.1  6.7  0.87  0.23   8.54   3.33   6.05   6.77  75   372     0  3.8
  5  4393 J8  1812  3154 J8  3019  2510 J8   531 10541 21558  6.4  6.0  0.98  0.24  11.62   5.79   8.82   9.49  78   298     0  3.0
  6  4625 J8  1764  3085 J8  3094  2761 J8   437 11490 22774  6.7  6.4  1.57  0.23  15.49   9.43  12.48  13.08  81   176     0  2.5
  7  3565 J8  1751  1962 J8  2409  2338 J8   447 10918 21974  8.4  7.7  2.03  0.19  16.01  11.59  13.78  14.21  90   140     0  2.8
  8  3856 J8  1889  3499 J8  3505  1916 J8   468  9042 19717  6.9  5.9  2.01  0.15  16.19  10.91  13.56  14.28  87   149     1  3.2
  9  2400 J8  1234  2397 J8  2693  1343 J8   377  6514 17035  7.4  6.8  1.80  0.10  13.73   8.78  11.18  11.94  87   212     0  3.1
 10  1361 J8   644  1564 J8  1970   864 J8   279  3986 14239  7.8  7.5  1.34  0.07  10.36   5.60   8.31   8.82  84   321     0  3.7
 11   609 J8   342   831 J8  1341   429 J8   135  2125 11604  8.0  7.9  1.18  0.06   7.88   3.81   5.91   6.37  85   375     0  4.2
 12   406 J8   180   783 J8  1124   284 J8    58  1366 10138  7.0  6.7  0.94  0.07   4.97   0.39   2.92   3.60  77   485     0  3.6
 13  2309 J8  1569  1884 J8   994  1397 J8   885  6271 16595  7.3  6.9  1.27  0.15   9.97   4.97   7.57   8.24  82  3971     1  3.4
 2001
  1   419 J8   241   312 J8   728   357 J8   136  1801 11069  8.8  8.7  1.07  0.11   6.75   2.86   4.94   5.28  85   419     0  5.1
  2  1195 J8   662  1909 J8  2136   633 J8   180  3344 13545  6.1  5.9  0.79  0.15   4.71  -1.01   1.94   3.16  78   461     0  3.0
  3  1653 J8   793   999 J8  1637  1249 J8   285  5732 16362  8.3  7.9  0.84  0.19   5.93   0.91   3.58   4.19  82   462     0  3.9
  4  3468 J8  1324  3034 J8  2792  1881 J8   459  8401 19161  6.1  5.7  0.77  0.23   9.08   3.09   6.01   6.91  78   367     0  3.6
  5  3446 J8  1428  1552 J8  1925  2462 J8   464 10531 21548  8.6  8.2  1.12  0.24   9.73   5.40   7.50   7.86  81   334     0  4.2
  6  3580 J8  1354  1506 J8  1879  2605 J8   388 11490 22773  8.5  8.4  1.46  0.24  13.64   8.87  11.25  11.69  83   212     0  2.9
  7  3435 J8  1576  1711 J8  2270  2358 J8   500 10928 21984  8.5  8.0  2.01  0.19  15.28  11.21  13.13  13.52  84   158     0  2.8
  8  3337 J8  1781  2298 J8  2589  2032 J8   489  9057 19733  7.6  6.8  2.05  0.15  16.86  12.27  14.31  14.84  85   119     2  3.5
  9  2091 J8  1043  1472 J8  1929  1425 J8   345  6533 17051  8.2  7.8  1.76  0.10  13.66   9.60  11.57  12.07  88   201     0  4.0
 10  1178 J8   558   958 J8  1136   856 J8   220  4002 14260  8.4  8.2  1.21  0.07   9.73   5.07   7.51   8.07  87   339     0  3.5
 11   670 J8   246   841 J8  1138   500 J8   153  2135 11610  7.8  7.5  0.92  0.06   6.21   2.11   4.45   4.95  79   425     0  3.9
 12   364 J8   154   441 J8   783   298 J8    72  1367 10139  8.4  8.3  0.87  0.07   5.41   0.73   3.38   3.90  82   473     0  4.2
 13  2070 J8  1312  1419 J8   777  1388 J8   861  6277 16603  7.9  7.6  1.24  0.15   9.75   5.09   7.46   8.04  83  3971     2  3.7
 2002
  1   493 J8   220   485 J8   843   394 J8    79  1793 11054  8.5  8.3  1.15  0.11   5.21   1.12   3.43   3.96  89   470     0  3.5
  2  1024 J8   630  1172 J8  1675   660 J8   196  3327 13521  7.7  7.1  1.00  0.15   4.68   0.36   2.69   3.14  84   443     0  4.0
  3  2267 J8   917  2157 J8  2431  1371 J8   363  5710 16345  6.0  5.9  0.79  0.19   3.94  -0.77   1.61   2.30  63   519     0  3.6
  4  3406 J8  1805  2804 J8  3125  1874 J8   529  8380 19135  6.4  5.8  1.12  0.23   8.99   2.56   5.90   6.83  74   377     0  2.4
  5  3700 J8  1882  2257 J8  2969  2346 J8   447 10517 21530  8.0  7.2  1.52  0.24  12.35   6.51   9.48  10.03  74   276     0  3.5
  6  4115 J8  1814  2471 J8  2861  2559 J8   473 11487 22770  7.6  7.4  1.99  0.24  16.04  10.23  13.06  13.60  81   159     3  3.3
  7  3524 J8  1341  1672 J8  1993  2514 J8   335 10938 22003  8.3  8.1  2.28  0.19  16.57  11.61  14.03  14.47  87   132     1  2.3
  8  3224 J8  1632  2221 J8  2521  1998 J8   475  9076 19754  8.0  7.1  2.57  0.15  16.73  12.32  14.43  14.98  88   118     0  3.4
  9  2441 J8   990  2066 J8  2007  1518 J8   393  6554 17075  7.6  6.9  2.03  0.10  14.56   9.86  12.17  12.86  93   184     0  2.9
 10  1248 J8   562  1282 J8  1571   842 J8   191  4021 14277  7.7  7.5  1.71  0.07  11.91   6.88   9.42  10.32  92   277     0  2.6
 11   605 J8   223   721 J8   913   462 J8   125  2146 11641  8.1  7.8  1.63  0.06  11.06   6.29   8.71   9.38  85   290     0  3.6
 12   365 J8   176   492 J8   943   285 J8    57  1369 10142  8.5  8.1  1.29  0.07   7.79   3.67   5.80   6.15  87   391     0  4.7
 13  2201 J8  1393  1650 J8   801  1402 J8   857  6277 16604  7.7  7.3  1.59  0.15  10.82   5.89   8.39   9.00  83  3634     3  3.3
 2003
  1   478 J8   193   585 J8   849   368 J8    95  1785 11036  7.9  7.6  1.47  0.11   8.46   4.12   6.27   6.73  85   373     0  4.6
  2   910 J8   488   853 J8  1421   661 J8   195  3310 13498  7.7  7.5  1.09  0.15   6.61   2.29   4.63   5.38  85   389     0  2.5
  3  1955 J8   939  1601 J8  2026  1287 J8   366  5688 16312  7.9  7.2  1.04  0.19   6.89   2.11   4.64   5.11  71   429     0  4.3
  4  3324 J8  1400  2517 J8  2402  1978 J8   372  8359 19110  6.9  6.3  1.15  0.23  11.22   5.12   8.07   8.90  78   305     0  3.4
  5  4283 J8  1455  2840 J8  2872  2646 J8   510 10503 21510  6.6  6.3  1.30  0.24  13.32   7.05  10.37  11.08  77   252     0  3.3
  6  3845 J8  1675  1945 J8  2404  2700 J8   507 11485 22768  7.5  7.2  1.97  0.24  16.30  10.86  13.55  14.05  85   144     2  3.5
  7  3893 J8  1689  2509 J8  2862  2461 J8   463 10948 22016  7.5  6.8  2.43  0.19  18.09  12.49  15.18  15.71  86    96     2  2.5
  8  3346 J8  1459  2456 J8  2407  2009 J8   472  9095 19778  7.0  6.6  2.17  0.15  17.83  11.95  14.76  15.56  87   109     2  2.6
  9  2138 J8   879  1508 J8  2146  1478 J8   387  6576 17100  8.0  7.7  2.13  0.10  15.14  10.59  12.86  13.52  91   164     0  3.5
 10  1215 J8   549  1231 J8  1649   840 J8   206  4040 14306  7.6  7.4  1.69  0.07  12.16   8.30  10.17  10.78  83   251     0  3.8
 11   784 J8   479  1474 J8  2028   447 J8   156  2157 11650  6.3  6.0  1.08  0.06   6.85   0.79   3.70   4.80  82   435     0  3.1
 12   382 J8   140   384 J8   550   323 J8    96  1370 10149  8.3  7.9  1.22  0.07   5.80   1.56   3.84   4.27  82   454     0  4.8
 13  2213 J8  1460  1659 J8   811  1433 J8   908  6276 16603  7.4  7.1  1.56  0.15  11.55   6.44   9.00   9.66  83  3401     5  3.5
 2004
  1   454 J8   244   742 J8  1135   322 J8   115  1777 11020  7.5  7.2  1.14  0.11   3.58  -0.40   1.77   2.08  76   519     0  4.4
  2   968 J8   466   808 J8   933   734 J8   249  3330 13520  7.4  7.1  1.26  0.15   7.45   1.31   4.60   5.67  82   405     0  3.8
  3  1865 J8   836  1387 J8  1673  1280 J8   318  5754 16390  8.0  7.6  1.15  0.19   7.78   2.33   5.29   6.08  77   412     0  4.0
  4  3186 J8  1490  2214 J8  2464  2018 J8   379  8420 19176  7.2  6.6  1.41  0.23  11.50   5.60   8.56   9.36  76   293     0  3.3
  5  4855 J8  1768  3692 J8  2866  2630 J8   504 10542 21560  5.6  4.9  1.45  0.24  15.36   8.35  11.90  12.71  72   201     0  3.0
  6  5196 J8  1640  3463 J8  2786  2986 J8   566 11490 22774  5.9  5.4  2.10  0.23  19.05  11.59  15.29  16.02  76   115    24  2.8
  7  4070 J8  1566  2722 J8  2238  2486 J8   468 10917 21974  6.6  6.2  2.49  0.19  19.18  13.12  16.05  16.66  86    72     4  2.4
  8  4147 J8  1136  3784 J8  2286  2137 J8   481  9039 19715  5.6  4.8  2.48  0.15  20.66  13.34  16.91  18.01  84    51    10  2.1
  9  2356 J8   949  1927 J8  1907  1484 J8   335  6511 17034  7.5  6.9  1.95  0.10  14.85   9.23  12.12  13.05  89   189     0  2.8
 10  1184 J8   573  1258 J8  1682   803 J8   233  3984 14230  7.4  7.1  1.61  0.07  10.31   5.76   8.08   8.90  83   319     0  3.8
 11   664 J8   309   866 J8  1091   473 J8   122  2123 11600  7.7  7.4  1.34  0.06   7.48   2.26   4.93   5.75  86   404     0  3.3
 12   407 J8   167   614 J8   829   308 J8    84  1366 10137  7.4  6.7  1.21  0.07   5.53   1.00   3.62   4.21  81   467     0  3.8
 13  2446 J8  1781  1957 J8  1201  1472 J8   959  6271 16594  7.0  6.5  1.63  0.15  11.89   6.12   9.09   9.87  81  3446    39  3.3
 2005
  1   421 J8   177   562 J8   934   324 J8    71  1802 11069  7.2  7.1  1.22  0.11   4.95  -1.13   2.15   2.82  78   509     0  3.5
  2  1022 J8   512  1014 J8  1290   719 J8   206  3346 13550  7.7  7.2  1.10  0.15   5.69   0.72   3.24   3.97  84   424     0  3.0
  3  2139 J8  1061  1987 J8  2162  1286 J8   371  5735 16365  6.6  6.0  1.11  0.19   8.04   2.78   5.41   6.18  75   401     0  4.3
  4  3223 J8  1554  2345 J8  2502  1956 J8   381  8404 19164  6.9  6.7  1.27  0.23  11.56   5.53   8.45   9.18  73   293     0  3.8
  5  4394 J8  1527  3049 J8  2459  2600 J8   371 10533 21552  6.4  6.0  1.59  0.24  15.94   8.62  12.34  13.20  71   188     0  2.9
  6  4714 J8  1850  3243 J8  2807  2724 J8   546 11490 22775  7.0  6.3  1.81  0.24  17.27  10.63  13.96  14.68  73   139     7  3.1
  7  3201 J8  1311  1466 J8  1896  2352 J8   397 10926 21981  8.5  8.3  2.32  0.19  16.43  11.89  14.09  14.54  86   129     0  2.8
  8  3944 J8  1522  3264 J8  2610  2143 J8   463  9055 19730  6.7  5.6  2.36  0.15  18.72  12.55  15.50  16.28  84    89     6  2.5
  9  2374 J8   952  2022 J8  1977  1490 J8   296  6530 17047  7.5  6.9  1.95  0.10  15.01   9.65  12.33  13.21  84   180     0  2.8
 10  1171 J8   521   881 J8  1151   883 J8   245  4000 14257  8.2  8.1  1.49  0.07  11.00   6.09   8.75   9.38  82   303     0  4.4
 11   520 J8   216   392 J8   748   445 J8   144  2133 11608  8.6  8.4  1.41  0.06   7.27   3.07   5.36   5.83  83   395     0  4.7
 12   358 J8   158   422 J8   750   294 J8    71  1367 10140  7.9  7.7  1.40  0.07   7.17   2.54   4.75   5.41  82   418     0  4.0
 13  2290 J8  1595  1721 J8  1090  1435 J8   904  6277 16603  7.4  7.0  1.59  0.15  11.59   6.08   8.86   9.56  80  3467    13  3.5
 2006
  1   412 J8   119   241 J8   336   366 J8    81  1794 11055  8.9  8.8  1.10  0.11   5.98   1.56   3.96   4.33  83   451     0  3.8
  2  1180 J8   509  1412 J8  1465   764 J8   239  3329 13523  6.3  6.1  0.80  0.15   5.54  -0.88   2.35   3.60  71   448     0  3.4
  3  2164 J8   990  1906 J8  1965  1353 J8   345  5712 16348  7.2  6.5  0.86  0.19   5.51  -0.89   2.55   3.55  71   497     0  3.1
  4  2773 J8  1025  1492 J8  1733  2021 J8   406  8383 19137  8.1  7.7  1.14  0.23   8.31   2.92   5.71   6.41  81   382     0  3.6
  5  3601 J8  1273  1879 J8  1793  2525 J8   495 10519 21531  7.8  7.5  1.49  0.24  12.59   6.74   9.56  10.19  76   269     0  3.1
  6  4882 J8  1917  3487 J8  3112  2683 J8   497 11488 22771  6.9  6.1  1.79  0.24  16.46  10.36  13.31  13.91  77   150     3  2.9
  7  4306 J8  1885  2972 J8  2824  2526 J8   589 10936 21999  7.3  6.7  2.21  0.19  17.60  11.75  14.66  15.24  79   113     0  2.6
  8  3082 J8  1221  1798 J8  1934  2167 J8   511  9074 19750  8.2  7.5  2.18  0.15  16.28  11.23  13.61  14.30  82   142     0  2.1
  9  2064 J8  1169  1620 J8  2218  1348 J8   346  6552 17072  8.1  7.5  2.16  0.10  14.28  10.03  12.17  12.80  84   185     0  2.8
 10  1348 J8   612  1466 J8  1553   888 J8   243  4019 14272  7.1  6.7  1.63  0.07  11.07   5.64   8.28   9.37  83   309     0  2.4
 11   748 J8   300  1223 J8  1361   498 J8   168  2145 11632  7.1  6.9  0.84  0.06   3.58  -1.82   1.04   1.69  72   524     0  3.4
 12   343 J8   111   256 J8   451   306 J8    65  1369 10142  8.5  8.3  1.26  0.07   6.28   1.62   4.07   4.47  84   446     0  5.5
 13  2242 J8  1514  1646 J8   929  1454 J8   898  6277 16603  7.6  7.2  1.46  0.15  10.29   4.85   7.61   8.32  79  3915     3  3.2
 2007
  1   481 J8   199   526 J8   685   379 J8   110  1786 11039  8.3  8.1  1.12  0.11   4.47  -0.03   2.29   2.72  85   499     0  3.6
  2   831 J8   442   601 J8  1119   658 J8   180  3312 13502  8.3  8.2  1.09  0.15   5.31   1.18   3.26   3.84  81   422     0  2.8
  3  1840 J8   859  1186 J8  1425  1355 J8   371  5690 16318  8.4  7.7  0.99  0.19   5.15   0.58   2.92   3.39  82   479     0  3.9
  4  2949 J8  1058  1848 J8  2112  2004 J8   454  8361 19113  7.7  7.2  1.20  0.23   8.71   3.50   6.10   6.74  75   367     0  4.0
  5  3784 J8  1233  1927 J8  1771  2669 J8   340 10505 21513  7.8  7.3  1.46  0.24  12.04   6.04   9.06   9.71  74   288     0  2.5
  6  4113 J8  1421  2191 J8  2341  2774 J8   415 11485 22769  8.1  7.8  1.87  0.24  15.71   9.44  12.60  13.17  75   173     0  2.3
  7  3133 J8  1058  1151 J8  1446  2504 J8   499 10947 22014  8.6  8.4  2.46  0.19  16.91  12.29  14.43  14.83  83   116     1  2.5
  8  3787 J8  1469  3054 J8  2608  2112 J8   506  9093 19776  6.8  6.3  2.14  0.15  19.04  12.03  15.33  16.36  78    88     1  2.0
  9  2208 J8  1128  1832 J8  2457  1379 J8   338  6573 17097  7.2  6.9  1.94  0.10  14.62   9.09  11.94  12.88  85   194     0  2.4
 10  1183 J8   511   875 J8  1212   901 J8   208  4038 14303  8.3  8.0  1.46  0.07  10.31   6.46   8.27   8.78  82   308     0  3.7
 11   750 J8   252  1106 J8  1014   519 J8   155  2156 11649  7.5  7.3  1.09  0.06   7.03   1.86   4.69   5.30  80   416     0  3.4
 12   411 J8   189   690 J8  1079   299 J8    63  1370 10148  7.5  7.0  0.90  0.07   3.07  -0.95   1.22   1.77  76   535     0  3.9
 13  2123 J8  1393  1416 J8   763  1463 J8   923  6276 16603  7.9  7.5  1.48  0.15  10.20   5.12   7.68   8.29  80  3887     2  3.1
 2008
  1   514 J8   292   795 J8  1262   360 J8   125  1778 11024  7.8  7.6  0.95  0.11   3.29  -1.03   1.39   2.00  80   533     0  3.1
  2   882 J8   443   576 J8   871   712 J8   199  3332 13523  8.4  8.0  1.11  0.15   5.15   0.16   2.86   3.39  81   455     0  4.1
  3  1923 J8   905  1301 J8  1628  1358 J8   312  5756 16392  7.5  7.2  0.99  0.19   6.37   1.06   3.86   4.68  78   453     0  4.0
  4  3331 J8  1805  2598 J8  3108  1921 J8   481  8423 19178  6.6  6.2  1.00  0.23   8.25   1.95   5.47   6.36  69   397     0  3.2
  5  4173 J8  1890  2720 J8  3027  2530 J8   537 10544 21562  7.3  6.7  1.53  0.24  12.94   6.86  10.16  10.78  75   261     0  2.9
  6  4277 J8  1749  2688 J8  2609  2658 J8   392 11490 22775  7.7  7.4  1.67  0.23  13.73   8.21  10.96  11.52  77   221     0  2.9
  7  3315 J8  1178  1521 J8  1700  2471 J8   429 10915 21972  8.7  8.4  2.16  0.19  15.02  10.47  12.69  13.09  82   173     0  2.9
  8  3282 J8  1565  2240 J8  2765  2050 J8   432  9036 19712  8.0  7.4  2.38  0.15  16.60  11.65  13.84  14.44  85   130     0  3.0
  9  2174 J8   864  1764 J8  1731  1427 J8   309  6509 17030  7.3  7.0  2.06  0.10  14.93   9.44  12.02  12.90  85   184     0  2.3
 10  1057 J8   451   636 J8  1005   860 J8   197  3981 14226  8.5  8.4  1.52  0.07   9.35   4.33   7.10   7.53  86   356     0  4.1
 11   562 J8   203   382 J8   586   482 J8   108  2122 11598  8.5  8.1  1.28  0.06   6.95   2.43   4.84   5.24  89   409     0  3.8
 12   464 J8   191  1089 J8  1287   300 J8    85  1366 10137  5.4  5.2  0.77  0.07   1.90  -2.95  -0.18   0.59  69   585     0  3.2
 13  2163 J8  1463  1526 J8   867  1427 J8   884  6271 16594  7.6  7.3  1.45  0.15   9.54   4.38   7.08   7.71  80  4158     0  3.3
 2009
  1   502 J8   255   700 J8   965   361 J8   117  1804 11072  7.1  6.8  1.05  0.11   4.41  -1.67   1.72   2.40  80   526     0  3.2
  2  1259 J8   633  1671 J8  1799   746 J8   246  3348 13555  5.2  5.1  0.80  0.15   3.88  -3.30   0.55   1.99  73   505     0  2.5
  3  1902 J8   679  1328 J8  1138  1349 J8   304  5737 16373  7.7  7.1  0.88  0.19   3.96  -0.64   1.75   2.38  77   517     0  3.4
  4  3543 J8  1542  2734 J8  2453  2022 J8   378  8406 19165  6.1  5.7  0.96  0.23   9.27   2.88   6.15   7.04  74   368     0  3.4
  5  4501 J8  1415  2860 J8  1990  2801 J8   454 10535 21555  6.5  6.0  1.34  0.24  12.98   6.60   9.77  10.51  74   265     0  2.5
  6  4600 J8  2079  3279 J8  3568  2580 J8   568 11490 22775  6.8  6.3  1.74  0.24  17.16   9.89  13.53  14.34  76   147     3  2.6
  7  4689 J8  2146  3975 J8  3486  2205 J8   502 10924 21979  6.1  5.4  2.45  0.19  19.47  12.87  15.98  16.66  81    94    27  2.7
  8  3311 J8  1778  2431 J8  3061  1971 J8   411  9052 19729  7.1  6.9  2.39  0.15  18.45  12.32  15.16  15.95  80    98     6  2.8
  9  2084 J8   978  1459 J8  2061  1425 J8   316  6527 17045  8.1  7.9  2.06  0.10  14.49   9.86  12.13  12.79  84   185     0  3.9
 10  1453 J8   768  1772 J8  2110   848 J8   248  3998 14253  7.4  6.8  1.59  0.07  11.35   5.76   8.52   9.63  80   303     0  2.9
 11   627 J8   164   587 J8   576   501 J8   115  2132 11606  8.6  8.4  1.11  0.06   7.32   3.20   5.46   5.93  79   392     0  4.4
 12   542 J8   182  1445 J8  1339   313 J8    80  1367 10140  5.6  5.0  0.91  0.07   3.98  -1.92   1.41   2.27  70   536     0  2.6
 13  2418 J8  1634  2020 J8  1040  1427 J8   880  6277 16604  6.9  6.4  1.44  0.15  10.56   4.66   7.68   8.49  77  3934    36  3.1
 2010
  1   458 J8   196   489 J8   747   368 J8   118  1795 11058  8.2  7.9  1.28  0.11   7.73   3.49   5.84   6.17  75   394     0  4.1
  2  1116 J8   617  1331 J8  1790   718 J8   240  3331 13526  7.0  6.6  1.10  0.15   8.55   2.73   5.53   6.52  76   355     0  3.2
  3  1638 J8   781   779 J8  1379  1306 J8   319  5715 16352  8.4  8.0  1.15  0.19   7.10   2.82   5.07   5.59  80   415     0  4.7
  4  3182 J8  1103  1912 J8  1889  2201 J8   468  8385 19141  7.1  6.5  1.08  0.23  10.09   4.06   7.07   7.88  73   338     0  3.0
  5  4045 J8  1439  2408 J8  1974  2623 J8   495 10521 21535  7.0  6.5  1.41  0.24  14.27   7.06  10.72  11.55  72   238     0  2.2
  6  3770 J8  1366  1691 J8  2163  2709 J8   453 11488 22771  8.5  8.2  1.72  0.24  15.12   9.96  12.47  12.94  75   174     0  3.2
  7  4663 J8  1611  3586 J8  2791  2487 J8   391 10935 21998  6.6  6.0  2.12  0.19  19.32  11.75  15.41  16.20  73    94     8  2.5
  8  4143 J8  1879  3977 J8  3469  1914 J8   444  9071 19747  6.0  5.2  2.25  0.15  19.46  12.00  15.47  16.55  79    98    18  2.2
  9  2567 J8  1315  2785 J8  3029  1322 J8   344  6549 17068  6.1  5.8  1.76  0.10  16.00   8.83  12.20  13.64  83   177     0  2.8
 10  1276 J8   487  1209 J8  1277   876 J8   175  4017 14271  7.7  7.6  1.54  0.07  10.98   5.80   8.66   9.38  85   308     0  4.0
 11   731 J8   277  1207 J8  1505   480 J8   138  2143 11630  7.3  7.0  1.16  0.06   6.57   1.49   4.23   4.89  74   429     0  3.9
 12   398 J8   168   633 J8  1046   300 J8    73  1368 10142  8.0  7.7  0.98  0.07   4.88   0.46   2.97   3.35  77   485     0  3.1
 13  2332 J8  1578  1834 J8  1141  1442 J8   912  6277 16603  7.3  6.9  1.46  0.15  11.67   5.87   8.80   9.56  77  3506    25  3.3
