703620 SKAGWAY AIRPORT        AK  -9  N59 28  W135 18     9  1012
 1991-2010
 MO AVGLO FL SDGLO AVDIR FL SDDIR AVDIF FL SDDIF AVETR AETRN  TOT  OPQ   H2O   TAU  MAX_T  MIN_T  AVG_T  AVGDT  RH  HTDD  CLDD AVWS
  1   374 J7    48   955 J8   369   246 J7    14  1115  9753  6.8  6.3  0.63  0.08  -1.94  -6.02  -3.97  -3.78  65   692     0  6.2
  2  1033 J7   109  1755 J8   554   597 J7    47  2582 12867  6.9  6.0  0.61  0.11   0.87  -3.66  -1.37  -0.92  67   557     0  5.2
  3  2213 J7   241  2806 J8   855  1164 J7   108  5029 16302  6.7  6.0  0.57  0.13   3.29  -2.30   0.54   1.25  63   553     0  5.1
  4  4135 J7   405  4129 J8  1203  2097 J7   237  7901 19686  6.2  5.3  0.70  0.16   9.30   1.24   5.33   6.40  67   392     0  3.9
  5  5366 J7   478  5078 J8  1131  2514 J7   181 10299 22705  5.9  5.1  0.95  0.16  14.14   5.50   9.93  10.70  66   264     0  4.2
  6  5110 J7   663  4346 J8  1360  2548 J7   194 11422 24379  6.6  6.1  1.35  0.16  17.27   9.14  13.26  13.67  70   155     1  4.2
  7  4534 J7   544  3227 J8  1203  2683 J7   212 10784 23351  7.6  7.1  1.68  0.13  17.81  11.04  14.34  14.76  76   123     2  4.0
  8  3705 J7   480  3324 J8  1222  2004 J7   176  8671 20480  7.3  6.7  1.68  0.10  17.04  10.37  13.66  14.28  79   144     1  3.5
  9  2322 J7   249  2140 J8   822  1461 J7    99  5917 17213  8.0  7.5  1.30  0.07  13.04   7.54  10.31  11.02  81   241     0  3.7
 10  1155 J7   151  1638 J8   621   703 J7    36  3279 13832  7.9  7.4  0.91  0.05   8.27   3.71   6.02   6.62  77   383     0  4.0
 11   517 J7    66  1088 J8   514   345 J7    25  1444 10538  7.5  7.1  0.69  0.05   2.86  -1.07   0.95   1.31  71   523     0  4.6
 12   230 J7    23   674 J8   322   165 J7    12   741  8582  7.3  7.0  0.64  0.06   0.01  -3.88  -1.89  -1.64  69   628     0  5.2
 13  2558 J7   151  2597 J8   503  1377 J7    85  5765 16641  7.1  6.5  0.98  0.10   8.50   2.63   5.59   6.14  71  4654     4  4.5
 1991
  1   389 J5   171  1012 J7  1087   260 J5    95  1109  9737  6.0  5.3  0.80  0.07  -2.57  -6.89  -4.94  -4.61  67   715     0  6.2
  2   975 J5   577  1185 J7  1741   663 J5   233  2559 12828  8.7  7.4  0.83  0.09   3.78  -0.00   1.67   1.89  79   460     0  4.8
  3  2214 J5   794  2730 J7  2372  1217 J5   357  4987 16251  6.5  5.7  0.70  0.12   3.86  -2.08   0.77   1.60  69   541     0  5.3
  4  3595 J6  1411  2455 J7  2668  2363 J6   477  7859 19633  8.1  6.8  0.88  0.14   9.59   0.94   5.21   6.45  78   392     0  3.3
  5  4943 J6  1749  4122 J7  3583  2629 J6   583 10270 22666  6.9  6.0  1.08  0.15  14.69   4.35   9.69  10.70  72   273     0  4.0
  6  5657 J6  1852  5196 J7  3812  2583 J6   608 11418 24372  6.3  5.6  1.49  0.15  18.46   7.71  13.41  13.99  71   161     3  3.6
  7  4258 J6  1456  2108 J7  2420  3044 J6   464 10806 23385  8.7  8.0  1.80  0.13  18.01  10.43  14.19  14.70  77   127     0  3.9
  8  3288 J6  1551  2203 J7  3031  2121 J6   498  8710 20528  8.2  7.6  2.04  0.13  16.65   9.51  13.14  13.90  81   163     0  3.1
  9  1612 J6   469   326 J7   452  1483 J6   330  5959 17265  9.2  9.0  1.54  0.13  12.43   8.27  10.43  11.00  88   239     0  3.4
 10  1037 J5   427  1276 J7  1622   700 J5   244  3313 13882  6.8  6.1  0.81  0.14   7.36   2.57   4.76   5.37  74   414     0  3.8
 11   419 J5   221   416 J7   852   346 J5   112  1462 10581  8.3  7.8  0.89  0.16   2.56  -0.38   1.18   1.50  77   517     0  4.1
 12   190 J5    54    89 J7   180   181 J5    43   743  8592  9.0  8.2  0.81  0.18   0.90  -3.03  -0.84  -0.68  78   601     0  4.1
 13  2381 J6  1910  1926 J7  1554  1466 J6  1044  5766 16643  7.7  7.0  1.14  0.13   8.81   2.62   5.72   6.32  76  4604     3  4.1
 1992
  1   266 J5    86    40 J7    87   261 J5    78  1101  9714  9.3  8.9  0.85  0.23   2.84  -0.27   1.21   1.24  79   529     0  4.8
  2   874 J5   453   650 J7   810   709 J5   274  2579 12858  7.6  6.2  0.77  0.27   0.13  -2.89  -1.45  -1.23  66   572     0  5.9
  3  1980 J5   707  1276 J7  1227  1478 J5   440  5056 16334  7.7  6.7  0.80  0.31   5.29  -0.55   2.39   3.19  68   495     0  5.7
  4  3939 J6  1004  2124 J7  2027  2852 J6   497  7927 19714  7.2  5.9  0.78  0.34   9.43   0.43   4.95   6.28  66   402     0  4.1
  5  4742 J6  1837  2965 J7  3094  3002 J6   551 10316 22727  7.1  6.1  0.91  0.32  13.31   3.27   8.68   9.64  71   311     0  3.8
  6  5432 J6  2034  4144 J7  3734  2900 J6   625 11425 24381  5.5  5.1  1.36  0.30  19.58   7.63  14.00  14.70  66   145     3  3.4
  7  4197 J6  1706  1995 J7  2594  3020 J6   680 10770 23332  8.5  7.6  1.83  0.25  18.21  10.45  14.14  14.68  79   124     0  3.6
  8  3458 J6  1459  2183 J7  2499  2320 J6   499  8647 20454  7.6  6.6  1.75  0.21  16.42   8.62  12.72  13.56  82   180     0  3.5
  9  2036 J6   843  1192 J7  1631  1547 J6   371  5890 17185  8.3  7.9  1.11  0.17  10.81   5.00   7.89   8.65  79   313     0  3.9
 10  1055 J5   506  1123 J7  1582   736 J5   251  3256 13801  7.5  6.8  0.80  0.14   6.31   2.15   4.29   4.97  76   437     0  4.9
 11   414 J5   188   291 J7   582   365 J5   127  1431 10511  8.3  8.0  0.87  0.12   4.33   0.98   2.63   2.90  79   470     0  4.7
 12   219 J5    73   392 J7   559   180 J5    52   739  8577  6.6  6.2  0.66  0.12  -3.34  -7.13  -5.23  -5.07  63   730     0  6.8
 13  2384 J6  1885  1531 J7  1208  1614 J6  1154  5761 16632  7.6  6.8  1.04  0.23   8.61   2.31   5.52   6.13  73  4707     3  4.6
 1993
  1   383 J5   170   785 J7   984   275 J5    94  1125  9778  6.4  5.1  0.62  0.13  -2.81  -7.91  -5.27  -5.06  66   734     0  5.0
  2   989 J5   486  1372 J7  1338   649 J5   235  2595 12891  6.5  5.3  0.76  0.15   0.94  -3.82  -1.47  -1.13  63   554     0  6.0
  3  2220 J5   942  2268 J7  2258  1337 J5   367  5036 16310  6.8  5.8  0.62  0.17   5.34  -1.06   2.06   3.02  60   502     0  5.4
  4  4226 J6  1307  3973 J7  2856  2234 J6   547  7908 19696  5.6  4.7  0.82  0.19  13.90   2.55   8.34   9.89  62   303     0  3.5
  5  5869 J6  1627  5899 J7  3475  2538 J6   623 10304 22716  4.9  3.9  1.26  0.19  18.10   5.92  12.37  13.52  63   196     0  3.6
  6  4970 J6  1864  3342 J7  3027  2934 J6   543 11424 24379  7.7  6.7  1.45  0.18  19.78   9.51  14.97  15.56  66   111     0  3.7
  7  5021 J6  1875  3652 J7  3164  2921 J6   550 10781 23345  7.2  6.2  1.79  0.15  21.21  11.77  16.52  17.16  69    70    13  3.2
  8  3307 J6  1481  2061 J7  2619  2236 J6   410  8665 20472  8.0  7.5  1.84  0.12  19.61  10.80  15.36  16.26  70    98     1  3.8
  9  2198 J6   969  1385 J7  1794  1614 J6   414  5910 17199  8.4  8.0  1.46  0.09  15.03   8.24  11.80  12.73  76   201     0  4.8
 10   912 J5   517   740 J7  1525   687 J5   167  3273 13823  9.1  8.4  1.29  0.07   9.87   5.79   7.81   8.37  84   325     0  3.3
 11   403 J5   225   450 J7  1003   329 J5   126  1440 10530  8.0  7.8  0.81  0.06   4.22  -0.41   2.15   2.59  78   493     0  4.2
 12   193 J6    70   210 J7   465   172 J6    51   740  8579  8.3  7.7  0.79  0.06   3.12  -0.04   1.66   1.92  84   520     0  4.6
 13  2558 J6  2058  2178 J7  1726  1494 J6  1057  5767 16643  7.3  6.4  1.13  0.13  10.69   3.45   7.19   7.90  70  4107    14  4.3
 1994
  1   311 J5   171   437 J7   717   249 J5    80  1117  9758  7.8  7.4  0.77  0.08  -2.72  -6.31  -4.61  -4.45  71   708     0  6.1
  2   964 J5   421  1265 J7  1338   658 J5   200  2578 12862  6.1  5.3  0.53  0.11  -7.60 -11.13  -9.29  -8.91  59   775     0  5.9
  3  1768 J5   984  1395 J7  1936  1218 J5   376  5013 16284  8.9  7.8  0.70  0.13   5.43  -0.83   2.34   3.29  80   497     0  4.1
  4  4214 J6  1559  3947 J7  3215  2207 J6   560  7885 19670  5.6  4.5  0.78  0.15  11.50   1.73   6.68   8.00  70   351     0  3.5
  5  5288 J6  1391  4715 J7  3416  2688 J6   785 10288 22689  6.3  5.5  1.01  0.16  15.10   4.99  10.29  11.24  66   257     0  3.7
  6  4205 J6  1849  2648 J7  3276  2645 J6   468 11421 24379  8.1  7.7  1.37  0.16  19.36   9.47  14.65  15.21  65   118     1  3.7
  7  4359 J6  1818  2826 J7  3618  2768 J6   473 10793 23366  7.7  7.2  1.83  0.13  20.48  11.15  15.68  16.31  71    79     1  3.8
  8  4456 J6  1565  4847 J7  3342  1945 J6   496  8686 20497  6.0  5.3  2.08  0.10  20.70  11.31  16.04  17.13  75    74     2  2.9
  9  2107 J6   897  1385 J7  2116  1551 J6   446  5933 17232  8.3  7.9  1.32  0.07  13.54   6.96  10.58  11.38  80   242     0  2.9
 10   958 J5   459   693 J7  1242   759 J5   184  3292 13851  8.7  8.1  0.93  0.05   8.72   3.96   6.31   7.16  81   372     0  3.4
 11   457 J5   248   714 J7  1321   342 J5   122  1451 10559  8.1  7.8  0.52  0.04  -1.15  -5.73  -3.38  -2.93  69   653     0  4.1
 12   225 J5    84   450 J7   648   181 J5    48   742  8582  7.9  7.6  0.61  0.05  -1.54  -4.92  -3.25  -3.06  68   668     0  5.0
 13  2443 J6  1917  2110 J7  1644  1434 J6   998  5766 16644  7.5  6.9  1.04  0.10   8.48   1.72   5.17   5.86  71  4796     4  4.1
 1995
  1   383 J6   152  1213 J7  1347   237 J6    80  1110  9741  5.6  4.8  0.73  0.07   0.20  -3.37  -1.58  -1.44  69   617     0  4.6
  2   987 J5   481  1469 J7  1570   614 J5   193  2561 12831  7.1  6.2  0.55  0.09  -0.14  -5.62  -2.68  -2.10  65   594     0  4.4
  3  1836 J6   847  1873 J7  2421  1162 J6   335  4989 16254  7.8  6.9  0.60  0.12   2.69  -4.40  -0.69   0.18  64   595     0  4.6
  4  3939 J6  1729  3714 J7  3517  2076 J6   528  7862 19639  6.3  5.7  0.77  0.14  10.86   0.94   6.18   7.50  70   373     0  3.3
  5  5173 J6  1598  4577 J7  3325  2628 J6   660 10272 22669  6.9  5.7  1.13  0.15  16.74   6.47  11.93  12.87  63   209     0  3.6
  6  4253 J6  1601  2403 J7  2733  2811 J6   393 11419 24372  8.5  7.9  1.61  0.15  19.37   8.84  14.43  15.06  68   131     4  3.2
  7  3722 J6  1652  1555 J7  2617  2814 J6   527 10805 23382  9.0  8.5  1.81  0.12  19.43  11.39  15.29  15.84  75    93     2  3.2
  8  3453 J6  1470  2515 J7  2968  2173 J6   409  8707 20525  8.5  7.6  1.68  0.09  18.02   9.89  14.06  14.97  78   136     0  3.2
  9  2310 J6   928  1773 J7  2332  1620 J6   483  5956 17263  8.1  7.6  1.73  0.06  16.26   8.84  12.64  13.68  79   173     0  2.6
 10   859 J5   390   564 J7  1454   708 J5   201  3311 13880  8.9  8.6  0.87  0.04   8.90   4.44   6.59   7.25  85   362     0  2.3
 11   474 J6   241   776 J7  1408   352 J6   115  1461 10577  7.6  7.4  0.63  0.04   0.30  -3.15  -1.29  -0.84  63   593     0  4.0
 12   208 J5    99   395 J7   920   168 J5    54   743  8591  8.1  7.8  0.67  0.04  -3.71  -6.20  -5.01  -4.77  64   722     0  4.8
 13  2300 J6  1745  1902 J7  1250  1447 J6  1031  5766 16644  7.7  7.1  1.06  0.09   9.08   2.34   5.82   6.52  70  4596     7  3.7
 1996
  1   461 J5   238  1637 J7  1312   227 J5    76  1102  9717  3.8  3.3  0.46  0.07 -10.58 -14.12 -12.38 -12.27  49   951     0  7.4
  2   976 J5   564  1280 J7  1395   638 J5   239  2581 12862  7.7  6.6  0.67  0.09   0.13  -4.30  -2.10  -1.75  67   592     0  4.4
  3  2094 J6   997  2574 J7  2550  1152 J6   386  5059 16335  6.5  5.8  0.66  0.12   3.95  -2.38   0.82   1.66  53   544     0  4.6
  4  3416 J6  1323  2739 J7  3097  2107 J6   549  7930 19718  7.3  6.7  0.66  0.14   9.55  -0.11   5.01   6.24  59   408     0  3.1
  5  5851 J6  1513  6053 J7  3369  2471 J6   575 10318 22728  4.6  3.9  0.87  0.15  15.38   5.18  10.51  11.38  60   250     0  4.2
  6  3960 J6  1586  1978 J7  2650  2788 J6   470 11425 24381  8.5  8.1  1.31  0.15  18.90   9.13  14.18  14.76  66   132     3  3.3
  7  4978 J7  2009  4091 J7  4213  2618 J7   686 10768 23327  7.0  6.6  1.61  0.12  21.79  10.92  16.44  17.20  65    66     5  3.6
  8  3150 J7  1349  1965 J8  2620  2150 J7   425  8644 20449  8.9  8.0  1.63  0.09  16.53  10.62  13.55  14.04  80   147     0  3.0
  9  2746 J8  1046  3769 J8  3191  1302 J8   425  5887 17179  6.2  5.8  1.11  0.06  12.82   5.23   8.88  10.07  82   279     0  2.9
 10  1024 J8   496  1390 J8  2100   663 J8   230  3253 13796  8.0  7.8  0.82  0.04   6.65   1.32   3.99   4.68  74   445     0  3.1
 11   624 J8   268  2118 J8  1870   296 J8   139  1430 10506  5.3  5.1  0.64  0.04   0.30  -3.43  -1.77  -1.53  58   597     0  6.2
 12   260 J8    88  1176 J8  1188   151 J8    44   739  8577  5.6  5.6  0.49  0.04  -2.35  -6.58  -4.48  -4.15  54   707     0  5.7
 13  2462 J7  1863  2564 J7  1437  1380 J7   998  5761 16631  6.6  6.1  0.91  0.09   7.75   0.96   4.39   5.03  64  5118     8  4.3
 1997
  1   397 J8   221  1263 J8  1442   224 J8    75  1126  9782  6.1  5.9  0.61  0.07  -3.00  -8.77  -6.08  -6.10  61   751     0  6.9
  2   935 J8   537  1421 J8  1730   576 J8   168  2597 12895  8.1  7.1  0.77  0.09   2.93  -0.75   1.22   1.57  79   483     0  3.4
  3  2216 J8   674  2852 J8  2066  1164 J8   314  5039 16316  7.0  6.3  0.53  0.12   1.29  -3.65  -1.22  -0.57  58   605     0  4.4
  4  4674 J8  1147  5813 J8  3334  1866 J8   699  7911 19700  5.1  3.9  0.75  0.14   9.34  -0.04   4.65   6.02  72   410     0  2.9
  5  5686 J8  1610  5966 J8  3646  2311 J8   623 10306 22720  4.9  4.3  1.09  0.15  15.68   6.29  10.93  11.85  61   228     0  3.9
  6  5656 J8  2157  5469 J8  4430  2401 J8   754 11424 24381  6.0  5.3  1.47  0.15  19.06   9.61  14.23  14.73  71   122     2  3.8
  7  4212 J8  1823  2989 J8  3790  2526 J8   496 10779 23341  7.6  7.3  1.79  0.12  17.74  11.77  14.58  14.97  81   111     0  3.4
  8  4322 J8  1506  5059 J8  3467  1716 J8   446  8662 20468  5.9  5.6  1.91  0.09  18.63  10.87  14.59  15.40  80   111     0  3.0
  9  2378 J8   860  2256 J8  2387  1448 J8   389  5907 17196  7.8  7.3  1.42  0.06  14.44   8.37  11.39  12.15  82   208     0  2.3
 10  1147 J8   561  1560 J8  1825   709 J8   220  3270 13820  8.4  7.9  0.77  0.04   7.61   2.94   5.32   5.79  67   405     0  3.6
 11   558 J8   286  1447 J8  1645   324 J8   121  1439 10526  6.7  6.2  0.81  0.04   4.92   1.26   3.05   3.35  77   457     0  4.1
 12   211 J8    80   471 J8   747   166 J8    44   740  8579  8.5  8.1  0.70  0.04   4.40  -0.20   2.06   2.13  81   503     0  4.1
 13  2699 J8  2098  3047 J8  2000  1286 J8   881  5767 16644  6.8  6.3  1.05  0.09   9.42   3.14   6.23   6.77  73  4393     3  3.8
 1998
  1   425 J8   153  1248 J8  1006   266 J8   121  1118  9760  5.9  5.3  0.67  0.07  -4.36  -7.49  -5.99  -5.64  58   752     0  7.9
  2  1155 J8   456  2405 J8  1721   570 J8   194  2580 12865  6.2  5.5  0.76  0.09   4.82   0.39   2.61   3.02  65   440     0  5.0
  3  2496 J8   908  4295 J8  2787   946 J8   329  5015 16289  5.0  4.6  0.66  0.12   5.24  -1.03   2.15   3.01  66   503     0  5.4
  4  3968 J8  1176  3658 J8  2452  2112 J8   474  7888 19671  7.4  6.4  0.76  0.14   8.93   3.27   6.08   6.77  74   367     0  3.9
  5  5232 J8  1597  4844 J8  3191  2527 J8   536 10290 22691  5.8  5.1  1.20  0.15  14.81   6.42  10.44  11.19  69   239     0  4.3
  6  6471 J8  1722  6965 J8  3999  2411 J8   750 11422 24379  4.5  3.6  1.66  0.15  18.60   9.44  14.05  14.57  77   129     0  4.0
  7  4812 J8  1990  4135 J8  4222  2510 J8   600 10791 23363  6.5  6.3  2.01  0.12  18.62  11.31  14.77  15.31  78   106     2  3.3
  8  3854 J8  1833  3798 J8  4044  1887 J8   506  8683 20495  7.1  6.7  1.73  0.09  16.55  10.14  13.22  13.76  78   154     0  4.3
  9  2434 J8  1106  2504 J8  3153  1398 J8   437  5930 17228  7.8  7.3  1.44  0.06  12.70   7.10   9.96  10.76  82   253     0  3.7
 10  1296 J8   598  2297 J8  2244   663 J8   259  3289 13847  7.5  6.9  1.06  0.04   8.85   3.98   6.50   7.15  70   369     0  3.7
 11   576 J8   306  1647 J8  1789   315 J8   110  1450 10554  6.4  5.9  0.71  0.04   3.88  -1.04   1.62   2.08  67   507     0  4.5
 12   231 J8    84   807 J8   998   155 J8    34   742  8582  6.6  6.3  0.62  0.04  -1.58  -5.23  -3.39  -3.22  63   674     0  4.9
 13  2746 J8  2095  3217 J8  1742  1313 J8   936  5766 16644  6.4  5.8  1.11  0.09   8.92   3.10   6.00   6.56  71  4494     2  4.6
 1999
  1   351 J8   186   857 J8  1100   233 J8    77  1111  9741  6.9  6.7  0.58  0.07  -5.23 -10.07  -7.61  -7.43  61   805     0  5.8
  2  1037 J8   551  1653 J8  1616   609 J8   174  2563 12837  7.7  5.9  0.49  0.09  -0.93  -5.89  -3.55  -3.17  57   609     0  6.5
  3  2043 J8  1049  2327 J8  2214  1124 J8   262  4992 16258  7.2  6.7  0.59  0.12   1.82  -4.18  -1.18  -0.32  57   605     0  3.8
  4  4014 J8  1328  3835 J8  2852  2107 J8   437  7865 19643  7.3  6.1  0.77  0.14   7.57   1.13   4.42   5.20  74   419     0  4.7
  5  4849 J8  1524  3956 J8  2843  2597 J8   449 10274 22673  7.3  6.5  0.79  0.15  11.40   4.73   8.11   8.69  70   318     0  4.3
  6  5305 J8  2108  5066 J8  4193  2392 J8   477 11419 24373  5.8  5.5  1.56  0.15  16.83   8.87  12.86  13.25  70   164     0  4.1
  7  5303 J8  2052  4963 J8  4300  2470 J8   608 10803 23377  6.0  5.3  1.96  0.12  18.44  11.17  14.74  15.22  73   112     3  4.3
  8  3939 J8  1860  4032 J8  4146  1878 J8   487  8704 20521  6.6  6.2  2.03  0.09  17.07  10.40  13.56  14.13  80   143     0  3.0
  9  2308 J8   882  1949 J8  2080  1512 J8   320  5953 17259  8.6  7.9  1.57  0.06  11.78   8.05  10.00  10.49  83   252     0  5.0
 10  1037 J8   340  1038 J8  1067   741 J8   194  3308 13876  9.0  8.6  1.11  0.04   8.09   4.54   6.45   6.77  82   373     0  5.9
 11   533 J8   204   941 J8  1016   384 J8   119  1460 10576  8.1  7.9  0.69  0.04   3.42  -0.23   1.70   2.04  76   502     0  4.2
 12   239 J8    75   643 J8   687   176 J8    38   743  8591  8.1  7.6  0.82  0.04   3.39  -0.92   1.50   1.67  74   530     0  6.8
 13  2580 J8  1992  2605 J8  1666  1352 J8   920  5766 16644  7.4  6.7  1.08  0.09   7.80   2.30   5.08   5.55  71  4833     3  4.9
 2000
  1   408 J8   176  1141 J8  1081   257 J8   103  1103  9722  6.6  5.7  0.58  0.07  -3.22  -6.69  -5.00  -4.78  67   722     0  7.1
  2  1197 J8   381  2522 J8  1690   601 J8   250  2583 12864  5.4  4.8  0.65  0.09   3.25  -0.84   1.30   1.87  67   497     0  4.8
  3  2163 J8   710  2701 J8  2009  1173 J8   331  5062 16339  7.2  6.2  0.72  0.12   4.31  -0.50   1.87   2.46  72   509     0  4.7
  4  4306 J8  1112  4512 J8  2528  2073 J8   477  7933 19721  6.1  5.3  0.71  0.14   7.93   1.68   4.97   5.78  66   406     0  4.6
  5  5614 J8  1216  5252 J8  2760  2571 J8   623 10320 22732  5.9  5.1  0.94  0.15  12.81   5.43   9.17   9.88  68   286     0  4.3
  6  5122 J8  2032  4458 J8  4031  2455 J8   436 11425 24381  6.3  6.0  1.42  0.15  15.28   8.68  11.87  12.14  75   191     0  4.9
  7  4488 J8  1845  3031 J8  3375  2715 J8   471 10767 23324  8.1  7.3  1.69  0.12  15.43   9.98  12.74  13.00  78   174     0  3.7
  8  4087 J8  1323  3910 J8  2796  2053 J8   380  8641 20444  7.0  6.1  1.72  0.09  16.02   9.90  12.80  13.27  80   166     0  3.7
  9  2460 J8  1122  2626 J8  2951  1405 J8   443  5884 17173  7.4  7.0  1.33  0.06  12.26   7.13   9.74  10.40  79   259     0  4.5
 10  1246 J8   538  1955 J8  1933   711 J8   220  3251 13793  7.7  7.4  0.96  0.04   7.88   3.41   5.72   6.40  76   393     0  4.2
 11   479 J8   236   894 J8  1369   330 J8    97  1429 10503  8.0  7.6  0.82  0.04   5.00   1.15   3.16   3.72  80   458     0  4.0
 12   222 J8    92   721 J8  1092   155 J8    38   739  8578  6.8  6.7  0.66  0.04   1.16  -3.17  -0.86  -0.43  70   599     0  4.7
 13  2649 J8  1979  2810 J8  1493  1375 J8   965  5761 16631  6.9  6.3  1.02  0.09   8.18   3.01   5.62   6.14  73  4659     0  4.6
 2001
  1   311 J8   156   484 J8   800   242 J8    68  1127  9784  8.7  8.2  0.75  0.07   4.46   0.50   2.56   2.53  81   491     0  4.7
  2  1170 J8   538  2549 J8  2117   545 J8   170  2599 12897  5.1  4.6  0.54  0.09   0.86  -4.17  -1.44  -0.78  62   560     0  5.2
  3  2330 J8   977  3230 J8  2579  1116 J8   313  5042 16319  6.4  5.9  0.55  0.12   3.01  -1.84   0.74   1.31  62   550     0  6.2
  4  4162 J8  1013  4368 J8  2907  2064 J8   635  7914 19703  5.8  5.3  0.65  0.14   8.92   1.19   4.93   6.00  69   398     0  3.8
  5  4785 J8  1341  3719 J8  2761  2626 J8   419 10308 22720  7.7  7.0  0.88  0.15  11.11   5.29   8.28   8.70  69   314     0  5.8
  6  4890 J8  1856  4108 J8  3715  2440 J8   501 11424 24382  7.0  6.7  1.44  0.15  15.79   9.00  12.40  12.66  74   180     2  4.1
  7  4221 J8  1438  1985 J8  2946  3039 J8   435 10777 23340  8.4  8.2  1.67  0.12  15.47  10.71  12.97  13.24  82   162     0  4.3
  8  3534 J8  1503  3194 J8  3506  1936 J8   510  8659 20465  7.3  6.9  1.73  0.09  16.65  10.47  13.47  13.98  82   148     0  3.1
  9  2179 J8   780  1599 J8  1813  1519 J8   328  5904 17195  8.6  8.2  1.35  0.06  12.73   7.70  10.12  10.81  86   243     0  3.6
 10  1228 J8   506  1875 J8  1733   712 J8   206  3268 13814  8.0  7.4  0.89  0.04   7.59   3.28   5.51   6.06  78   400     0  4.8
 11   535 J8   220  1261 J8  1296   343 J8   121  1438 10525  6.6  5.8  0.67  0.04   2.66  -1.20   0.74   0.98  67   528     0  4.5
 12   215 J8    89   555 J8   897   160 J8    26   740  8579  8.1  7.7  0.63  0.04  -0.49  -5.09  -3.14  -3.09  68   655     0  6.2
 13  2463 J8  1786  2411 J8  1326  1395 J8  1013  5767 16643  7.3  6.8  0.98  0.09   8.23   2.99   5.60   6.03  73  4630     2  4.7
 2002
  1   340 J8   189   792 J8  1235   232 J8    77  1119  9765  7.9  7.6  0.58  0.07   0.42  -3.07  -1.10  -0.72  72   609     0  5.6
  2  1031 J8   517  1716 J8  1762   604 J8   201  2582 12871  7.2  6.4  0.45  0.09   1.28  -3.23  -0.67  -0.04  73   541     0  6.0
  3  2721 J8   827  4622 J8  2747  1020 J8   357  5018 16294  4.6  4.1  0.32  0.12   1.13  -3.89  -1.33  -0.59  42   611     0  6.4
  4  5031 J8  1061  6880 J8  2882  1783 J8   659  7891 19674  2.7  1.8  0.50  0.14   6.64  -1.35   2.76   3.87  48   471     0  4.7
  5  5212 J8  1680  4952 J8  3851  2469 J8   630 10292 22694  6.1  5.4  0.82  0.15  12.90   5.49   9.27   9.88  62   283     0  4.8
  6  4800 J8  2077  4049 J8  4056  2461 J8   451 11422 24379  6.8  6.4  1.22  0.15  15.79   9.62  12.64  12.92  72   171     2  4.7
  7  4124 J8  1700  2473 J8  2978  2730 J8   434 10789 23361  8.1  7.5  1.55  0.12  15.96  10.61  13.22  13.55  78   156     0  4.8
  8  3621 J8  1688  3119 J8  3669  2023 J8   456  8680 20492  7.8  7.2  1.53  0.09  16.05  10.82  13.51  13.91  77   153     2  5.3
  9  2357 J8  1013  2141 J8  2557  1479 J8   414  5927 17226  8.3  7.9  1.15  0.06  13.09   8.22  10.68  11.35  82   230     0  3.6
 10  1169 J8   573  1921 J8  2355   669 J8   274  3287 13844  7.6  7.1  1.05  0.04   9.42   5.02   7.20   7.90  87   344     0  3.9
 11   486 J8   215   772 J8  1223   367 J8   121  1448 10547  8.4  8.1  0.91  0.04   7.11   2.86   5.10   5.53  80   400     0  3.8
 12   229 J8   116   883 J8  1217   142 J8    25   742  8582  6.5  6.3  0.60  0.04   1.70  -1.76  -0.02   0.38  76   569     0  3.1
 13  2593 J8  1924  2860 J8  1920  1332 J8   946  5766 16644  6.8  6.3  0.89  0.09   8.46   3.28   5.94   6.50  71  4539     4  4.7
 2003
  1   355 J8   180   914 J8  1154   231 J8    76  1112  9742  6.8  6.4  0.69  0.07   1.17  -2.62  -0.74  -0.65  66   591     0  6.3
  2   906 J8   507  1509 J8  2038   536 J8   124  2565 12841  7.4  7.0  0.66  0.09   1.97  -1.71   0.10   0.43  69   510     0  5.1
  3  2358 J8   813  3390 J8  2464  1133 J8   352  4995 16261  5.8  5.0  0.48  0.12   2.65  -3.62  -0.48   0.26  58   583     0  5.2
  4  4640 J8  1471  5841 J8  3479  1732 J8   428  7868 19646  4.0  3.7  0.55  0.14  11.17   1.29   6.19   7.54  58   363     0  3.4
  5  5381 J8  1650  5327 J8  3824  2480 J8   611 10276 22676  5.1  4.6  0.74  0.15  13.01   5.07   9.40  10.14  62   288     0  4.9
  6  4739 J8  1785  3737 J8  3552  2559 J8   511 11419 24374  7.3  6.8  1.20  0.15  15.90   9.84  12.86  13.14  74   164     0  5.4
  7  4665 J8  1960  3643 J8  4106  2533 J8   585 10801 23375  7.2  7.0  1.60  0.12  18.27  12.15  14.92  15.26  76    97     0  5.4
  8  3925 J8  1748  4116 J8  4170  1853 J8   539  8701 20518  6.5  6.3  1.33  0.09  17.10  10.31  13.61  14.23  78   143     0  4.1
  9  2215 J8   871  2053 J8  2775  1407 J8   408  5950 17256  8.2  7.9  1.17  0.06  12.98   7.66  10.29  10.89  79   240     0  3.5
 10  1447 J8   672  2956 J8  2589   631 J8   253  3306 13873  6.1  5.8  0.89  0.04   9.81   4.55   7.10   7.82  78   346     0  2.7
 11   587 J8   343  1642 J8  1875   312 J8    95  1459 10574  6.3  6.1  0.54  0.04   1.76  -4.04  -1.22  -0.64  73   584     0  3.9
 12   231 J8    88   640 J8   918   166 J8    37   743  8590  7.5  7.2  0.62  0.04   1.56  -3.15  -0.67  -0.30  75   593     0  4.5
 13  2621 J8  1945  2981 J8  1671  1298 J8   928  5766 16644  6.5  6.1  0.87  0.09   8.95   2.98   5.95   6.51  71  4501     0  4.5
 2004
  1   400 J8   195  1297 J8  1502   233 J8    86  1104  9725  6.3  6.1  0.50  0.07  -3.27  -8.06  -5.68  -5.37  57   744     0  7.2
  2  1069 J8   665  1958 J8  2274   548 J8   188  2585 12869  7.2  6.6  0.68  0.09   5.18   0.33   2.80   3.42  74   452     0  5.2
  3  1940 J8   904  2243 J8  2454  1114 J8   313  5065 16343  6.9  6.6  0.52  0.12   4.44  -0.62   2.13   2.60  67   509     0  6.6
  4  4436 J8  1629  4740 J8  3641  2069 J8   668  7936 19727  6.1  4.8  0.73  0.14   9.04   2.06   5.81   6.60  69   383     0  4.1
  5  5812 J8  1718  6624 J8  3705  2209 J8   554 10322 22734  4.7  3.9  0.99  0.15  15.66   7.03  11.38  12.13  64   217     0  4.3
  6  6179 J8  2324  6831 J8  4750  2158 J8   610 11425 24383  4.5  4.3  1.31  0.15  18.50  10.34  14.32  14.65  71   117     0  4.0
  7  5242 J8  2287  5029 J8  4725  2345 J8   603 10765 23322  6.3  5.8  1.64  0.12  18.44  11.71  14.89  15.25  78   102     1  3.8
  8  4915 J8  1498  6333 J8  3644  1698 J8   524  8638 20441  3.9  3.6  1.47  0.09  19.69  10.34  14.66  15.65  77   116    13  2.4
  9  2558 J8  1188  2842 J8  3255  1364 J8   438  5881 17169  7.6  7.2  1.01  0.06  12.72   7.15  10.14  10.81  71   252     0  5.5
 10  1299 J8   480  2354 J8  2093   685 J8   252  3249 13791  7.2  6.3  0.87  0.04   8.18   3.12   5.81   6.30  75   393     0  4.7
 11   557 J8   297  1166 J8  1418   356 J8   124  1427 10501  8.4  7.7  0.69  0.04   4.88   1.61   3.18   3.47  81   453     0  5.7
 12   226 J8   100   688 J8   953   158 J8    42   739  8577  7.6  7.5  0.60  0.04   2.28  -2.66  -0.14   0.20  67   574     0  7.5
 13  2886 J8  2276  3509 J8  2270  1245 J8   836  5761 16632  6.4  5.9  0.92  0.09   9.65   3.53   6.61   7.14  71  4311    14  5.1
 2005
  1   350 J8   145   848 J8  1112   249 J8    81  1128  9790  7.1  6.6  0.62  0.07  -2.95  -7.38  -5.03  -4.60  61   728     0  6.7
  2   885 J8   366  1381 J8  1770   567 J8   154  2601 12900  7.5  7.3  0.58  0.09   0.83  -4.46  -2.01  -1.72  75   564     0  4.8
  3  2381 J8   900  3049 J8  2238  1206 J8   343  5044 16324  6.7  5.8  0.59  0.12   5.72   0.45   3.12   3.76  67   473     0  4.7
  4  4334 J8  1547  4857 J8  3447  1937 J8   379  7917 19709  5.2  4.7  0.67  0.14  11.35   3.00   7.26   8.29  63   335     0  4.3
  5  5948 J8  1464  6465 J8  3300  2355 J8   548 10310 22723  4.9  4.1  0.98  0.15  16.25   6.97  11.49  12.29  65   208     0  3.5
  6  5841 J8  2153  5911 J8  4346  2393 J8   592 11424 24383  5.1  4.5  1.22  0.15  17.10   9.69  13.38  13.66  71   148     0  4.5
  7  4304 J8  1644  2624 J8  3189  2754 J8   534 10776 23338  8.2  7.8  1.43  0.12  16.74  11.48  14.05  14.34  76   131     0  5.0
  8  3680 J8  1875  3568 J8  4362  1879 J8   546  8656 20460  7.0  6.5  1.54  0.09  16.95  10.90  14.00  14.52  79   136     0  3.5
  9  2277 J8   964  1894 J8  2260  1528 J8   334  5901 17192  8.6  8.0  1.24  0.06  12.63   8.62  10.68  11.11  83   231     0  4.5
 10  1358 J8   600  2335 J8  2146   692 J8   223  3266 13810  7.4  6.9  0.78  0.04   8.62   3.43   5.89   6.53  80   381     0  3.2
 11   563 J8   231  1469 J8  1537   341 J8   121  1437 10521  7.2  6.7  0.70  0.04   3.39  -0.47   1.26   1.32  68   506     0  5.6
 12   227 J8   101   683 J8  1043   159 J8    31   740  8578  7.5  7.2  0.76  0.04   2.81  -1.37   0.85   1.24  75   546     0  4.5
 13  2679 J8  2093  2924 J8  1930  1338 J8   926  5767 16644  6.9  6.3  0.93  0.09   9.12   3.40   6.24   6.73  72  4388     0  4.6
 2006
  1   359 J8   186   798 J8  1038   251 J8    91  1120  9767  7.6  7.0  0.47  0.07  -0.97  -4.65  -2.79  -2.56  61   655     0  6.0
  2  1242 J8   536  2797 J8  1892   560 J8   159  2584 12872  4.1  3.6  0.45  0.09   0.83  -4.97  -2.11  -1.27  65   571     0  4.4
  3  2368 J8  1023  3432 J8  2796  1087 J8   320  5021 16296  6.2  5.2  0.45  0.12   0.44  -5.22  -2.23  -1.55  54   642     0  5.1
  4  3530 J8  1170  2628 J8  2548  2227 J8   414  7894 19678  7.8  7.4  0.65  0.14   7.67   1.64   4.71   5.51  70   410     0  4.4
  5  5564 J8  1342  5159 J8  2730  2614 J8   537 10294 22700  6.5  5.4  0.91  0.15  12.38   5.61   8.97   9.50  70   289     0  4.5
  6  5024 J8  1958  4304 J8  3985  2512 J8   507 11422 24379  6.6  6.2  1.16  0.15  15.71   9.31  12.32  12.64  72   175     0  4.8
  7  4754 J8  2135  3892 J8  4078  2518 J8   499 10787 23359  7.0  6.6  1.48  0.12  16.67  10.67  13.70  14.06  77   144     0  4.1
  8  2975 J8  1075  1514 J8  2110  2221 J8   344  8677 20487  9.3  8.5  1.49  0.09  14.83  10.72  12.69  12.99  80   172     0  5.4
  9  2631 J8   934  3115 J8  2883  1376 J8   388  5924 17222  7.5  6.7  1.23  0.06  12.98   7.72  10.08  10.65  82   239     0  3.3
 10  1206 J8   502  1823 J8  1911   702 J8   208  3285 13840  7.7  7.3  0.94  0.04   8.62   4.03   6.55   7.16  74   372     0  5.0
 11   627 J8   246  1990 J8  1537   331 J8   144  1447 10544  5.5  5.1  0.32  0.04  -6.08  -8.78  -7.45  -7.18  42   773     0  6.9
 12   212 J8    67   411 J8   580   175 J8    42   741  8582  8.7  8.5  0.65  0.04   2.51  -1.60   0.51   0.77  76   554     0  4.7
 13  2541 J8  1876  2655 J8  1423  1381 J8   980  5766 16644  7.0  6.5  0.85  0.09   7.13   2.04   4.58   5.06  69  4998     0  4.9
 2007
  1   337 J8   160   724 J8  1034   243 J8    76  1113  9747  8.1  7.6  0.57  0.07   1.14  -3.06  -0.86  -0.62  73   598     0  4.8
  2   998 J8   549  1836 J8  1956   546 J8   153  2567 12846  6.9  6.7  0.48  0.09  -3.50  -7.25  -5.26  -4.90  51   664     0  6.5
  3  2466 J8   816  3518 J8  2153  1147 J8   356  4998 16263  6.8  5.9  0.41  0.12  -0.70  -5.31  -2.74  -2.32  58   661     0  6.1
  4  3818 J8  1474  3801 J8  3410  1986 J8   514  7871 19652  6.4  5.9  0.62  0.14   7.50   1.08   4.18   4.96  67   421     0  3.8
  5  4651 J8  2011  3849 J8  4024  2482 J8   526 10278 22678  6.9  6.2  0.91  0.15  11.80   5.26   8.53   9.16  68   304     0  4.3
  6  4963 J8  2081  4299 J8  4016  2501 J8   539 11419 24376  7.1  6.2  1.34  0.15  15.85   9.08  12.27  12.52  72   176     0  3.9
  7  4531 J8  1656  3186 J8  3359  2703 J8   596 10799 23374  7.8  7.3  1.68  0.12  15.88  10.59  13.14  13.37  79   158     0  3.5
  8  3933 J8  1721  3960 J8  3884  1893 J8   456  8698 20513  7.0  6.2  1.39  0.09  16.70  10.60  13.28  13.84  79   145     0  2.9
  9  2437 J8  1021  2385 J8  2777  1445 J8   330  5947 17247  7.8  7.6  1.22  0.06  12.37   8.06  10.21  10.78  82   243     0  4.3
 10  1184 J8   569  1691 J8  1878   708 J8   252  3304 13871  8.4  7.9  0.79  0.04   8.12   3.41   5.89   6.53  79   390     0  4.2
 11   476 J8   208   664 J8   979   375 J8   117  1458 10572  7.8  7.5  0.62  0.04   4.54   0.74   2.92   3.38  72   471     0  4.6
 12   264 J8    93   777 J8   962   185 J8    55   743  8587  7.5  6.6  0.49  0.04  -2.33  -5.89  -4.09  -3.90  66   696     0  4.2
 13  2505 J8  1818  2557 J8  1380  1351 J8   943  5766 16644  7.4  6.8  0.88  0.09   7.28   2.28   4.79   5.23  71  4926     0  4.4
 2008
  1   430 J8   246  1327 J8  1423   238 J8    80  1105  9729  6.4  5.6  0.46  0.07  -3.02  -7.51  -5.30  -5.18  63   731     0  5.9
  2  1055 J8   471  1849 J8  1716   613 J8   224  2588 12873  7.5  6.7  0.55  0.09  -0.26  -5.81  -3.12  -2.75  60   620     0  6.7
  3  2397 J8   994  3208 J8  2466  1138 J8   314  5068 16347  6.3  5.7  0.54  0.12   4.12  -1.44   1.38   2.07  69   527     0  4.2
  4  3796 J8  1582  3305 J8  3018  2179 J8   447  7939 19730  7.4  6.2  0.65  0.14   7.53   1.25   4.34   5.13  67   418     0  5.1
  5  4824 J8  2021  3988 J8  3801  2534 J8   495 10324 22738  6.3  6.0  0.91  0.15  12.74   5.23   8.98   9.56  68   290     0  4.2
  6  4241 J8  1673  2755 J8  3083  2617 J8   429 11425 24385  8.2  7.6  1.07  0.15  13.80   8.39  11.11  11.37  69   217     0  5.0
  7  3798 J8  1675  1927 J8  3021  2732 J8   411 10763 23317  8.8  8.3  1.46  0.12  14.46   9.96  12.08  12.31  78   190     0  4.6
  8  3298 J8  1214  2224 J8  2470  2199 J8   451  8635 20437  8.5  7.7  1.48  0.09  14.55   9.55  12.05  12.42  84   195     0  2.9
  9  2232 J8   630  1685 J8  1994  1561 J8   427  5878 17165  8.8  8.0  1.30  0.06  12.03   8.05  10.05  10.46  84   249     0  4.2
 10  1195 J8   530  1414 J8  1353   784 J8   244  3246 13788  8.7  7.8  0.84  0.04   7.42   3.17   5.50   6.01  79   404     0  5.4
 11   548 J8   249  1330 J8  1597   330 J8   107  1426 10499  7.5  7.4  0.62  0.04   3.90  -0.02   2.15   2.73  70   492     0  4.8
 12   275 J8    94  1282 J8  1259   157 J8    57   739  8576  5.4  5.3  0.42  0.04  -3.90  -7.47  -5.72  -5.39  57   744     0  5.8
 13  2341 J8  1625  2191 J8   914  1424 J8   996  5761 16632  7.5  6.9  0.86  0.09   6.95   1.95   4.46   4.89  71  5076     0  4.9
 2009
  1   434 J8   212  1255 J8  1206   255 J8    86  1129  9794  6.1  5.6  0.64  0.07  -4.09  -8.82  -6.32  -5.98  64   768     0  7.9
  2  1206 J8   637  2453 J8  2168   572 J8   159  2603 12905  6.0  4.8  0.44  0.09  -1.21  -6.52  -3.49  -2.73  65   621     0  5.0
  3  2297 J8   634  3065 J8  1852  1157 J8   338  5047 16329  6.8  6.2  0.46  0.12   0.93  -3.80  -1.42  -0.89  58   613     0  6.0
  4  4328 J8  1642  4884 J8  3344  1889 J8   341  7920 19712  5.5  4.8  0.57  0.14   7.99   0.39   4.23   5.16  67   424     0  3.2
  5  5514 J8  1843  5716 J8  4116  2357 J8   737 10312 22728  5.3  4.5  0.78  0.15  14.03   5.18   9.59  10.36  61   270     0  4.3
  6  5438 J8  2060  5187 J8  4411  2395 J8   620 11425 24383  6.0  5.6  1.08  0.15  16.39   9.36  12.79  13.09  68   164     0  4.9
  7  5822 J8  2043  6081 J8  4434  2363 J8   692 10774 23335  4.6  4.4  1.58  0.12  19.84  11.62  15.62  16.13  70    90     9  3.5
  8  3352 J8  1761  2532 J8  3498  2026 J8   410  8653 20455  8.1  7.4  1.64  0.09  15.79  10.71  13.30  13.65  80   158     0  3.8
  9  2314 J8   955  2291 J8  2628  1426 J8   349  5898 17190  7.7  7.3  1.19  0.06  13.24   7.32  10.12  10.76  82   241     0  3.1
 10  1225 J8   622  2011 J8  2463   666 J8   240  3263 13806  7.7  7.4  0.93  0.04   8.75   4.58   6.60   7.11  72   362     0  3.3
 11   491 J8   204   828 J8  1026   365 J8   111  1436 10518  8.4  7.8  0.58  0.04   3.43  -0.46   1.58   1.77  74   505     0  4.5
 12   263 J8   101  1191 J8  1215   150 J8    32   740  8578  6.1  5.7  0.61  0.04  -0.23  -3.91  -2.06  -1.87  72   632     0  3.9
 13  2724 J8  2109  3125 J8  1860  1302 J8   883  5767 16644  6.5  6.0  0.88  0.09   7.91   2.14   5.05   5.55  69  4849     9  4.5
 2010
  1   386 J8   190  1024 J8  1124   249 J8   105  1121  9771  6.6  6.2  0.68  0.07  -0.19  -3.87  -2.00  -1.94  61   631     0  6.9
  2  1010 J8   488  1824 J8  2072   570 J8   152  2586 12874  7.2  6.5  0.62  0.09   4.03  -0.58   1.44   2.00  76   465     0  3.1
  3  1970 J8   796  2066 J8  1898  1188 J8   312  5024 16299  7.6  6.6  0.56  0.12   4.83  -0.13   2.33   2.84  74   495     0  3.9
  4  4331 J8  1255  4509 J8  2741  2085 J8   451  7897 19681  6.2  4.8  0.66  0.14   9.57   1.79   5.66   6.74  66   379     0  3.4
  5  6377 J8  1655  7406 J8  3733  2191 J8   570 10296 22702  4.0  3.2  0.85  0.15  14.99   5.75  10.50  11.37  63   247     0  3.7
  6  5055 J8  1837  4078 J8  3440  2608 J8   499 11422 24379  6.9  6.3  1.14  0.15  15.42   9.35  12.45  12.73  69   178     0  4.7
  7  3867 J8  1653  2365 J8  3481  2536 J8   453 10786 23354  8.3  8.1  1.44  0.12  15.20  11.01  13.04  13.26  76   162     0  5.5
  8  3558 J8  1812  3342 J8  4325  1872 J8   500  8674 20484  7.1  6.9  1.52  0.09  16.31  10.95  13.52  13.96  81   146     0  3.5
  9  2649 J8  1182  3629 J8  3798  1243 J8   432  5921 17219  6.0  5.9  1.11  0.06  13.96   7.16  10.44  11.39  77   233     0  2.3
 10  1220 J8   568  1748 J8  1872   730 J8   234  3282 13834  8.3  7.8  0.82  0.04   8.70   4.50   6.66   7.04  75   364     0  4.2
 11   532 J8   202   940 J8  1111   391 J8   145  1446 10541  8.2  7.4  0.67  0.04   3.79  -0.64   1.64   2.01  72   503     0  3.4
 12   254 J8   102  1015 J8  1110   158 J8    43   741  8582  5.9  5.6  0.49  0.04  -4.05  -7.30  -5.41  -5.18  50   744     0  8.5
 13  2601 J8  2030  2829 J8  1891  1318 J8   909  5766 16643  6.9  6.3  0.88  0.09   8.55   3.16   5.85   6.35  70  4548     0  4.4
