701195 SHISHMAREF (AWOS)      AK  -9  N66 16  W166  3     2  1013
 1991-2010
 MO AVGLO FL SDGLO AVDIR FL SDDIR AVDIF FL SDDIF AVETR AETRN  TOT  OPQ   H2O   TAU  MAX_T  MIN_T  AVG_T  AVGDT  RH  HTDD  CLDD AVWS
  1    86 J8    12   617 J8   271    57 J8     5   269  6244  4.4  4.0  0.40  0.07 -15.21 -22.55 -18.99 -19.18  73  1153     0  5.4
  2   625 J8    76  1847 J8   639   337 J8    34  1474 11377  4.4  4.0  0.44  0.09 -15.19 -22.96 -18.98 -18.45  74  1057     0  5.5
  3  2011 J8   204  3808 J8  1067   896 J8   100  3922 16205  4.2  3.7  0.43  0.11 -15.17 -23.02 -19.00 -18.19  70  1160     0  5.0
  4  3388 J8   367  4281 J8  1143  1613 J8   162  7107 20940  5.9  5.1  0.60  0.13  -7.24 -14.98 -10.76 -10.08  78   883     0  4.9
  5  4073 J8   512  3931 J8  1260  2127 J8   214  9998 25853  7.0  6.4  0.96  0.13   0.96  -3.67  -1.25  -1.03  82   610     0  4.1
  6  5097 J8   694  5587 J8  1607  2229 J8   182 11482 30971  6.2  5.5  1.47  0.13   6.09   1.62   3.81   3.82  82   434     0  4.0
  7  4866 J8   623  5510 J8  1557  2122 J8   218 10634 27597  6.1  5.3  1.91  0.11  11.77   7.37   9.50   9.60  79   271     0  4.8
  8  3235 J8   348  3774 J8   920  1603 J8   119  8021 22205  6.8  6.3  1.76  0.08  10.78   7.14   8.92   9.14  79   291     0  5.4
  9  1967 J8   222  2898 J8   959  1027 J8    99  4882 17530  6.9  6.2  1.24  0.06   6.82   3.62   5.27   5.58  76   393     0  5.9
 10   772 J8   139  1785 J8   843   437 J8    40  2139 12834  7.0  6.3  0.78  0.05  -0.02  -3.23  -1.58  -1.39  74   619     0  5.9
 11   173 J8    23   705 J8   330   118 J8    11   503  7763  6.9  6.4  0.57  0.04  -7.16 -13.16  -9.98  -9.74  73   855     0  6.4
 12    12 J8     3   383 J9   207     6 J8     1    49  3690  5.3  4.8  0.45  0.05 -13.64 -20.07 -16.77 -16.77  72  1091     0  6.0
 13  2192 J8   172  2927 J8   596  1048 J8    71  5040 16934  5.9  5.3  0.92  0.09  -3.10  -8.66  -5.82  -5.56  76  8818     0  5.3
 1991
  1    91 J8    74   710 J8   577    61 J8    57   265  6211  4.3  3.8  0.50  0.06 -13.85 -22.51 -18.70 -18.60  70  1132     0  5.7
  2   640 J8   356  1954 J8  1728   316 J8   124  1452 11322  4.4  4.2  0.46  0.08 -15.52 -23.64 -19.63 -19.35  76  1061     0  6.5
  3  1823 J8   708  2833 J8  2097   976 J8   329  3877 16132  5.5  4.8  0.44  0.10 -12.22 -22.37 -17.53 -16.98  74  1104     0  5.7
  4  2703 J8  1315  2830 J8  3088  1524 J8   543  7058 20868  7.8  6.9  0.58  0.12  -5.83 -12.17  -8.64  -8.18  80   820     0  4.5
  5  3593 J8  1806  3073 J8  3527  2046 J8   629  9962 25773  8.0  7.3  0.90  0.12   0.27  -3.72  -1.51  -1.33  84   622     0  3.5
  6  5226 J8  2131  5846 J8  4411  2169 J8   552 11476 30930  6.2  5.7  1.64  0.12   6.10   1.72   3.63   3.65  86   433     0  3.8
  7  5510 J8  1980  7465 J8  4392  1813 J8   436 10663 27691  4.5  3.9  1.72  0.10  11.19   6.69   9.13   9.21  80   291     0  5.5
  8  3317 J8  1180  3824 J8  2987  1631 J8   432  8066 22278  6.6  6.2  1.75  0.11  10.65   5.22   8.25   8.50  75   322     0  5.5
  9  2010 J8   937  2970 J8  2460   982 J8   321  4928 17600  6.3  5.5  1.39  0.12   8.30   3.94   6.36   6.66  74   366     0  5.2
 10   665 J8   319  1073 J8   921   444 J8   144  2173 12907  6.7  6.1  1.05  0.13   2.15  -1.51   0.57   0.71  74   558     0  6.6
 11   155 J8   110   226 J8   312   136 J8    91   518  7837  6.3  5.7  0.71  0.14  -6.81 -13.95 -10.05 -10.11  73   861     0  6.1
 12     6 J8     6    27 J9    69     5 J8     5    50  3708  5.4  4.7  0.35  0.17 -15.19 -21.65 -18.52 -18.74  73  1139     0  5.6
 13  2145 J8  1952  2736 J8  2226  1009 J8   808  5041 16938  6.0  5.4  0.96  0.11  -2.56  -8.66  -5.55  -5.38  77  8711     0  5.3
 1992
  1    67 J8    61   101 J8   163    61 J8    54   260  6170  5.4  5.0  0.43  0.21 -11.34 -20.41 -16.10 -16.07  76  1060     0  4.2
  2   498 J8   264   461 J8   469   417 J8   210  1472 11363  6.4  6.0  0.43  0.25 -13.58 -22.29 -17.46 -16.86  67  1052     0  5.5
  3  1671 J8   743  1528 J8  1413  1166 J8   367  3951 16251  6.9  6.1  0.34  0.28 -19.34 -25.78 -22.54 -21.92  57  1268     0  5.1
  4  3232 J8  1137  2613 J8  2010  2053 J8   587  7137 20982  6.9  5.5  0.61  0.31  -6.32 -15.46 -10.66 -10.18  72   877     0  4.5
  5  3691 J8  1237  1712 J8  1147  2764 J8   722 10020 25898  7.9  7.1  0.84  0.30  -1.86  -6.73  -4.16  -4.00  78   701     0  5.3
  6  4511 J8  2004  3576 J8  3092  2572 J8   681 11485 30997  7.3  6.3  1.29  0.28   6.48   2.62   4.57   4.58  80   413     0  3.5
  7  5915 J8  1070  6934 J8  2835  2303 J8   536 10616 27536  2.9  2.5  1.79  0.24  10.92   6.28   8.68   8.75  79   302     0  4.7
  8  3107 J8  1241  2881 J8  2681  1820 J8   414  7992 22160  6.7  6.2  1.67  0.20   9.86   6.63   8.20   8.42  73   313     0  5.7
  9  1697 J8   539  1650 J8  1348  1155 J8   288  4852 17486  7.6  6.7  0.90  0.16   2.37  -0.17   1.22   1.26  58   517     0  6.7
 10   756 J8   351  1478 J8  1300   447 J8   163  2117 12788  6.0  5.1  0.89  0.13  -2.25  -5.89  -3.82  -3.66  63   694     0  6.4
 11   142 J8   107   262 J8   381   118 J8    74   493  7707  6.7  5.9  0.52  0.12  -9.30 -16.50 -12.55 -11.85  58   937     0  5.6
 12     7 J8     7    54 J9    75     6 J8     6    48  3675  7.5  6.3  0.37  0.11 -14.18 -22.85 -18.35 -18.38  64  1142     0  5.3
 13  2108 J8  1960  1938 J8  1940  1240 J8  1032  5037 16918  6.5  5.7  0.84  0.22  -4.04 -10.05  -6.91  -6.66  69  9276     0  5.2
 1993
  1    83 J8    77   192 J8   306    70 J8    60   275  6296  6.1  5.4  0.35  0.12 -17.07 -24.08 -20.46 -20.53  77  1206     0  6.1
  2   534 J8   254   762 J8   720   405 J8   161  1485 11412  6.6  5.7  0.54  0.14 -12.03 -19.15 -15.44 -15.11  69   950     0  5.8
  3  1656 J8   825  1900 J8  1864  1045 J8   339  3929 16219  6.3  5.6  0.47  0.15 -15.03 -23.93 -19.69 -18.77  60  1172     0  4.2
  4  3150 J8  1342  3094 J8  2475  1771 J8   524  7115 20953  7.2  6.2  0.64  0.16  -7.23 -15.75 -11.00 -10.20  72   895     0  3.9
  5  3809 J8  1537  2542 J8  2409  2429 J8   562 10004 25866  8.6  7.8  1.10  0.16   0.30  -4.35  -2.04  -1.84  79   631     0  3.7
  6  4441 J8  1754  3320 J8  2408  2570 J8   630 11484 30978  8.2  7.0  1.33  0.16   4.40   0.98   2.70   2.71  80   469     0  4.0
  7  4632 J8  1383  4022 J8  2715  2548 J8   420 10630 27581  7.5  6.3  2.04  0.13  13.74   9.84  11.54  11.62  76   203     0  4.7
  8  3266 J8   999  3164 J8  2132  1869 J8   452  8014 22192  7.8  6.8  1.54  0.10   9.94   6.72   8.20   8.38  75   310     0  5.5
  9  1865 J8   782  2106 J8  1868  1117 J8   279  4875 17517  8.0  7.5  0.96  0.08   5.17   2.17   3.84   4.02  71   440     0  6.9
 10   709 J8   319  1258 J8  1066   471 J8   163  2134 12821  7.6  6.4  0.79  0.06   0.64  -2.41  -0.78  -0.47  85   596     0  5.9
 11   153 J8   108   314 J8   331   127 J8    84   501  7748  7.7  7.0  0.55  0.05  -6.13 -11.54  -8.84  -8.75  83   815     0  6.9
 12     7 J8     7   116 J9   186     6 J8     5    49  3684  8.0  7.3  0.49  0.05 -10.25 -17.86 -13.87 -14.37  66  1004     0  5.9
 13  2025 J8  1760  1899 J8  1359  1202 J8  1001  5041 16939  7.5  6.6  0.90  0.11  -2.80  -8.28  -5.49  -5.28  74  8690     0  5.3
 1994
  1    66 J8    52   204 J8   206    57 J8    46   270  6254  7.6  6.5  0.48  0.07 -17.01 -24.85 -20.63 -20.65  65  1217     0  4.8
  2   558 J8   352  1117 J8  1280   360 J8   140  1470 11369  6.2  5.7  0.54  0.09 -14.60 -20.75 -17.73 -17.38  60  1008     0  6.4
  3  1940 J8   709  3603 J8  2629   893 J8   320  3905 16179  5.1  4.4  0.33  0.11 -20.65 -26.63 -23.60 -22.93  62  1301     0  6.5
  4  3247 J8  1183  3695 J8  2636  1676 J8   334  7088 20915  7.0  5.8  0.50  0.13 -11.18 -18.84 -14.77 -13.86  75  1000     0  5.6
  5  3560 J8  1940  2843 J8  3008  2090 J8   627  9984 25823  8.5  7.5  0.98  0.13  -0.80  -5.14  -2.85  -2.65  86   660     0  3.2
  6  4532 J8  1870  3760 J8  3475  2442 J8   496 11480 30959  7.7  7.0  1.33  0.13   4.57  -0.44   2.05   2.07  81   488     0  4.0
  7  4361 J8  1470  3406 J8  2572  2527 J8   484 10646 27635  8.6  7.1  1.89  0.11  10.13   5.89   7.98   8.07  85   320     0  4.2
  8  2493 J8   805  1776 J8  1763  1724 J8   337  8038 22233  8.5  8.1  1.89  0.08   9.94   6.78   8.28   8.45  80   309     0  7.3
  9  1803 J8   790  2118 J8  2154  1083 J8   298  4900 17555  7.9  6.7  1.16  0.06   5.86   2.33   4.25   4.63  76   427     0  6.5
 10   804 J8   385  2027 J8  1533   432 J8   153  2152 12861  5.8  5.3  0.61  0.04  -2.32  -5.47  -3.83  -3.58  74   689     0  7.3
 11   172 J8   132   539 J8   696   133 J8    96   509  7789  6.9  6.5  0.44  0.04 -11.91 -17.95 -14.89 -14.98  73   998     0  8.1
 12     8 J8     7   112 J9   138     7 J8     5    50  3698  7.8  6.9  0.38  0.04 -16.78 -23.36 -20.09 -20.09  76  1191     0  7.4
 13  1962 J8  1674  2100 J8  1378  1119 J8   943  5041 16939  7.3  6.5  0.88  0.09  -5.40 -10.70  -7.99  -7.74  74  9608     0  5.9
 1995
  1    75 J8    68   342 J8   366    60 J8    55   265  6218  7.3  6.6  0.43  0.06 -16.65 -24.24 -20.64 -20.85  79  1202     0  5.4
  2   581 J8   319  1421 J8  1271   355 J8   162  1454 11326  6.1  5.3  0.50  0.08 -15.67 -24.75 -19.80 -18.67  80  1079     0  4.0
  3  1961 J8   830  3358 J8  2462   967 J8   324  3880 16139  5.8  4.8  0.46  0.10 -17.05 -26.58 -21.86 -20.89  75  1244     0  4.7
  4  3124 J8  1241  3256 J8  2481  1739 J8   552  7062 20874  7.5  6.4  0.62  0.12  -8.17 -14.65 -11.08 -10.49  79   892     0  5.2
  5  3888 J8  1547  3285 J8  2752  2239 J8   485  9964 25776  7.9  7.2  1.04  0.12   1.66  -2.85  -0.43  -0.21  83   587     0  4.0
  6  4297 J8  1885  3704 J8  3608  2377 J8   604 11477 30933  8.0  7.0  1.33  0.12   4.72   0.78   2.65   2.67  83   467     0  4.2
  7  4756 J8  1392  4908 J8  3076  2321 J8   583 10661 27684  7.2  6.0  1.97  0.10  11.19   6.72   8.85   8.96  80   291     0  5.3
  8  3444 J8  1306  3892 J8  2977  1683 J8   392  8063 22272  6.7  6.2  1.75  0.07  10.19   6.46   8.32   8.56  80   310     0  4.8
  9  1968 J8   559  2548 J8  1839  1138 J8   371  4925 17595  7.3  6.6  1.36  0.05   8.92   4.96   6.94   7.48  77   342     0  6.4
 10   784 J8   371  1551 J8  1404   495 J8   203  2170 12901  7.3  6.5  0.72  0.04   0.65  -2.27  -0.84  -0.66  75   593     0  5.9
 11   192 J8   140   869 J8   794   127 J8    84   517  7833  6.0  5.4  0.53  0.03  -6.41 -11.81  -9.11  -8.90  77   823     0  4.8
 12    10 J8     9   229 J9   282     7 J8     7    50  3708  7.2  6.4  0.54  0.04 -12.12 -17.49 -14.64 -14.63  73  1027     0  7.2
 13  2090 J8  1761  2447 J8  1526  1126 J8   920  5041 16938  7.0  6.2  0.94  0.08  -3.23  -8.81  -5.97  -5.64  78  8858     0  5.2
 1996
  1    75 J8    73   326 J8   517    58 J8    51   260  6173  6.9  6.3  0.44  0.06 -14.39 -20.51 -17.39 -17.29  77  1109     0  5.5
  2   584 J8   216  1471 J8  1050   375 J8   166  1474 11367  5.5  4.8  0.34  0.08 -14.81 -23.13 -18.94 -18.72  73  1082     0  7.6
  3  1895 J8   804  3004 J8  2450   989 J8   346  3954 16255  5.9  5.2  0.57  0.10  -9.55 -17.80 -13.48 -12.63  76   992     0  5.0
  4  3534 J8  1312  4283 J8  2966  1754 J8   444  7141 20988  6.2  4.9  0.51  0.12  -9.19 -16.46 -12.64 -11.85  79   935     0  5.5
  5  3691 J8  1507  2837 J8  2635  2259 J8   430 10022 25903  7.9  7.3  1.03  0.12   3.02  -1.70   0.63   0.87  81   548     0  4.3
  6  5319 J8  1403  5416 J8  3044  2547 J8   462 11486 30999  6.3  5.5  1.49  0.12   7.62   3.11   5.27   5.29  78   389     0  6.4
  7  4957 J8  1634  5545 J8  4201  2261 J8   560 10614 27528  6.0  5.2  1.96  0.10  11.82   7.53   9.62   9.73  76   268     0  6.1
  8  3559 J8  1276  4783 J8  3536  1551 J8   465  7988 22154  6.0  5.4  1.53  0.07   9.55   5.89   7.68   7.89  77   329     0  5.6
  9  2635 J8   809  5730 J8  2531   794 J8   306  4849 17482  3.8  3.0  1.04  0.05   5.63   2.45   4.18   4.40  74   429     0  6.9
 10   874 J8   353  2694 J8  2044   409 J8   222  2114 12784  5.2  4.9  0.59  0.04  -2.03  -6.01  -4.03  -3.71  78   693     0  6.1
 11   192 J8   145  1095 J8   975   112 J8    69   493  7703  5.8  5.2  0.63  0.03  -4.19  -8.77  -6.47  -6.25  78   744     0  7.3
 12    13 J8    10   555 J9   405     6 J8     4    48  3674  1.9  1.6  0.48  0.04 -14.07 -21.39 -17.37 -16.75  76  1118     0  7.2
 13  2277 J8  1933  3145 J8  1990  1093 J8   943  5037 16917  5.6  4.9  0.88  0.08  -2.55  -8.07  -5.24  -4.92  77  8635     0  6.1
 1997
  1   103 J8    88   807 J9   613    64 J8    61   276  6300  3.6  3.2  0.42  0.06 -15.24 -23.34 -19.19 -19.15  73  1166     0  5.8
  2   707 J8   365  2355 J8  1707   325 J8   162  1487 11416  3.4  3.1  0.46  0.08 -14.03 -22.70 -18.40 -17.76  76  1027     0  4.0
  3  2166 J8   797  4807 J8  2591   811 J8   302  3932 16225  2.6  2.3  0.37  0.10 -17.74 -24.98 -21.14 -20.12  72  1230     0  4.5
  4  3786 J8  1192  5284 J8  3091  1600 J8   541  7118 20959  5.3  4.4  0.65  0.12  -2.29  -9.66  -5.75  -5.11  82   729     0  3.9
  5  4577 J8  1714  5200 J8  3559  2100 J8   467 10007 25870  6.2  5.4  1.04  0.12   2.73  -1.55   0.62   0.83  85   550     0  3.4
  6  5997 J8  1964  7515 J8  4579  2143 J8   692 11484 30983  4.5  4.1  1.43  0.12   7.36   2.55   5.02   5.03  81   401     0  4.3
  7  5753 J8  1562  7913 J8  3899  1871 J8   705 10628 27571  4.2  3.5  1.96  0.10  12.85   7.51  10.09  10.22  78   253     0  5.0
  8  3514 J8  1404  4374 J8  3243  1607 J8   364  8010 22187  6.1  5.6  1.99  0.07  12.15   8.36  10.24  10.52  80   250     0  4.9
  9  1918 J8   763  3010 J8  2880   984 J8   351  4871 17512  6.4  6.0  1.56  0.05   8.90   5.17   7.15   7.69  79   339     0  5.8
 10   902 J8   398  2560 J8  2037   437 J8   215  2131 12816  5.8  5.1  0.58  0.04  -0.39  -3.51  -2.05  -1.93  75   629     0  7.3
 11   219 J8   157  1414 J8  1113   107 J8    63   500  7744  4.8  4.1  0.54  0.03  -4.71  -9.73  -7.17  -7.49  74   766     0  8.2
 12    14 J8    10   599 J9   426     7 J8     6    49  3686  3.1  2.7  0.33  0.04 -16.12 -21.93 -18.84 -18.72  72  1158     0  5.9
 13  2471 J8  2198  3820 J8  2438  1005 J8   824  5041 16939  4.7  4.1  0.94  0.08  -2.21  -7.82  -4.95  -4.67  77  8500     0  5.2
 1998
  1   102 J8    84   967 J8   626    55 J8    50   271  6260  1.7  1.5  0.45  0.06 -18.01 -23.56 -20.72 -20.41  72  1213     0  5.9
  2   645 J8   350  2040 J8  1462   310 J8   142  1472 11374  3.6  3.2  0.51  0.08 -17.51 -24.68 -20.91 -20.22  64  1104     0  4.5
  3  1844 J8   722  2958 J8  2012   993 J8   328  3908 16183  5.8  5.0  0.63  0.10  -9.56 -16.54 -12.91 -12.54  76   973     0  5.2
  4  3372 J8  1281  4240 J8  3175  1618 J8   512  7092 20921  5.7  4.9  0.63  0.12  -4.47 -12.54  -7.74  -7.14  81   805     0  5.8
  5  4906 J8  1433  5417 J8  3100  2200 J8   501  9987 25827  5.5  4.8  0.93  0.12  -0.42  -6.07  -2.96  -2.70  84   669     0  4.7
  6  4802 J8  1919  4874 J8  4164  2214 J8   504 11481 30961  6.8  6.3  1.35  0.12   5.20   1.36   3.26   3.27  85   451     0  3.8
  7  5404 J8  1730  6936 J8  3851  1896 J8   514 10643 27624  5.6  4.4  2.02  0.10  11.66   7.82   9.68   9.79  83   266     0  4.6
  8  3372 J8  1213  4267 J8  3387  1587 J8   461  8035 22225  6.2  5.8  1.67  0.07   9.45   5.82   7.62   7.81  81   331     0  7.2
  9  2302 J8   893  4314 J8  2900   907 J8   377  4896 17550  5.4  4.8  1.12  0.05   6.83   3.80   5.33   5.63  78   391     0  6.7
 10  1151 J8   506  4253 J8  1917   304 J8    93  2150 12856  3.3  2.7  0.78  0.04   1.01  -1.35  -0.14   0.01  75   574     0  6.7
 11   194 J8   160   954 J8  1157   111 J8    79   508  7787  6.3  5.8  0.65  0.03  -5.33  -9.47  -7.26  -7.04  79   772     0  5.8
 12    14 J8    11   544 J9   360     7 J8     8    49  3695  3.0  2.6  0.46  0.04 -13.55 -20.10 -16.90 -16.93  76  1090     0  5.2
 13  2342 J8  1994  3480 J8  1995  1017 J8   857  5041 16939  4.9  4.3  0.93  0.08  -2.89  -7.96  -5.30  -5.04  78  8638     0  5.5
 1999
  1   101 J8    89  1003 J8   718    52 J8    42   266  6222  1.8  1.5  0.35  0.06 -22.02 -29.53 -26.14 -26.25  73  1367     0  5.5
  2   679 J8   344  2388 J8  1633   312 J8   158  1456 11330  3.4  3.1  0.30  0.08 -20.72 -26.90 -23.74 -23.03  76  1180     0  6.0
  3  2339 J8   652  5272 J8  1545   825 J8   306  3883 16144  1.4  1.1  0.40  0.10 -20.17 -26.56 -23.21 -22.18  63  1293     0  4.9
  4  3819 J8  1187  5202 J8  3052  1650 J8   504  7065 20879  5.5  4.2  0.59  0.12 -10.55 -19.87 -14.75 -14.03  73  1006     0  5.8
  5  4411 J8  1922  4788 J8  4243  2074 J8   607  9967 25785  6.4  5.9  0.75  0.12  -0.71  -6.38  -3.25  -2.92  84   678     0  3.6
  6  6241 J8  1994  8274 J8  4701  2004 J8   622 11477 30936  4.2  3.6  1.40  0.12   4.84   0.34   2.67   2.68  85   472     0  3.7
  7  4884 J8  2248  5708 J8  4861  2045 J8   575 10659 27678  5.9  5.2  1.95  0.10  10.67   6.25   8.32   8.40  82   306     0  5.7
  8  3647 J8  1214  5043 J8  3507  1484 J8   506  8059 22266  5.7  5.4  1.79  0.07  11.59   7.70   9.59   9.87  79   269     0  5.8
  9  1949 J8  1031  2892 J8  2788   972 J8   239  4922 17589  7.4  6.8  1.26  0.05   7.56   4.89   6.15   6.44  81   363     0  5.7
 10   978 J8   410  2788 J8  1935   435 J8   223  2168 12897  6.0  4.9  0.56  0.04  -2.15  -5.15  -3.66  -3.62  73   681     0  5.7
 11   193 J8   150   985 J8  1130   117 J8    76   516  7829  6.3  5.9  0.50  0.03  -9.40 -15.53 -12.08 -11.54  64   924     0  7.2
 12    16 J8    11   724 J9   367     7 J8     6    50  3706  2.2  1.8  0.26  0.04 -21.69 -26.57 -24.00 -23.94  72  1316     0  5.1
 13  2438 J8  2122  3756 J8  2322   998 J8   820  5041 16938  4.7  4.1  0.84  0.08  -6.06 -11.44  -8.67  -8.34  75  9856     0  5.4
 2000
  1    93 J8    75   804 J8   556    54 J8    44   261  6180  2.2  1.9  0.28  0.06 -16.39 -26.01 -21.99 -22.73  72  1225     0  6.4
  2   759 J8   332  2994 J8  1068   295 J8   123  1476 11373  1.0  0.7  0.55  0.08  -9.73 -16.71 -13.21 -12.71  81   915     0  6.3
  3  2386 J8   622  5552 J8  1675   777 J8   352  3957 16260  1.2  0.9  0.49  0.10 -13.32 -21.11 -16.89 -15.85  72  1102     0  6.1
  4  4033 J8  1279  6520 J8  3557  1365 J8   448  7144 20994  3.4  2.7  0.52  0.12  -9.81 -18.83 -14.13 -13.12  76   980     0  5.1
  5  4306 J8  1619  4462 J8  3618  2166 J8   463 10025 25909  6.4  5.8  0.74  0.12  -1.60  -7.10  -4.05  -3.74  82   703     0  4.5
  6  5733 J8  2039  7033 J8  4558  2109 J8   605 11486 31000  5.1  4.6  1.41  0.12   5.87   0.87   3.21   3.22  84   449     0  3.8
  7  5209 J8  1844  7049 J8  4228  1824 J8   536 10611 27522  5.0  4.2  1.71  0.10  10.83   5.77   8.17   8.28  80   311     0  6.0
  8  3730 J8  1145  4868 J8  3135  1658 J8   494  7985 22150  6.0  5.4  1.60  0.07  10.23   6.39   8.26   8.49  79   311     0  7.3
  9  1616 J8   689  1443 J8  1404  1143 J8   363  4845 17478  8.8  7.8  1.02  0.05   5.59   2.90   4.32   4.56  77   423     0  5.9
 10   769 J8   461  1680 J8  1932   434 J8   229  2112 12776  7.8  7.2  0.71  0.04  -0.38  -3.23  -1.61  -1.44  77   624     0  6.3
 11   193 J8   157  1072 J9  1151   105 J8    74   492  7702  6.3  5.8  0.61  0.03  -4.53  -9.77  -7.03  -6.74  76   764     0  6.8
 12    16 J8    11   712 J9   436     6 J8     5    48  3673  2.7  2.4  0.61  0.04  -8.32 -15.36 -11.65 -11.64  74   935     0  7.2
 13  2404 J8  2109  3682 J8  2514   995 J8   820  5037 16918  4.7  4.1  0.85  0.08  -2.63  -8.52  -5.55  -5.28  78  8742     0  6.0
 2001
  1    97 J8    76   808 J9   533    57 J8    42   277  6308  3.4  3.3  0.47  0.06 -10.48 -19.78 -15.20 -15.18  74  1037     0  6.1
  2   730 J8   326  2601 J8  1344   326 J8   173  1489 11422  2.9  2.6  0.48  0.08 -12.39 -21.33 -17.06 -16.37  74   985     0  6.4
  3  2101 J8   753  4368 J8  2575   837 J8   317  3935 16228  3.0  2.8  0.40  0.10 -17.53 -25.73 -21.64 -20.94  74  1239     0  5.8
  4  3461 J8  1538  4713 J8  3907  1499 J8   398  7122 20966  5.0  4.8  0.59  0.12  -6.10 -15.48 -10.35  -9.55  80   874     0  6.0
  5  4562 J8  1950  5098 J8  4462  2092 J8   587 10009 25878  6.0  5.4  0.76  0.12  -2.11  -7.45  -4.60  -4.40  81   716     0  5.4
  6  5863 J8  2013  7439 J8  4519  2109 J8   563 11484 30986  4.7  4.4  1.37  0.12   6.45   1.12   3.69   3.70  83   436     0  4.5
  7  5396 J8  1727  6724 J8  3927  2103 J8   569 10626 27568  5.3  4.4  1.70  0.10  12.57   8.25  10.23  10.33  78   245     0  5.2
  8  3052 J8  1294  3947 J8  3543  1434 J8   364  8007 22181  6.4  6.2  1.72  0.07  11.70   7.45   9.53   9.79  81   272     0  5.5
  9  1932 J8   660  2704 J8  2066  1096 J8   351  4868 17506  6.8  6.2  1.19  0.05   6.92   3.93   5.47   5.75  77   387     0  5.4
 10   574 J8   296   703 J8  1192   449 J8   178  2129 12811  8.6  8.3  0.57  0.04  -2.29  -5.54  -3.92  -3.83  70   690     0  6.3
 11   186 J8   123   964 J9   865   122 J8    82   499  7741  5.5  5.2  0.55  0.03  -8.05 -14.09 -10.79 -10.37  77   882     0  4.7
 12    14 J8    13   491 J9   441     7 J8     7    49  3686  4.6  4.2  0.30  0.04 -17.28 -24.07 -20.84 -20.77  74  1209     0  5.2
 13  2330 J8  2121  3380 J8  2388  1011 J8   826  5041 16940  5.2  4.8  0.84  0.08  -3.22  -9.39  -6.29  -5.99  77  8973     0  5.5
 2002
  1   100 J8    84   887 J9   611    57 J8    48   272  6270  3.1  2.9  0.37  0.06 -23.88 -30.52 -27.43 -27.76  78  1411     0  5.8
  2   737 J8   312  2498 J8  1219   348 J8   184  1474 11379  2.5  1.9  0.47  0.08  -8.40 -17.22 -12.59 -12.13  81   872     0  7.0
  3  2152 J8   748  4321 J8  2391   887 J8   316  3911 16191  3.4  2.6  0.57  0.10 -10.41 -19.51 -14.81 -14.01  78  1032     0  4.2
  4  3733 J8  1162  5730 J8  3447  1451 J8   522  7095 20925  4.2  3.6  0.60  0.12  -6.38 -14.97 -10.25  -9.50  82   870     0  5.9
  5  4997 J8  2183  6601 J8  5098  1753 J8   541  9989 25837  5.1  4.7  1.04  0.12   2.42  -2.33   0.15   0.35  80   567     0  5.5
  6  5497 J8  2080  6462 J8  4582  2221 J8   668 11481 30962  5.2  4.7  1.38  0.12   6.75   2.00   4.44   4.47  79   419     0  5.1
  7  4740 J8  1743  5591 J8  4123  2002 J8   520 10641 27619  5.8  5.2  1.79  0.10  11.02   7.32   9.17   9.27  81   284     0  4.4
  8  3393 J8  1468  4050 J8  3767  1656 J8   436  8031 22220  6.7  6.0  1.52  0.07  10.94   7.40   9.17   9.42  75   284     0  6.4
  9  1913 J8   774  2872 J8  2354   983 J8   342  4893 17546  7.5  6.5  1.40  0.05   7.42   4.39   5.85   6.13  80   373     0  6.1
 10   749 J8   352  1635 J8  1307   442 J8   200  2147 12850  7.6  7.1  1.03  0.04   2.32  -0.39   1.01   1.22  76   538     0  6.0
 11   169 J8   133   789 J8  1001   106 J8    67   507  7782  7.0  6.6  0.77  0.03  -2.49  -6.41  -4.46  -4.44  76   683     0  6.4
 12    10 J8     9   260 J9   290     7 J8     7    49  3697  6.9  6.4  0.62  0.04  -7.80 -12.82 -10.29 -10.28  77   888     0  6.5
 13  2349 J8  2052  3475 J8  2301   993 J8   804  5041 16940  5.4  4.9  0.96  0.08  -1.54  -6.92  -4.17  -3.94  78  8221     0  5.8
 2003
  1    82 J8    64   635 J8   491    55 J8    45   267  6228  4.4  3.9  0.54  0.06 -11.24 -18.06 -15.04 -15.42  76  1022     0  6.1
  2   607 J8   327  1717 J8  1645   329 J8   159  1458 11337  4.7  4.5  0.42  0.08 -16.69 -23.56 -19.71 -18.73  74  1077     0  6.4
  3  2110 J8   714  4712 J8  2484   768 J8   285  3887 16148  2.9  2.7  0.45  0.10 -17.28 -26.55 -22.05 -20.98  75  1247     0  3.9
  4  3364 J8  1513  4560 J8  3570  1475 J8   470  7069 20883  5.6  4.9  0.67  0.12  -4.10 -11.24  -7.31  -6.65  82   780     0  5.0
  5  3949 J8  1735  4122 J8  4092  1987 J8   609  9969 25795  6.9  6.4  0.86  0.12   0.90  -3.01  -0.86  -0.69  80   601     0  4.9
  6  5613 J8  1948  6515 J8  4263  2195 J8   574 11477 30940  5.6  4.9  1.74  0.12   9.28   4.49   6.70   6.72  82   343     0  4.4
  7  4167 J8  1865  4004 J8  4301  2163 J8   588 10656 27669  7.4  6.7  1.82  0.10  10.81   7.03   8.89   8.95  78   292     0  5.8
  8  3227 J8  1656  3702 J8  3849  1527 J8   437  8056 22263  7.2  7.0  1.83  0.07  11.01   7.29   9.09   9.33  80   285     0  5.4
  9  2043 J8   720  3356 J8  2947   995 J8   377  4918 17585  6.5  5.9  1.13  0.05   7.17   3.52   5.30   5.67  73   390     0  5.6
 10   723 J8   370  1526 J8  1670   443 J8   163  2166 12894  8.1  7.3  0.97  0.04   2.03  -0.27   0.79   0.97  75   541     0  6.5
 11   203 J8   150   912 J8   965   128 J8    80   515  7825  6.9  6.1  0.71  0.03  -3.44  -8.16  -5.46  -5.17  74   724     0  8.1
 12    15 J8    14   541 J9   484     7 J8     5    50  3706  5.1  4.3  0.42  0.04 -13.35 -18.65 -15.95 -15.78  77  1064     0  6.5
 13  2175 J8  1883  3025 J8  1917  1006 J8   837  5041 16939  5.9  5.4  0.96  0.08  -2.07  -7.26  -4.63  -4.32  77  8366     0  5.7
 2004
  1    93 J8    77   887 J8   664    51 J8    40   262  6186  3.0  2.7  0.34  0.06 -13.39 -19.65 -16.38 -16.51  73  1080     0  6.1
  2   514 J8   233  1307 J8  1434   325 J8   137  1478 11379  5.4  5.2  0.36  0.08 -16.66 -23.68 -20.22 -20.05  72  1116     0  6.3
  3  1831 J8   844  3439 J8  3006   846 J8   339  3960 16265  4.9  4.7  0.48  0.10 -13.45 -20.24 -16.40 -15.69  75  1090     0  6.0
  4  3500 J8  1396  5120 J8  3626  1406 J8   406  7148 21000  4.7  4.1  0.73  0.12  -4.26 -10.17  -7.01  -6.48  79   766     0  5.0
  5  4114 J8  1430  3701 J8  3144  2262 J8   560 10027 25918  7.3  6.7  1.28  0.12   3.81  -0.26   1.63   1.88  83   513     0  4.2
  6  4893 J8  2382  5952 J8  5293  1975 J8   714 11486 31000  5.8  5.3  1.59  0.12   8.12   3.90   5.90   5.92  83   370     0  3.8
  7  5520 J8  1930  7095 J8  4588  1978 J8   646 10609 27515  4.5  4.0  2.17  0.10  16.10  10.63  13.36  13.48  78   154     0  5.0
  8  3176 J8  1265  4063 J8  3467  1471 J8   451  7981 22142  6.8  6.4  2.18  0.07  14.96  10.94  12.81  13.12  79   167     0  5.0
  9  1937 J8   824  2669 J8  2765  1073 J8   310  4842 17473  7.4  6.8  0.99  0.05   6.79   3.01   4.95   5.31  71   403     0  5.6
 10   667 J8   310  1142 J8  1491   464 J8   197  2110 12772  8.2  7.9  0.99  0.04   0.86  -2.26  -0.53  -0.33  76   590     0  5.8
 11   178 J8   140   482 J9   682   138 J8   100   491  7697  8.5  7.9  0.60  0.03  -6.59 -14.49 -10.25  -9.94  76   866     0  7.0
 12    10 J8     7   299 J9   367     6 J8     5    48  3675  6.4  6.2  0.47  0.04 -12.93 -20.67 -16.75 -16.80  66  1089     0  6.3
 13  2203 J8  1984  3013 J8  2263  1000 J8   814  5037 16919  6.1  5.7  1.01  0.08  -1.39  -6.91  -4.07  -3.84  76  8205     0  5.5
 2005
  1    90 J8    86   681 J9   854    51 J8    37   277  6313  4.9  4.4  0.42  0.06 -11.35 -18.56 -14.93 -15.67  68  1032     0  4.4
  2   600 J8   249  1885 J8  1283   341 J8   169  1491 11429  4.5  4.1  0.37  0.08 -19.50 -25.79 -22.74 -22.41  72  1147     0  5.1
  3  2058 J8   857  3934 J8  2446   892 J8   298  3938 16233  4.4  3.8  0.49  0.10 -11.28 -18.11 -14.32 -13.55  80  1024     0  5.7
  4  4041 J8  1120  5948 J8  3120  1587 J8   518  7125 20969  4.4  3.7  0.58  0.12  -9.27 -17.61 -12.96 -12.05  80   953     0  4.7
  5  4301 J8  2030  4082 J8  4531  2238 J8   603 10012 25886  7.0  6.5  1.09  0.12   1.01  -3.38  -1.13  -0.95  87   605     0  5.3
  6  5209 J8  2511  6291 J8  5456  2027 J8   612 11485 30989  5.6  5.0  1.48  0.12   6.67   2.39   4.59   4.60  86   414     0  3.7
  7  5215 J8  2016  6786 J8  4650  1871 J8   595 10623 27564  4.9  4.5  1.86  0.10  12.38   7.96   9.90  10.03  83   253     0  4.0
  8  3500 J8  1077  4295 J8  2819  1655 J8   497  8003 22175  6.4  5.9  1.96  0.07  12.68   9.22  10.89  11.12  81   229     0  5.3
  9  2231 J8   748  3791 J8  2641  1025 J8   367  4865 17501  5.9  5.0  1.41  0.05   8.93   5.38   7.17   7.66  77   335     0  5.9
 10   918 J8   508  2677 J8  2438   384 J8   190  2127 12805  6.0  5.6  0.76  0.04   0.39  -3.81  -1.61  -1.14  74   621     0  4.7
 11   150 J8   111   402 J9   709   119 J8    75   498  7737  8.2  7.8  0.37  0.03  -7.81 -14.75 -11.04 -10.40  68   888     0  7.0
 12    11 J8    10   370 J9   415     7 J8     8    49  3684  5.3  5.1  0.45  0.04 -14.13 -18.98 -16.38 -16.25  77  1081     0  5.6
 13  2360 J8  2022  3428 J8  2264  1016 J8   832  5041 16940  5.6  5.1  0.94  0.08  -2.61  -8.00  -5.21  -4.92  78  8583     0  5.1
 2006
  1    93 J8    87   670 J8   717    55 J8    47   272  6272  4.8  3.9  0.27  0.06 -18.03 -23.94 -20.93 -20.68  73  1219     0  4.7
  2   639 J8   276  1873 J8  1253   366 J8   169  1476 11386  5.0  4.3  0.48  0.08 -11.33 -19.99 -15.36 -14.56  80   952     0  6.0
  3  1988 J8   950  3674 J8  2843   881 J8   259  3914 16195  4.3  4.0  0.40  0.10 -11.47 -19.95 -15.60 -14.51  60  1055     0  6.0
  4  3420 J8  1501  4721 J8  3746  1468 J8   400  7099 20928  5.1  4.8  0.43  0.12  -9.62 -18.54 -13.85 -13.00  77   972     0  5.3
  5  4611 J8  1854  5350 J8  4108  1992 J8   510  9992 25844  5.4  5.1  1.03  0.12   2.85  -1.79   0.52   0.75  81   552     0  3.6
  6  4955 J8  1780  5284 J8  3754  2252 J8   517 11481 30963  6.5  5.6  1.55  0.12   6.01   2.07   3.99   4.00  81   429     0  4.6
  7  4803 J8  1919  5536 J8  4195  2130 J8   612 10639 27615  6.0  5.2  2.03  0.10  10.85   6.55   8.68   8.76  69   298     0  4.3
  8  2856 J8  1383  2963 J8  3119  1579 J8   315  8028 22217  7.8  7.2  1.49  0.07  11.58   8.35   9.85  10.05  81   259     0  4.3
  9  1945 J8   756  2249 J8  1809  1177 J8   278  4890 17540  8.0  7.5  1.58  0.05   7.44   4.85   6.12   6.38  81   366     0  5.2
 10   760 J8   343  1441 J8  1357   489 J8   196  2145 12848  8.0  7.0  1.00  0.04   1.86  -0.75   0.55   0.78  76   551     0  5.8
 11   146 J8   103   621 J8   803   108 J8    68   506  7779  7.1  6.8  0.57  0.03  -6.66 -13.07  -9.63  -9.29  65   846     0  6.4
 12    12 J8    11   403 J9   437     7 J8     6    49  3695  5.9  5.4  0.33  0.04 -16.73 -23.55 -20.18 -20.33  76  1193     0  5.8
 13  2186 J8  1911  2899 J8  1967  1042 J8   839  5041 16940  6.2  5.6  0.93  0.08  -2.77  -8.31  -5.49  -5.14  75  8691     0  5.2
 2007
  1    66 J8    50   426 J8   466    52 J8    41   267  6231  5.6  5.3  0.46  0.06  -9.69 -16.25 -13.32 -13.85  76   970     0  5.3
  2   694 J8   388  2411 J8  1731   308 J8   126  1460 11342  2.9  2.5  0.41  0.08 -18.02 -25.83 -21.51 -20.77  67  1127     0  4.8
  3  2318 J8   669  5315 J8  1809   790 J8   296  3890 16155  2.1  1.7  0.31  0.10 -18.90 -25.96 -22.31 -21.53  70  1264     0  4.7
  4  3211 J8  1432  4204 J8  3571  1497 J8   406  7072 20890  6.8  5.4  0.70  0.12  -9.19 -15.87 -12.24 -11.72  78   926     0  4.0
  5  4159 J8  2281  4492 J8  4968  1920 J8   631  9972 25801  6.9  6.4  0.84  0.12   3.59  -0.69   1.31   1.53  81   523     0  2.7
  6  5574 J8  1979  6776 J8  4705  2250 J8   775 11477 30944  5.1  4.4  1.66  0.12   5.62   1.11   3.35   3.37  79   449     0  3.2
  7  3921 J8  1724  3175 J8  3625  2302 J8   533 10654 27663  7.9  7.4  1.89  0.10  13.74   9.84  11.54  11.61  76   203     0  3.4
  8  2686 J8  1352  2741 J8  3219  1492 J8   467  8053 22256  7.5  7.2  2.00  0.07  10.13   7.27   8.60   8.75  77   298     0  3.5
  9  1982 J8   911  3083 J8  2950   973 J8   362  4915 17579  6.8  6.2  1.45  0.05   5.75   2.94   4.41   4.66  78   420     0  5.4
 10   562 J8   271   740 J8  1274   435 J8   170  2164 12887  8.2  8.0  0.75  0.04   2.30  -0.87   0.63   0.95  81   546     0  4.3
 11   152 J8   100   459 J8   598   124 J8    85   514  7822  7.8  7.4  0.71  0.03 -11.88 -17.98 -14.93 -14.93  73   998     0  5.6
 12    12 J8    12   314 J9   448     7 J8     5    50  3704  6.4  5.7  0.46  0.04 -10.48 -17.84 -13.94 -14.36  66  1007     0  5.1
 13  2111 J8  1856  2845 J8  2108  1012 J8   857  5041 16939  6.2  5.6  0.97  0.08  -3.09  -8.35  -5.70  -5.53  75  8731     0  4.4
 2008
  1    75 J8    61   504 J8   467    54 J8    45   262  6190  4.8  4.3  0.35  0.06 -20.39 -28.24 -24.33 -24.95  80  1322     0  5.6
  2   655 J8   365  2309 J8  1557   299 J8   119  1480 11384  3.1  2.9  0.31  0.08 -18.68 -27.71 -23.10 -22.41  71  1204     0  3.7
  3  1919 J8   872  3658 J8  2966   838 J8   329  3963 16270  4.9  4.6  0.39  0.10 -14.55 -23.23 -18.71 -17.79  64  1154     0  3.4
  4  2782 J8  1105  2568 J8  2587  1731 J8   486  7151 21003  7.8  7.0  0.63  0.12  -6.60 -14.13  -9.91  -9.44  70   861     0  4.9
  5  3294 J8  1609  2792 J8  3174  1935 J8   396 10030 25927  7.7  7.4  0.97  0.12   1.77  -2.38  -0.26  -0.05  82   578     0  2.7
  6  3788 J8  2213  3401 J8  4831  2094 J8   536 11486 31002  7.8  7.3  1.53  0.12   5.44   0.65   3.12   3.13  79   459     0  3.2
  7  3875 J8  1775  3196 J8  3534  2287 J8   436 10607 27510  8.0  7.2  2.00  0.10  11.57   7.00   9.23   9.33  76   280     0  4.6
  8  3655 J8  1452  5275 J8  3862  1416 J8   468  7978 22137  5.8  5.1  1.51  0.07   9.05   5.47   7.27   7.46  79   343     0  4.5
  9  1987 J8   848  3307 J8  3079   960 J8   426  4839 17468  6.3  5.7  1.12  0.05   8.35   4.66   6.53   6.83  75   355     0  4.8
 10   715 J8   288  1546 J8  1459   450 J8   205  2107 12767  7.5  6.9  0.54  0.04  -1.61  -6.10  -3.68  -3.51  67   688     0  5.5
 11   155 J8   106   628 J8   771   113 J8    76   490  7694  7.9  7.1  0.43  0.03  -5.98 -14.16  -9.71  -9.57  80   852     0  4.1
 12    14 J8    13   510 J9   504     6 J8     4    48  3676  5.0  4.6  0.51  0.04  -9.94 -16.27 -12.92 -12.93  65   974     0  5.6
 13  1910 J8  1542  2475 J8  1461  1015 J8   849  5037 16919  6.4  5.9  0.86  0.08  -3.46  -9.54  -6.37  -6.16  74  9070     0  4.4
 2009
  1    85 J8    77   598 J8   668    58 J8    51   278  6319  4.6  4.3  0.34  0.06 -10.48 -17.23 -13.87 -14.63  61   998     0  4.6
  2   575 J8   328  1610 J8  1607   333 J8   156  1493 11435  5.7  5.1  0.43  0.08 -18.21 -25.34 -21.92 -21.70  86  1123     0  5.3
  3  1947 J8   947  3710 J8  3034   849 J8   345  3941 16241  4.5  4.2  0.36  0.10 -20.64 -26.65 -23.64 -23.00  77  1301     0  5.7
  4  3267 J8   991  3782 J8  2646  1748 J8   562  7129 20975  6.1  5.2  0.64  0.12  -9.77 -16.78 -12.89 -12.30  76   948     0  3.8
  5  3894 J8  2035  3942 J8  4133  1971 J8   535 10014 25897  7.0  6.4  0.94  0.12   0.28  -3.99  -1.62  -1.43  85   626     0  3.9
  6  3880 J8  2150  3278 J8  4080  2156 J8   587 11485 30990  7.7  7.3  1.55  0.12   4.51   0.01   2.21   2.23  83   482     0  3.4
  7  4384 J8  1834  4502 J8  3685  2132 J8   494 10621 27556  6.8  6.1  2.14  0.10  11.16   6.62   8.80   8.90  80   293     0  4.0
  8  2944 J8  1362  2957 J8  3267  1584 J8   362  8000 22171  7.5  7.2  1.78  0.07   9.69   6.57   8.06   8.26  78   316     0  4.5
  9  1751 J8   877  2082 J8  2720  1072 J8   347  4861 17497  8.0  7.4  1.21  0.05   6.81   4.35   5.59   5.79  77   383     0  5.8
 10   672 J8   341  1366 J8  1877   429 J8   188  2124 12802  7.9  7.4  0.95  0.04  -1.71  -5.16  -3.48  -3.48  71   675     0  4.3
 11   175 J8   166   813 J8  1324    99 J8    59   497  7734  6.8  6.5  0.39  0.03 -12.62 -19.08 -15.77 -15.60  74  1025     0  5.0
 12    11 J8     6   412 J9   378     6 J8     5    49  3685  5.2  4.9  0.64  0.04 -12.31 -17.58 -14.79 -14.72  73  1031     0  5.4
 13  1965 J8  1654  2421 J8  1446  1036 J8   849  5041 16942  6.5  6.0  0.95  0.08  -4.44  -9.52  -6.95  -6.81  77  9201     0  4.7
 2010
  1    89 J8    69   785 J8   609    56 J8    48   273  6277  3.0  2.3  0.34  0.06 -13.25 -19.71 -16.40 -16.43  73  1079     0  4.6
  2   573 J8   352  1764 J8  1612   299 J8   132  1478 11389  5.2  5.0  0.47  0.08 -15.84 -24.05 -20.12 -19.99  74  1072     0  2.9
  3  2118 J8   839  4225 J8  2431   886 J8   360  3917 16198  3.6  3.1  0.31  0.10 -13.32 -22.25 -17.76 -16.90  63  1120     0  3.8
  4  2990 J8  1197  3258 J8  2609  1645 J8   512  7102 20934  6.6  6.0  0.68  0.12  -4.46 -10.54  -7.29  -6.77  79   775     0  4.3
  5  3139 J8  1969  2282 J8  3905  2019 J8   684  9994 25854  8.3  7.9  0.99  0.12   2.02  -2.60  -0.10   0.10  83   577     0  3.4
  6  5572 J8  2078  7015 J8  5059  2162 J8   700 11481 30964  5.0  4.3  1.47  0.12   5.83   0.73   3.16   3.18  84   451     0  3.0
  7  3928 J8  1854  3698 J8  3986  2056 J8   574 10636 27606  7.2  6.9  1.83  0.10  10.25   5.96   8.12   8.22  84   317     0  4.1
  8  2761 J8  1204  2611 J8  2654  1639 J8   369  8024 22212  7.9  7.4  1.99  0.07  10.24   6.87   8.50   8.69  79   303     0  4.1
  9  1849 J8   801  3061 J8  3179   910 J8   366  4886 17535  6.6  6.1  1.50  0.05   5.59   2.90   4.33   4.57  77   423     0  5.1
 10   701 J8   317  1561 J8  1722   438 J8   220  2143 12843  7.5  6.8  0.77  0.04   0.55  -2.65  -1.15  -1.00  76   601     0  4.5
 11   140 J8   100   300 J8   504   119 J8    78   505  7775  9.0  8.9  0.65  0.03  -8.92 -15.89 -12.11 -11.53  60   922     0  6.4
 12    11 J8    11   384 J9   489     6 J8     5    49  3693  6.6  6.1  0.46  0.04 -15.57 -22.43 -19.13 -19.05  75  1157     0  5.8
 13  1989 J8  1762  2579 J8  1891  1020 J8   842  5041 16940  6.4  5.9  0.95  0.08  -3.07  -8.64  -5.83  -5.58  76  8797     0  4.3
