722039 FORT LAUDERDALE        FL  -5  N26 12  W080 10     4  1013
 1991-2010
 MO AVGLO FL SDGLO AVDIR FL SDDIR AVDIF FL SDDIF AVETR AETRN  TOT  OPQ   H2O   TAU  MAX_T  MIN_T  AVG_T  AVGDT  RH  HTDD  CLDD AVWS
  1  3532 K6   242  4491 K7   769  1320 K6   125  6597 15074  4.3  4.1  2.50  0.08  23.40  14.54  18.92  20.85  69    48    68  3.8
  2  4342 K6   288  4919 K7   737  1571 K6   154  7816 15756  4.1  3.8  2.50  0.09  24.94  16.37  20.62  22.32  69    18    84  3.8
  3  5224 K6   264  5112 K7   620  1972 K6   161  9263 16546  4.1  3.9  2.57  0.12  26.39  17.67  21.98  23.61  67     9   124  4.4
  4  6086 K6   447  5389 K7   769  2258 K6   142 10443 17302  3.9  3.6  2.75  0.16  27.85  19.77  23.76  25.22  65     1   165  4.4
  5  6372 K6   362  5139 K7   632  2553 K6   195 11097 17897  3.9  3.5  3.43  0.19  29.81  22.49  25.93  27.13  68     0   242  4.1
  6  5855 K6   639  4209 K7   913  2685 K6   253 11298 18150  4.9  4.2  4.57  0.22  31.25  24.37  27.48  28.46  74     0   284  3.2
  7  5957 K6   324  4346 K7   474  2707 K6   171 11140 17920  4.2  3.7  4.63  0.23  32.01  24.92  28.15  29.18  74     0   314  3.1
  8  5682 K6   337  4272 K7   544  2526 K6   238 10590 17310  4.3  3.7  4.82  0.22  32.41  25.38  28.54  29.68  74     0   328  3.0
  9  4834 K6   338  3721 K7   532  2288 K6   195  9586 16569  4.9  4.3  4.82  0.20  31.25  24.85  27.73  28.94  76     0   292  3.2
 10  4268 K6   348  3941 K7   763  1894 K6   138  8210 15806  4.7  4.3  3.97  0.15  29.35  22.83  25.94  27.24  72     1   241  3.9
 11  3614 K6   279  4040 K7   749  1509 K6   111  6870 15133  4.5  4.2  3.04  0.12  26.72  19.11  22.84  24.32  69     3   141  4.0
 12  3233 K6   210  4026 K7   657  1308 K6   125  6194 14807  4.5  4.3  2.70  0.09  24.11  15.86  19.95  21.67  71    34    85  3.6
 13  4917 K6   162  4467 K7   398  2049 K6   122  9092 16523  4.3  4.0  3.53  0.16  28.29  20.68  24.32  25.72  71   114  2368  3.7
 1991
  1  3372 J8   935  4037 J8  2433  1366 J8   357  6591 15071  4.3  4.0  3.02  0.07  25.16  17.66  21.27  22.87  71    12   107  4.3
  2  4374 J8  1139  5212 J8  2690  1414 J8   460  7800 15746  4.0  3.7  2.53  0.08  26.57  18.25  22.30  23.97  77     4   118  4.9
  3  5326 J8  1291  5415 J8  2389  1824 J8   461  9241 16537  4.2  3.7  2.51  0.11  27.52  17.55  22.72  24.71  68     3   134  5.5
  4  6116 J8   878  5400 J8  1879  2283 J8   524 10428 17285  4.1  3.5  3.25  0.15  29.45  20.40  24.79  26.52  66     0   198  5.5
  5  6083 J8  1450  4874 J8  2502  2514 J8   554 11090 17889  4.5  4.0  3.77  0.19  30.82  22.65  26.48  27.87  63     0   260  4.8
  6  6000 J8  1309  4361 J8  2071  2749 J8   460 11297 18150  5.1  4.4  4.60  0.21  31.40  24.84  27.65  28.65  69     0   294  2.0
  7  5735 J8  1179  3723 J8  2044  2981 J8   529 11146 17929  5.3  4.8  4.68  0.23  32.34  24.48  27.87  28.98  75     0   312  2.2
  8  5883 J8   893  4090 J8  1549  2824 J8   457 10602 17322  4.5  3.8  4.62  0.26  32.35  25.13  28.42  29.64  74     0   323  2.9
  9  4914 J8   986  3129 J8  1467  2702 J8   374  9605 16582  4.9  4.2  4.74  0.27  31.32  24.60  27.49  28.76  82     0   289  3.2
 10  3786 J8  1007  2448 J8  1639  2234 J8   377  8232 15819  5.4  5.1  4.53  0.26  29.64  22.17  25.80  27.28  69     5   240  4.1
 11  3193 J8   872  2456 J8  1715  1828 J8   265  6887 15144  5.4  4.9  3.17  0.25  26.79  18.88  22.72  24.23  67     3   139  4.6
 12  3112 J8   699  2955 J8  1507  1589 J8   284  6196 14807  4.2  3.7  2.96  0.25  21.27   9.83  15.52  17.88  62   102    15  3.5
 13  4825 J8  1200  4008 J8  1089  2192 J8   574  9093 16523  4.7  4.1  3.70  0.19  28.72  20.54  24.42  25.95  70   129  2429  3.9
 1992
  1  3074 J8   884  2645 J8  1645  1654 J8   288  6584 15065  4.4  4.2  2.78  0.26  21.57  12.00  16.58  18.46  65   104    56  3.3
  2  4014 J8   977  3245 J8  1872  2057 J8   482  7812 15751  4.2  3.9  2.52  0.27  26.66  18.99  22.63  24.19  70     2   132  3.2
  3  4830 J8  1433  3545 J8  2226  2371 J8   466  9275 16547  4.8  4.6  2.51  0.28  26.91  17.29  22.05  23.85  68     8   125  3.1
  4  5726 J8  1212  4165 J8  1988  2660 J8   511 10450 17302  4.7  4.2  2.80  0.30  27.60  19.49  23.69  25.18  64     0   157  4.2
  5  6795 J8   640  4870 J8  1489  3028 J8   613 11099 17899  2.8  2.7  2.58  0.32  30.82  22.65  26.48  27.86  64     0   260  4.1
  6  5814 J8   955  3039 J8  1676  3458 J8   570 11297 18151  6.1  5.0  5.02  0.33  31.40  24.84  27.65  28.65  73     0   294  3.3
  7  6744 J8   733  5156 J8  1682  2862 J8   616 11138 17917  2.6  2.4  3.99  0.33  31.64  24.48  27.76  28.81  72     0   302  3.2
  8  5755 J8   746  3456 J8  1138  3150 J8   379 10584 17304  4.2  3.7  4.52  0.31  32.56  25.73  28.84  30.02  70     0   335  3.0
  9  5221 J8   731  3784 J8  1289  2567 J8   405  9576 16565  4.7  3.8  4.55  0.27  30.67  23.95  26.87  28.05  78     0   270  3.3
 10  4513 J8   911  4343 J8  1885  1857 J8   399  8197 15805  3.7  3.5  3.27  0.21  28.21  21.83  24.99  26.20  70     3   211  4.4
 11  3304 J8  1015  3020 J8  1895  1656 J8   363  6860 15130  5.2  4.7  3.70  0.17  26.68  18.90  22.98  24.38  68     4   137  5.2
 12  3298 J8   686  3947 J8  1692  1358 J8   261  6192 14809  3.5  3.1  2.38  0.14  25.37  18.62  21.96  23.32  73    15   128  3.4
 13  4924 J8  1305  3768 J8   765  2390 J8   674  9089 16520  4.2  3.8  3.39  0.26  28.34  20.73  24.37  25.75  70   136  2407  3.7
 1993
  1  3331 J8   953  3739 J8  2181  1388 J8   303  6607 15080  4.6  4.4  3.08  0.12  21.73  12.10  16.68  18.56  65    97    53  4.2
  2  4295 J8   999  4696 J8  2227  1577 J8   406  7827 15762  3.7  3.4  2.30  0.12  26.09  18.39  22.07  23.65  60     6   116  4.1
  3  5202 J8   978  4694 J8  2137  2105 J8   523  9268 16549  4.5  3.7  2.48  0.14  27.94  18.21  22.81  24.57  64     8   155  4.6
  4  6347 J8  1264  5740 J8  2203  2221 J8   518 10447 17310  3.2  3.0  1.96  0.18  27.00  19.70  23.26  24.66  64     1   152  4.7
  5  6439 J8  1547  5297 J8  2394  2498 J8   543 11100 17903  4.0  3.6  3.14  0.22  28.81  23.23  25.93  26.93  69     0   238  4.9
  6  6694 J8   907  5266 J8  1677  2743 J8   550 11298 18152  4.0  3.4  4.02  0.24  31.44  23.84  27.39  28.52  70     0   279  3.7
  7  5926 J8  1238  4042 J8  2218  2932 J8   666 11139 17916  4.2  3.8  4.41  0.25  31.57  24.24  27.63  28.68  76     0   297  2.5
  8  6035 J8  1020  4530 J8  1845  2665 J8   618 10587 17306  4.1  3.4  4.26  0.24  32.48  25.29  28.51  29.63  72     0   327  2.8
  9  5605 J8   732  4723 J8  1635  2272 J8   513  9581 16564  4.1  3.2  4.55  0.20  31.56  25.93  28.56  29.62  72     0   313  3.1
 10  4007 J8  1198  3521 J8  2315  1840 J8   379  8205 15801  4.6  4.2  4.40  0.16  29.58  22.60  25.97  27.45  65     0   241  2.7
 11  3658 J8   755  4018 J8  1572  1488 J8   281  6867 15129  4.3  3.9  3.41  0.12  26.74  18.63  22.57  24.13  63     3   134  3.8
 12  3411 J8   624  4453 J8  1760  1253 J8   300  6193 14806  3.8  3.3  2.51  0.09  24.76  15.63  20.06  21.90  74    30    88  3.8
 13  5079 J8  1265  4560 J8   662  2082 J8   569  9093 16523  4.1  3.6  3.38  0.17  28.31  20.65  24.29  25.69  68   145  2392  3.7
 1994
  1  3030 J8  1078  3237 J8  2448  1399 J8   285  6600 15076  5.7  5.3  2.71  0.08  24.21  16.10  20.14  21.83  68    24    80  4.9
  2  4014 J8  1301  4313 J8  2584  1584 J8   407  7814 15753  4.8  4.3  2.91  0.09  25.20  16.29  20.86  22.75  64    14    82  4.4
  3  5456 J8  1177  5776 J8  2295  1701 J8   424  9255 16543  3.3  3.1  2.74  0.11  26.97  17.26  22.07  23.88  69     8   126  4.5
  4  6040 J8  1127  5275 J8  2143  2256 J8   518 10438 17302  4.2  3.9  3.19  0.15  27.57  20.00  23.77  25.14  63     0   164  4.3
  5  6393 J8  1200  5181 J8  2197  2516 J8   580 11095 17892  3.9  3.5  3.63  0.19  29.86  23.30  26.27  27.31  70     0   256  3.4
  6  6404 J8   757  4575 J8  1655  2895 J8   616 11298 18151  5.6  4.5  4.55  0.22  33.22  26.40  29.55  30.61  69     0   344  2.8
  7  6229 J8  1134  4474 J8  2115  2860 J8   609 11142 17925  4.3  3.8  4.33  0.23  32.80  26.24  29.36  30.26  71     0   347  3.2
  8  5684 J8  1083  4258 J8  1962  2547 J8   507 10594 17318  5.5  4.7  4.54  0.22  33.20  26.04  29.14  30.28  72     0   350  2.5
  9  4722 J8  1293  3215 J8  1947  2487 J8   375  9592 16572  6.5  5.1  4.72  0.19  31.06  24.89  27.69  28.85  78     0   289  2.3
 10  4643 J8   818  4736 J8  1759  1723 J8   385  8218 15808  3.9  3.5  3.75  0.15  29.30  22.85  25.86  27.10  78     0   240  3.0
 11  3636 J8   976  4059 J8  2066  1459 J8   426  6876 15136  4.4  4.1  3.35  0.11  26.87  19.77  23.20  24.62  72     0   150  4.2
 12  3295 J8   765  4210 J8  1966  1210 J8   338  6195 14807  4.6  4.3  2.79  0.08  23.58  15.44  19.66  21.31  70    36    73  2.2
 13  4962 J8  1243  4443 J8   759  2053 J8   602  9093 16524  4.7  4.2  3.60  0.15  28.65  21.21  24.80  26.16  70    83  2500  3.5
 1995
  1  3665 J8   896  4769 J8  2346  1241 J8   381  6592 15071  4.1  3.8  2.30  0.07  23.47  15.44  19.40  21.23  68    36    71  3.4
  2  4631 J8   902  5739 J8  2337  1393 J8   497  7802 15748  3.1  2.7  2.25  0.08  23.89  15.07  19.68  21.53  68    21    53  3.1
  3  5056 J8  1120  4879 J8  2130  1884 J8   445  9243 16538  4.8  4.6  2.53  0.11  23.81  15.91  19.89  21.24  67    15    63  3.8
  4  5638 J8  1584  4726 J8  2668  2282 J8   505 10429 17288  4.3  3.9  2.87  0.15  29.12  20.36  24.61  26.24  67     0   192  3.0
  5  6877 J8   940  6416 J8  1890  2156 J8   494 11091 17889  3.2  2.8  3.36  0.19  30.93  22.67  26.49  27.88  66     0   262  2.8
  6  5842 J8  1614  3809 J8  2374  2960 J8   504 11297 18150  5.8  5.0  4.45  0.21  31.40  24.84  27.65  28.65  73     0   294  2.8
  7  5823 J8  1380  4015 J8  2312  2810 J8   519 11145 17928  5.1  4.5  4.65  0.23  31.92  24.45  27.82  28.95  73     0   305  3.2
  8  5975 J8  1063  4590 J8  2115  2608 J8   636 10601 17322  4.6  3.6  5.04  0.21  33.20  26.04  29.14  30.28  72     0   350  3.2
  9  5238 J8   978  3982 J8  1642  2441 J8   507  9603 16581  4.8  4.1  4.90  0.19  31.56  25.93  28.56  29.62  72     0   313  2.8
 10  4193 J8  1013  3704 J8  2140  1916 J8   434  8230 15817  5.5  4.9  4.97  0.14  29.62  22.60  26.00  27.48  65     0   241  4.6
 11  3872 J8   825  4686 J8  1869  1373 J8   299  6886 15142  3.5  3.2  2.98  0.11  26.89  18.85  22.74  24.29  66     3   140  4.0
 12  3244 J8   817  4092 J8  2050  1224 J8   315  6196 14807  4.4  4.0  2.68  0.08  24.24  15.45  19.71  21.61  81    23    69  3.8
 13  5005 J8  1097  4617 J8   805  2024 J8   618  9093 16523  4.4  3.9  3.58  0.15  28.34  20.63  24.31  25.75  70    98  2354  3.4
 1996
  1  3440 J8   926  4264 J8  2596  1323 J8   411  6585 15065  4.4  4.1  2.48  0.07  24.21  15.38  19.82  21.65  76    34    80  4.1
  2  4721 J8   787  5853 J8  1827  1399 J8   341  7814 15753  2.4  2.3  2.04  0.08  26.07  17.01  21.48  23.24  73    11   104  3.9
  3  5387 J8  1242  5571 J8  2079  1843 J8   373  9276 16550  3.6  3.2  2.47  0.11  26.91  17.29  22.05  23.85  68     8   125  5.4
  4  6077 J8  1370  5670 J8  2390  2127 J8   455 10451 17304  3.3  3.2  2.68  0.15  27.57  20.10  23.80  25.15  64     0   165  4.5
  5  5869 J8  1369  4448 J8  2102  2634 J8   472 11100 17899  4.8  4.4  3.93  0.19  28.70  21.50  24.91  26.04  65     0   210  4.0
  6  6125 J8  1037  4650 J8  1907  2687 J8   541 11297 18150  5.0  4.1  4.67  0.21  31.00  24.02  27.24  28.17  73     0   275  3.4
  7  6171 J8   725  4396 J8  1449  2925 J8   572 11137 17916  3.4  3.0  4.34  0.23  31.88  25.22  28.56  29.55  75     0   317  4.3
  8  5709 J8   735  4086 J8  1387  2788 J8   466 10583 17303  3.5  3.0  4.67  0.21  32.54  25.60  28.80  30.07  73     0   333  3.2
  9  5000 J8   548  3777 J8  1013  2475 J8   367  9574 16564  4.7  4.1  4.54  0.18  31.68  24.46  27.71  29.10  76     0   292  3.1
 10  3788 J8   881  2729 J8  1731  2169 J8   430  8195 15804  6.2  5.3  4.12  0.14  28.95  23.08  25.95  27.13  74     0   238  4.5
 11  3098 J8   984  2855 J8  2011  1613 J8   334  6859 15129  5.4  5.3  2.95  0.10  27.66  19.89  23.73  25.27  67     0   163  6.2
 12  3079 J8   715  3556 J8  1866  1388 J8   265  6192 14809  4.7  4.6  2.74  0.08  21.67  11.63  16.64  18.63  64    84    31  3.6
 13  4872 J8  1217  4321 J8  1022  2114 J8   590  9089 16520  4.3  3.9  3.47  0.15  28.24  20.43  24.22  25.65  71   138  2335  4.2
 1997
  1  3339 J8   860  3944 J8  2340  1438 J8   407  6608 15080  4.7  4.4  2.67  0.07  22.70  13.96  18.47  20.35  64    50    50  3.7
  2  3874 J8   873  3668 J8  1877  1820 J8   373  7828 15762  5.1  4.9  3.09  0.08  26.17  19.25  22.57  23.98  72     1   123  4.9
  3  4588 J8  1017  3831 J8  1872  2212 J8   378  9269 16551  4.8  4.6  3.10  0.11  27.85  18.73  23.35  25.10  67     1   154  4.7
  4  4678 J8  1585  3036 J8  2362  2575 J8   561 10448 17310  6.1  5.8  3.39  0.15  27.96  19.92  24.06  25.53  63     1   169  5.1
  5  5501 J8  1012  3468 J8  1589  2949 J8   396 11100 17903  5.5  5.0  4.00  0.19  29.89  22.27  25.95  27.19  68     0   240  4.0
  6  5384 J8  1156  3045 J8  1562  3120 J8   404 11298 18152  6.2  5.4  4.52  0.21  30.93  23.71  26.94  28.01  73     0   270  3.2
  7  5363 J8   780  3130 J8  1364  3060 J8   479 11139 17915  5.7  5.3  4.74  0.23  31.66  24.97  27.89  28.82  72     0   310  2.6
  8  5146 J8   733  3033 J8  1276  2969 J8   452 10586 17304  6.0  5.1  4.76  0.21  32.81  25.45  28.76  29.99  74     0   335  2.1
  9  4147 J8  1030  2242 J8  1503  2651 J8   384  9580 16563  6.9  6.2  5.09  0.19  30.77  24.53  27.44  28.58  78     0   280  2.9
 10  4030 J8   824  3154 J8  1475  2120 J8   330  8203 15799  5.8  5.2  3.47  0.14  28.20  22.08  25.03  26.16  71     3   215  3.8
 11  2934 J8  1012  2524 J8  2096  1622 J8   304  6865 15129  6.3  5.6  3.57  0.11  27.16  19.93  23.60  24.85  70     0   156  3.6
 12  2767 J8   888  2947 J8  2203  1366 J8   270  6193 14806  5.3  5.1  2.95  0.08  23.74  15.42  19.42  21.11  70    37    76  3.7
 13  4313 J8   959  3169 J8   500  2325 J8   651  9093 16523  5.7  5.2  3.78  0.15  28.32  20.85  24.46  25.81  70    92  2377  3.7
 1998
  1  3420 K4   867  3877 K6  2416  1502 K4   452  6601 15076  6.9  6.6  2.91  0.07  23.46  14.16  18.77  20.93  71    38    53  4.5
  2  4121 K4  1450  4532 K6  3042  1575 K4   609  7816 15754  5.0  4.5  2.44  0.08  23.23  13.90  18.66  20.20  68    39    46  5.0
  3  5211 K4  1532  5276 K6  2888  1905 K4   598  9257 16544  5.2  4.9  2.47  0.11  25.43  16.25  21.03  22.72  67    21    99  5.4
  4  6475 K4  1017  5937 K6  1677  2291 K4   440 10439 17305  4.7  4.6  2.33  0.15  26.92  18.53  22.73  24.23  64     0   132  5.3
  5  6724 K4  1504  5899 K6  2520  2291 K4   585 11096 17894  4.1  3.8  3.09  0.19  29.31  21.84  25.39  26.63  70     0   225  3.3
  6  6874 K4   816  5782 K6  1548  2474 K4   382 11298 18151  4.9  4.3  4.19  0.21  30.64  23.91  26.95  27.83  79     0   268  3.4
  7  6185 K4  1216  4803 K6  1831  2578 K4   376 11142 17924  4.5  4.0  4.63  0.23  33.03  25.26  28.68  29.78  75     0   335  2.9
  8  6149 K4  1001  5104 K6  1560  2350 K4   363 10593 17318  4.9  4.2  4.77  0.21  32.71  25.65  28.90  30.11  75     0   336  3.1
  9  4550 K4  1453  3524 K6  2125  2175 K4   451  9591 16571  5.4  5.0  4.77  0.19  31.47  25.39  27.99  29.09  78     0   303  3.8
 10  4556 K4   945  4553 K6  1819  1870 K4   394  8216 15807  4.3  4.0  3.71  0.14  30.03  23.55  26.60  27.99  72     0   262  4.0
 11  3798 K4   967  4619 K6  2094  1421 K4   354  6875 15136  4.5  4.2  2.88  0.11  27.37  20.40  23.73  25.17  78     0   167  3.2
 12  3429 K4   726  4462 K6  2030  1296 K4   332  6194 14808  4.4  4.3  2.68  0.08  25.82  18.90  22.23  23.74  77    12   137  3.6
 13  5124 K4  1308  4864 K6   768  1977 K4   443  9093 16524  4.9  4.5  3.41  0.15  28.28  20.64  24.30  25.70  73   110  2362  4.0
 1999
  1  3578 K4  1018  4635 K6  2089  1325 K4   302  6593 15071  4.8  4.6  2.35  0.07  24.64  16.67  20.74  22.39  73    26    98  4.1
  2  4689 K4  1098  5755 K6  2303  1462 K4   430  7803 15749  3.2  3.1  2.07  0.08  24.90  14.96  19.95  22.04  70    19    64  3.2
  3  5711 K4   996  6133 K6  1980  1864 K4   495  9244 16538  2.9  2.7  1.88  0.11  25.68  15.35  20.84  22.84  65     9    77  3.8
  4  6639 K4  1053  6429 K6  2007  2033 K4   508 10430 17290  2.5  2.4  2.70  0.15  29.60  20.07  24.65  26.40  68     0   195  3.7
  5  6464 K4  1076  5362 K6  1804  2484 K4   416 11091 17889  2.9  2.8  3.06  0.19  30.16  21.06  25.41  26.83  70     0   226  3.5
  6  4740 K4  1646  2955 K6  1975  2487 K4   431 11297 18149  5.5  4.8  4.63  0.21  29.68  23.60  26.36  27.09  82     0   249  3.0
  7  6328 K4  1041  4939 K6  1680  2645 K4   333 11145 17927  3.7  3.4  4.18  0.23  32.03  25.23  28.50  29.57  73     0   319  3.5
  8  5067 K4  1570  3753 K6  2026  2354 K4   400 10600 17321  4.2  3.4  4.84  0.21  31.97  24.39  27.62  28.73  81     0   305  2.4
  9  4419 K4  1491  3341 K6  2082  2154 K4   458  9602 16581  5.1  4.3  4.55  0.19  31.07  24.16  27.28  28.58  80     0   279  3.2
 10  3923 K4  1306  3498 K6  2402  1864 K4   435  8229 15816  5.5  4.9  3.83  0.14  28.40  22.78  25.53  26.60  78     0   225  4.5
 11  3850 K4   640  4460 K6  1649  1551 K4   351  6885 15141  4.4  4.2  2.55  0.11  26.27  19.70  22.79  24.18  70     0   140  4.3
 12  3102 K4   881  3827 K6  2444  1331 K4   379  6196 14807  5.0  4.8  2.39  0.08  24.52  16.71  20.44  22.26  74    25    96  3.2
 13  4876 K4  1188  4591 K6  1151  1963 K4   472  9093 16523  4.1  3.8  3.25  0.15  28.24  20.39  24.18  25.63  74    80  2273  3.5
 2000
  1  3701 K4   919  5041 K6  2279  1231 K4   420  6586 15065  3.2  3.1  1.99  0.07  23.94  14.61  19.40  21.56  69    31    61  3.5
  2  4595 K4  1135  5472 K6  2276  1509 K4   485  7816 15755  4.2  4.1  2.01  0.08  24.28  15.86  19.97  21.71  72    19    69  3.7
  3  5414 K4  1156  5382 K6  2093  2007 K4   424  9278 16551  4.0  3.8  2.50  0.11  27.32  19.03  23.08  24.67  72     0   150  3.9
  4  6174 K4  1525  5546 K6  2404  2223 K4   542 10452 17304  4.0  3.8  2.39  0.15  27.97  19.07  23.44  25.01  70     0   156  4.2
  5  6849 K4   787  5856 K6  1501  2518 K4   468 11100 17900  3.7  3.5  3.03  0.19  29.94  22.84  26.22  27.39  71     0   250  4.0
  6  6367 K4  1217  4950 K6  1862  2626 K4   372 11297 18148  4.3  3.8  4.25  0.21  31.07  24.40  27.54  28.55  77     0   282  3.8
  7  5781 K4  1079  4105 K6  1660  2684 K4   331 11137 17916  5.0  4.2  4.93  0.23  32.29  24.61  27.82  28.87  77     0   314  2.8
  8  5740 K4  1225  4473 K6  1690  2408 K4   290 10582 17303  4.2  3.6  4.64  0.21  32.19  25.03  28.23  29.40  75     0   319  3.4
  9  5128 K4  1102  4344 K6  1812  2199 K4   317  9573 16564  4.9  4.2  4.97  0.18  31.63  25.20  28.11  29.38  80     0   303  3.1
 10  4185 K4  1133  4018 K6  1940  1782 K4   325  8194 15804  4.5  4.3  3.24  0.14  28.35  21.48  24.60  26.03  74     0   204  3.7
 11  3914 K4   877  4662 K6  1871  1472 K4   290  6858 15128  4.1  3.9  2.62  0.10  26.40  17.43  22.04  23.83  75     5   112  3.3
 12  3085 K4   894  3565 K6  2124  1381 K4   360  6192 14808  5.5  5.3  2.41  0.08  23.29  15.90  19.63  21.09  76    39    78  4.0
 13  5078 K4  1179  4784 K6   707  2003 K4   516  9089 16521  4.3  4.0  3.25  0.15  28.22  20.45  24.17  25.62  74    94  2297  3.6
 2001
  1  3974 K4   769  5850 K6  2030  1102 K4   422  6609 15081  3.3  3.2  1.78  0.07  21.58  10.90  16.15  18.61  72    97    33  3.3
  2  4735 K4   923  5716 K6  1992  1535 K4   440  7830 15764  3.6  3.4  2.57  0.08  26.58  19.06  22.62  24.16  70     2   128  4.1
  3  5240 K4  1337  5320 K6  2549  1916 K4   560  9271 16551  3.7  3.5  2.49  0.11  26.97  17.26  22.07  23.88  69     8   126  4.2
  4  6107 K4  1340  5506 K6  2325  2244 K4   558 10449 17310  3.8  3.6  2.60  0.15  27.57  20.00  23.77  25.14  63     0   164  4.8
  5  6124 K4  1652  4794 K6  2498  2525 K4   472 11101 17904  4.9  4.3  3.32  0.19  28.77  21.81  25.02  26.14  67     0   216  4.5
  6  5884 K4  1535  4525 K6  1990  2454 K4   323 11298 18153  4.4  3.6  4.36  0.21  31.44  23.87  27.33  28.46  72     0   280  3.3
  7  5559 K4  1644  4078 K6  2151  2524 K4   316 11139 17915  4.7  4.0  4.77  0.23  31.58  24.19  27.59  28.66  76     0   296  3.7
  8  5722 K4  1531  4500 K6  2117  2362 K4   400 10585 17300  4.3  3.7  4.86  0.21  32.16  25.58  28.65  29.77  74     0   327  3.4
  9  4436 K4  1517  3377 K6  2273  2188 K4   395  9578 16563  4.9  4.3  4.77  0.19  30.67  23.93  26.86  28.04  78     0   269  3.3
 10  3890 K4  1203  3109 K6  1910  1974 K4   322  8202 15799  6.0  5.4  3.93  0.14  28.58  23.06  25.62  26.69  73     0   232  4.7
 11  3628 K4   857  4132 K6  1986  1542 K4   399  6864 15129  4.6  4.4  2.72  0.11  26.34  19.47  22.71  24.17  72     0   137  4.4
 12  3279 K4   776  4124 K6  1920  1338 K4   343  6193 14806  4.5  4.3  2.68  0.08  25.74  19.35  22.22  23.79  69    10   140  4.0
 13  4881 K4  1023  4586 K6   886  1975 K4   491  9093 16523  4.4  4.0  3.40  0.15  28.16  20.71  24.22  25.63  71   118  2347  4.0
 2002
  1  3736 K4   942  5175 K6  2292  1204 K4   388  6602 15076  3.4  3.3  2.65  0.07  24.45  15.94  20.13  22.13  72    39    97  3.5
  2  4013 K4  1288  4234 K6  2662  1668 K4   490  7817 15755  5.4  5.1  3.00  0.08  24.29  16.32  20.19  21.70  73    13    68  3.4
  3  5235 K4  1682  5232 K6  2710  1892 K4   445  9258 16544  4.1  4.0  2.93  0.11  26.91  19.71  23.24  24.56  76     4   158  4.4
  4  6499 K4  1149  6060 K6  2087  2165 K4   508 10440 17307  3.2  3.1  3.17  0.15  28.43  21.82  24.97  26.29  75     0   204  4.4
  5  6507 K4  1123  5202 K6  1962  2632 K4   505 11096 17895  4.2  4.0  3.54  0.19  29.61  23.45  26.35  27.37  79     0   254  4.6
  6  4505 K4  1876  2594 K6  2087  2566 K4   449 11298 18150  7.2  6.3  4.93  0.21  29.79  23.52  26.39  27.16  81     0   250  3.0
  7  5754 K4  1422  4185 K6  1944  2615 K4   395 11141 17920  5.0  4.4  4.91  0.23  31.07  24.59  27.54  28.46  78     0   295  2.1
  8  5753 K4  1142  4452 K6  1682  2457 K4   332 10592 17315  4.7  4.2  4.80  0.21  32.04  24.81  28.15  29.34  76     0   313  3.2
  9  5070 K4  1026  4063 K6  1636  2311 K4   293  9589 16571  5.3  4.7  5.16  0.19  31.23  25.39  28.01  29.09  79     0   300  3.8
 10  4817 K4   710  5015 K6  1447  1816 K4   381  8214 15806  3.6  3.5  4.28  0.14  30.97  23.49  26.93  28.50  74     0   276  3.0
 11  3736 K4   926  4455 K6  2154  1449 K4   363  6874 15136  4.3  4.0  3.18  0.11  26.37  17.53  22.06  23.65  72    10   118  3.2
 12  3058 K4   767  3563 K6  2114  1411 K4   330  6194 14807  5.0  4.7  2.93  0.08  24.30  15.87  20.20  21.95  74    26    80  3.8
 13  4890 K4  1120  4519 K6   907  2016 K4   511  9093 16524  4.6  4.3  3.79  0.15  28.29  21.04  24.51  25.85  76    92  2413  3.5
 2003
  1  3782 K4   839  5358 K6  2232  1198 K4   429  6594 15071  3.7  3.5  2.07  0.07  21.45  10.97  16.11  18.59  72    85    19  3.0
  2  4619 K4  1061  5522 K6  2297  1495 K4   466  7805 15750  3.4  3.4  2.89  0.08  26.25  17.49  21.75  23.71  78     4   103  3.4
  3  5278 K4   988  4952 K6  1978  2079 K4   434  9246 16539  4.3  4.1  3.39  0.11  29.53  21.00  24.85  26.49  73     4   219  3.4
  4  5989 K4  1558  5169 K6  2295  2272 K4   489 10431 17292  4.3  4.1  3.01  0.15  27.57  19.70  23.65  24.94  67     2   161  4.1
  5  6236 K4  1369  4946 K6  1939  2509 K4   346 11092 17889  3.8  3.4  4.02  0.19  30.84  23.86  26.87  28.04  72     0   280  3.5
  6  5546 K4  1281  3786 K6  1635  2664 K4   282 11297 18149  5.9  5.1  4.90  0.21  31.02  24.19  27.41  28.26  78     0   278  3.3
  7  6190 K4  1089  4780 K6  1561  2604 K4   355 11144 17927  4.4  3.9  4.59  0.23  31.91  25.39  28.61  29.58  74     0   320  3.6
  8  5340 K4  1299  3963 K6  1693  2395 K4   358 10599 17321  5.4  4.6  5.09  0.21  31.02  24.35  27.48  28.38  81     0   290  3.1
  9  4715 K4  1337  3914 K6  2102  2094 K4   353  9600 16578  5.0  4.3  4.94  0.19  30.93  24.13  27.22  28.54  81     0   276  2.8
 10  4567 K4   792  4542 K6  1599  1918 K4   381  8227 15814  3.9  3.6  3.93  0.14  30.35  22.83  26.43  27.98  72     0   256  3.6
 11  3545 K4   942  3901 K6  1888  1525 K4   293  6884 15141  5.2  4.9  3.36  0.11  27.33  20.43  23.94  25.06  71     2   169  4.3
 12  3145 K4   905  3939 K6  2092  1290 K4   327  6196 14808  4.9  4.7  2.37  0.08  22.80  14.22  18.87  20.51  67    41    47  3.7
 13  4913 K4  1035  4564 K6   638  2004 K4   517  9093 16523  4.5  4.1  3.71  0.15  28.42  20.71  24.43  25.84  74   138  2418  3.5
 2004
  1  3481 K4  1064  4656 K6  2471  1249 K4   380  6587 15067  4.0  3.9  2.44  0.07  23.32  13.65  18.42  20.65  76    37    42  3.0
  2  4436 K4   970  5065 K6  2102  1609 K4   435  7817 15755  4.6  4.2  2.63  0.08  25.34  16.44  20.84  22.49  73    18    92  3.5
  3  5426 K4  1141  5425 K6  2217  1983 K4   502  9280 16554  4.3  4.2  2.34  0.11  26.23  18.87  22.35  23.79  64     2   132  5.1
  4  6219 K4  1392  5650 K6  2416  2166 K4   505 10453 17304  4.0  3.8  2.65  0.15  27.40  19.07  23.16  24.67  62     1   148  4.6
  5  6860 K4   965  5808 K6  1649  2576 K4   363 11101 17902  4.1  4.0  3.12  0.19  28.81  23.23  25.93  26.92  69     0   238  5.3
  6  6456 K4  1001  5171 K6  1394  2566 K4   345 11297 18148  4.0  3.5  4.53  0.21  32.03  25.29  28.34  29.36  77     0   310  3.4
  7  6172 K4  1042  4820 K6  1439  2599 K4   286 11136 17916  3.9  3.5  4.69  0.23  32.10  24.76  28.08  29.13  81     0   313  2.7
  8  5002 K4  1205  3474 K6  1779  2476 K4   295 10581 17301  5.2  4.4  5.19  0.21  32.00  24.71  27.85  28.93  81     0   311  2.7
  9  4532 K4  1464  3417 K6  2111  2194 K4   450  9571 16562  5.2  4.8  4.95  0.18  32.08  25.59  28.45  29.72  76     0   315  4.3
 10  4388 K4   859  4247 K6  1666  1881 K4   324  8192 15803  4.5  4.2  3.69  0.14  28.78  22.44  25.45  26.71  76     0   226  3.8
 11  3647 K4   820  4168 K6  1701  1519 K4   249  6857 15128  4.3  4.2  2.87  0.10  26.87  19.77  23.20  24.62  72     0   150  3.9
 12  3295 K4   844  4156 K6  2240  1319 K4   380  6192 14808  4.8  4.7  2.66  0.08  23.58  15.44  19.66  21.31  70    36    73  3.8
 13  4993 K4  1228  4671 K6   795  2011 K4   498  9089 16521  4.4  4.1  3.48  0.15  28.21  20.77  24.31  25.69  73    94  2350  3.8
 2005
  1  3827 K4   724  5350 K6  1979  1225 K4   387  6610 15084  3.8  3.7  2.44  0.07  23.48  15.45  19.42  21.24  70    36    72  4.1
  2  4126 K4  1247  4560 K6  2651  1652 K4   454  7832 15765  4.0  3.9  2.63  0.08  23.89  15.07  19.68  21.49  68    21    53  3.4
  3  5245 K4  1631  5189 K6  2680  1902 K4   544  9272 16552  4.0  3.7  2.77  0.11  25.45  16.58  20.95  22.58  69    17   100  3.6
  4  6277 K4  1403  5881 K6  2222  2161 K4   443 10450 17310  2.8  2.6  2.41  0.15  26.60  17.80  22.24  23.81  63     1   117  4.3
  5  6202 K4  1430  4836 K6  2334  2609 K4   477 11101 17905  3.6  3.2  3.44  0.19  29.35  21.94  25.46  26.70  70     0   227  3.8
  6  4808 K4  1882  3006 K6  2485  2596 K4   503 11298 18152  6.5  5.2  4.95  0.21  30.03  23.77  26.68  27.47  80     0   257  3.4
  7  6270 K4  1173  4863 K6  1686  2610 K4   335 11138 17915  3.8  3.3  4.84  0.23  32.33  25.91  28.89  29.87  74     0   334  3.8
  8  5960 K4  1292  4811 K6  1756  2387 K4   353 10584 17300  3.8  3.3  5.15  0.21  32.42  25.97  28.93  30.01  74     0   337  3.2
  9  5033 K4  1425  4202 K6  2319  2147 K4   387  9577 16559  4.5  3.9  4.88  0.19  31.30  24.67  27.79  29.08  76     0   290  3.6
 10  4044 K4  1268  3694 K6  2307  1826 K4   381  8200 15796  5.5  5.0  4.31  0.14  29.81  24.45  26.90  27.88  77     0   273  4.1
 11  3792 K4   937  4503 K6  2102  1463 K4   348  6863 15128  4.0  3.8  3.17  0.11  26.85  20.30  23.40  24.69  71     3   161  4.0
 12  3390 K4   893  4543 K6  2372  1247 K4   406  6193 14806  3.8  3.7  2.63  0.08  24.00  15.29  19.56  21.48  70    24    65  3.0
 13  4914 K4  1076  4620 K6   754  1985 K4   514  9093 16523  4.2  3.8  3.63  0.15  27.96  20.60  24.16  25.53  72   103  2286  3.7
 2006
  1  3675 K4   750  4901 K6  2342  1313 K4   465  6603 15078  4.2  4.1  2.33  0.07  23.97  15.93  19.98  21.61  66    30    80  4.2
  2  4539 K4  1235  5552 K6  2669  1424 K4   524  7819 15757  3.2  2.7  2.20  0.08  23.72  14.17  19.18  21.13  69    29    47  3.3
  3  5592 K4   859  5842 K6  1777  2002 K4   418  9260 16545  2.4  2.3  2.29  0.11  25.63  17.45  21.50  23.19  59     8   107  4.2
  4  6468 K4   969  5989 K6  1971  2183 K4   531 10441 17307  2.7  2.5  2.71  0.15  28.53  20.20  24.28  25.77  61     0   181  4.2
  5  6320 K4  1600  5224 K6  2467  2427 K4   511 11097 17896  2.1  1.9  3.41  0.19  29.95  21.10  25.50  26.86  64     0   223  3.0
  6  5864 K4  1536  4381 K6  2176  2588 K4   456 11298 18149  3.0  2.7  4.48  0.21  31.14  24.39  27.53  28.47  69     0   283  3.5
  7  5649 K4  1640  4032 K6  2145  2567 K4   237 11141 17918  3.4  3.0  4.76  0.23  31.01  24.99  27.68  28.52  71     0   300  3.5
  8  5729 K4  1202  4454 K6  1721  2456 K4   299 10591 17314  3.1  2.9  4.89  0.21  32.01  25.15  28.25  29.34  70     0   318  3.4
  9  4858 K4  1115  4036 K6  1685  2114 K4   283  9588 16569  3.5  3.3  4.76  0.19  31.30  24.34  27.46  28.76  70     0   285  2.7
 10  4697 K4  1062  4854 K6  1760  1744 K4   317  8213 15805  3.1  2.8  3.72  0.14  29.69  22.30  25.91  27.39  63     0   238  3.7
 11  3515 K4  1000  3897 K6  2237  1498 K4   358  6873 15136  3.8  3.4  2.94  0.11  25.61  18.25  21.86  23.26  66    18   125  3.8
 12  3044 K4   931  3546 K6  2042  1374 K4   297  6194 14807  5.1  4.7  3.55  0.08  25.33  19.61  22.27  23.32  69     6   134  4.7
 13  4996 K4  1131  4726 K6   800  1974 K4   487  9093 16523  3.3  3.0  3.50  0.15  28.16  20.66  24.28  25.64  66    91  2321  3.7
 2007
  1  3601 K4   817  4468 K6  2135  1394 K4   397  6595 15071  3.8  3.6  2.92  0.07  25.46  18.39  21.70  23.24  67    14   126  4.0
  2  4107 K4  1348  4565 K6  2728  1534 K4   487  7806 15750  4.4  4.1  2.82  0.08  24.33  15.33  19.72  21.44  66    28    69  3.5
  3  5271 K4  1185  5079 K6  2293  2041 K4   469  9248 16539  4.2  4.0  2.54  0.11  25.96  19.14  22.36  23.65  59     1   132  5.1
  4  6274 K4  1306  5746 K6  2180  2198 K4   532 10433 17294  3.1  3.0  2.74  0.15  27.69  18.96  23.31  24.82  59     1   151  4.3
  5  6145 K4   941  4531 K6  1665  2744 K4   483 11092 17890  3.9  3.5  3.36  0.19  29.08  20.94  24.90  26.20  64     0   207  5.2
  6  5681 K4  1669  4194 K6  2228  2533 K4   428 11297 18148  3.2  2.7  4.50  0.21  30.71  22.97  26.54  27.69  72     0   255  3.4
  7  5826 K4  1305  4381 K6  1786  2544 K4   253 11144 17927  3.0  2.8  4.87  0.23  32.27  24.58  27.80  28.90  73     0   313  2.4
  8  6086 K4  1053  5126 K6  1533  2322 K4   275 10598 17320  2.6  2.4  4.59  0.21  32.68  25.79  28.97  30.13  68     0   338  3.3
  9  4816 K4  1504  3952 K6  2041  2121 K4   358  9599 16578  4.1  3.6  4.81  0.19  31.11  24.25  27.46  28.77  73     0   281  3.1
 10  3965 K4  1048  3317 K6  1803  1955 K4   263  8226 15813  5.2  4.8  4.73  0.14  29.88  24.78  27.03  27.98  74     0   279  4.8
 11  3841 K4   872  4706 K6  1969  1430 K4   343  6883 15140  3.7  3.5  3.06  0.11  26.72  19.28  22.86  24.34  66     1   141  3.7
 12  3537 K4   732  4843 K6  1871  1223 K4   293  6196 14808  3.9  3.8  3.14  0.08  26.51  18.87  22.59  24.26  72     5   140  3.5
 13  4929 K4  1071  4576 K6   617  2003 K4   505  9093 16523  3.7  3.5  3.67  0.15  28.53  21.11  24.60  25.95  68    51  2433  3.9
 2008
  1  3496 K4   986  4368 K6  2352  1354 K4   352  6587 15068  5.4  5.3  2.81  0.07  24.21  16.10  20.14  21.83  68    24    80  3.8
  2  4213 K4  1108  4636 K6  2251  1609 K4   430  7819 15756  4.4  4.2  2.88  0.08  26.38  18.54  22.25  23.66  69     8   128  3.9
  3  4937 K4  1292  4529 K6  2098  2134 K4   384  9281 16557  4.7  4.4  2.87  0.11  26.33  18.78  22.36  23.64  67     4   135  4.6
  4  6236 K4  1044  5446 K6  1769  2359 K4   411 10454 17304  4.1  3.9  2.80  0.15  27.50  19.73  23.56  24.99  63     3   162  4.3
  5  6680 K4   930  5674 K6  1576  2509 K4   431 11101 17902  3.4  3.2  3.39  0.19  30.82  22.65  26.48  27.86  64     0   260  4.7
  6  6000 K4  1168  4542 K6  1485  2514 K4   339 11297 18147  3.9  3.5  4.38  0.21  31.40  24.84  27.65  28.65  73     0   294  3.7
  7  5812 K4  1299  4349 K6  1635  2622 K4   265 11136 17916  4.0  3.5  4.67  0.23  31.67  24.12  27.49  28.58  74     0   297  2.9
  8  5363 K4  1569  4139 K6  2054  2284 K4   350 10580 17301  4.2  3.7  5.03  0.21  32.19  24.78  28.11  29.18  76     0   315  3.6
  9  4744 K4  1441  3669 K6  2129  2200 K4   320  9570 16560  4.6  4.2  4.75  0.18  30.74  25.11  27.72  28.78  70     0   288  4.4
 10  4130 K4  1232  3882 K6  2240  1833 K4   386  8191 15801  4.6  4.1  3.93  0.14  28.38  22.07  25.15  26.32  71     3   217  4.3
 11  3939 K4   735  5022 K6  1744  1414 K4   368  6856 15128  3.6  3.4  2.59  0.10  25.55  16.62  20.95  22.74  69     8    91  3.5
 12  3245 K4   855  4176 K6  2123  1310 K4   282  6192 14807  5.0  4.9  2.55  0.08  24.71  17.06  20.94  22.62  72    10    90  4.0
 13  4900 K4  1125  4536 K6   595  2012 K4   486  9089 16521  4.3  4.0  3.56  0.15  28.32  20.87  24.40  25.74  70    61  2356  4.0
 2009
  1  3727 K4   821  5069 K6  2240  1263 K4   409  6611 15084  3.5  3.4  2.21  0.07  23.59  13.46  18.50  20.94  70    40    46  3.4
  2  4662 K4   875  5521 K6  2194  1571 K4   515  7833 15766  3.8  3.8  2.09  0.08  23.38  14.78  19.05  20.79  63    32    53  4.2
  3  5167 K4  1253  4979 K6  2288  2051 K4   509  9274 16552  4.8  4.6  2.46  0.11  25.23  17.81  21.40  22.76  66    12   111  4.5
  4  6330 K4  1201  5822 K6  2170  2227 K4   554 10451 17311  3.4  3.2  2.58  0.15  28.08  20.45  24.06  25.44  63     3   181  5.1
  5  6122 K4  1463  5025 K6  2122  2376 K4   398 11102 17904  4.0  3.8  3.61  0.19  29.33  22.66  25.68  26.66  73     0   238  4.0
  6  5623 K4  1408  4133 K6  1899  2538 K4   358 11299 18152  4.1  3.6  4.67  0.21  31.96  23.73  27.24  28.37  75     0   285  2.9
  7  5668 K4  1298  4220 K6  1564  2515 K4   317 11138 17915  3.8  3.5  4.81  0.23  32.38  24.55  28.15  29.33  74     0   314  2.3
  8  5950 K4  1160  4819 K6  1671  2326 K4   243 10583 17299  3.5  3.3  4.85  0.21  32.50  26.05  29.00  30.11  72     0   339  3.3
  9  4640 K4   988  3592 K6  1596  2219 K4   300  9575 16559  4.3  4.0  5.20  0.19  31.32  24.60  27.49  28.76  77     0   289  2.3
 10  4902 K4   679  5134 K6  1314  1803 K4   267  8199 15796  3.7  3.4  4.20  0.14  30.64  23.62  27.04  28.46  70     1   274  3.3
 11  3685 K4   840  4156 K6  2020  1531 K4   378  6862 15127  4.2  4.0  2.95  0.11  27.03  19.33  23.04  24.59  70     4   150  3.1
 12  3108 K4   882  3730 K6  2109  1335 K4   303  6192 14806  4.7  4.5  3.24  0.08  25.85  18.10  22.00  23.55  74    15   128  3.5
 13  4965 K4  1043  4683 K6   705  1980 K4   460  9093 16523  4.0  3.8  3.57  0.15  28.44  20.76  24.39  25.81  71   108  2409  3.5
 2010
  1  3383 K4  1129  4437 K6  2763  1224 K4   461  6604 15078  4.4  3.8  2.13  0.07  21.41  11.99  16.50  18.30  65   104    53  3.5
  2  4072 K4  1463  4522 K6  3070  1543 K4   518  7820 15759  4.3  4.1  2.13  0.08  21.53  12.30  16.96  18.52  65    74    34  3.5
  3  4904 K4  1801  5190 K6  3091  1730 K4   508  9262 16545  3.8  3.6  2.14  0.11  23.15  13.85  18.69  20.30  65    39    45  3.9
  4  5414 K4  1902  4582 K6  2984  2242 K4   582 10442 17308  4.5  4.2  2.71  0.15  26.82  20.02  23.34  24.49  68     0   153  4.4
  5  6244 K4  1331  5061 K6  2234  2562 K4   474 11097 17897  3.9  3.7  3.73  0.19  30.45  24.10  26.96  28.03  71     0   277  3.9
  6  6494 K4   848  5424 K6  1284  2474 K4   340 11298 18149  3.4  3.2  4.74  0.21  33.22  26.40  29.55  30.61  69     0   344  3.6
  7  5945 K4  1386  4435 K6  2004  2600 K4   302 11141 17917  3.8  3.3  4.89  0.23  32.80  26.24  29.36  30.26  71     0   347  3.8
  8  5592 K4  1594  4333 K6  2242  2392 K4   406 10590 17313  3.8  3.3  5.35  0.21  33.20  26.04  29.14  30.28  72     0   350  2.6
  9  4896 K4  1516  4135 K6  2123  2053 K4   336  9586 16569  4.5  4.0  4.86  0.19  31.56  25.93  28.56  29.62  72     0   313  3.7
 10  4336 K4  1202  4320 K6  2128  1762 K4   313  8211 15805  4.2  4.0  3.47  0.14  29.58  22.60  25.97  27.45  65     0   241  3.1
 11  3689 K4  1006  4494 K6  2291  1329 K4   340  6872 15134  4.4  4.2  2.84  0.11  26.85  18.83  22.69  24.25  66     3   139  3.0
 12  3739 K4   860  5889 K6  2150   915 K4   262  6194 14806  2.7  2.5  1.69  0.08  21.12   9.88  15.41  17.80  61   103    15  3.0
 13  4892 K4  1058  4735 K6   532  1902 K4   569  9093 16524  4.0  3.6  3.39  0.15  27.64  19.85  23.59  24.99  67   323  2310  3.5
