702730 ANCHORAGE INTL AP      AK  -9  N61 11  W150  0    35  1009
 1991-2010
 MO AVGLO FL SDGLO AVDIR FL SDDIR AVDIF FL SDDIF AVETR AETRN  TOT  OPQ   H2O   TAU  MAX_T  MIN_T  AVG_T  AVGDT  RH  HTDD  CLDD AVWS
  1   292 J7    28   522 J8   250   233 J7    18   874  9116  7.6  6.9  0.67  0.08  -5.77 -11.37  -8.37  -7.79  76   834     0  2.8
  2   901 J7   120  1190 J7   588   633 J7    50  2298 12564  7.6  6.7  0.70  0.10  -2.98  -8.94  -5.80  -5.01  74   686     0  2.8
  3  2098 J7   252  2448 J7   881  1234 J7   121  4756 16284  6.7  5.8  0.63  0.12   0.03  -7.10  -3.51  -2.57  64   678     0  3.3
  4  3354 J7   278  3021 J7   667  1910 J7   130  7707 19946  7.4  6.1  0.84  0.14   6.82  -0.92   2.98   3.92  63   461     0  3.2
  5  4716 J7   433  3910 J7   859  2566 J7   130 10214 23289  7.6  5.9  1.16  0.15  13.00   4.63   9.02   9.70  60   295     0  3.8
  6  5419 J7   367  4296 J7   710  2943 J7   158 11407 25229  7.9  5.9  1.68  0.14  16.82   9.16  13.07  13.52  67   161     0  3.6
  7  4519 J7   421  3079 J7   881  2794 J7   160 10728 24037  8.4  7.1  2.14  0.12  18.22  11.69  14.93  15.38  74   106     2  3.3
  8  3522 J7   292  2836 J7   709  2114 J7    92  8507 20825  8.1  7.0  2.05  0.09  17.25  10.54  13.85  14.59  77   138     0  2.9
  9  2304 J7   191  2338 J7   581  1398 J7    81  5660 17277  7.9  6.9  1.52  0.07  12.59   6.10   9.30  10.24  76   270     0  3.1
 10  1121 J7   103  1599 J8   512   710 J7    58  2989 13622  7.7  6.8  1.04  0.05   4.63  -0.99   1.87   2.75  75   512     0  2.9
 11   392 J7    61   906 J8   498   268 J7    19  1185 10004  7.7  6.9  0.79  0.05  -2.09  -7.35  -4.55  -3.97  76   692     0  2.9
 12   152 J7    18   413 J8   211   122 J7     6   525  7784  8.0  7.1  0.71  0.05  -4.76 -10.30  -7.37  -6.95  77   802     0  2.8
 13  2399 J7   111  2213 J7   275  1410 J7    56  5571 16665  7.7  6.6  1.16  0.10   6.15  -0.40   2.95   3.65  72  5634     2  3.1
 1991
  1   253 I5   137   473 I7   694   197 I5    64   868  9095  7.6  7.0  0.78  0.06  -6.07 -11.71  -8.83  -8.03  79   844     0  3.7
  2   837 I5   414   922 I6  1406   621 I5   205  2275 12524  7.8  7.2  0.81  0.09  -3.35 -10.25  -6.62  -5.77  78   704     0  3.4
  3  1797 I5   870  2408 I6  2641   984 I5   253  4714 16227  6.3  5.8  0.78  0.11  -0.65  -8.55  -4.33  -3.16  81   711     0  3.1
  4  2913 I5   893  2449 I6  2672  1799 I5   430  7663 19889  7.7  6.8  0.89  0.13   7.03  -0.71   2.97   3.94  68   455     0  3.4
  5  4476 I5  1728  3541 I6  3365  2512 I5   462 10184 23245  7.7  6.4  1.12  0.14  12.24   3.99   8.41   9.07  62   317     0  4.3
  6  5818 I5  1514  5370 I6  3304  2700 I5   638 11403 25222  7.2  5.4  1.75  0.13  17.28   9.06  13.22  13.73  66   155     0  3.8
  7  4102 I5  1429  2564 I6  2582  2644 I5   418 10752 24078  8.3  7.4  2.03  0.11  17.10  10.89  13.98  14.41  78   134     0  3.3
  8  3749 I5  1146  3305 I6  2826  2105 I5   575  8547 20879  7.2  6.3  1.85  0.12  16.92   9.21  12.94  13.86  76   163     0  3.2
  9  2018 I5   749  1480 I6  1530  1403 I5   257  5704 17332  8.4  7.7  1.68  0.12  13.29   7.75  10.42  11.11  78   234     0  3.6
 10  1082 I5   551  1538 I6  1722   656 I5   221  3023 13679  6.6  5.9  1.10  0.13   3.58  -2.32   0.66   1.63  75   549     0  3.1
 11   350 I5   183   484 I6   674   272 I5   105  1203 10053  7.7  7.1  0.97  0.15  -1.48  -5.95  -3.62  -3.10  79   661     0  3.4
 12   117 I5    31    45 I7    99   113 I5    25   527  7795  9.3  8.8  0.86  0.18  -4.06  -8.46  -6.23  -6.09  83   762     0  3.6
 13  2293 I5  1896  2048 I6  1543  1334 I5   990  5572 16668  7.6  6.8  1.22  0.12   5.99  -0.59   2.75   3.47  75  5689     0  3.5
 1992
  1   268 I5   103   167 I7   272   247 I5    92   861  9075  7.7  7.0  0.87  0.22  -3.45  -9.15  -5.94  -5.35  83   764     0  3.0
  2   865 I5   351   886 I6  1148   656 I5   254  2295 12553  6.7  6.2  0.73  0.26  -5.54 -12.88  -8.80  -7.48  79   799     0  2.8
  3  1853 I5   582  1224 I6  1269  1411 I5   369  4784 16318  7.0  6.2  0.75  0.30  -0.05  -7.73  -3.81  -2.88  73   689     0  3.5
  4  3922 I5   911  3559 I6  2271  2131 I5   476  7734 19978  5.1  3.8  0.81  0.32   6.13  -2.73   1.73   2.86  56   499     0  3.4
  5  5329 I5  1325  4403 I6  2603  2743 I5   564 10233 23314  5.9  4.5  1.10  0.31  11.93   3.72   7.92   8.64  53   326     0  4.3
  6  5193 I5  1758  3534 I6  2869  3061 I5   496 11409 25234  7.2  5.7  1.49  0.28  16.79   9.38  13.18  13.59  67   157     0  3.7
  7  4435 I5  1509  2354 I6  2156  3022 I5   507 10714 24013  8.4  7.3  2.06  0.24  18.33  12.06  15.11  15.55  74    97     0  3.4
  8  3085 I5  1116  1524 I6  1592  2272 I5   382  8482 20795  8.9  8.0  1.90  0.20  15.74  10.60  12.99  13.52  77   160     0  3.7
  9  2366 I5   910  2638 I6  2391  1357 I5   416  5633 17245  6.1  5.1  1.09  0.16   8.26   0.90   4.64   5.79  62   412     0  4.0
 10  1104 I5   504  1650 I6  1740   664 I5   238  2966 13590  6.2  5.7  0.97  0.13   2.96  -3.49  -0.13   0.91  76   576     0  3.3
 11   304 I5   151   374 I6   617   247 I5    73  1173  9972  8.2  7.6  0.96  0.12   0.04  -5.33  -2.54  -2.15  83   629     0  3.8
 12   133 I5    46   147 I7   217   121 I5    37   523  7777  8.1  7.2  0.74  0.11  -6.34 -12.11  -9.13  -8.74  77   854     0  3.5
 13  2405 I5  1948  1872 I6  1431  1494 I5  1119  5567 16655  7.1  6.2  1.12  0.22   5.40  -1.40   2.10   2.85  72  5962     0  3.5
 1993
  1   281 I5   121   396 I7   519   233 I5    82   883  9147  7.4  6.7  0.59  0.13  -5.94 -13.27  -9.30  -8.61  81   866     0  3.4
  2   837 I5   318   729 I6   899   675 I5   235  2310 12588  7.8  7.0  0.82  0.14  -2.94  -8.90  -5.79  -4.84  81   679     0  3.1
  3  2051 I5   777  2141 I6  2166  1296 I5   454  4763 16296  7.0  5.9  0.66  0.16   2.09  -5.43  -1.64  -0.52  69   620     0  3.4
  4  3472 I5  1111  3057 I6  2627  1987 I5   429  7714 19960  7.0  5.7  0.88  0.18   9.15   0.59   4.82   5.96  65   404     0  3.1
  5  4949 I5  1952  4807 I6  4124  2261 I5   480 10220 23298  6.4  5.4  1.33  0.18  14.79   6.11  10.67  11.47  67   244     0  3.6
  6  5770 I5  1237  4552 I6  2394  3028 I5   478 11409 25236  7.2  5.6  1.55  0.17  17.48   9.49  13.59  14.08  66   145     0  3.9
  7  5297 I5  1929  5262 I6  3997  2346 I5   516 10725 24031  6.5  5.2  2.03  0.14  20.18  12.29  16.34  16.92  70    70     6  3.3
  8  3408 I5  1383  2603 I6  2881  2054 I5   501  8501 20818  8.0  7.3  2.19  0.11  18.02  11.69  14.83  15.50  75   108     1  3.4
  9  2094 I5   834  1938 I6  2285  1355 I5   376  5653 17267  8.2  7.3  1.63  0.08  12.55   6.37   9.49  10.28  75   266     0  4.4
 10  1072 I5   607  1572 I6  2012   648 I5   246  2983 13609  7.4  6.4  1.21  0.06   6.56   0.95   3.68   4.59  79   452     0  3.6
 11   365 I5   206   743 I6  1055   257 I5    74  1182  9994  7.8  7.2  0.82  0.05  -0.96  -6.44  -3.40  -2.70  76   661     0  4.1
 12   159 I5    50   445 I7   613   124 I5    29   524  7781  7.7  6.9  0.81  0.06  -1.59  -7.21  -4.12  -3.43  81   705     0  3.2
 13  2480 I5  2054  2354 I6  1743  1355 I5   974  5572 16669  7.4  6.4  1.21  0.12   7.45   0.52   4.10   4.89  74  5221     6  3.5
 1994
  1   265 I5   129   300 I7   400   232 I5   107   876  9124  8.1  7.4  0.81  0.08  -3.18  -7.78  -5.28  -4.71  77   738     0  3.5
  2  1117 I5   514  2596 I6  1971   515 I5   168  2294 12560  4.3  3.6  0.59  0.10  -4.73 -11.60  -8.13  -6.94  62   742     0  4.4
  3  1798 I5   862  1476 I6  2009  1254 I5   433  4740 16264  8.2  7.4  0.65  0.12  -0.25  -6.91  -3.59  -2.83  68   679     0  3.9
  4  3064 I5  1106  2340 I6  2620  1925 I5   524  7690 19927  8.0  7.1  0.86  0.14   7.39  -0.13   3.47   4.43  66   441     0  3.5
  5  4132 I5  1588  2818 I6  3295  2580 I5   562 10203 23271  8.3  7.0  1.11  0.15  12.03   4.70   8.42   9.02  61   309     0  4.2
  6  5479 I5  1653  4700 I6  3321  2718 I5   515 11406 25225  7.4  5.9  1.62  0.14  17.56   9.76  13.66  14.17  64   140     0  4.4
  7  4684 I5  1571  3543 I6  2942  2635 I5   443 10738 24051  8.1  6.8  2.15  0.12  18.32  11.31  14.87  15.35  71   109     0  3.8
  8  3714 I5  1076  3431 I6  2487  1967 I5   432  8522 20843  7.8  6.6  2.20  0.09  18.54  11.16  14.85  15.68  74   109     1  3.6
  9  2470 I5   949  2958 I6  2754  1311 I5   402  5677 17296  6.9  6.2  1.35  0.06  12.80   5.54   9.23  10.40  78   275     0  3.1
 10  1012 I5   379  1294 I6  1561   697 I5   261  3002 13643  8.2  7.6  0.94  0.04   3.45  -1.74   0.86   1.69  75   542     0  3.5
 11   360 I5   152   982 I6  1136   239 I5    88  1192 10023  7.0  6.4  0.62  0.04  -5.93 -12.26  -8.61  -7.94  76   823     0  3.8
 12   141 I5    58   369 I7   619   114 I5    29   525  7785  8.5  7.7  0.65  0.05  -5.63 -11.92  -8.40  -7.76  82   840     0  3.2
 13  2353 I5  1849  2234 I6  1365  1349 I5   995  5572 16668  7.6  6.6  1.13  0.09   5.86  -0.82   2.61   3.38  71  5747     1  3.7
 1995
  1   289 I5   124   724 I7   869   212 I5    76   869  9097  7.6  7.1  0.68  0.06  -5.98 -11.92  -8.67  -8.15  82   846     0  2.5
  2   892 I5   471  1466 I6  1739   553 I5   176  2277 12527  7.0  6.4  0.69  0.09  -2.99  -9.35  -5.96  -5.02  74   686     0  3.8
  3  2534 I5   857  4207 I6  2398  1051 I5   419  4717 16232  4.4  3.6  0.52  0.11  -2.45 -12.13  -7.30  -5.73  60   794     0  3.8
  4  3160 I5  1339  2915 I6  2959  1758 I5   308  7666 19892  7.6  6.5  0.92  0.13   8.61   0.78   4.58   5.55  65   409     0  3.4
  5  4094 I5  1332  2808 I6  2654  2531 I5   565 10186 23250  8.4  7.2  1.22  0.14  13.10   5.45   9.24   9.85  65   281     0  4.1
  6  4893 I5  1765  3812 I6  3663  2688 I5   556 11403 25222  8.0  6.8  1.73  0.13  16.98   9.37  13.24  13.71  65   155     0  4.1
  7  4267 I5  1633  2964 I6  3042  2561 I5   430 10750 24073  8.6  7.7  2.13  0.11  18.04  11.86  14.87  15.29  75   105     0  3.6
  8  3624 I5  1402  3262 I6  3160  1999 I5   499  8544 20874  7.7  6.7  1.99  0.08  17.76  10.92  14.21  15.02  75   124     0  3.4
  9  1987 I5   801  1388 I6  1805  1435 I5   251  5701 17328  8.9  8.3  1.80  0.06  14.46   9.51  11.80  12.44  84   190     0  3.2
 10  1010 I5   474  1012 I6  1331   734 I5   228  3021 13676  8.8  8.0  1.04  0.04   6.00   0.79   3.43   4.29  78   463     0  2.9
 11   518 I5   223  2156 I6  1481   231 I5   124  1202 10050  4.4  3.8  0.60  0.04  -2.70  -8.99  -5.70  -4.32  68   725     0  3.4
 12   181 I5    71   695 I7   951   126 I5    29   527  7795  7.2  6.2  0.71  0.04  -4.84  -9.57  -6.93  -6.56  69   792     0  3.6
 13  2287 I5  1701  2284 I6  1213  1323 I5   972  5572 16668  7.4  6.5  1.17  0.09   6.33  -0.27   3.07   3.86  72  5569     0  3.5
 1996
  1   323 I5   130  1145 I7  1035   200 I5    73   862  9080  5.0  4.5  0.52  0.06 -11.04 -17.37 -14.14 -12.92  77  1009     0  2.3
  2   795 I5   436   966 I6  1475   571 I5   219  2297 12556  8.3  7.7  0.62  0.09  -5.52 -11.83  -8.57  -7.66  80   783     0  3.4
  3  2325 I5   874  3149 I6  2397  1190 I5   371  4787 16323  5.2  4.5  0.66  0.11   2.42  -5.47  -1.63  -0.43  62   615     0  4.1
  4  3591 I5  1147  3651 I6  2630  1827 I5   411  7737 19982  6.8  5.6  0.78  0.13   7.91  -0.69   3.59   4.73  60   442     0  4.0
  5  5415 I5  1326  5429 I6  3141  2410 I5   635 10235 23319  6.5  4.4  1.14  0.14  15.13   4.89  10.43  11.29  54   258     0  3.3
  6  5559 I5  1778  4927 I6  3959  2671 I5   686 11410 25234  7.4  5.9  1.50  0.13  17.89   9.45  13.64  14.15  60   140     0  4.3
  7  4308 J6  1272  2654 J7  2287  2807 J6   433 10712 24011  8.6  7.8  1.96  0.11  18.97  11.88  15.35  15.83  69    90     0  3.7
  8  3621 J6  1525  3078 J7  3070  2041 J6   335  8479 20792  7.8  6.9  1.80  0.08  17.64   9.87  13.71  14.54  72   142     0  3.4
  9  2318 J5  1184  2823 J6  3047  1183 J5   273  5629 17241  7.2  6.4  1.22  0.06  11.78   4.50   8.04   9.20  72   306     0  3.5
 10  1256 J5   583  2452 J6  2269   626 J5   258  2963 13582  6.1  5.4  0.89  0.04   0.09  -7.35  -3.49  -2.22  69   681     0  3.6
 11   370 J5   190   989 J7  1107   239 J5    75  1172  9971  7.5  6.8  0.84  0.04  -4.77  -9.70  -7.03  -6.70  85   767     0  3.0
 12   159 J5    47   540 J7   656   119 J5    36   523  7777  6.2  5.6  0.59  0.04  -7.39 -13.60 -10.32  -9.46  74   894     0  3.2
 13  2503 I5  1974  2650 I7  1559  1324 I5   997  5567 16656  6.9  6.0  1.04  0.09   5.26  -2.12   1.63   2.53  69  6126     0  3.5
 1997
  1   275 J5   123   526 J7   714   220 J5    85   884  9150  7.6  7.0  0.60  0.06  -5.67 -12.03  -8.56  -8.19  70   843     0  3.8
  2   732 J5   259   399 J6   598   646 J5   193  2313 12591  9.3  8.5  0.76  0.09   1.42  -2.90  -0.70  -0.32  79   534     0  3.4
  3  2354 J5   882  3529 J6  2758  1110 J5   436  4766 16299  4.9  4.2  0.52  0.11  -0.27  -7.93  -4.06  -3.01  56   695     0  4.5
  4  3739 J5  1403  4320 J6  3465  1678 J5   487  7717 19962  6.1  4.9  0.76  0.13   7.57  -0.48   3.50   4.61  59   443     0  3.8
  5  5177 J5  1667  5231 J6  3691  2281 J5   557 10222 23303  6.5  4.8  1.14  0.14  13.57   4.28   9.55  10.31  59   291     0  4.2
  6  6305 J5  1075  5823 J6  2771  2881 J5   634 11409 25234  6.8  4.7  1.58  0.13  18.27   9.33  13.88  14.45  67   139     3  3.8
  7  4953 J5  1511  4024 J6  3091  2673 J5   570 10723 24028  8.0  6.4  2.26  0.11  19.29  12.69  15.79  16.29  78    73     0  3.8
  8  3638 J5  1294  3299 J6  2950  1983 J5   542  8497 20813  7.6  6.7  2.21  0.08  17.84  11.02  14.46  15.26  80   121     0  3.4
  9  2191 J5   832  1960 J6  2231  1415 J5   335  5650 17262  7.8  7.1  1.65  0.06  13.82   6.76  10.14  11.24  82   241     0  3.2
 10  1327 J5   684  2891 J6  2484   560 J5   224  2980 13604  5.4  4.9  0.74  0.04   2.08  -4.35  -1.00  -0.14  66   603     0  3.8
 11   361 J5   158   526 J7   685   294 J5   132  1181  9991  8.8  8.1  0.77  0.04   0.27  -4.68  -2.07  -1.53  82   616     0  3.5
 12   127 J5    47   168 J7   286   114 J5    35   524  7782  8.5  7.8  0.56  0.04  -4.92 -11.92  -7.93  -7.37  82   829     0  3.6
 13  2598 J5  2135  2725 J6  1985  1321 J5   980  5572 16668  7.3  6.3  1.13  0.09   6.94  -0.02   3.58   4.30  72  5430     4  3.7
 1998
  1   291 J5    99   510 J7   628   241 J5    95   877  9127  7.7  7.0  0.68  0.06  -6.27 -11.72  -8.75  -7.83  76   847     0  3.1
  2   967 J5   439  1463 J6  1505   635 J5   205  2296 12565  7.7  6.2  0.80  0.09  -0.46  -6.13  -3.16  -2.40  75   605     0  2.9
  3  1984 J5   561  1907 J6  1677  1320 J5   383  4743 16268  7.5  6.5  0.80  0.11   3.02  -4.88  -1.09   0.20  69   597     0  3.3
  4  3181 J5  1292  2377 J6  2618  1996 J5   414  7693 19928  8.4  7.0  0.87  0.13   8.41   0.66   4.49   5.43  65   414     0  4.2
  5  3979 J5  1397  2343 J6  2201  2678 J5   437 10206 23274  9.0  7.8  1.11  0.14  11.78   5.02   8.27   8.77  66   308     0  5.0
  6  5250 J7  1465  3960 J8  3018  2981 J7   525 11406 25226  8.4  6.2  1.76  0.13  16.05   8.92  12.56  12.96  71   175     0  3.2
  7  4282 J8  1368  2719 J8  2623  2785 J8   560 10736 24047  8.8  7.5  1.95  0.11  17.42  10.55  14.03  14.55  76   135     0  2.9
  8  3352 J8  1227  2344 J8  2395  2165 J8   421  8519 20839  8.8  7.6  1.84  0.08  14.93   9.05  12.05  12.66  77   197     0  3.5
  9  2286 J8   858  2171 J8  2143  1438 J8   257  5674 17292  8.6  7.1  1.45  0.06  12.37   6.52   9.48  10.30  75   267     0  3.6
 10  1202 J8   636  2011 J8  2147   670 J8   211  2999 13638  7.1  5.9  0.87  0.04   5.57  -1.12   2.16   3.42  74   499     0  2.4
 11   349 J8   200   532 J8   734   273 J8   123  1191 10019  8.8  8.3  0.85  0.04  -1.91  -7.35  -4.39  -3.86  83   689     0  1.5
 12   140 J8    56   325 J8   494   116 J8    32   525  7785  8.7  7.9  0.56  0.04  -6.64 -12.36  -9.29  -8.94  78   863     0  2.0
 13  2272 J7  1730  1888 J7  1049  1441 J7  1060  5572 16667  8.3  7.1  1.13  0.09   6.19  -0.24   3.03   3.77  74  5595     0  3.1
 1999
  1   298 J8   175   601 J8   815   224 J8   101   870  9102  7.3  6.4  0.52  0.06  -7.74 -14.29 -10.73 -10.06  73   910     0  3.0
  2   825 J8   275  1061 J8  1188   620 J8   211  2279 12530  7.2  6.6  0.40  0.09  -9.91 -16.88 -13.20 -12.09  71   888     0  2.1
  3  1854 J8   744  1916 J8  2205  1220 J8   481  4719 16235  7.3  6.5  0.55  0.11  -0.71  -7.88  -4.15  -3.38  70   701     0  3.0
  4  3144 J8  1367  2773 J8  2770  1803 J8   373  7669 19898  8.2  6.7  0.72  0.13   4.97  -1.90   1.65   2.36  63   504     0  3.6
  5  4482 J8  1643  3744 J8  3180  2432 J8   376 10189 23252  7.9  6.5  0.88  0.14  11.81   3.41   7.80   8.51  60   332     0  3.7
  6  5141 J8  1463  3562 J8  2867  3121 J8   416 11403 25220  8.5  6.3  1.59  0.13  16.69   9.13  13.06  13.49  66   163     0  3.6
  7  4092 J8  1323  2253 J8  2185  2861 J8   519 10748 24069  8.7  7.9  2.11  0.11  17.85  11.41  14.80  15.22  74   119     4  3.4
  8  2977 J8  1073  1774 J8  2059  2109 J8   426  8541 20871  9.0  8.1  2.17  0.08  16.35  11.07  13.57  14.08  82   143     0  2.7
  9  2090 J8   795  1761 J8  1751  1422 J8   345  5697 17324  8.7  7.5  1.41  0.06  12.38   6.31   9.38  10.21  80   270     0  3.2
 10   965 J8   381   744 J8  1018   779 J8   248  3018 13673  8.8  8.1  0.91  0.04   3.70  -1.38   1.34   2.00  75   532     0  3.0
 11   380 J8   166   702 J8   870   285 J8    95  1201 10047  7.8  7.0  0.69  0.04  -3.80  -9.26  -6.23  -5.75  74   746     0  2.5
 12   151 J8    62   368 J8   477   123 J8    37   527  7795  8.3  7.3  0.65  0.04  -6.27 -12.60  -9.35  -9.01  75   861     0  3.4
 13  2200 J8  1748  1772 J8  1144  1417 J8  1049  5572 16668  8.1  7.1  1.05  0.09   4.61  -1.91   1.49   2.13  72  6169     4  3.1
 2000
  1   241 J8    95   263 J8   416   214 J8    78   863  9080  8.5  8.1  0.53  0.06  -6.63 -12.15  -9.03  -8.68  78   859     0  3.1
  2   901 J8   426   999 J8  1180   669 J8   219  2299 12560  8.7  6.9  0.65  0.09  -0.72  -5.78  -3.03  -2.37  81   626     0  1.9
  3  1621 J8   645  1078 J8  1417  1246 J8   326  4790 16327  8.3  7.7  0.64  0.11   1.60  -4.11  -1.29  -0.70  72   607     0  2.6
  4  3373 J8  1105  2826 J8  2007  2008 J8   418  7740 19987  7.8  6.2  0.73  0.13   6.94  -1.02   3.05   3.96  65   461     0  2.8
  5  4848 J8  1389  4211 J8  2991  2553 J8   496 10237 23320  7.5  5.6  0.88  0.14  12.25   3.40   8.12   8.89  58   326     0  3.6
  6  5599 J8  1083  4366 J8  2350  3121 J8   449 11410 25234  8.4  5.8  1.37  0.13  16.65   8.75  12.84  13.27  67   169     0  3.9
  7  4014 J8  1465  2235 J8  2188  2770 J8   429 10710 24009  9.0  7.8  1.73  0.11  16.66  10.95  13.75  14.16  79   140     0  3.3
  8  3689 J8  1096  3124 J8  2457  2204 J8   409  8476 20786  8.0  6.4  1.72  0.08  16.41   8.95  12.71  13.56  75   175     0  2.8
  9  2243 J8   895  2242 J8  2218  1397 J8   359  5626 17237  7.9  7.0  1.19  0.06  12.00   4.99   8.42   9.46  74   295     0  3.0
 10  1021 J8   478  1208 J8  1448   718 J8   237  2961 13578  8.2  7.5  0.91  0.04   4.30  -1.16   1.60   2.46  73   519     0  2.6
 11   355 J8   199   619 J8   930   268 J8   100  1171  9966  8.4  7.8  0.82  0.04   1.15  -3.65  -1.29  -0.72  79   587     0  2.7
 12   161 J8    51   378 J8   567   134 J8    34   523  7776  8.1  6.9  0.73  0.04  -1.14  -6.36  -3.91  -3.87  78   684     0  2.7
 13  2339 J8  1908  1962 J8  1432  1442 J8  1065  5567 16655  8.2  7.0  0.99  0.09   6.62   0.23   3.49   4.12  73  5450     0  2.9
 2001
  1   271 J8   136   273 J8   400   238 J8   100   885  9153  9.0  8.1  0.64  0.06   0.15  -5.08  -2.44  -2.11  81   645     0  3.0
  2   792 J8   395   758 J8  1097   624 J8   224  2315 12598  8.4  7.6  0.62  0.09  -1.96  -7.76  -4.54  -3.84  80   649     0  2.2
  3  2005 J8   793  1954 J8  2170  1292 J8   289  4769 16303  7.6  7.0  0.60  0.11   1.04  -4.43  -1.74  -1.06  65   621     0  3.4
  4  3107 J8  1099  2448 J8  2254  1961 J8   391  7720 19967  8.3  6.6  0.70  0.13   6.89  -0.46   3.29   4.10  66   453     0  3.4
  5  4391 J8  1463  3150 J8  2715  2658 J8   368 10225 23307  8.2  6.6  0.88  0.14  11.08   3.09   7.34   7.96  62   349     0  3.7
  6  5547 J8  1122  4339 J8  2380  3041 J8   440 11409 25235  7.2  5.6  1.56  0.13  18.45  10.24  14.61  15.10  65   120     1  3.6
  7  3998 J8  1212  1808 J8  1540  2989 J8   540 10721 24027  9.3  8.3  1.93  0.11  16.86  11.58  14.14  14.53  82   127     0  3.1
  8  3097 J8  1055  1817 J8  1965  2218 J8   413  8494 20806  8.7  7.7  1.93  0.08  17.99  11.19  14.47  15.23  80   116     0  2.7
  9  2335 J8   877  2487 J8  2152  1373 J8   263  5647 17257  7.8  6.5  1.36  0.06  13.36   5.87   9.58  10.79  81   261     0  2.7
 10  1050 J8   383  1330 J8  1416   723 J8   237  2978 13602  8.2  7.4  0.82  0.04   1.63  -3.62  -0.74   0.03  77   599     0  3.0
 11   400 J8   188   928 J8  1015   273 J8   100  1180  9987  7.5  6.6  0.72  0.04  -4.12  -9.22  -6.44  -5.87  78   750     0  1.8
 12   157 J8    64   600 J8   662   114 J8    27   524  7781  7.6  6.6  0.51  0.04  -8.37 -14.72 -11.43 -11.02  77   926     0  2.3
 13  2263 J8  1792  1824 J8  1168  1459 J8  1091  5572 16669  8.1  7.0  1.02  0.09   6.09  -0.28   3.01   3.65  74  5617     1  2.9
 2002
  1   281 J8   141   270 J8   438   249 J8   112   878  9130  8.7  7.8  0.85  0.06  -2.28  -6.82  -4.55  -4.13  79   709     0  2.8
  2   848 J8   401   806 J8  1041   661 J8   241  2298 12569  8.2  7.3  0.64  0.09  -2.84  -8.58  -5.49  -4.80  72   673     0  2.7
  3  2376 J8   867  3602 J8  2587  1124 J8   399  4746 16270  4.4  3.8  0.50  0.11  -1.42  -9.09  -5.08  -3.93  60   731     0  2.6
  4  3447 J8  1288  3795 J8  3025  1706 J8   403  7697 19932  5.5  4.8  0.77  0.13   3.46  -4.34  -0.11   0.88  58   563     0  3.3
  5  5149 J8  1334  4775 J8  3086  2560 J8   544 10208 23277  6.8  4.9  1.24  0.14  13.73   4.65   9.50  10.27  59   283     0  3.7
  6  4774 J8  1523  3294 J8  2796  2955 J8   419 11406 25227  8.1  6.7  1.76  0.13  15.68   8.04  12.16  12.61  72   194     0  3.4
  7  4768 J8  1237  3512 J8  2456  2840 J8   491 10734 24045  8.3  6.7  2.22  0.11  19.11  11.53  15.39  15.96  72    95     1  3.7
  8  3605 J8  1358  3066 J8  2702  2075 J8   371  8516 20837  7.9  6.6  2.09  0.08  17.29  10.40  13.89  14.61  81   139     0  2.9
  9  2167 J8   771  1806 J8  1723  1474 J8   322  5671 17289  8.4  7.5  1.72  0.06  13.01   7.20   9.97  10.80  81   247     0  2.9
 10   994 J8   430  1124 J8  1443   713 J8   224  2997 13637  8.3  7.5  1.43  0.04   7.65   2.42   5.06   5.66  82   412     0  3.0
 11   358 J8   180   549 J8   718   279 J8    99  1190 10018  8.7  7.9  1.20  0.04   3.95  -0.51   1.69   2.27  86   498     0  2.5
 12   135 J8    50   241 J8   320   118 J8    33   525  7784  8.6  8.2  0.85  0.04  -2.12  -6.53  -4.28  -3.99  85   702     0  2.0
 13  2409 J8  1897  2237 J8  1605  1396 J8  1032  5572 16668  7.7  6.6  1.27  0.09   7.10   0.70   4.01   4.68  74  5247     1  3.0
 2003
  1   290 J8   115   466 J8   505   234 J8    74   871  9107  8.2  7.2  0.87  0.06  -2.98  -7.56  -5.14  -4.64  74   732     0  2.4
  2   664 J8   225   292 J8   402   601 J8   178  2281 12533  9.2  8.8  1.05  0.09   1.64  -2.52  -0.60  -0.14  83   526     0  3.0
  3  2386 J8   819  3402 J8  2199  1198 J8   387  4722 16238  5.5  4.3  0.54  0.11   0.77  -6.51  -3.05  -1.99  55   657     0  4.2
  4  3467 J8  1115  3256 J8  2525  1895 J8   394  7673 19904  6.7  5.9  0.86  0.13   7.93  -0.72   3.76   4.98  58   442     0  2.7
  5  4193 J8  1302  2866 J8  2684  2652 J8   470 10191 23253  8.3  6.9  1.12  0.14  13.17   4.78   9.20   9.83  59   290     0  3.8
  6  5496 J8  1372  4313 J8  2814  3007 J8   565 11403 25220  8.4  5.8  1.81  0.13  16.99   9.61  13.09  13.50  69   151     0  3.8
  7  4787 J8  1670  3700 J8  3003  2755 J8   454 10746 24065  8.0  6.3  2.37  0.11  20.27  13.03  16.68  17.20  70    62    10  4.1
  8  3379 J8  1361  2395 J8  2499  2183 J8   425  8538 20867  8.4  7.3  2.12  0.08  17.62  11.05  14.31  15.03  75   126     2  2.9
  9  2620 J8   891  3359 J8  2852  1343 J8   429  5694 17320  6.7  5.6  1.45  0.06  13.32   5.50   9.31  10.39  69   268     0  3.2
 10  1132 J8   442  1484 J8  1512   757 J8   246  3016 13669  8.0  6.8  1.33  0.04   7.05   1.97   4.53   5.36  82   428     0  2.3
 11   351 J8   155   727 J8  1011   263 J8   106  1200 10046  7.6  7.3  0.85  0.04  -3.29  -8.12  -5.61  -5.24  77   721     0  3.3
 12   159 J8    57   433 J8   579   127 J8    35   527  7795  8.4  7.6  0.69  0.04  -5.43 -11.29  -7.99  -7.66  82   827     0  2.1
 13  2410 J8  1881  2224 J8  1463  1418 J8  1053  5572 16668  7.8  6.6  1.25  0.09   7.25   0.77   4.04   4.72  71  5230    12  3.2
 2004
  1   338 J8   145   999 J8   834   235 J8   111   864  9083  6.1  5.3  0.47  0.06  -9.12 -15.41 -12.11 -11.47  69   948     0  3.0
  2   899 J8   387  1053 J8  1134   661 J8   226  2301 12564  8.3  7.0  0.82  0.09  -0.16  -5.99  -2.99  -2.37  78   621     0  2.6
  3  1912 J8  1025  2225 J8  2882  1114 J8   300  4793 16331  7.3  6.7  0.63  0.11  -0.97  -7.56  -4.11  -3.56  71   701     0  3.0
  4  3141 J8   746  2310 J8  1733  2078 J8   351  7743 19991  8.4  6.8  1.02  0.13   6.22  -0.33   2.97   3.62  73   462     0  3.1
  5  4513 J8  1468  3481 J8  2833  2645 J8   504 10239 23322  8.3  6.3  1.60  0.14  13.97   6.06  10.22  10.80  71   258     0  3.5
  6  5497 J8  1548  4636 J8  3267  2904 J8   573 11410 25234  7.6  5.5  2.03  0.13  18.23   9.83  14.13  14.65  72   131     2  3.1
  7  4875 J8  1053  3531 J8  2171  2897 J8   407 10708 24007  8.2  6.7  2.38  0.11  20.29  12.98  16.57  17.05  73    59     7  3.0
  8  4165 J8  1095  4415 J8  2906  2057 J8   592  8473 20782  6.9  5.3  2.19  0.08  20.95  11.63  16.45  17.47  73    66     3  2.5
  9  2553 J8   932  3046 J8  2424  1372 J8   379  5623 17233  7.4  6.0  1.34  0.06  11.14   3.33   7.23   8.30  74   333     0  2.8
 10  1136 J8   491  1366 J8  1315   777 J8   214  2959 13575  8.5  7.3  1.18  0.04   5.95   1.19   3.70   4.36  82   458     0  2.6
 11   361 J8   196   584 J8   781   278 J8   115  1170  9963  8.9  8.2  0.93  0.04   0.66  -3.99  -1.68  -1.24  77   600     0  3.5
 12   152 J8    49   389 J8   432   124 J8    32   523  7776  8.4  7.2  0.75  0.04  -2.69  -8.10  -5.30  -4.85  73   736     0  3.4
 13  2462 J8  1940  2336 J8  1480  1429 J8  1053  5567 16655  7.9  6.5  1.28  0.09   7.04   0.30   3.76   4.40  74  5371    11  3.0
 2005
  1   337 J8   170   768 J8   933   243 J8   104   886  9155  6.6  5.8  0.74  0.06  -4.58  -9.49  -6.81  -6.27  68   786     0  3.0
  2   938 J8   381  1124 J8  1014   700 J8   296  2317 12603  7.6  6.6  0.69  0.09  -3.35  -9.31  -6.12  -5.46  74   691     0  2.3
  3  2097 J8   707  1944 J8  1410  1397 J8   302  4772 16307  8.2  7.2  0.80  0.11   2.74  -2.56   0.01   0.64  66   566     0  3.3
  4  3863 J8  1307  4487 J8  3218  1755 J8   490  7724 19969  6.5  5.0  0.94  0.13   9.02   0.11   4.72   5.79  61   413     0  3.0
  5  4780 J8  1366  4055 J8  2897  2584 J8   498 10227 23309  7.8  5.7  1.41  0.14  14.57   6.23  10.56  11.23  65   246     0  3.5
  6  5908 J8  1225  5449 J8  2753  2796 J8   511 11409 25234  7.5  5.0  1.91  0.13  17.85   9.83  13.98  14.50  67   135     0  2.9
  7  5115 J8  1292  3947 J8  2299  2906 J8   417 10719 24023  7.9  6.0  2.26  0.11  19.58  13.18  16.29  16.69  71    63     3  3.2
  8  3823 J8  1309  3471 J8  2953  2096 J8   458  8491 20800  7.7  6.2  2.22  0.08  17.76  11.24  14.49  15.20  78   120     1  2.5
  9  2423 J8   737  2365 J8  1816  1493 J8   239  5644 17253  8.6  7.3  1.82  0.06  13.47   8.10  10.77  11.45  76   226     0  3.3
 10  1210 J8   454  1776 J8  1473   772 J8   257  2976 13599  8.0  6.6  1.04  0.04   5.69  -0.25   2.76   3.85  74   484     0  2.5
 11   463 J8   230  1246 J8  1162   282 J8    82  1179  9985  7.6  6.5  0.63  0.04  -5.51 -10.98  -7.98  -7.40  70   797     0  3.0
 12   160 J8    42   377 J8   400   133 J8    29   524  7781  8.8  7.6  1.02  0.04  -1.45  -5.69  -3.40  -3.08  81   679     0  2.1
 13  2593 J8  2039  2584 J8  1647  1430 J8  1014  5572 16668  7.7  6.3  1.29  0.09   7.15   0.87   4.11   4.76  71  5205     4  2.9
 2006
  1   310 J8   136   455 J8   383   257 J8   102   879  9133  8.1  7.4  0.55  0.06  -9.07 -14.24 -11.42 -10.84  75   929     0  1.8
  2  1019 J8   450  1660 J8  1420   637 J8   168  2300 12572  7.8  6.4  0.63  0.09  -2.40  -8.73  -5.34  -4.48  71   669     0  3.2
  3  2214 J8   869  2799 J8  2206  1214 J8   379  4749 16274  6.6  5.7  0.60  0.11  -1.31  -7.85  -4.56  -3.79  57   710     0  2.9
  4  3462 J8  1183  3179 J8  2384  1924 J8   366  7700 19935  8.1  6.4  0.78  0.13   5.54  -1.36   2.01   2.91  63   487     0  3.3
  5  4775 J8  1215  3870 J8  2671  2676 J8   474 10210 23281  7.8  5.9  1.24  0.14  13.37   5.09   9.32   9.94  58   282     0  3.4
  6  5183 J8  1506  3865 J8  2787  3016 J8   461 11407 25229  8.3  6.2  1.76  0.13  15.98   8.97  12.55  12.97  63   176     0  3.9
  7  4954 J8  1220  3829 J8  2681  2840 J8   447 10732 24043  8.5  6.3  2.17  0.11  17.83  11.33  14.62  15.04  69   116     0  3.4
  8  3206 J8  1278  2315 J8  2361  2055 J8   285  8513 20835  9.0  7.5  2.12  0.08  15.25  10.05  12.66  13.09  78   176     0  3.1
  9  2546 J8   848  2834 J8  1991  1452 J8   394  5667 17283  8.1  6.5  1.73  0.06  12.80   6.58   9.75  10.59  78   259     0  2.4
 10  1041 J8   376  1075 J8  1047   777 J8   245  2995 13634  8.6  7.8  1.20  0.04   6.53   1.32   3.94   4.66  75   447     0  3.3
 11   551 J8   222  2212 J8  1260   246 J8    91  1189 10015  4.3  3.5  0.35  0.04  -7.71 -14.80 -11.08 -10.09  65   888     0  2.6
 12   156 J8    58   400 J8   506   126 J8    37   525  7784  8.3  7.1  0.72  0.04  -2.77  -8.49  -5.57  -5.21  74   743     0  2.7
 13  2452 J8  1866  2374 J8  1258  1435 J8  1056  5572 16668  7.8  6.4  1.15  0.09   5.34  -1.01   2.24   2.90  69  5882     0  3.0
 2007
  1   284 J8   115   338 J8   358   247 J8    91   872  9110  8.7  7.7  0.66  0.06  -5.40 -11.37  -8.29  -7.75  76   828     0  2.6
  2  1145 J8   523  2502 J8  1953   568 J8   143  2283 12536  5.3  4.6  0.60  0.09  -4.90 -10.74  -7.73  -6.91  62   732     0  2.5
  3  2438 J8   769  3732 J8  2325  1156 J8   381  4725 16242  4.5  3.9  0.34  0.11  -5.58 -13.85  -9.59  -8.37  51   869     0  3.8
  4  3046 J8   897  2139 J8  1817  2046 J8   303  7676 19910  8.5  7.5  0.92  0.13   7.39  -0.33   3.68   4.59  62   444     0  2.7
  5  4535 J8  1519  3510 J8  3174  2633 J8   433 10193 23256  8.5  6.4  1.28  0.14  11.91   4.98   8.46   8.97  61   307     0  3.4
  6  5058 J8  1429  3781 J8  2542  2917 J8   329 11404 25220  8.1  6.4  1.72  0.13  16.33   8.50  12.67  13.12  64   179     2  3.2
  7  4418 J8  1056  2651 J8  1990  2952 J8   441 10744 24062  8.6  7.4  2.28  0.11  17.51  11.49  14.44  14.82  73   119     0  2.4
  8  3829 J8  1082  3459 J8  2170  2142 J8   357  8535 20864  7.8  6.4  2.24  0.08  18.21  11.03  14.54  15.36  74   115     0  2.0
  9  2166 J8   834  1885 J8  2018  1434 J8   338  5691 17317  8.8  7.6  1.69  0.06  13.34   7.30  10.38  11.21  76   240     0  2.3
 10  1186 J8   573  1680 J8  1792   723 J8   193  3014 13662  8.3  7.5  0.96  0.04   4.59  -0.54   1.98   2.83  72   505     0  2.4
 11   375 J8   178   656 J8   717   285 J8    89  1199 10037  8.8  7.8  0.95  0.04   1.65  -2.84  -0.47  -0.18  75   568     0  2.6
 12   160 J8    67   468 J8   642   125 J8    38   526  7794  8.2  7.3  0.68  0.04  -4.30  -9.52  -6.73  -6.40  70   782     0  2.8
 13  2387 J8  1780  2233 J8  1267  1436 J8  1070  5572 16667  7.9  6.7  1.19  0.09   5.90  -0.49   2.78   3.44  68  5690     2  2.7
 2008
  1   292 J8   150   481 J8   625   234 J8    92   865  9084  8.3  7.4  0.60  0.06  -7.55 -12.77  -9.88  -9.59  74   883     0  2.2
  2   984 J8   379  1594 J8  1485   652 J8   274  2304 12567  6.6  5.8  0.59  0.09  -4.89 -11.85  -8.13  -7.26  63   774     0  2.9
  3  2052 J8   659  1907 J8  1487  1372 J8   367  4796 16336  8.2  6.9  0.75  0.11   1.93  -3.74  -0.90  -0.29  63   596     0  2.9
  4  3322 J8  1276  3050 J8  2642  1865 J8   452  7746 19994  7.4  6.1  0.85  0.13   4.21  -2.80   0.83   1.50  62   529     0  2.7
  5  4807 J8  1370  3892 J8  2572  2648 J8   344 10241 23324  7.9  6.1  1.11  0.14  11.57   3.87   7.91   8.50  57   329     0  3.8
  6  5061 J8  1073  3352 J8  2195  3159 J8   409 11410 25234  8.7  6.7  1.68  0.13  13.77   7.98  10.78  11.09  66   224     0  3.5
  7  3763 J8  1225  1667 J8  1835  2830 J8   479 10706 24002  9.3  8.3  2.19  0.11  15.86  10.43  13.01  13.37  73   161     0  2.6
  8  3349 J8   962  2176 J8  1587  2265 J8   240  8469 20777  8.8  7.7  1.96  0.08  16.13  10.13  12.95  13.64  75   161     0  2.1
  9  2194 J8   671  1883 J8  1534  1498 J8   381  5620 17229  9.0  7.9  1.64  0.06  11.77   6.29   8.95   9.82  77   279     0  2.4
 10  1216 J8   410  1998 J8  1639   751 J8   285  2956 13571  7.1  6.2  0.81  0.04   1.43  -4.28  -1.33  -0.50  70   612     0  2.6
 11   410 J8   204   884 J8   848   282 J8   110  1168  9961  8.5  7.3  0.71  0.04  -3.30  -8.31  -5.54  -4.93  72   724     0  2.3
 12   142 J8    58   388 J8   468   115 J8    37   523  7776  8.2  7.2  0.68  0.04  -7.16 -12.10  -9.60  -9.21  75   867     0  2.0
 13  2299 J8  1743  1939 J8  1085  1473 J8  1081  5567 16655  8.2  7.0  1.13  0.09   4.48  -1.43   1.59   2.18  69  6139     0  2.7
 2009
  1   310 J8   134   600 J8   562   245 J8    94   887  9159  7.3  6.8  0.67  0.06  -7.50 -13.33 -10.44  -9.84  70   891     0  2.6
  2  1021 J8   419  1413 J8  1270   693 J8   208  2319 12611  7.9  6.6  0.59  0.09  -4.84 -11.11  -7.78  -7.17  70   736     0  2.4
  3  2076 J8   789  2088 J8  1944  1339 J8   401  4775 16312  7.5  6.5  0.63  0.11  -2.21  -8.97  -5.44  -4.73  60   742     0  2.8
  4  3478 J8  1109  3021 J8  2280  2020 J8   338  7727 19971  7.4  6.0  0.79  0.13   5.66  -1.92   1.95   2.83  63   494     0  2.3
  5  5123 J8  1079  4650 J8  2891  2622 J8   661 10229 23312  6.4  5.1  1.12  0.14  14.05   4.41   9.64  10.41  55   282     0  3.2
  6  5468 J8  1335  4428 J8  2582  2935 J8   429 11409 25234  7.9  5.8  1.68  0.13  16.22   8.27  12.34  12.83  64   182     0  2.9
  7  4836 J8  1403  3653 J8  2833  2840 J8   436 10717 24021  8.0  6.3  2.41  0.11  18.76  11.54  15.25  15.69  71   100     1  2.7
  8  3527 J8  1362  2996 J8  2737  2054 J8   341  8488 20797  7.8  6.6  2.03  0.08  16.94   9.84  13.35  14.16  73   153     0  2.3
  9  2483 J8   670  2475 J8  1451  1525 J8   382  5641 17249  8.2  6.8  1.65  0.06  12.77   6.14   9.37  10.34  75   266     0  2.1
 10  1129 J8   422  1692 J8  1621   716 J8   263  2973 13597  7.8  6.9  1.41  0.04   7.46   2.52   4.95   5.76  74   414     0  2.3
 11   454 J8   193  1172 J8  1144   291 J8   104  1178  9981  7.3  6.4  0.65  0.04  -3.32  -9.00  -6.09  -5.51  65   735     0  2.6
 12   159 J8    54   447 J8   444   126 J8    33   524  7781  8.6  7.3  0.81  0.04  -4.26  -8.70  -6.39  -6.23  76   769     0  1.9
 13  2505 J8  1951  2386 J8  1402  1450 J8  1039  5572 16669  7.7  6.4  1.20  0.09   5.81  -0.86   2.56   3.21  68  5764     1  2.5
 2010
  1   341 J8   143   694 J8   626   262 J8   104   880  9137  7.1  6.3  0.78  0.06  -5.04  -9.95  -7.19  -6.67  71   801     0  2.1
  2   939 J8   302  1105 J8   870   694 J8   159  2302 12576  8.7  7.5  0.83  0.09  -1.20  -5.70  -3.32  -2.84  69   610     0  1.9
  3  2223 J8   737  2269 J8  1695  1400 J8   381  4752 16278  7.6  6.2  0.68  0.11   0.90  -6.35  -2.83  -1.88  60   653     0  2.5
  4  3177 J8   908  2466 J8  2089  2028 J8   483  7703 19938  8.1  7.1  0.85  0.13   5.87  -0.66   2.73   3.44  61   472     0  2.9
  5  5167 J8  1236  4606 J8  2723  2655 J8   480 10212 23285  7.5  5.2  1.18  0.14  13.85   4.43   9.47  10.27  56   285     0  3.3
  6  5379 J8  1155  3857 J8  2234  3162 J8   426 11407 25229  8.7  6.4  1.75  0.13  15.34   9.30  12.20  12.53  71   180     0  3.3
  7  4432 J8  1306  2702 J8  2226  2922 J8   460 10730 24041  9.0  7.5  2.28  0.11  16.10  10.83  13.35  13.69  79   151     0  2.8
  8  3594 J8   910  2862 J8  2073  2231 J8   453  8510 20831  8.4  6.9  2.23  0.08  16.69  10.75  13.59  14.24  83   143     0  2.3
  9  2537 J8   923  3266 J8  2500  1284 J8   427  5664 17278  7.1  5.7  1.59  0.06  13.10   6.56   9.74  10.74  78   255     0  2.3
 10  1268 J8   453  2090 J8  1569   738 J8   260  2992 13629  7.6  6.4  1.02  0.04   6.33   0.65   3.48   4.32  74   460     0  2.4
 11   411 J8   172  1053 J8   989   271 J8   118  1188 10012  7.7  6.7  0.87  0.04  -0.80  -5.55  -2.95  -2.48  78   645     0  2.9
 12   198 J8    49  1045 J8   774   123 J8    32   525  7784  5.3  4.7  0.55  0.04  -7.91 -14.82 -11.03 -10.08  75   921     0  2.4
 13  2472 J8  1886  2335 J8  1219  1481 J8  1094  5572 16668  7.7  6.4  1.22  0.09   6.10  -0.04   3.10   3.77  71  5575     0  2.6
