722070 SAVANNAH INTL AP       GA  -5  N32  7  W081 12    14  1011
 1991-2010
 MO AVGLO FL SDGLO AVDIR FL SDDIR AVDIF FL SDDIF AVETR AETRN  TOT  OPQ   H2O   TAU  MAX_T  MIN_T  AVG_T  AVGDT  RH  HTDD  CLDD AVWS
  1  2764 K5   347  3922 K6   957  1035 K5    91  5637 14522  5.0  4.5  1.73  0.08  15.85   4.47   9.93  12.21  71   256     3  3.2
  2  3579 K5   388  4380 K6   949  1302 K5   126  6994 15433  4.9  4.4  1.70  0.09  17.49   5.56  11.37  13.80  69   196     4  3.3
  3  4680 K5   392  4899 K6   732  1710 K5   126  8696 16514  4.5  3.9  1.90  0.11  21.20   9.03  15.01  17.25  68   116    17  3.5
  4  5827 K5   422  5382 K6   805  2140 K5   152 10205 17559  4.0  3.4  2.19  0.15  24.93  12.51  18.66  20.95  69    42    53  3.3
  5  6358 K5   464  5324 K6   763  2517 K5   121 11150 18392  4.2  3.6  3.01  0.19  28.69  17.18  22.78  24.72  72     5   147  3.0
  6  6141 K5   536  4664 K6   902  2680 K5   148 11492 18763  5.2  4.4  4.13  0.21  31.30  21.32  25.81  27.48  77     0   240  2.8
  7  6248 K5   340  4879 K6   584  2610 K5   150 11263 18470  4.5  3.8  4.64  0.22  32.92  22.93  27.26  28.92  78     0   297  2.5
  8  5567 K5   321  4313 K6   606  2479 K5   141 10462 17653  4.7  4.0  4.62  0.21  32.06  22.75  26.77  28.36  80     0   281  2.5
  9  4660 K5   460  3981 K6   827  2087 K5   148  9138 16639  4.8  4.3  3.95  0.19  29.53  20.36  24.46  26.43  79     1   199  2.9
 10  3862 K5   425  4093 K6   926  1579 K5   138  7475 15586  4.4  4.0  2.86  0.15  25.35  14.48  19.50  21.88  77    29    78  2.8
 11  3134 K5   278  4186 K6   750  1153 K5   117  5950 14645  4.3  3.8  2.14  0.11  20.83   8.86  14.52  17.11  75   122    18  2.7
 12  2578 K5   264  3797 K6   790   976 K5    90  5204 14176  5.0  4.5  1.83  0.09  16.57   5.18  10.62  13.06  74   236     5  2.9
 13  4617 K5   197  4485 K6   511  1856 K5    91  8639 16529  4.6  4.1  2.89  0.15  24.73  13.72  18.89  21.01  74  1002  1341  2.9
 1991
  1  2062 I5  1172  2287 I6  2748  1046 I5   307  5630 14516  7.7  7.0  2.30  0.07  15.47   6.74  11.02  12.51  79   228     4  3.7
  2  3648 I5  1155  4458 I6  2820  1317 I5   453  6975 15423  5.1  4.0  1.76  0.08  19.28   7.31  13.16  15.62  63   151    10  3.9
  3  4506 I5  1639  4440 I6  3209  1792 I5   570  8670 16495  6.2  4.6  1.91  0.10  22.51  11.07  16.51  18.34  66    82    34  4.5
  4  4682 I5  1710  3312 I6  2703  2356 I5   516 10186 17545  7.2  6.1  2.79  0.14  25.87  16.28  20.60  22.31  78    10    92  3.7
  5  5415 I5  1644  3985 I6  2699  2583 I5   570 11140 18381  6.7  5.7  3.88  0.18  29.51  20.72  24.65  26.09  80     0   210  3.5
  6  6031 I5  1639  4669 I6  2692  2616 I5   545 11491 18761  5.8  4.4  4.20  0.20  30.91  21.45  25.80  27.37  76     0   236  3.4
  7  5881 I5  1323  4184 I6  2131  2747 I5   500 11271 18479  6.5  5.0  4.97  0.22  33.00  23.40  27.35  28.93  80     0   306  3.1
  8  5438 I5  1369  3925 I6  2355  2624 I5   597 10479 17667  6.0  4.6  4.65  0.25  32.03  23.23  27.07  28.49  79     0   288  3.2
  9  4856 I5  1406  3977 I6  2190  2229 I5   440  9162 16658  4.6  3.5  3.84  0.26  30.16  20.59  24.94  27.00  74     0   211  3.4
 10  3792 I5  1021  3401 I6  2279  1840 I5   447  7500 15602  4.2  3.7  2.66  0.25  25.75  14.48  19.83  22.17  74    19    75  3.5
 11  2762 I5   912  2720 I6  1806  1417 I5   303  5968 14659  5.6  4.3  2.10  0.24  19.35   7.83  13.26  15.59  69   154    12  3.3
 12  2286 I5   855  2399 I6  1881  1211 I5   319  5206 14177  5.5  4.5  2.05  0.24  18.27   7.90  12.82  15.07  69   179    16  3.8
 13  4280 I5  1370  3646 I6   818  1981 I5   621  8640 16530  5.9  4.8  3.09  0.19  25.17  15.08  19.75  21.62  74   823  1495  3.6
 1992
  1  2299 I5  1031  2092 I6  2121  1305 I5   281  5622 14510  6.0  5.3  1.72  0.25  15.33   4.71  10.14  12.14  69   258     0  4.0
  2  2840 I5  1252  2067 I6  2148  1698 I5   415  6990 15427  6.6  5.6  1.97  0.27  18.53   7.86  13.16  15.30  71   155     6  3.8
  3  4437 I5  1381  3692 I6  2464  2090 I5   442  8712 16521  4.9  4.0  1.69  0.28  21.21   8.59  14.80  16.99  62   121    15  3.9
  4  5207 I5  1663  3712 I6  2361  2610 I5   449 10215 17567  4.7  3.8  2.22  0.30  23.80  12.09  17.86  19.87  67    60    48  3.6
  5  5984 I5  1801  4472 I6  2838  2682 I5   620 11155 18395  4.7  3.9  2.61  0.32  27.68  16.07  21.65  23.53  68    14   124  3.7
  6  5394 I5  1599  3018 I6  2062  3091 I5   648 11491 18763  6.7  5.8  4.10  0.33  30.06  21.49  25.20  26.52  80     0   223  3.4
  7  6454 I5  1185  4485 I6  2072  3042 I5   648 11259 18466  4.7  3.4  4.51  0.32  33.90  23.61  28.14  29.86  74     0   323  3.5
  8  5048 I5  1465  2971 I6  2122  2851 I5   507 10453 17647  6.6  5.5  4.75  0.30  31.26  22.82  26.21  27.54  82     0   270  3.0
  9  4213 I5  1275  2597 I6  1633  2468 I5   434  9125 16634  5.8  5.1  4.32  0.26  29.06  20.75  24.33  25.95  81     1   198  3.4
 10  3859 I5  1110  3986 I6  2468  1614 I5   443  7459 15578  4.7  3.9  2.69  0.21  24.66  13.49  18.76  21.03  74    28    51  3.4
 11  2447 I5  1165  2553 I6  2586  1230 I5   342  5938 14639  6.5  5.5  2.68  0.17  20.41  11.19  15.73  17.43  77   112    36  3.9
 12  2009 I5   972  2154 I6  2105  1041 I5   225  5202 14176  6.7  6.0  2.19  0.14  15.66   6.57  10.99  12.79  74   226     3  3.7
 13  4183 I5  1505  3150 I6   896  2143 I5   742  8635 16527  5.7  4.8  2.96  0.26  24.30  14.10  18.91  20.75  73   974  1297  3.6
 1993
  1  1949 I5  1131  1801 I6  2502  1121 I5   304  5647 14530  7.6  6.7  2.35  0.12  17.16   8.08  12.51  14.19  75   183     6  3.9
  2  2897 I5  1377  2657 I6  2744  1469 I5   446  7005 15441  6.4  5.5  1.42  0.12  15.06   5.40  10.06  11.97  65   227     0  4.1
  3  4134 I5  1827  3833 I6  3278  1787 I5   503  8702 16519  6.0  5.1  1.85  0.14  19.10   8.63  13.72  15.36  64   143     5  4.8
  4  5791 I5  1752  5172 I6  2857  2207 I5   539 10210 17566  4.2  3.1  1.62  0.18  23.13  10.63  16.96  19.15  61    66    22  4.3
  5  6367 I5  1306  5117 I6  2412  2612 I5   526 11153 18396  4.9  4.0  2.66  0.21  28.66  17.36  22.77  24.65  68     1   146  3.3
  6  6586 I5  1164  5396 I6  2219  2594 I5   524 11493 18764  5.0  4.0  3.76  0.23  32.49  21.98  26.62  28.36  72     0   267  3.5
  7  6689 I5   857  5270 I6  1690  2740 I5   515 11262 18470  4.2  3.0  4.59  0.24  36.05  24.20  29.32  31.17  69     0   366  3.4
  8  5799 I5  1091  4554 I6  1923  2540 I5   443 10459 17650  4.9  3.4  4.22  0.23  33.24  23.24  27.55  29.18  73     0   307  3.4
  9  5169 I5   899  4518 I6  1971  2196 I5   467  9133 16636  4.2  3.4  3.97  0.20  31.30  21.30  25.48  27.47  74     1   240  3.2
 10  3173 I5  1555  2974 I6  2876  1460 I5   342  7469 15582  6.4  5.7  3.16  0.16  24.82  15.08  19.71  21.44  76    26    77  3.7
 11  3032 I5  1051  3890 I6  2367  1156 I5   342  5946 14643  5.0  4.1  2.44  0.12  20.86  10.06  15.30  17.36  70   109    23  3.5
 12  2548 I5   883  3585 I6  2463  1016 I5   274  5203 14175  5.6  4.2  1.54  0.09  15.47   4.21   9.65  11.92  69   264     1  3.7
 13  4511 I5  1742  4064 I6  1152  1908 I5   648  8640 16531  5.4  4.3  2.80  0.17  24.78  14.18  19.14  21.02  70  1020  1459  3.7
 1994
  1  2471 I5  1161  3154 I6  2905  1054 I5   288  5639 14523  6.0  5.2  1.68  0.08  14.09   3.18   8.57  10.48  67   301     0  4.1
  2  3280 I5  1283  3574 I6  2778  1364 I5   425  6991 15431  6.1  5.3  1.92  0.09  19.16   7.61  12.97  15.26  68   146     7  3.9
  3  4944 I5  1282  5265 I6  2721  1682 I5   563  8687 16507  5.2  3.8  1.96  0.11  23.49  10.68  17.16  19.30  61    70    32  4.7
  4  5902 I5  1262  5469 I6  2522  2157 I5   579 10199 17552  4.3  3.3  2.26  0.15  26.91  14.49  20.62  22.85  67    13    84  3.1
  5  6022 I5  1919  4954 I6  2856  2408 I5   447 11147 18388  4.9  3.8  2.96  0.18  27.79  16.80  22.22  23.87  67     5   128  3.6
  6  5504 I5  1187  3378 I6  1858  2914 I5   421 11492 18762  7.1  5.9  4.42  0.21  31.45  22.26  25.93  27.24  80     0   256  3.2
  7  5932 I5  1457  4389 I6  2427  2687 I5   498 11266 18474  5.4  4.4  4.53  0.22  32.19  23.30  26.92  28.40  78     0   292  2.9
  8  5593 I5  1082  4157 I6  2024  2650 I5   564 10468 17657  5.1  4.1  4.28  0.21  31.81  22.31  26.44  28.08  77     0   271  2.9
  9  4741 I5  1319  3920 I6  2543  2127 I5   598  9147 16645  5.6  4.6  3.74  0.18  29.45  20.04  24.11  26.17  77     0   192  3.0
 10  3259 I5  1320  2745 I6  2317  1685 I5   397  7484 15593  6.7  5.9  3.03  0.14  24.30  15.44  19.48  21.14  79    18    66  3.4
 11  2729 I5  1090  3100 I6  2308  1238 I5   280  5956 14650  5.4  4.8  2.62  0.11  22.59  12.63  17.32  19.25  77    54    33  3.5
 12  2119 I5   941  2632 I6  2237   987 I5   199  5204 14177  6.8  6.1  2.03  0.08  16.79   8.56  12.34  13.84  81   182     7  3.6
 13  4375 I5  1494  3895 I6   966  1913 I5   671  8640 16530  5.7  4.8  2.95  0.15  25.00  14.78  19.51  21.32  73   788  1366  3.5
 1995
  1  2760 I5  1111  3908 I6  3028  1016 I5   358  5631 14517  5.2  4.2  1.53  0.07  15.57   5.02  10.17  12.29  72   249     0  3.4
  2  3207 I5  1387  3704 I6  3209  1341 I5   462  6977 15423  5.6  4.9  1.72  0.08  16.54   5.90  10.94  12.79  67   203     4  3.9
  3  4527 I5  1432  4473 I6  2834  1792 I5   471  8672 16497  5.5  4.5  2.09  0.10  22.31  11.28  16.57  18.60  71    70    23  3.5
  4  6008 I5  1406  5712 I6  2650  2085 I5   620 10187 17546  4.4  3.1  2.23  0.14  26.84  14.10  20.38  22.72  67    19    83  3.3
  5  6076 I5  1416  4770 I6  2523  2623 I5   609 11141 18382  5.2  3.9  3.03  0.18  30.07  18.91  24.19  26.00  74     1   192  3.4
  6  5974 I5  1618  4390 I6  2533  2721 I5   445 11491 18762  5.7  5.0  3.86  0.20  30.83  21.37  25.59  27.09  78     0   233  3.1
  7  6370 I5   954  4906 I6  1791  2733 I5   572 11270 18479  5.1  3.7  4.55  0.22  33.61  23.64  27.99  29.54  76     0   319  2.8
  8  5347 I5  1710  4048 I6  2809  2477 I5   599 10478 17665  5.1  4.4  4.60  0.21  31.93  23.77  27.48  28.81  80     0   295  3.3
  9  3610 I5  1417  2193 I6  2017  2187 I5   382  9160 16656  6.6  6.1  4.13  0.18  28.11  20.52  23.84  25.28  84     4   183  2.8
 10  3709 J5  1170  3906 J6  2651  1555 J5   533  7498 15601  5.2  4.6  3.47  0.14  26.54  17.19  21.56  23.47  76    15   125  3.2
 11  3113 J5   909  4175 J6  2461  1129 J5   356  5967 14656  3.9  3.6  1.97  0.10  19.22   6.78  12.92  15.50  76   179    19  2.8
 12  2532 I5   917  3732 I6  2644   943 I5   286  5206 14178  4.9  4.3  1.86  0.08  15.42   4.59   9.50  11.85  71   260     2  3.0
 13  4436 I5  1446  4160 I6   847  1883 I5   679  8640 16530  5.2  4.4  2.92  0.14  24.75  14.42  19.26  21.16  74  1001  1479  3.2
 1996
  1  2913 J5   980  4415 J6  2822   993 J5   372  5623 14510  4.5  4.1  1.72  0.07  16.30   3.58   9.71  11.81  72   261     1  4.1
  2  3708 I5  1263  4661 I6  2998  1270 I5   412  6991 15427  4.6  3.9  1.64  0.08  18.55   6.38  12.02  14.37  66   180    10  3.9
  3  4769 I5  1485  5048 I6  3227  1691 I5   632  8713 16523  5.0  4.4  1.66  0.10  19.03   7.46  12.93  14.93  65   167    10  4.4
  4  6212 J7  1400  6217 J8  2730  2021 J7   658 10217 17567  3.5  3.0  1.87  0.14  24.48  10.98  17.75  20.26  69    63    45  3.3
  5  6918 J8   929  6659 J8  2106  2262 J8   709 11156 18396  2.6  2.2  3.04  0.18  30.00  17.68  23.64  25.73  74     5   176  2.8
  6  6513 J8   964  5465 J8  2054  2684 J8   661 11491 18762  3.5  2.8  3.91  0.20  31.20  20.36  25.43  27.37  77     0   223  2.5
  7  6787 J8   932  6041 J8  2099  2505 J8   682 11258 18464  2.4  1.7  4.51  0.22  32.58  22.92  27.05  28.58  79     0   292  2.6
  8  5997 J8   974  5258 J8  1868  2438 J8   537 10452 17644  3.2  2.2  4.22  0.20  30.55  21.75  25.31  26.88  83     0   242  2.0
  9  5032 J8  1145  4954 J8  2127  1869 J8   476  9123 16632  3.3  2.9  3.83  0.17  29.45  19.29  23.93  26.20  80     0   181  2.4
 10  3914 J8  1314  4812 J8  2745  1297 J8   339  7457 15577  3.5  3.4  2.85  0.14  24.81  13.50  18.68  21.22  77    30    55  2.8
 11  3099 J8  1118  4491 J8  2794   998 J8   307  5937 14638  3.8  3.6  2.11  0.10  19.47   6.83  13.11  15.57  75   166    10  3.0
 12  2922 J8   778  5146 J8  2294   737 J8   233  5202 14176  3.2  3.0  1.78  0.08  17.96   5.22  11.12  14.01  79   209     1  2.3
 13  4899 J7  1558  5264 J8   710  1730 J7   665  8635 16526  3.6  3.1  2.76  0.14  24.53  13.00  18.39  20.58  75  1082  1247  3.0
 1997
  1  2750 J8  1252  4178 J8  3362   911 J8   342  5648 14531  4.5  4.2  1.92  0.07  15.94   5.02  10.17  12.43  74   245     2  3.0
  2  3289 J6  1205  3890 J7  2739  1302 J6   393  7007 15441  5.5  5.0  2.11  0.08  18.48   7.08  12.63  15.11  80   166    11  2.8
  3  4804 J6  1444  5387 J7  2801  1547 J6   470  8704 16521  3.8  3.2  2.39  0.10  24.12  11.99  18.10  20.37  74    52    43  3.3
  4  5642 J6  1488  5402 J7  2748  2054 J6   520 10211 17566  3.7  3.1  2.26  0.14  23.48  10.91  17.22  19.66  68    64    30  3.2
  5  6141 J6  1736  5453 J7  2858  2334 J6   580 11154 18398  3.6  3.2  2.89  0.18  26.34  14.58  20.58  22.54  73    14    80  2.8
  6  5428 J6  1476  3556 J7  1971  2883 J6   401 11493 18764  5.7  5.0  3.94  0.20  28.21  19.52  23.31  24.72  83     4   170  2.7
  7  6370 J6  1187  5131 J7  1991  2693 J6   566 11261 18468  3.6  3.0  4.46  0.22  32.12  22.20  26.46  28.10  82     0   274  2.2
  8  5809 J6  1027  4983 J7  2083  2407 J6   562 10457 17650  3.1  2.7  4.35  0.21  31.23  21.07  25.54  27.40  80     0   242  2.3
  9  4914 J5  1213  4361 J7  2037  2075 J5   484  9132 16633  3.7  3.4  3.90  0.18  29.80  19.79  24.23  26.46  83     0   194  2.3
 10  3689 J6  1252  3758 J7  2261  1593 J6   351  7468 15581  4.5  4.2  2.79  0.14  24.31  13.91  18.68  21.09  83    48    73  2.4
 11  3158 J7  1033  4635 J7  2631  1022 J7   345  5945 14641  4.2  3.8  2.10  0.10  18.47   7.35  12.58  15.04  81   168     6  2.3
 12  2276 J5  1029  3259 J7  2850   917 J5   261  5202 14174  5.3  5.0  2.11  0.08  15.30   5.13  10.08  12.20  78   252     0  2.9
 13  4522 J6  1423  4499 J7   777  1811 J6   694  8640 16531  4.3  3.8  2.94  0.14  23.98  13.21  18.30  20.43  78  1013  1124  2.7
 1998
  1  2637 K4  1220  3516 K6  2880  1104 K4   332  5640 14526  5.2  5.0  1.78  0.07  16.75   6.48  11.29  13.39  80   214     5  2.9
  2  3559 K4  1689  4396 K6  3543  1225 K4   416  6993 15433  4.8  4.5  1.59  0.08  17.55   7.07  12.08  14.17  78   172     3  3.6
  3  4731 K4  1909  5250 K6  3597  1627 K4   593  8689 16510  4.2  4.0  1.72  0.10  18.75   8.15  13.26  15.26  75   164    12  3.3
  4  5411 K4  1929  4698 K6  3212  2246 K4   617 10200 17553  4.3  4.0  2.16  0.14  23.85  12.85  18.25  20.30  77    38    38  3.1
  5  6795 K4  1149  5780 K6  2140  2582 K4   547 11148 18389  2.7  2.2  3.00  0.18  30.23  18.17  23.84  25.92  78     0   182  2.3
  6  7218 K4   756  6299 K6  1531  2460 K4   446 11492 18763  2.4  1.8  3.72  0.20  34.49  21.80  27.88  30.11  74     0   294  2.6
  7  6155 K4  1337  4659 K6  1979  2563 K4   334 11265 18472  4.4  3.5  5.13  0.22  33.43  23.51  27.62  29.18  81     0   314  2.6
  8  5589 K4  1304  4131 K6  2034  2602 K4   453 10467 17657  4.1  3.2  4.42  0.21  31.89  22.26  26.51  28.17  82     0   271  2.3
  9  4568 K4  1655  3836 K6  2596  2063 K4   413  9145 16643  4.6  4.0  4.11  0.18  29.57  20.70  24.75  26.74  84     0   204  2.5
 10  4397 K4   842  5142 K6  2048  1548 K4   395  7482 15591  2.8  2.6  2.62  0.14  26.63  14.11  19.81  22.80  79    26    89  2.0
 11  2918 K4   832  3257 K6  2101  1413 K4   329  5955 14649  5.2  4.6  2.47  0.10  22.82  11.27  16.70  19.15  81    61    22  2.0
 12  2552 K4  1179  3812 K6  2936   939 K4   283  5204 14177  5.5  5.3  2.10  0.08  18.47   7.57  12.59  15.11  82   174    10  2.6
 13  4711 K4  1584  4565 K6   926  1864 K4   625  8640 16530  4.2  3.7  2.90  0.14  25.37  14.49  19.55  21.69  79   848  1446  2.6
 1999
  1  2997 K4  1014  4451 K6  2800  1071 K4   393  5632 14519  4.2  3.9  1.67  0.07  18.45   4.10  11.05  14.14  77   221     3  2.6
  2  4029 K4  1147  5185 K6  2693  1325 K4   467  6979 15424  4.0  3.7  1.57  0.08  19.14   5.55  12.22  15.22  70   168     0  2.7
  3  5125 K4  1553  5819 K6  2918  1597 K4   511  8674 16498  2.7  2.4  1.37  0.10  20.30   6.02  13.15  15.87  65   163     2  3.3
  4  5522 K4  1976  4893 K6  3080  2158 K4   572 10189 17547  3.6  3.4  2.39  0.14  26.40  14.36  20.20  22.28  71    36    97  3.3
  5  6281 K4  1671  5162 K6  2517  2534 K4   467 11142 18383  3.4  2.9  2.56  0.18  27.94  15.00  21.31  23.68  73    10   107  2.6
  6  5653 K4  1732  3932 K6  2424  2757 K4   485 11491 18762  5.3  4.6  4.03  0.20  29.68  19.92  24.46  26.13  81     0   194  2.9
  7  6206 K4  1381  4965 K6  2045  2522 K4   380 11270 18477  3.4  2.8  4.30  0.22  32.72  23.29  27.40  28.99  81     0   300  1.8
  8  6257 K4  1047  5506 K6  1675  2226 K4   377 10476 17664  2.6  2.2  4.39  0.21  33.54  23.20  27.88  29.68  77     0   311  2.3
  9  4642 K4  1863  4122 K6  2683  1908 K4   465  9158 16653  4.2  4.0  3.69  0.18  29.26  19.12  23.84  25.99  76     1   176  3.1
 10  3640 K4  1390  3688 K6  2664  1600 K4   374  7497 15600  4.5  4.3  2.68  0.14  24.93  14.69  19.42  21.76  79    33    79  2.9
 11  3476 K4   922  4884 K6  2355  1174 K4   353  5966 14656  2.8  2.7  1.87  0.10  22.25   8.45  14.84  18.27  76   103    13  2.2
 12  2755 K4  1032  4304 K6  2800   961 K4   320  5206 14177  4.0  3.6  1.64  0.08  17.11   3.57  10.41  13.56  73   248     0  2.2
 13  4715 K4  1304  4743 K6   649  1820 K4   620  8640 16530  3.7  3.4  2.68  0.14  25.14  13.11  18.85  21.30  75   982  1284  2.7
 2000
  1  2741 K4  1246  4086 K6  3144   952 K4   301  5624 14511  4.6  4.5  1.36  0.07  15.07   2.92   8.99  11.57  73   291     1  2.9
  2  4131 K4   983  5486 K6  2530  1331 K4   449  6993 15431  2.9  2.7  1.37  0.08  19.18   4.36  11.34  14.85  73   192     2  2.4
  3  5058 K4  1620  5655 K6  3080  1626 K4   495  8715 16524  3.2  2.9  1.69  0.10  23.09   9.81  16.13  18.69  73    73    15  2.8
  4  5973 K4  1832  5804 K6  2842  2036 K4   590 10218 17568  3.4  3.1  1.92  0.14  23.57  10.38  16.94  19.23  74    59    19  3.0
  5  7120 K4   992  6418 K6  1773  2446 K4   449 11156 18397  2.4  2.0  2.83  0.18  30.02  17.81  23.84  25.93  71     1   174  2.7
  6  6455 K4  1296  5242 K6  2190  2551 K4   440 11492 18763  3.8  3.2  4.06  0.20  31.74  20.36  25.36  27.30  79     0   232  2.3
  7  6354 K4  1054  5139 K6  1733  2493 K4   368 11257 18463  3.4  2.9  4.48  0.22  33.52  21.79  27.03  29.07  75     0   289  2.0
  8  5774 K4  1144  4619 K6  1916  2393 K4   411 10451 17644  3.8  3.2  4.46  0.20  32.42  21.70  26.23  28.10  79     0   271  2.2
  9  4056 K4  1597  3223 K6  2656  2002 K4   471  9121 16629  5.3  4.8  4.07  0.17  28.11  19.91  23.42  25.05  83     1   172  3.0
 10  4596 K4   844  5602 K6  1887  1465 K4   380  7456 15576  1.7  1.5  1.97  0.14  25.57  10.77  17.40  21.19  78    43    38  2.0
 11  3169 K4  1094  4144 K6  2553  1177 K4   353  5936 14638  4.1  3.4  1.89  0.10  19.50   6.68  12.97  15.80  78   173    15  2.2
 12  2563 K4  1124  3903 K6  3029   936 K4   306  5202 14175  4.7  4.5  1.43  0.08  12.22   0.57   5.88   8.39  73   370     0  2.9
 13  4832 K4  1533  4943 K6   944  1784 K4   612  8635 16527  3.6  3.2  2.63  0.14  24.50  12.26  17.96  20.43  76  1203  1227  2.5
 2001
  1  3102 K4   953  4604 K6  2557  1041 K4   354  5650 14532  4.2  3.8  1.32  0.07  14.88   1.45   7.74  10.72  72   316     1  2.6
  2  3339 K4  1406  3664 K6  2900  1426 K4   436  7009 15444  5.5  5.1  1.98  0.08  18.95   7.38  13.20  15.64  77   153     8  2.6
  3  4341 K4  1885  4373 K6  3435  1667 K4   538  8705 16522  4.9  4.4  1.72  0.10  19.80   8.42  14.01  16.05  68   143    13  3.4
  4  5928 K4  1714  5417 K6  2735  2223 K4   578 10213 17569  3.2  2.8  2.17  0.14  25.16  11.52  18.35  21.01  69    51    52  2.9
  5  6775 K4  1155  5909 K6  1891  2501 K4   483 11155 18399  2.6  2.4  2.57  0.18  29.34  15.88  22.56  24.94  70     0   133  2.7
  6  5507 K4  1639  3728 K6  2455  2696 K4   397 11493 18764  5.3  4.4  4.00  0.20  30.41  21.27  25.11  26.67  83     0   225  2.3
  7  5823 K4  1372  4275 K6  2123  2654 K4   354 11261 18467  4.7  3.8  4.62  0.22  31.36  22.45  26.40  27.95  80     0   266  2.2
  8  5919 K4  1270  4910 K6  2065  2360 K4   385 10456 17647  3.4  2.9  4.40  0.21  32.31  22.27  26.91  28.78  78     0   278  2.1
  9  4359 K4  1204  3379 K6  2137  2192 K4   464  9130 16630  4.9  4.1  3.61  0.18  27.66  18.94  22.76  24.60  83     3   152  2.4
 10  4420 K4  1028  5122 K6  2287  1561 K4   434  7466 15578  2.6  2.3  2.16  0.14  24.77  11.64  18.07  21.00  69    61    57  2.7
 11  3291 K4   966  4296 K6  2311  1261 K4   306  5943 14639  3.0  2.7  2.01  0.10  23.75  10.62  16.57  19.81  77    60    26  2.6
 12  2803 K4   948  4354 K6  2532   975 K4   263  5202 14175  3.8  3.7  1.71  0.08  19.37   7.20  13.23  15.86  74   166    10  2.2
 13  4634 K4  1330  4503 K6   743  1880 K4   629  8640 16531  4.0  3.5  2.69  0.14  24.81  13.25  18.74  21.09  75   953  1219  2.5
 2002
  1  2760 K4  1069  3816 K6  2642  1098 K4   392  5641 14526  5.0  4.8  1.96  0.07  17.19   5.17  10.79  13.36  78   230     8  2.3
  2  3973 K4  1432  5206 K6  3126  1255 K4   408  6995 15435  4.3  3.7  1.52  0.08  17.38   4.18  10.78  13.22  65   216     5  2.6
  3  4926 K4  1451  5023 K6  2712  1881 K4   589  8691 16511  4.2  3.8  2.26  0.10  22.40   9.28  16.06  18.52  74   115    38  3.0
  4  5995 K4  1721  5470 K6  2795  2228 K4   492 10202 17555  4.3  4.0  2.96  0.14  26.66  15.86  21.21  23.29  70    15   103  3.0
  5  6782 K4  1254  5842 K6  2033  2584 K4   463 11149 18390  3.1  3.0  2.95  0.18  28.87  16.14  22.48  24.62  72    12   141  3.2
  6  5816 K4  1734  4147 K6  2530  2719 K4   425 11492 18763  5.5  4.9  4.18  0.20  30.87  21.41  25.82  27.40  79     0   234  2.7
  7  6494 K4  1167  5308 K6  1957  2522 K4   429 11265 18472  3.6  3.2  4.85  0.22  32.65  22.99  27.31  29.00  83     0   294  2.0
  8  5686 K4  1622  4722 K6  2463  2297 K4   412 10466 17655  3.9  3.5  4.55  0.21  31.77  21.69  26.27  28.01  83     0   260  2.5
  9  4354 K4  1527  3374 K6  2284  2183 K4   402  9143 16641  5.3  4.8  4.49  0.18  29.97  22.46  25.71  27.35  87     0   237  2.9
 10  3432 K4  1458  3079 K6  2623  1716 K4   368  7480 15590  5.6  5.4  3.80  0.14  25.96  17.35  21.12  23.00  88     9   112  2.3
 11  3229 K4  1134  4545 K6  2521  1107 K4   294  5954 14647  3.7  3.4  2.15  0.10  19.41   7.46  13.00  15.54  83   157    10  2.0
 12  2543 K4  1084  3714 K6  2773   993 K4   279  5204 14177  4.7  4.2  1.74  0.08  15.50   3.42   9.13  11.64  79   275     0  2.6
 13  4666 K4  1487  4521 K6   890  1882 K4   633  8640 16530  4.4  4.1  3.12  0.14  24.89  13.95  19.14  21.25  78  1028  1442  2.6
 2003
  1  3091 K4  1054  4855 K6  2772   966 K4   342  5633 14520  3.7  3.5  1.25  0.07  13.44   1.34   7.22   9.47  62   339     0  3.0
  2  3259 K4  1528  3917 K6  3222  1249 K4   353  6980 15425  5.6  5.2  1.88  0.08  16.89   4.91  10.74  13.11  76   208     0  2.7
  3  3557 K4  1986  3058 K6  3186  1706 K4   430  8676 16502  6.3  5.9  2.66  0.10  21.19  11.48  15.94  17.50  85    79    17  2.6
  4  5609 K4  2084  5091 K6  3259  2078 K4   544 10190 17547  4.2  3.9  2.41  0.14  24.29  12.58  18.31  20.53  78    41    44  2.6
  5  5936 K4  1703  4450 K6  2772  2696 K4   609 11142 18384  5.3  4.7  3.47  0.18  28.44  18.24  23.27  25.02  81     0   155  2.5
  6  6233 K4  1481  4751 K6  2353  2688 K4   363 11491 18762  5.0  4.3  4.33  0.20  30.61  21.12  25.29  26.96  85     0   226  1.9
  7  5714 K4  1507  4009 K6  2112  2639 K4   446 11269 18476  5.7  4.9  4.94  0.22  32.04  23.04  26.74  28.19  85     0   285  2.3
  8  5391 K4  1135  3976 K6  1819  2532 K4   372 10475 17662  4.7  4.3  4.83  0.21  31.66  23.13  26.82  28.36  87     0   281  2.1
  9  4842 K4  1395  4428 K6  2284  2033 K4   439  9157 16651  3.9  3.7  3.82  0.18  28.94  19.80  23.93  25.96  82     1   183  2.8
 10  4096 K4  1334  4606 K6  2728  1526 K4   445  7495 15599  3.7  3.5  2.91  0.14  26.01  14.83  19.92  22.43  80     5    70  2.3
 11  3300 K4  1034  4797 K6  2437  1083 K4   316  5964 14656  3.3  3.2  2.44  0.10  23.44  10.69  16.66  19.54  78    81    43  2.6
 12  2831 K4  1025  4623 K6  2852   904 K4   292  5206 14177  3.5  3.3  1.38  0.08  15.56   2.35   8.60  11.67  76   291     0  2.5
 13  4488 K4  1260  4380 K6   558  1842 K4   697  8640 16530  4.6  4.2  3.03  0.14  24.38  13.62  18.62  20.73  80  1045  1304  2.5
 2004
  1  3012 K4  1087  4511 K6  2896  1033 K4   369  5625 14512  4.1  3.8  1.56  0.07  15.37   2.81   8.70  11.34  67   292     6  2.9
  2  3538 K4  1635  4503 K6  3385  1210 K4   375  6995 15434  6.0  5.6  2.02  0.08  14.70   4.70   9.51  11.25  73   251     1  3.8
  3  5167 K4  1531  5630 K6  2941  1767 K4   525  8717 16525  3.3  2.9  1.94  0.10  22.16   8.91  15.62  18.39  64   101    14  3.2
  4  6319 K4  1247  6131 K6  2494  2109 K4   576 10220 17570  3.3  2.8  2.04  0.14  24.73  11.06  18.03  20.56  67    53    39  2.9
  5  6861 K4  1480  6276 K6  2293  2379 K4   437 11157 18398  2.9  2.7  3.28  0.18  29.52  17.90  23.64  25.60  72     4   171  2.2
  6  6091 K4  1411  4559 K6  1889  2657 K4   267 11492 18763  6.0  5.1  4.77  0.20  31.46  21.96  26.08  27.60  79     0   251  2.2
  7  6334 K4  1084  5130 K6  1727  2485 K4   361 11257 18463  4.2  3.8  4.79  0.22  32.27  22.58  26.83  28.43  79     0   282  1.9
  8  5129 K4  1413  3673 K6  2114  2496 K4   411 10449 17643  5.7  5.2  4.73  0.20  30.65  21.92  25.60  27.07  81     0   247  2.6
  9  3858 K4  1651  2897 K6  2721  2037 K4   412  9119 16628  6.4  6.1  4.37  0.17  28.44  20.92  24.34  25.77  80     0   190  4.3
 10  3647 K4  1237  3302 K6  2339  1798 K4   397  7454 15574  5.0  4.8  3.28  0.14  24.94  16.13  20.32  22.24  82    14    82  2.2
 11  3248 K4  1066  4339 K6  2554  1195 K4   328  5934 14638  4.4  4.3  2.35  0.10  21.31  10.43  15.44  17.79  77   104    30  2.6
 12  2945 K4   752  4675 K6  2228   993 K4   298  5202 14175  3.9  3.5  1.63  0.08  15.64   3.95   9.64  12.34  70   272     7  2.8
 13  4679 K4  1462  4636 K6  1045  1847 K4   611  8635 16527  4.6  4.2  3.06  0.14  24.26  13.61  18.64  20.70  74  1091  1321  2.8
 2005
  1  3244 K4  1021  5229 K6  2767   933 K4   363  5651 14532  5.2  5.0  1.94  0.07  16.50   5.48  10.59  12.75  69   231     3  3.2
  2  3465 K4  1476  4217 K6  3213  1319 K4   489  7011 15446  5.3  5.1  2.01  0.08  17.01   5.69  11.07  13.47  71   199     4  3.1
  3  4445 K4  1888  4726 K6  3578  1602 K4   562  8707 16523  4.6  4.3  1.94  0.10  19.01   7.30  13.24  15.20  66   165     5  3.5
  4  5842 K4  2089  5665 K6  3314  1945 K4   465 10214 17571  3.6  3.2  1.92  0.14  22.91   9.90  16.43  18.80  66    67     9  3.4
  5  6316 K4  1783  5199 K6  2757  2538 K4   622 11156 18399  4.0  3.8  2.89  0.18  26.81  15.25  20.85  22.82  74     9    93  2.7
  6  5501 K4  1806  3766 K6  2565  2722 K4   498 11493 18764  5.9  5.4  4.50  0.20  29.79  21.53  25.14  26.55  81     0   220  2.7
  7  6444 K4  1216  5323 K6  1796  2420 K4   293 11260 18467  4.2  3.6  5.06  0.22  33.07  23.36  27.57  29.22  78     0   307  2.2
  8  5266 K4  1234  3829 K6  1752  2555 K4   407 10455 17646  5.0  4.4  5.26  0.21  32.00  23.41  26.90  28.34  82     0   291  2.1
  9  5215 K4  1117  4835 K6  1866  2096 K4   351  9128 16630  3.4  3.1  3.94  0.18  31.39  20.81  25.54  27.97  74     0   233  3.1
 10  3719 K4  1309  3924 K6  2684  1570 K4   443  7464 15575  4.5  4.3  3.01  0.14  24.86  14.61  19.22  21.61  79    50    94  2.8
 11  3524 K4   972  4997 K6  2265  1112 K4   256  5942 14639  4.1  3.8  2.17  0.10  22.04   9.04  15.24  18.11  73    99    16  2.7
 12  2809 K4   972  4434 K6  2647   945 K4   321  5202 14175  4.4  4.1  1.65  0.08  15.29   3.24   8.98  11.65  74   281     0  2.9
 13  4649 K4  1272  4679 K6   639  1813 K4   656  8640 16531  4.5  4.2  3.02  0.14  24.22  13.30  18.40  20.54  74  1102  1273  2.9
 2006
  1  3042 K4  1075  4638 K6  2830  1003 K4   337  5642 14526  3.5  3.1  1.89  0.07  18.21   6.08  12.10  14.71  71   192     0  2.9
  2  3604 K4  1560  4621 K6  3201  1229 K4   361  6996 15436  4.0  3.8  1.74  0.08  16.40   3.62  10.23  12.87  67   233     0  2.9
  3  4750 K4  1649  5293 K6  3110  1599 K4   505  8693 16512  3.0  2.5  1.78  0.10  20.60   7.46  14.06  16.79  62   143    10  3.1
  4  6418 K4  1273  6373 K6  2558  2047 K4   596 10203 17557  2.5  2.1  2.27  0.14  26.62  13.12  19.86  22.53  64    26    72  3.1
  5  6525 K4  1637  5523 K6  2623  2487 K4   513 11149 18391  3.2  2.8  2.85  0.18  28.86  15.77  22.30  24.53  66     8   132  3.0
  6  6663 K4  1409  5571 K6  2087  2567 K4   445 11492 18762  3.8  3.1  3.80  0.20  31.15  19.80  25.42  27.50  70     0   214  2.8
  7  6759 K4   934  5726 K6  1651  2464 K4   373 11264 18471  3.1  2.5  4.32  0.22  33.17  21.51  26.77  28.88  72     0   279  2.4
  8  5735 K4  1227  4537 K6  1961  2445 K4   332 10464 17653  4.2  3.3  5.04  0.21  32.96  23.03  27.26  28.93  76     0   300  2.5
  9  5155 K4  1154  4910 K6  2095  2045 K4   446  9141 16640  3.8  3.3  3.73  0.18  29.46  19.41  24.01  26.30  75     0   183  2.5
 10  3991 K4  1329  4392 K6  2576  1560 K4   374  7478 15590  3.2  3.0  2.66  0.14  24.72  12.26  18.15  20.81  72    51    56  2.3
 11  3249 K4  1138  4439 K6  2543  1128 K4   302  5953 14646  3.9  3.5  1.89  0.10  20.08   7.64  13.49  16.16  72   142     8  3.0
 12  2665 K4   985  3966 K6  2698  1011 K4   331  5204 14177  4.3  3.9  2.17  0.08  19.15   7.62  13.16  15.85  74   159     6  2.6
 13  4880 K4  1536  4999 K6   697  1799 K4   616  8640 16530  3.5  3.1  2.84  0.14  25.12  13.11  18.90  21.32  70   955  1261  2.8
 2007
  1  2608 K4  1117  3406 K6  2821  1129 K4   335  5634 14520  4.3  4.1  2.03  0.07  16.84   5.95  11.31  13.42  69   222     7  3.0
  2  3982 K4  1460  5334 K6  3106  1189 K4   373  6982 15426  2.8  2.5  1.52  0.08  16.64   3.69  10.08  12.71  62   229     0  2.9
  3  5066 K4  1426  5516 K6  2877  1785 K4   603  8678 16502  3.5  2.9  2.14  0.10  23.11   9.01  15.89  18.83  64    86    15  2.9
  4  6223 K4  1416  5903 K6  2635  2159 K4   557 10192 17548  2.6  2.2  2.05  0.14  25.11  10.93  18.04  20.69  55    62    53  3.4
  5  6610 K4  1343  5632 K6  2270  2576 K4   500 11143 18384  4.0  3.4  2.70  0.18  28.02  16.46  22.07  24.07  66     1   123  3.6
  6  6197 K4  1652  4887 K6  2333  2584 K4   438 11491 18761  3.9  3.5  4.01  0.20  30.80  20.81  25.40  27.03  78     0   224  3.0
  7  5943 K4  1411  4458 K6  2182  2608 K4   433 11268 18476  3.8  3.4  4.68  0.22  32.25  22.21  26.63  28.32  76     0   276  2.4
  8  5741 K4  1505  4653 K6  2056  2306 K4   364 10474 17659  3.4  2.7  5.02  0.21  33.23  23.85  27.84  29.41  81     0   317  2.1
  9  4891 K4  1530  4651 K6  2512  1888 K4   348  9155 16651  3.8  3.5  3.88  0.18  29.60  21.00  24.79  26.76  80     0   209  3.1
 10  3554 K4  1391  3247 K6  2562  1758 K4   436  7493 15598  4.8  4.7  3.46  0.14  26.16  17.62  21.48  23.23  81     9   119  2.9
 11  3624 K4   936  5356 K6  2129  1055 K4   235  5963 14654  2.7  2.3  1.90  0.10  20.57   7.82  13.61  16.54  70   131     7  2.4
 12  2696 K4   881  3846 K6  2242  1058 K4   233  5206 14177  4.7  4.2  2.20  0.08  19.81   7.79  13.47  15.99  78   148     8  2.3
 13  4761 K4  1425  4741 K6   874  1841 K4   616  8640 16530  3.7  3.3  2.96  0.14  25.18  13.93  19.22  21.42  72   887  1357  2.8
 2008
  1  2938 K4  1147  4442 K6  2857   990 K4   314  5626 14513  4.0  3.7  1.66  0.07  14.74   4.26   9.30  11.54  71   276     2  2.7
  2  4103 K4  1257  5572 K6  2756  1207 K4   395  6997 15435  3.3  3.2  1.67  0.08  20.13   6.59  13.31  16.07  68   151     7  2.8
  3  5072 K4  1576  5584 K6  3061  1683 K4   567  8719 16528  3.3  3.0  1.71  0.10  21.65   8.94  15.21  17.49  66   108    14  3.5
  4  5556 K4  1957  4957 K6  3065  2140 K4   529 10221 17570  4.1  3.8  2.37  0.14  24.55  12.83  18.47  20.65  70    39    50  2.9
  5  6473 K4  1595  5643 K6  2445  2393 K4   389 11158 18400  3.0  2.7  2.84  0.18  28.50  16.93  22.77  24.80  68     1   137  3.0
  6  6806 K4  1009  5739 K6  1719  2591 K4   371 11492 18763  3.3  2.6  3.96  0.20  33.54  22.17  27.18  29.08  70     0   286  2.6
  7  5670 K4  1172  3977 K6  1709  2673 K4   385 11256 18461  4.2  3.7  4.62  0.22  32.62  22.72  26.97  28.60  75     0   290  2.6
  8  5118 K4  1587  3669 K6  2137  2449 K4   407 10448 17642  4.5  4.1  4.66  0.20  31.85  23.37  26.97  28.34  78     0   288  3.0
  9  4631 K4  1387  3964 K6  2162  2108 K4   409  9118 16628  3.6  3.3  3.79  0.17  29.84  20.81  24.86  26.81  73     0   210  3.2
 10  4074 K4  1448  4779 K6  2691  1429 K4   357  7452 15573  3.5  3.2  2.37  0.14  24.34  13.52  18.35  20.73  72    52    71  3.0
 11  3101 K4  1305  4447 K6  2900  1004 K4   258  5933 14636  3.4  3.2  1.84  0.10  18.69   7.29  12.79  15.25  71   168     8  2.8
 12  2599 K4   980  3808 K6  2741  1031 K4   303  5201 14175  4.5  4.1  2.00  0.08  19.35   8.04  13.58  15.96  73   159    15  2.8
 13  4678 K4  1361  4715 K6   777  1808 K4   657  8635 16527  3.7  3.4  2.79  0.14  24.98  13.96  19.15  21.28  71   954  1376  2.9
 2009
  1  2837 K4  1125  4129 K6  2911  1017 K4   330  5652 14532  4.4  4.1  1.65  0.07  16.56   5.00  10.24  12.47  66   239     5  2.8
  2  4052 K4  1338  5533 K6  2969  1173 K4   409  7012 15447  3.1  2.6  1.29  0.08  16.77   3.79  10.28  12.96  62   225     0  3.1
  3  4721 K4  1696  5022 K6  3280  1708 K4   484  8709 16525  4.2  3.7  2.05  0.10  21.16   9.08  14.86  17.13  70   114    14  3.4
  4  5972 K4  1996  5767 K6  3013  1993 K4   566 10216 17571  4.5  3.9  2.04  0.14  24.13  12.50  18.43  20.44  67    36    36  3.8
  5  5446 K4  1889  3811 K6  2688  2674 K4   526 11156 18401  7.6  7.1  3.70  0.18  27.85  18.75  22.90  24.27  76     9   163  3.6
  6  6699 K4  1341  5423 K6  2182  2556 K4   399 11493 18765  7.5  6.7  4.14  0.20  32.65  22.63  27.29  28.93  72     0   279  2.8
  7  6044 K4  1273  4585 K6  2115  2632 K4   379 11259 18466  7.3  6.6  4.28  0.22  31.90  22.20  26.52  28.10  75     0   270  3.0
  8  5334 K4  1433  4060 K6  2160  2419 K4   429 10453 17644  6.8  6.3  4.50  0.21  31.56  22.74  26.46  27.91  79     0   273  2.2
  9  4869 K4  1217  4197 K6  2148  2192 K4   443  9126 16629  7.2  6.7  4.07  0.18  29.55  20.22  24.59  26.63  76     0   197  2.8
 10  3534 K4  1470  3372 K6  2714  1643 K4   462  7462 15573  6.7  6.3  3.37  0.14  25.59  15.06  19.98  22.03  79    30    92  2.6
 11  2984 K4  1333  4000 K6  2926  1089 K4   274  5941 14638  5.9  5.6  2.03  0.10  20.53   9.80  14.72  17.17  77   103     8  2.4
 12  2303 K4  1095  3017 K6  2639  1033 K4   315  5202 14175  7.8  7.3  2.05  0.08  16.05   6.14  10.95  12.68  74   230     6  3.5
 13  4566 K4  1419  4410 K6   870  1844 K4   654  8640 16531  6.1  5.6  2.93  0.14  24.53  13.99  18.93  20.89  73   986  1343  3.0
 2010
  1  3066 K4  1178  4920 K6  3026   912 K4   349  5643 14526  5.3  5.0  1.32  0.07  13.06   1.98   7.06   9.41  64   335     0  3.3
  2  3677 K4  1650  4955 K6  3388  1136 K4   438  6998 15436  5.7  5.2  1.26  0.08  13.48   2.21   7.62  10.05  65   294     0  3.8
  3  4515 K4  1930  4886 K6  3371  1568 K4   432  8694 16513  6.3  5.5  1.51  0.10  19.07   6.96  12.94  15.29  64   165     0  3.4
  4  6334 K4  1530  6468 K6  2530  1958 K4   552 10204 17557  5.0  4.2  1.90  0.14  26.01  12.80  19.21  21.82  66    16    48  3.2
  5  6319 K4  1575  5428 K6  2468  2442 K4   521 11150 18391  6.6  5.9  3.53  0.18  29.26  19.19  24.04  25.78  73     0   183  3.1
  6  6542 K4   968  5374 K6  1575  2554 K4   337 11492 18763  6.9  6.2  4.88  0.20  33.74  23.14  27.87  29.65  72     0   303  2.4
  7  6532 K4  1227  5626 K6  1890  2376 K4   384 11264 18471  7.0  6.2  4.67  0.22  33.94  23.64  28.20  29.92  72     0   324  2.8
  8  5371 K4  1389  4073 K6  2059  2504 K4   430 10463 17652  7.8  7.1  5.07  0.21  33.28  24.14  28.09  29.72  77     0   322  2.4
  9  5234 K4  1527  5277 K6  2317  1838 K4   382  9140 16639  5.5  5.1  3.68  0.18  31.46  20.87  25.72  28.22  72     0   235  2.3
 10  4747 K4   996  6019 K6  2019  1367 K4   304  7477 15589  3.3  2.9  2.17  0.14  27.31  13.84  20.05  23.27  67    12    82  2.5
 11  3236 K4  1158  4662 K6  2622  1074 K4   267  5951 14646  4.7  4.1  1.82  0.10  21.82   7.42  14.10  17.36  70   122    10  2.4
 12  2813 K4  1001  4575 K6  2545   892 K4   238  5204 14177  5.5  5.0  1.22  0.08  12.89  -0.00   6.23   8.81  59   369     0  3.4
 13  4865 K4  1411  5188 K6   656  1718 K4   645  8640 16530  5.8  5.2  2.75  0.14  24.61  13.01  18.43  20.78  68  1311  1507  2.9
