701940 FORT YUKON             AK  -9  N66 34  W145 16   136   997
 1991-2010
 MO AVGLO FL SDGLO AVDIR FL SDDIR AVDIF FL SDDIF AVETR AETRN  TOT  OPQ   H2O   TAU  MAX_T  MIN_T  AVG_T  AVGDT  RH  HTDD  CLDD AVWS
  1    74 J8    10   576 J8   236    48 J8     4   240  5970  5.2  4.9  0.38  0.05 -20.42 -30.93 -26.23 -26.36  76  1364     0  1.2
  2   563 J8    79  1682 J8   629   310 J8    36  1423 11277  5.1  4.7  0.44  0.07 -18.34 -27.97 -22.99 -21.39  73  1172     0  1.4
  3  1991 J8   198  4209 J8  1158   788 J8   126  3865 16190  3.7  3.4  0.42  0.09 -10.29 -22.46 -16.26 -14.19  59  1076     0  2.5
  4  3982 J8   307  6458 J8  1296  1374 J8   206  7064 21003  3.4  3.0  0.67  0.10   2.89  -9.14  -2.85  -1.35  55   644     0  2.9
  5  5563 J8   284  7712 J8  1023  1886 J8   216  9984 26114  3.7  3.3  1.06  0.11  13.58   1.72   8.36   9.09  47   331     0  3.0
  6  6391 J8   450  8538 J8  1527  2217 J8   290 11502 31321  3.8  3.4  1.64  0.10  20.80  10.00  16.03  16.06  51    97     9  2.3
  7  5674 J8   345  7405 J8   763  2093 J8   162 10638 28039  4.8  4.0  1.99  0.09  21.12  11.15  16.60  16.93  58    80    12  2.3
  8  3958 J8   385  5709 J8  1216  1546 J8   169  7998 22322  4.9  4.5  1.75  0.07  17.36   7.45  12.54  13.61  66   187     3  2.1
  9  2289 J8   249  4332 J8  1090   903 J8   109  4841 17557  5.0  4.7  1.21  0.05   9.59   0.62   5.02   6.45  69   397     0  2.3
 10   794 J8   108  2112 J8   739   394 J8    43  2094 12787  6.2  5.9  0.76  0.04  -3.73 -10.89  -7.15  -6.08  78   795     0  2.0
 11   166 J8    20   930 J8   338   102 J8     9   471  7589  5.8  5.6  0.54  0.04 -15.76 -23.41 -19.42 -18.81  76  1137     0  1.2
 12     8 J8     2   351 J9   158     4 J8     1    34  3212  5.8  5.5  0.44  0.04 -19.34 -28.78 -24.36 -24.69  75  1314     0  1.2
 13  2621 J8   100  4168 J8   522   972 J8    91  5013 16948  4.8  4.4  0.94  0.07  -0.21 -10.22  -5.06  -4.23  65  8594    25  2.0
 1991
  1    66 J8    54   390 J9   442    51 J8    45   236  5933  5.5  5.4  0.39  0.04 -16.88 -25.96 -20.94 -20.37  75  1232     0  2.0
  2   583 J8   336  1499 J8  1293   342 J8   150  1402 11222  5.7  5.4  0.42  0.06 -19.23 -27.35 -23.10 -21.79  66  1165     0  2.4
  3  1783 J8   729  2891 J8  1890   942 J8   344  3821 16117  6.3  5.2  0.38  0.08 -11.79 -21.14 -16.17 -14.88  54  1079     0  1.9
  4  4146 J8   795  6930 J8  2447  1369 J8   466  7016 20934  3.3  2.8  0.64  0.09   5.26  -7.14  -0.64   0.77  51   578     0  2.5
  5  5708 J8   877  7788 J8  2288  1979 J8   401  9948 26031  3.8  3.6  1.04  0.10  16.39   5.02  11.35  12.05  47   236     0  2.7
  6  6977 J8   789 10143 J8  2818  1965 J8   568 11496 31281  3.3  2.7  1.55  0.09  20.20   9.69  15.37  15.40  53   114    13  2.8
  7  5914 J8  1313  7864 J8  3075  2000 J8   338 10668 28140  4.4  3.9  1.63  0.08  18.25   9.21  14.11  14.36  59   143     0  3.1
  8  4296 J8   836  5970 J8  2042  1657 J8   393  8045 22395  4.0  3.7  1.36  0.09  14.84   5.71  10.43  11.40  65   250     0  2.9
  9  2286 J8   726  3500 J8  1859  1100 J8   231  4888 17627  5.2  4.6  1.14  0.10  10.63   1.87   6.17   7.67  71   362     0  2.9
 10   714 J8   391  1147 J8  1040   467 J8   195  2128 12859  6.5  5.9  0.58  0.12  -3.04  -9.73  -6.12  -5.18  80   766     0  1.8
 11   150 J8   118   352 J8   448   117 J8    78   484  7666  5.9  5.9  0.39  0.14 -16.22 -23.45 -19.25 -18.58  64  1145     0  1.3
 12     4 J9     6    24 J9    39     4 J9     5    35  3231  5.2  5.0  0.33  0.16 -19.42 -29.77 -24.49 -24.61  66  1331     0  1.0
 13  2719 J8  2566  4041 J8  3535   999 J8   790  5014 16953  4.9  4.5  0.82  0.10  -0.08  -9.42  -4.44  -3.65  63  8401    13  2.3
 1992
  1    58 J8    57   115 J9   157    51 J8    48   231  5891  4.9  4.7  0.35  0.20 -22.36 -30.05 -25.89 -25.18  71  1381     0  1.3
  2   493 J8   260   723 J8   760   368 J8   155  1421 11265  4.5  4.4  0.34  0.23 -15.71 -27.76 -21.69 -20.41  81  1162     0  1.6
  3  1855 J8   731  2780 J8  1887   987 J8   322  3895 16234  2.7  2.5  0.42  0.26  -6.00 -18.93 -12.06 -10.12  58   955     0  2.0
  4  3388 J8  1101  3526 J8  2340  1836 J8   401  7095 21052  4.4  4.1  0.45  0.29  -1.61 -13.12  -6.88  -5.66  53   771     0  3.4
  5  5384 J8  1019  5572 J8  2122  2520 J8   403 10007 26168  3.2  3.0  0.77  0.28   9.12  -2.95   3.91   4.60  51   473     0  3.1
  6  6545 J8  1006  7177 J8  2776  2766 J8   671 11505 31350  2.0  1.9  1.46  0.25  21.48  10.37  16.34  16.36  50    86    14  2.3
  7  6124 J8  1096  7222 J8  2790  2353 J8   628 10620 27973  2.5  2.1  1.72  0.22  21.27  11.42  16.65  16.95  52    65     4  2.0
  8  4093 J8  1155  5116 J8  2629  1754 J8   372  7969 22274  3.6  3.3  1.52  0.18  17.90   8.85  13.39  14.35  72   154     0  2.4
  9  2211 J8   812  3445 J8  2177  1046 J8   346  4811 17516  4.2  4.0  0.64  0.15   3.23  -3.72  -0.18   0.90  67   557     0  3.3
 10   851 J8   383  2206 J8  1278   413 J8   158  2072 12741  3.2  2.8  0.55  0.13  -7.40 -15.20 -10.93  -9.61  77   919     0  2.0
 11   132 J8   119   370 J8   602    99 J8    67   461  7534  5.4  5.3  0.52  0.11 -14.78 -22.84 -18.42 -17.54  76  1114     0  1.8
 12     4 J8     4    19 J9    33     4 J8     4    33  3195  6.6  6.4  0.31  0.10 -25.72 -32.54 -29.20 -29.11  80  1471     0  1.4
 13  2595 J8  2451  3189 J8  2635  1183 J8  1026  5010 16933  3.9  3.7  0.76  0.20  -1.71 -11.37  -6.25  -5.37  66  9106    17  2.2
 1993
  1    57 J8    58   107 J8   181    51 J8    49   246  6027  7.0  6.6  0.34  0.11 -20.24 -30.00 -24.86 -23.90  82  1347     0  1.8
  2   488 J8   291   895 J8  1045   341 J8   149  1434 11313  6.3  6.0  0.51  0.12 -18.14 -27.24 -22.84 -21.83  72  1148     0  1.6
  3  1760 J8   755  2317 J8  1733  1037 J8   331  3873 16204  6.9  5.4  0.48  0.13  -6.61 -19.33 -12.45 -10.21  64   970     0  2.0
  4  3784 J8   797  4992 J8  2297  1708 J8   453  7072 21021  4.4  3.7  0.65  0.14   4.64  -6.69  -0.87   0.57  55   581     0  3.3
  5  5126 J8  1383  5688 J8  2671  2238 J8   357  9991 26131  5.4  4.9  1.11  0.14  13.47   2.64   8.54   9.19  48   319     0  3.9
  6  6171 J8   815  6530 J8  2027  2624 J8   377 11504 31327  5.3  4.8  1.60  0.13  21.34  10.40  16.26  16.31  52    81     8  2.3
  7  5916 J8   834  7321 J8  1972  2179 J8   359 10635 28025  4.7  3.9  1.99  0.11  22.99  12.86  18.31  18.68  57    34    22  2.3
  8  3950 J8  1103  4971 J8  2430  1697 J8   358  7991 22307  6.2  5.5  1.55  0.09  16.88   7.81  12.40  13.37  67   187     2  2.2
  9  1981 J8   561  2846 J8  1560  1109 J8   285  4834 17546  6.4  5.8  1.01  0.07   8.59   0.50   4.62   5.78  67   413     0  2.9
 10   818 J8   462  1848 J8  1493   433 J8   181  2089 12773  6.5  5.7  0.76  0.05  -1.75  -8.34  -4.83  -3.70  78   725     0  2.0
 11   122 J8    88   302 J8   413   103 J8    69   468  7575  7.6  7.5  0.49  0.04 -15.18 -22.39 -18.43 -18.02  83  1113     0  1.3
 12     6 J8     7   126 J9   174     5 J8     6    34  3205  7.5  6.7  0.45  0.05 -17.74 -25.14 -21.26 -20.88  65  1233     0  2.1
 13  2515 J8  2361  3162 J8  2629  1127 J8   945  5014 16954  6.2  5.6  0.91  0.10   0.69  -8.74  -3.78  -2.89  66  8153    32  2.3
 1994
  1    68 J8    65   376 J8   386    51 J8    45   241  5982  6.5  6.3  0.38  0.06 -21.64 -28.98 -25.41 -25.39  68  1353     0  2.2
  2   554 J8   332  1383 J8  1435   336 J8   176  1419 11272  5.8  5.7  0.35  0.07 -21.94 -32.91 -27.44 -25.12  78  1281     0  1.0
  3  1967 J8   766  3541 J8  1934   900 J8   258  3848 16161  4.7  4.0  0.41  0.09 -11.70 -22.82 -16.85 -15.17  59  1103     0  2.2
  4  3670 J8  1113  5047 J8  2712  1608 J8   439  7046 20979  4.9  4.0  0.61  0.10   0.77  -9.51  -4.22  -2.91  53   681     0  3.7
  5  5628 J8   792  7400 J8  2145  1949 J8   437  9971 26083  4.6  4.1  1.12  0.11  14.97   3.03   9.74  10.47  45   289     0  3.0
  6  6346 J8   847  7608 J8  2608  2425 J8   502 11500 31303  5.1  4.5  1.47  0.10  18.70   9.17  14.37  14.40  54   136     4  2.5
  7  5883 J8  1080  7525 J8  2836  2058 J8   507 10650 28084  5.0  4.2  2.26  0.08  22.82  12.91  18.20  18.59  57    38    24  2.2
  8  3842 J8  1016  4702 J8  2080  1767 J8   327  8016 22349  5.7  5.3  2.09  0.07  18.95   9.76  14.67  15.58  63   141    18  2.5
  9  2063 J8   869  2988 J8  2208  1058 J8   263  4859 17583  6.8  6.2  1.06  0.05   7.23  -0.67   3.20   4.56  66   451     0  2.7
 10   770 J8   365  1615 J8  1248   458 J8   157  2107 12815  7.0  6.4  0.66  0.03  -3.32  -9.65  -6.11  -5.09  76   769     0  1.9
 11   174 J8   137   744 J8   671   123 J8    87   476  7618  6.5  6.3  0.36  0.03 -20.03 -28.51 -23.68 -22.75  73  1278     0  1.8
 12     8 J8     8   251 J9   302     5 J8     7    34  3218  6.9  6.1  0.38  0.03 -22.25 -30.02 -26.02 -25.72  74  1378     0  1.3
 13  2581 J8  2410  3598 J8  2832  1061 J8   872  5014 16954  5.8  5.3  0.93  0.07  -1.45 -10.68  -5.80  -4.88  64  8899    45  2.2
 1995
  1    68 J8    65   505 J8   535    47 J8    38   236  5941  5.7  5.4  0.44  0.04 -23.80 -31.71 -27.66 -27.30  70  1429     0  0.7
  2   520 J8   195  1191 J8   779   354 J8   139  1404 11227  6.0  5.6  0.40  0.06 -18.61 -28.96 -23.43 -21.56  65  1179     0  1.6
  3  1732 J8   593  2807 J8  1784   949 J8   341  3824 16120  6.1  5.3  0.40  0.08 -12.55 -24.31 -17.74 -15.79  66  1140     0  2.7
  4  3838 J8   931  5496 J8  2112  1579 J8   378  7019 20939  4.8  4.0  0.77  0.09   5.60  -5.94  -0.04   1.56  50   555     0  2.8
  5  5741 J8   824  7621 J8  2115  1943 J8   421  9950 26037  4.0  3.5  1.16  0.10  16.32   3.45  10.64  11.46  45   262     0  2.8
  6  6236 J8   837  7370 J8  2298  2527 J8   455 11496 31283  4.8  4.4  1.76  0.09  20.31  10.68  15.89  15.92  52    91     6  2.3
  7  5813 J8  1177  7348 J8  2840  2107 J8   470 10666 28135  5.1  4.3  2.04  0.08  20.64  11.73  16.40  16.72  58    74     7  2.7
  8  3923 J8  1094  5116 J8  2513  1642 J8   343  8041 22390  5.7  5.3  1.77  0.06  17.24   7.47  12.33  13.39  65   185     0  1.6
  9  2095 J8   867  3439 J8  2535   962 J8   314  4884 17622  6.1  5.8  1.46  0.04  13.03   3.25   8.01   9.70  63   306     0  2.5
 10   752 J8   358  1544 J8  1490   458 J8   133  2125 12856  7.2  6.7  0.73  0.03  -3.93  -9.79  -6.68  -5.63  71   781     0  2.6
 11   186 J8   128  1089 J8   955   112 J8    80   484  7662  4.5  4.4  0.41  0.02 -24.89 -31.56 -28.47 -27.46  85  1397     0  0.5
 12     7 J8     7   163 J9   225     5 J8     6    35  3230  8.5  7.5  0.35  0.03 -24.40 -32.02 -28.41 -28.33  74  1443     0  1.6
 13  2576 J8  2420  3641 J8  2839  1057 J8   882  5014 16953  5.7  5.2  0.97  0.06  -1.25 -10.64  -5.76  -4.78  64  8840    13  2.0
 1996
  1    60 J8    55   267 J9   416    49 J8    44   232  5898  7.6  7.3  0.30  0.04 -30.88 -37.16 -34.04 -33.26  88  1623     0  0.7
  2   471 J8   242   803 J8  1031   358 J8   165  1423 11269  7.3  6.9  0.31  0.06 -18.98 -28.89 -23.50 -22.15  69  1226     0  1.4
  3  1705 J8   739  2670 J8  2262   929 J8   227  3898 16240  6.1  5.6  0.44  0.08  -6.99 -20.93 -13.82 -11.60  52  1001     0  1.9
  4  3851 J8   945  5730 J8  2828  1558 J8   501  7099 21056  5.2  3.5  0.58  0.09  -1.06 -12.62  -6.52  -5.14  47   755     0  3.8
  5  5330 J8  1105  6920 J8  3003  2017 J8   536 10009 26173  5.1  3.7  1.05  0.10  13.33   0.78   7.96   8.73  40   350     0  2.5
  6  5937 J8  1270  6997 J8  3177  2469 J8   457 11506 31350  5.6  4.7  1.71  0.09  20.16   8.41  15.13  15.14  51   122     0  2.3
  7  5865 J8  1320  7559 J8  3584  2105 J8   486 10618 27966  6.1  4.0  1.97  0.08  20.73  10.58  16.15  16.54  58    86     4  2.5
  8  3917 J8  1002  5653 J8  4009  1579 J8   696  7966 22268  5.6  4.7  1.42  0.06  15.80   5.10  10.80  11.84  63   244     0  2.3
  9  2231 J8   969  3862 J8  2831   947 J8   239  4808 17508  6.9  5.4  1.04  0.04   7.66  -0.51   3.58   4.82  71   443     0  2.3
 10   950 J8   523  3284 J8  2548   333 J8   178  2069 12736  5.4  4.5  0.49  0.03  -9.65 -19.40 -14.23 -13.07  79  1019     0  1.2
 11   180 J8   111  1361 J9   933    97 J8    72   460  7529  5.2  3.5  0.57  0.02 -20.48 -27.47 -23.76 -23.08  84  1269     0  1.1
 12     9 J9     9   427 J9   399     5 J9     4    33  3194  6.5  5.6  0.35  0.03 -15.87 -28.80 -23.66 -24.46  78  1261     0  2.0
 13  2542 J8  2330  3794 J8  2723  1037 J8   885  5010 16932  6.0  4.9  0.85  0.06  -2.19 -12.58  -7.16  -6.31  65  9398     4  2.0
 1997
  1    91 J8    83   723 J9   595    57 J8    52   247  6034  6.1  3.6  0.31  0.04  -9.28 -38.05 -28.04 -31.85  85  1302     0  1.2
  2   727 J8   332  2348 J8  1102   355 J8   137  1436 11319  6.7  1.1  0.48  0.06 -19.16 -31.61 -25.28 -23.03  75  1224     0  1.5
  3  2120 J8   860  4739 J8  2750   765 J8   215  3876 16210  4.9  3.0  0.29  0.08 -10.88 -22.35 -16.63 -14.75  56  1083     0  2.7
  4  4215 J8   870  7188 J8  2610  1331 J8   441  7076 21022  3.2  2.2  0.68  0.09   3.64  -8.65  -2.29  -0.80  49   625     0  2.6
  5  5923 J8  1016  8813 J8  2870  1791 J8   494  9993 26137  3.0  2.1  1.01  0.10  13.21   0.82   7.80   8.61  47   351     0  2.5
  6  6263 J8  1685  8415 J8  4394  2176 J8   655 11504 31331  5.2  3.6  1.57  0.09  21.59   9.93  16.38  16.42  53    88    11  1.8
  7  5637 J8  1253  7523 J8  3239  2108 J8   575 10632 28015  4.8  4.0  2.15  0.08  20.74  11.02  16.35  16.72  66    83     7  2.2
  8  4008 J8  1301  5936 J8  3624  1569 J8   550  7988 22302  5.2  4.2  2.02  0.06  18.43   8.78  13.90  14.83  69   149     3  2.4
  9  2264 J8   867  4221 J8  2624   919 J8   345  4831 17538  5.7  4.9  1.35  0.04  12.40   4.05   8.15   9.53  74   303     0  2.1
 10   646 J8   365  1305 J8  1699   418 J8   195  2086 12768  7.9  6.9  0.49  0.03  -4.43 -12.35  -8.19  -6.68  81   828     0  1.9
 11   183 J8   127  1314 J8  1081    98 J8    83   467  7570  5.0  4.4  0.55  0.02 -14.83 -23.67 -18.70 -17.83  75  1127     0  1.1
 12     7 J8     9   310 J9   360     4 J8     4    34  3204  6.0  6.0  0.39  0.03 -18.55 -26.12 -22.16 -22.04  67  1261     0  1.4
 13  2674 J8  2426  4403 J8  3151   966 J8   807  5014 16954  5.3  3.8  0.94  0.06   1.07 -10.69  -4.89  -4.24  66  8425    21  1.9
 1998
  1    78 J8    77   782 J8   662    44 J8    39   242  5990  3.9  3.7  0.36  0.04 -26.48 -33.10 -30.00 -29.56  74  1492     0  1.2
  2   545 J8   348  1885 J8  1827   266 J8   127  1421 11275  4.6  4.5  0.48  0.06 -16.41 -25.77 -21.24 -19.48  66  1104     0  2.0
  3  2031 J8   672  4827 J8  2366   693 J8   308  3852 16168  2.2  2.2  0.59  0.08  -5.40 -18.75 -12.24  -9.77  59   942     0  1.6
  4  4230 J8   727  7573 J8  1940  1191 J8   386  7049 20982  2.3  2.2  0.75  0.09   7.33  -4.63   1.71   3.21  52   509     0  2.3
  5  5699 J8  1264  8604 J8  3213  1676 J8   429  9973 26089  2.8  2.7  1.30  0.10  15.46   3.61  10.13  10.80  48   274     1  3.0
  6  5957 J8  1243  7337 J8  3423  2318 J8   527 11500 31307  4.5  4.2  1.58  0.09  19.38  10.14  15.17  15.19  59   112     5  1.9
  7  5856 J8  1558  8227 J8  3961  1855 J8   537 10648 28075  4.2  3.4  2.08  0.08  22.87  12.89  18.20  18.57  64    37    23  2.1
  8  3318 J8  1003  4095 J8  3157  1663 J8   541  8013 22343  6.3  6.1  1.90  0.06  15.45   8.02  11.85  12.59  74   207     2  2.1
  9  2331 J8   874  4785 J8  2937   831 J8   278  4856 17576  4.5  4.4  1.16  0.04  10.86   1.49   6.03   7.56  71   365     0  2.2
 10  1031 J8   587  3700 J8  2632   310 J8   125  2105 12809  4.1  4.0  0.70  0.03  -2.79 -10.44  -6.67  -5.24  76   773     0  2.0
 11   175 J8   145  1066 J8  1138    96 J8    47   475  7613  6.2  5.1  0.67  0.02 -10.08 -20.50 -15.67 -15.47  74  1009     0  0.4
 12     9 J8    10   509 J9   480     4 J8     3    34  3218  4.8  4.7  0.44  0.03 -20.92 -28.86 -25.06 -24.82  72  1340     0  0.9
 13  2605 J8  2349  4449 J8  2978   912 J8   807  5014 16954  4.2  3.9  1.00  0.06   0.77  -8.82  -3.98  -3.04  66  8162    31  1.8
 1999
  1    69 J8    56   681 J8   653    43 J8    36   237  5944  4.8  4.7  0.36  0.04 -26.87 -35.30 -31.07 -30.61  83  1532     0  0.7
  2   593 J8   343  1994 J8  1377   281 J8   108  1406 11232  5.0  4.1  0.30  0.06 -26.02 -36.10 -31.16 -29.42  82  1383     0  0.2
  3  2123 J8   738  5141 J8  2311   690 J8   305  3827 16128  2.8  2.7  0.47  0.08 -11.08 -23.16 -17.17 -15.11  62  1099     0  2.4
  4  3977 J8  1169  6864 J8  3185  1250 J8   381  7023 20942  3.1  2.8  0.66  0.09   2.03  -9.59  -3.52  -2.12  55   663     0  2.5
  5  5621 J8  1703  8310 J8  4192  1688 J8   550  9953 26043  3.2  2.8  0.76  0.10  12.86   1.43   7.84   8.58  44   347     0  3.0
  6  6820 J8  1695 10529 J8  4536  1761 J8   626 11497 31285  2.7  2.5  1.49  0.09  21.69  10.77  17.05  17.07  51    85    22  2.1
  7  5821 J8  1597  7877 J8  3941  2005 J8   525 10663 28125  4.5  3.7  1.53  0.08  21.12  10.74  16.44  16.76  57    95    20  2.2
  8  4143 J8  1223  6399 J8  3373  1407 J8   442  8038 22385  4.7  4.4  2.04  0.06  18.84   8.88  13.80  14.90  71   148     9  1.7
  9  2468 J8  1031  5449 J8  3625   753 J8   340  4881 17617  3.8  3.7  1.12  0.04  11.01   0.94   5.65   7.41  70   371     0  2.0
 10   693 J8   428  1594 J8  2121   399 J8   160  2123 12851  7.4  6.8  0.72  0.03  -5.59 -11.52  -8.21  -7.45  75   833     0  2.5
 11   175 J8   128  1076 J8  1207   101 J8    82   483  7658  5.5  5.5  0.62  0.02 -19.37 -28.38 -23.08 -22.15  72  1266     0  1.1
 12     9 J8    10   384 J9   438     5 J8     7    35  3232  5.0  4.9  0.44  0.03 -18.67 -32.08 -26.14 -28.16  69  1355     0  0.9
 13  2709 J8  2493  4692 J8  3442   865 J8   727  5014 16954  4.4  4.1  0.88  0.06  -1.67 -11.95  -6.63  -5.86  66  9177    52  1.8
 2000
  1    69 J8    60   594 J8   547    49 J8    46   232  5906  5.3  5.1  0.32  0.04 -25.08 -32.49 -28.71 -28.47  86  1461     0  1.1
  2   427 J8   298   945 J8  1424   291 J8   128  1425 11273  6.9  6.9  0.44  0.06 -13.89 -20.43 -17.01 -16.04  73  1029     0  1.4
  3  1908 J8   898  4149 J8  3132   736 J8   269  3901 16247  4.0  3.9  0.43  0.08  -8.15 -19.05 -13.50 -11.57  59   990     0  2.8
  4  4366 J8   848  8008 J8  2737  1172 J8   491  7102 21057  2.0  1.8  0.52  0.09   0.84 -11.10  -4.90  -3.34  49   704     0  2.9
  5  5541 J8  1128  8002 J8  3451  1802 J8   634 10012 26178  3.2  3.1  0.83  0.10  10.15  -0.68   5.50   6.18  46   421     0  2.8
  6  6492 J8  1097  8880 J8  3100  2094 J8   496 11506 31355  3.5  3.3  1.57  0.09  21.71  10.58  16.48  16.50  53    71     6  2.1
  7  5077 J8  1473  6370 J8  3570  2200 J8   489 10615 27956  5.2  4.7  1.72  0.08  19.27   9.44  14.76  15.11  60   131     8  2.2
  8  3423 J8  1391  4730 J8  3916  1533 J8   497  7962 22264  5.5  5.3  1.36  0.06  14.01   5.07   9.78  10.66  73   272     0  2.3
  9  1957 J8   983  3276 J8  3061   919 J8   266  4805 17504  6.3  6.1  0.96  0.04   7.21  -0.44   3.32   4.36  76   448     0  1.9
 10   698 J8   436  1882 J8  2165   364 J8   182  2067 12730  6.6  6.4  0.64  0.03  -4.78 -11.56  -7.94  -6.88  84   822     0  1.4
 11   177 J8   138   980 J8  1200   108 J8    82   459  7526  6.3  6.0  0.55  0.02 -13.11 -19.20 -15.97 -15.38  83  1035     0  1.0
 12     9 J8     9   503 J9   478     4 J8     4    33  3196  4.4  4.3  0.48  0.03 -19.15 -25.45 -22.47 -22.53  73  1260     0  1.3
 13  2512 J8  2371  4027 J8  3153   939 J8   811  5010 16932  4.9  4.7  0.82  0.06  -0.91  -9.61  -5.05  -4.28  68  8643    14  1.9
 2001
  1    78 J8    69   526 J8   507    54 J8    46   247  6039  5.3  5.0  0.52  0.04 -14.94 -21.47 -17.90 -17.38  68  1133     0  1.7
  2   628 J8   356  1832 J8  1594   335 J8   157  1438 11323  5.2  5.1  0.42  0.06 -15.13 -23.12 -18.70 -17.18  69  1049     0  2.0
  3  1923 J8   800  4124 J8  3005   787 J8   370  3879 16216  3.5  3.5  0.37  0.08 -12.75 -23.70 -18.57 -16.49  56  1133     0  4.8
  4  3820 J8  1205  5938 J8  3540  1422 J8   463  7079 21026  3.9  3.5  0.55  0.09   0.52 -10.08  -4.53  -3.29  57   693     0  4.5
  5  5732 J8  1303  8149 J8  3652  1874 J8   617  9996 26142  3.5  3.0  0.73  0.10   9.10  -1.48   4.48   5.09  51   450     0  4.5
  6  6273 J8  1585  8445 J8  4328  2224 J8   709 11504 31335  3.8  3.3  1.49  0.09  19.57   9.48  15.30  15.34  54   118     4  3.3
  7  5448 J8  1431  6877 J8  4005  2214 J8   688 10630 28007  5.2  4.3  1.70  0.08  19.38  10.65  15.41  15.70  65   110     7  3.7
  8  4063 J8  1083  6370 J8  3801  1538 J8   643  7984 22298  4.1  3.8  1.64  0.06  16.50   8.06  12.27  13.29  73   187     0  3.6
  9  2799 J8   651  6537 J8  2343   763 J8   389  4827 17532  2.6  2.4  1.20  0.04  11.75   0.78   5.62   7.70  74   362     0  2.6
 10   888 J8   420  2773 J8  2271   383 J8   159  2084 12762  5.7  5.5  0.68  0.03  -3.75  -9.95  -6.78  -5.76  78   781     0  4.2
 11   185 J8   147  1235 J8  1139   104 J8    76   466  7565  4.4  4.3  0.49  0.02 -17.62 -23.67 -20.49 -19.58  74  1169     0  1.6
 12    10 J8    11   424 J9   401     5 J8     5    33  3205  4.6  4.4  0.38  0.03 -22.11 -29.88 -25.90 -25.62  78  1374     0  1.3
 13  2654 J8  2359  4436 J8  2977   975 J8   842  5014 16954  4.3  4.0  0.85  0.06  -0.79  -9.53  -4.98  -4.01  66  8559    11  3.2
 2002
  1    70 J8    62   473 J8   585    50 J8    44   242  5993  5.3  5.2  0.53  0.04 -19.06 -25.38 -22.15 -21.94  74  1257     0  1.2
  2   561 J8   373  1820 J8  1803   279 J8   102  1423 11279  4.6  4.5  0.39  0.06 -18.08 -27.76 -22.57 -20.55  69  1155     0  1.9
  3  2458 J8   656  6780 J8  1296   560 J8   192  3855 16174  0.5  0.5  0.33  0.08  -8.47 -22.65 -16.10 -13.28  53  1051     0  3.4
  4  3806 J8   922  6077 J8  3098  1399 J8   501  7053 20984  3.7  3.6  0.67  0.09  -0.58 -12.49  -6.11  -4.59  56   746     0  3.6
  5  6115 J8  1340  9240 J8  3630  1652 J8   491  9976 26094  2.7  2.5  0.93  0.10  12.63   0.12   7.25   7.96  43   371     0  3.7
  6  5959 J8  1403  7502 J8  3654  2355 J8   602 11501 31310  4.2  4.0  1.65  0.09  18.63   7.79  13.93  13.96  58   154     0  2.2
  7  5785 J8  1218  7821 J8  3493  2081 J8   617 10645 28067  4.2  3.7  2.03  0.08  20.83  10.65  16.26  16.66  60    91    11  1.8
  8  4099 J8  1329  6419 J8  3531  1392 J8   431  8009 22339  4.3  4.0  1.64  0.06  16.11   4.11  10.54  11.93  66   259     4  1.8
  9  2312 J8   897  4732 J8  3120   831 J8   333  4852 17573  4.7  4.6  1.54  0.04  11.95   1.81   6.83   8.61  70   343     0  1.5
 10   868 J8   474  2861 J8  2351   349 J8   185  2102 12805  4.7  4.5  1.00  0.03   3.37  -8.07  -3.35  -3.27  69   641     0  1.7
 11   146 J8   114   694 J8   854    99 J8    69   474  7609  5.9  5.9  0.81  0.02  -4.72 -14.51 -10.55 -10.81  74   838     0  1.8
 12     7 J8     8   312 J9   418     4 J8     4    34  3218  7.1  7.0  0.66  0.03  -2.65 -21.22 -15.00 -17.66  72   938     0  0.5
 13  2682 J8  2408  4561 J8  3191   921 J8   828  5014 16954  4.3  4.2  1.01  0.06   2.50  -8.97  -3.42  -2.75  64  7845    15  2.1
 2003
  1    83 J8    75   981 J8   738    40 J8    36   238  5952  2.5  2.5  0.42  0.04  -4.46 -32.40 -22.95 -27.48  67  1140     0  1.0
  2   547 J8   314  1761 J8  1606   283 J8   161  1408 11237  5.4  5.4  0.63  0.06 -15.01 -22.38 -18.46 -17.52  68  1037     0  1.5
  3  1857 J8   801  3849 J8  2533   769 J8   288  3830 16134  3.9  3.9  0.43  0.08 -11.48 -22.97 -16.90 -14.86  57  1102     0  1.7
  4  4399 J8   898  8038 J8  2351  1117 J8   326  7026 20942  1.5  1.4  0.70  0.09   3.13 -10.29  -3.19  -1.42  50   657     0  2.4
  5  5897 J8  1235  9298 J8  3581  1580 J8   577  9955 26047  2.6  2.6  0.98  0.10  11.71   0.65   6.69   7.37  46   377     0  3.1
  6  6966 J8  1248 10809 J8  3267  1844 J8   514 11497 31286  2.1  2.0  1.55  0.09  20.18   8.83  15.34  15.37  49   115     0  2.2
  7  5850 J8  1256  8274 J8  3467  1942 J8   491 10661 28118  4.0  3.4  1.99  0.08  20.62  10.68  16.19  16.45  55    92     8  2.5
  8  3794 J8  1306  5429 J8  3603  1489 J8   462  8034 22379  5.1  4.9  1.89  0.06  17.35   8.24  12.80  13.77  67   173     1  1.5
  9  2369 J8   749  4903 J8  2861   855 J8   334  4878 17610  4.3  4.2  1.11  0.04  10.47   1.09   5.77   7.17  66   376     0  2.1
 10   879 J8   501  2903 J8  2157   337 J8   139  2121 12848  5.2  5.1  1.14  0.03   1.07  -6.56  -2.55  -1.05  75   653     0  1.3
 11   149 J8   101   818 J8   991   101 J8    74   482  7651  6.8  6.7  0.60  0.02 -15.03 -21.17 -18.04 -17.58  75  1093     0  0.8
 12     9 J8     9   359 J9   350     4 J8     5    35  3230  5.1  5.0  0.47  0.03 -20.28 -29.50 -24.82 -24.70  75  1340     0  0.8
 13  2733 J8  2554  4785 J8  3608   864 J8   721  5014 16953  4.0  3.9  0.99  0.06   1.52  -9.65  -4.18  -3.71  62  8154    10  1.7
 2004
  1    83 J8    81   769 J8   791    43 J8    37   233  5908  4.1  4.1  0.27  0.04 -20.77 -28.80 -24.31 -23.43  72  1337     0  1.7
  2   542 J8   260  1875 J8  1472   285 J8   133  1427 11277  4.7  4.6  0.48  0.06 -19.46 -28.91 -23.72 -21.99  63  1233     0  1.4
  3  2214 J8   631  5475 J8  2078   675 J8   273  3904 16252  2.1  2.0  0.40  0.08 -13.03 -27.52 -20.02 -17.56  58  1197     0  2.0
  4  4252 J8   942  7827 J8  2581  1169 J8   444  7105 21060  2.0  1.9  0.74  0.09   3.86  -8.63  -2.06  -0.52  53   621     0  2.7
  5  5110 J8  1570  7130 J8  4422  1823 J8   613 10014 26184  4.3  3.9  1.32  0.10  14.28   2.55   9.14   9.88  51   307     0  2.3
  6  7326 J8   689 11457 J8  2510  1703 J8   515 11506 31355  1.9  1.7  1.97  0.09  25.20  12.24  19.40  19.43  49    27    38  1.9
  7  5555 J8  1697  7586 J8  4135  1861 J8   533 10613 27947  5.4  4.4  2.30  0.08  21.70  11.05  16.68  16.96  67    81    20  1.9
  8  4906 J8   890  9080 J8  2232  1062 J8   350  7959 22259  2.7  2.3  1.98  0.06  21.39   7.83  14.68  16.21  61   123     8  1.8
  9  2370 J8   935  4774 J8  3255   899 J8   429  4801 17497  4.7  4.6  0.94  0.04   6.52  -3.18   1.41   2.89  68   500     0  2.2
 10   616 J8   460  1166 J8  1847   378 J8   139  2065 12725  7.9  7.9  0.90  0.03  -2.98  -8.78  -5.59  -4.86  83   751     0  1.9
 11   142 J8   112   793 J8   936    86 J8    60   458  7521  6.9  6.8  0.59  0.02 -16.10 -23.70 -19.44 -19.10  69  1147     0  0.9
 12     9 J8     9   429 J9   400     4 J8     3    33  3194  5.4  5.4  0.45  0.03 -22.60 -31.25 -26.58 -26.38  74  1403     0  1.4
 13  2760 J8  2569  4863 J8  3797   832 J8   699  5010 16932  4.3  4.1  1.03  0.06  -0.16 -10.59  -5.03  -4.04  64  8725    66  1.8
 2005
  1    88 J8    88   905 J8   809    44 J8    42   248  6041  3.5  3.3  0.47  0.04 -25.95 -32.83 -29.23 -28.42  84  1479     0  1.0
  2   495 J8   222  1516 J8  1393   297 J8   134  1440 11328  5.5  5.4  0.51  0.06 -20.66 -30.08 -25.29 -24.10  81  1224     0  0.8
  3  1906 J8   868  4101 J8  2873   717 J8   219  3882 16220  4.3  4.3  0.57  0.08  -8.99 -20.15 -14.75 -12.86  59  1020     0  3.0
  4  4260 J8  1195  7773 J8  3222  1118 J8   324  7083 21030  2.3  2.3  0.74  0.09   3.38 -10.52  -3.22  -1.34  56   657     0  2.4
  5  5308 J8  1247  7365 J8  3420  1846 J8   546  9998 26148  3.4  3.3  1.46  0.10  17.55   4.56  11.92  12.74  52   226     0  2.4
  6  7083 J8  1150 11028 J8  3478  1810 J8   563 11505 31339  2.3  2.2  1.56  0.09  19.98   9.50  15.15  15.18  52   121    13  1.9
  7  5807 J8  1372  8142 J8  3870  1899 J8   635 10627 28001  4.6  3.9  1.87  0.08  21.97  11.06  17.12  17.48  58    74    18  1.9
  8  4291 J8  1373  6693 J8  3635  1432 J8   461  7981 22294  4.0  3.7  1.76  0.06  18.70   7.94  13.30  14.34  64   162     7  1.6
  9  1729 J8   938  2603 J8  3074   886 J8   237  4824 17527  7.2  7.1  1.53  0.04   9.90   1.85   5.89   7.20  77   374     0  1.9
 10   801 J8   458  2103 J8  2031   390 J8   150  2082 12759  6.7  6.6  0.82  0.03  -4.47 -11.90  -7.84  -6.54  76   822     0  2.6
 11   182 J8   145  1221 J8  1232    90 J8    71   466  7559  5.0  5.0  0.43  0.02 -19.46 -25.58 -22.34 -21.59  61  1226     0  2.1
 12     9 J8    10   506 J9   525     4 J8     3    33  3204  5.0  4.9  0.69  0.03 -18.03 -23.79 -20.92 -21.08  85  1216     0  0.6
 13  2663 J8  2542  4496 J8  3537   878 J8   732  5014 16954  4.5  4.3  1.03  0.06  -0.51  -9.99  -5.02  -4.08  67  8600    38  1.8
 2006
  1    82 J8    86   614 J8   640    49 J8    49   243  5998  5.3  5.2  0.32  0.04 -29.59 -35.57 -32.49 -31.91  83  1578     0  0.2
  2   612 J8   274  2294 J8  1365   288 J8   136  1425 11283  3.4  3.4  0.51  0.06 -13.07 -23.15 -17.89 -16.05  80  1020     0  1.5
  3  2105 J8   729  4946 J8  2517   725 J8   291  3858 16180  2.5  2.4  0.40  0.08 -12.55 -24.90 -18.85 -16.72  63  1149     0  1.5
  4  3880 J8  1320  6595 J8  3746  1267 J8   385  7056 20990  3.0  2.9  0.63  0.09   1.47 -12.17  -4.84  -3.22  55   710     0  2.5
  5  5561 J8  1024  7772 J8  2995  1926 J8   544  9978 26100  3.6  3.4  1.19  0.10  12.32   0.89   7.37   8.12  46   363     0  2.4
  6  6089 J8  1193  7623 J8  3251  2245 J8   551 11501 31312  4.3  4.2  1.88  0.09  20.13  11.66  16.30  16.33  50    87    14  2.2
  7  5091 J8  1374  6172 J8  3597  2279 J8   545 10643 28059  5.1  4.5  2.16  0.08  19.41  10.01  15.23  15.46  60   120     7  2.2
  8  3511 J8  1160  4512 J8  3100  1691 J8   462  8006 22334  5.7  5.5  1.82  0.06  16.36   7.49  12.13  13.06  70   199     0  1.6
  9  2383 J8   912  4419 J8  3085   940 J8   345  4849 17568  4.5  4.3  1.62  0.04  13.72   3.95   8.98  10.61  69   285     0  1.6
 10   772 J8   477  1793 J8  1949   414 J8   183  2100 12800  6.4  6.1  1.01  0.03   0.13  -5.42  -2.52  -1.50  82   650     0  1.7
 11   175 J8   103  1383 J8  1070    92 J8    72   473  7605  4.2  4.2  0.32  0.02 -22.35 -28.64 -25.48 -24.68  78  1315     0  1.0
 12     8 J8     8   473 J9   444     4 J8     3    34  3218  4.3  4.2  0.53  0.03 -19.60 -26.77 -23.03 -23.27  72  1287     0  0.3
 13  2523 J8  2258  4050 J8  2674   993 J8   866  5014 16954  4.3  4.2  1.03  0.06  -1.13 -10.22  -5.43  -4.48  67  8763    21  1.6
 2007
  1    82 J8    86   733 J8   787    43 J8    36   238  5955  4.9  4.8  0.48  0.04 -21.26 -28.95 -24.84 -24.80  79  1346     0  0.7
  2   734 J8   345  3239 J8  1339   244 J8    96  1409 11240  0.8  0.7  0.28  0.06 -21.70 -32.02 -26.56 -24.69  83  1265     0  0.7
  3  2307 J8   729  5732 J8  2036   678 J8   256  3833 16138  1.3  1.3  0.28  0.08 -12.29 -26.64 -19.14 -16.93  60  1172     0  1.9
  4  4345 J8   901  7924 J8  2368  1160 J8   377  7029 20949  1.5  1.4  0.76  0.09   5.34  -6.56  -0.50   0.98  54   568     0  2.8
  5  5557 J8  1512  8101 J8  4078  1740 J8   624  9958 26051  3.3  3.2  1.10  0.10  13.59   2.42   8.53   9.18  49   320     0  2.5
  6  6568 J8  1033  9546 J8  3122  2136 J8   601 11497 31288  2.8  2.6  1.73  0.09  22.65  10.54  17.71  17.75  49    69    17  2.3
  7  6025 J8  1292  8476 J8  3676  2007 J8   580 10658 28108  3.8  3.0  2.28  0.08  23.35  12.88  18.77  19.08  60    27    21  1.6
  8  4488 J8   956  7555 J8  3404  1355 J8   596  8031 22376  3.2  3.0  1.93  0.06  19.41   8.72  14.18  15.50  66   133     1  1.5
  9  2622 J8   895  5696 J8  2937   806 J8   302  4874 17608  3.6  3.4  1.28  0.04  10.52   0.35   5.36   6.97  65   387     0  2.0
 10   655 J8   368  1255 J8  1884   421 J8   202  2118 12842  7.8  7.7  0.75  0.03  -4.49 -11.66  -8.03  -6.92  76   819     0  1.9
 11   176 J8   127   993 J8   935   110 J8    79   481  7647  5.7  5.6  0.64  0.02 -13.67 -19.68 -16.50 -15.61  82  1050     0  1.2
 12    11 J8    13   518 J9   570     4 J8     3    35  3232  5.3  5.3  0.41  0.03 -20.78 -28.54 -24.42 -24.26  80  1333     0  0.8
 13  2798 J8  2498  4981 J8  3437   892 J8   775  5014 16953  3.7  3.5  0.99  0.06   0.06  -9.93  -4.62  -3.65  67  8489    38  1.7
 2008
  1    80 J8    84   614 J8   756    46 J8    38   234  5913  6.7  6.6  0.35  0.04 -23.73 -29.66 -26.80 -26.50  74  1396     0  1.3
  2   611 J8   337  2144 J8  1601   285 J8   126  1429 11283  4.6  4.5  0.42  0.06 -21.16 -30.93 -25.98 -24.43  78  1287     0  1.2
  3  1886 J8   832  3922 J8  2852   760 J8   283  3907 16258  4.0  3.9  0.50  0.08 -12.16 -21.80 -17.12 -15.30  54  1095     0  2.8
  4  3345 J8  1307  4557 J8  3564  1457 J8   433  7109 21064  5.5  5.4  0.85  0.09   2.70  -7.11  -2.03  -0.83  64   616     0  2.1
  5  5017 J8  1335  6443 J8  3219  1994 J8   551 10017 26188  4.6  4.3  1.13  0.10  13.21   2.53   8.32   9.00  51   324     0  3.1
  6  5628 J8  1531  7118 J8  3957  2317 J8   543 11506 31357  4.7  4.6  1.73  0.09  20.31  10.80  16.30  16.33  52    93     9  2.0
  7  4892 J8  1462  6097 J8  3660  2171 J8   457 10610 27940  5.5  4.9  2.02  0.08  19.72  10.85  15.86  16.12  63    98     4  2.2
  8  3781 J8  1145  5945 J8  4178  1418 J8   632  7955 22256  4.5  4.2  1.55  0.06  15.08   5.22  10.12  11.32  63   254     0  2.5
  9  2515 J8   931  5310 J8  2948   793 J8   286  4798 17492  4.5  4.3  1.23  0.04   9.73  -0.27   4.51   6.02  63   408     0  2.6
 10   765 J8   408  2171 J8  2177   389 J8   178  2062 12720  6.6  6.5  0.63  0.03  -9.45 -17.44 -13.17 -11.84  83   985     0  1.4
 11   155 J8   108   831 J8   859   101 J8    69   457  7514  6.8  6.7  0.56  0.02 -15.47 -22.19 -18.57 -17.95  74  1115     0  0.8
 12     9 J8     8   509 J9   438     4 J8     4    33  3193  4.4  4.2  0.39  0.03 -23.09 -32.11 -27.47 -27.61  74  1424     0  1.1
 13  2390 J8  2101  3805 J8  2448   978 J8   862  5010 16931  5.2  5.0  0.95  0.06  -2.03 -11.01  -6.33  -5.47  66  9094    13  1.9
 2009
  1    76 J8    71   684 J8   735    46 J8    40   249  6046  5.0  4.9  0.39  0.04  -5.76 -32.50 -23.85 -26.55  76  1161     0  0.8
  2   512 J8   288  1211 J8  1203   329 J8   134  1442 11333  6.5  6.4  0.49  0.06 -17.91 -26.81 -22.13 -20.56  77  1139     0  0.7
  3  2082 J8   766  4566 J8  2450   772 J8   275  3885 16226  3.4  3.3  0.38  0.08 -15.17 -25.71 -20.34 -18.53  61  1202     0  3.5
  4  4178 J8  1018  7173 J8  2961  1277 J8   450  7086 21035  2.4  2.3  0.70  0.09   2.79  -9.64  -3.35  -1.67  54   653     0  2.0
  5  5741 J8  1638  8551 J8  4297  1709 J8   566 10001 26154  2.8  2.7  0.94  0.10  14.65   2.88   9.45  10.16  40   296     0  3.0
  6  6208 J8  1300  8633 J8  3547  2216 J8   555 11505 31345  3.5  3.5  1.69  0.09  20.32  10.00  16.00  16.04  52    98     3  2.4
  7  5880 J8  1381  7950 J8  3620  1962 J8   467 10625 27991  4.6  3.9  2.18  0.08  22.24  11.82  17.42  17.72  55    46     6  1.5
  8  3359 J8  1207  3867 J8  3490  1687 J8   478  7977 22290  7.0  6.9  1.71  0.06  17.56   7.41  12.54  13.61  68   181     0  1.8
  9  2220 J8  1120  4084 J8  3735   862 J8   327  4820 17524  5.4  5.2  1.48  0.04   7.85   0.07   4.05   5.14  71   431     0  2.6
 10   911 J8   502  2859 J8  2372   365 J8   201  2079 12753  5.4  5.1  1.02  0.03  -4.89 -10.87  -7.54  -6.66  77   813     0  1.7
 11   188 J8   139  1304 J8  1022    99 J8    65   465  7556  5.1  5.1  0.43  0.02 -10.82 -20.96 -16.04 -15.91  75  1027     0  1.2
 12     8 J8     8   375 J9   364     4 J8     4    33  3203  6.0  5.8  0.58  0.03 -16.56 -28.33 -23.57 -24.58  82  1264     0  1.0
 13  2614 J8  2398  4272 J8  3130   944 J8   801  5014 16955  4.8  4.6  1.00  0.06   1.19 -10.22  -4.78  -4.32  66  8311     9  1.9
 2010
  1    77 J8    63   686 J8   578    51 J8    46   244  6004  3.7  3.6  0.38  0.04 -19.35 -28.30 -23.39 -22.86  65  1307     0  1.1
  2   617 J8   265  2281 J8  1417   295 J8   142  1427 11290  3.4  3.3  0.52  0.06 -16.62 -27.21 -21.73 -19.90  63  1127     0  0.8
  3  2092 J8   905  4813 J8  2864   698 J8   195  3861 16184  2.7  2.6  0.44  0.08  -7.71 -22.35 -14.72 -12.29  71  1034     0  2.7
  4  3882 J8   994  5894 J8  2886  1487 J8   530  7060 20993  4.0  3.6  0.76  0.09   7.73  -6.22   1.02   2.80  79   527     0  2.8
  5  5511 J8  1297  7483 J8  3396  1965 J8   562  9981 26107  4.0  3.5  1.22  0.10  17.28   2.06  10.65  11.60  54   272     3  3.3
  6  5980 J8  1464  7617 J8  3729  2359 J8   591 11501 31313  4.8  4.0  1.74  0.09  22.42   9.03  16.76  16.79  36    79     1  2.7
  7  5236 J8   994  5875 J8  3028  2474 J8   579 10641 28050  6.1  4.9  2.11  0.08  22.58  10.56  17.49  17.96  33    72    17  2.3
  8  3951 J8  1264  5631 J8  3594  1582 J8   516  8002 22331  5.3  4.7  1.99  0.06  20.44   8.57  14.87  16.28  44   132    14  2.2
  9  2566 J8   779  5770 J8  2769   783 J8   351  4846 17563  3.3  3.1  1.27  0.04   7.62  -0.80   3.46   4.46  69   448     0  1.8
 10   800 J8   458  2240 J8  2309   394 J8   193  2098 12794  6.4  6.3  0.83  0.03  -2.50  -9.15  -5.65  -4.71  76   749     0  2.3
 11   161 J8   127   665 J8   855   112 J8    72   472  7597  7.5  7.5  0.75  0.02 -10.95 -20.16 -15.57 -15.12  84  1017     0  1.6
 12     9 J8    10   403 J9   387     5 J8     6    34  3217  6.8  6.7  0.31  0.03 -18.40 -33.37 -26.56 -28.00  88  1371     0  1.3
 13  2574 J8  2272  4113 J8  2692  1017 J8   915  5014 16954  4.8  4.5  1.03  0.06   1.88  -9.78  -3.61  -2.75  64  8134    35  2.1
