722080 CHARLESTON INTL ARPT   SC  -5  N32 54  W080  2    12  1012
 1991-2010
 MO AVGLO FL SDGLO AVDIR FL SDDIR AVDIF FL SDDIF AVETR AETRN  TOT  OPQ   H2O   TAU  MAX_T  MIN_T  AVG_T  AVGDT  RH  HTDD  CLDD AVWS
  1  2689 K5   305  3862 K6   892  1024 K5    82  5507 14440  4.8  4.4  1.70  0.08  15.11   4.23   9.52  11.69  70   270     2  3.7
  2  3506 K5   373  4345 K6   928  1278 K5   122  6880 15388  4.7  4.2  1.67  0.09  16.72   5.34  10.81  13.06  69   209     3  3.8
  3  4640 K5   388  4950 K6   740  1684 K5   128  8614 16509  4.3  3.8  1.87  0.11  20.52   8.79  14.53  16.71  68   128    14  4.1
  4  5854 K5   446  5483 K6   822  2111 K5   157 10166 17596  3.8  3.2  2.15  0.15  24.33  12.66  18.36  20.52  69    45    50  4.1
  5  6283 K5   527  5250 K6   862  2509 K5   135 11150 18462  4.1  3.4  2.99  0.18  27.95  17.32  22.44  24.25  73     6   139  3.7
  6  6130 K5   521  4641 K6   941  2712 K5   196 11510 18853  4.6  3.9  4.09  0.21  30.70  21.49  25.67  27.23  77     0   233  3.4
  7  6155 K5   369  4751 K6   610  2636 K5   149 11272 18549  4.2  3.4  4.64  0.22  32.33  23.31  27.31  28.76  78     0   294  3.2
  8  5437 K5   316  4128 K6   542  2486 K5   125 10438 17702  4.4  3.7  4.57  0.21  31.52  22.95  26.70  28.12  80     0   276  3.0
  9  4536 K5   411  3836 K6   757  2075 K5   151  9072 16649  4.6  4.0  3.90  0.18  28.96  20.18  24.15  25.97  78     1   188  3.3
 10  3818 K5   463  4129 K6   968  1542 K5   111  7372 15555  4.2  3.8  2.79  0.15  24.72  14.25  19.19  21.50  77    34    70  3.2
 11  3065 K5   294  4109 K6   783  1146 K5    98  5824 14577  4.2  3.7  2.12  0.11  20.36   8.88  14.39  16.78  73   128    16  3.2
 12  2513 K5   235  3767 K6   717   963 K5    88  5071 14085  4.7  4.2  1.80  0.09  16.07   5.05  10.36  12.68  72   245     4  3.4
 13  4552 K5   214  4438 K6   530  1847 K5    96  8573 16530  4.4  3.8  2.86  0.15  24.11  13.70  18.62  20.60  74  1066  1290  3.5
 1991
  1  2057 I5  1074  2257 I6  2642  1081 I5   329  5500 14435  7.1  6.6  2.06  0.06  14.71   6.18  10.24  11.73  79   244     0  3.8
  2  3333 I5  1255  3979 I6  3004  1334 I5   438  6861 15373  5.2  4.4  1.68  0.07  18.33   6.82  12.34  14.65  69   172    11  4.1
  3  4285 I5  1579  4202 I6  3148  1764 I5   576  8587 16490  6.0  4.7  1.81  0.10  20.75  10.74  15.61  17.32  68   106    26  5.2
  4  4670 I5  1675  3486 I6  2872  2290 I5   570 10146 17580  6.8  5.8  2.59  0.14  24.28  14.95  19.20  20.89  82    21    59  4.1
  5  5112 I5  1657  3555 I6  2539  2604 I5   456 11139 18453  6.7  5.6  3.82  0.17  28.64  20.26  24.19  25.59  82     0   190  3.7
  6  5824 I5  1558  4126 I6  2313  2805 I5   496 11509 18852  5.9  4.5  4.07  0.20  30.20  21.69  25.53  26.92  77     0   228  3.7
  7  5824 I5  1340  3914 I6  2116  2910 I5   474 11280 18559  6.7  5.2  5.10  0.22  32.81  24.24  27.99  29.25  79     0   316  3.6
  8  5187 I5  1239  3169 I6  1619  2857 I5   419 10455 17718  6.7  5.4  4.80  0.25  31.69  23.53  26.87  28.24  80     0   288  3.3
  9  4714 I5  1196  3413 I6  1892  2415 I5   452  9096 16669  5.2  4.0  3.77  0.25  29.69  20.37  24.33  26.10  74     0   201  3.4
 10  3797 I5  1085  3529 I6  2426  1798 I5   483  7398 15570  4.2  3.5  2.62  0.25  25.24  14.17  19.26  21.75  73    25    68  3.7
 11  2661 I5   830  2508 I6  1541  1436 I5   252  5843 14590  5.4  4.3  1.98  0.24  18.73   7.73  12.90  15.19  68   162     9  3.6
 12  2319 I5   788  2534 I6  1725  1203 I5   265  5073 14088  5.1  4.2  2.08  0.24  17.57   7.07  12.05  14.14  67   200    14  4.1
 13  4148 I5  1313  3389 I6   655  2041 I5   684  8574 16531  5.9  4.8  3.03  0.18  24.39  14.81  19.21  20.98  75   930  1409  3.9
 1992
  1  2330 I5   974  2280 I6  2195  1275 I5   259  5492 14427  5.8  5.2  1.73  0.25  14.67   4.60   9.67  11.58  68   269     0  4.4
  2  2919 I5  1252  2364 I6  2413  1645 I5   446  6875 15381  6.3  5.3  1.88  0.27  17.70   7.77  12.30  14.33  69   165     3  4.1
  3  4436 I5  1422  3739 I6  2503  2074 I5   423  8630 16517  4.6  3.9  1.58  0.28  20.32   8.42  14.00  16.16  63   133    11  4.3
  4  5248 I5  1614  3803 I6  2468  2595 I5   589 10177 17603  4.9  4.1  2.20  0.30  22.85  12.10  17.43  19.35  67    68    43  3.9
  5  5990 I5  1991  4474 I6  3019  2720 I5   662 11155 18467  5.1  4.1  2.61  0.31  26.58  15.94  20.99  22.83  70    16   107  3.6
  6  5371 I5  1590  2963 I6  1936  3110 I5   528 11510 18852  7.0  5.9  4.18  0.32  29.13  20.98  24.64  26.03  81     0   202  3.4
  7  6127 I5  1133  4142 I6  1859  3043 I5   454 11268 18543  5.6  3.9  4.63  0.32  33.16  24.15  28.11  29.60  76     0   320  3.7
  8  4917 I5  1460  3170 I6  2179  2658 I5   363 10429 17695  7.0  5.7  4.61  0.30  31.00  22.71  26.27  27.59  82     0   264  3.3
  9  4052 I5  1326  2636 I6  2137  2353 I5   535  9058 16641  6.1  5.0  4.19  0.26  28.30  20.40  23.86  25.38  83     2   183  3.1
 10  3853 I5  1149  3917 I6  2464  1638 I5   487  7356 15551  4.8  3.9  2.50  0.21  23.75  12.89  18.05  20.34  75    40    40  3.1
 11  2368 I5  1102  2390 I6  2431  1233 I5   291  5813 14573  6.2  5.3  2.51  0.16  20.16  11.19  15.51  17.16  76   116    36  3.7
 12  2065 I5   931  2323 I6  2196  1051 I5   244  5069 14085  6.4  5.7  2.00  0.13  15.23   5.73  10.37  12.29  72   245     2  3.7
 13  4140 I5  1449  3183 I6   799  2116 I5   730  8569 16528  5.8  4.8  2.88  0.26  23.57  13.91  18.43  20.22  73  1055  1209  3.7
 1993
  1  2094 I5  1142  2140 I6  2570  1114 I5   298  5517 14447  7.4  6.4  2.20  0.12  16.54   7.42  11.84  13.46  74   200     3  3.8
  2  3072 I5  1308  3148 I6  2630  1401 I5   372  6891 15399  6.3  5.1  1.46  0.12  14.30   5.27   9.50  11.20  62   239     0  4.1
  3  4115 I5  1734  3964 I6  3182  1703 I5   448  8620 16514  6.1  5.1  1.77  0.14  18.39   8.01  12.90  14.55  67   161     2  4.6
  4  5771 I5  1684  5329 I6  2889  2155 I5   625 10171 17599  4.4  3.1  1.65  0.17  22.20  10.45  16.47  18.51  64    78    18  4.6
  5  5969 I5  1330  4406 I6  2272  2748 I5   434 11153 18465  5.6  4.5  2.85  0.21  27.50  17.30  22.13  23.89  74     2   128  3.2
  6  6302 I5  1435  4712 I6  2498  2821 I5   674 11511 18853  5.2  4.3  3.90  0.23  30.93  21.40  25.70  27.33  77     0   235  3.3
  7  6574 I5  1038  5236 I6  2049  2690 I5   599 11271 18545  4.8  3.5  4.62  0.24  34.76  24.55  28.79  30.35  76     0   351  2.8
  8  5536 I5  1033  4166 I6  2013  2637 I5   482 10434 17697  5.4  4.0  4.32  0.22  32.31  22.91  26.98  28.52  78     0   288  2.9
  9  4798 I5  1192  4104 I6  2320  2165 I5   434  9067 16643  4.5  3.8  3.94  0.19  29.97  21.18  25.11  27.05  78     2   219  2.8
 10  3047 I5  1549  2683 I6  2754  1537 I5   364  7366 15551  6.4  5.7  3.07  0.15  24.25  14.60  19.20  21.01  80    31    65  3.5
 11  2832 I5   873  3443 I6  2233  1212 I5   329  5821 14573  5.5  4.8  2.23  0.11  20.25  10.04  14.84  16.92  70   117    21  3.4
 12  2483 I5   861  3441 I6  2391  1023 I5   254  5070 14083  5.4  4.0  1.49  0.09  14.68   3.57   9.04  11.33  70   285     0  3.6
 13  4383 I5  1631  3898 I6   973  1934 I5   683  8574 16531  5.6  4.5  2.79  0.17  23.84  13.89  18.54  20.34  72  1115  1330  3.6
 1994
  1  2450 I5  1110  3127 I6  2915  1070 I5   300  5509 14442  6.2  5.4  1.58  0.08  13.39   2.60   7.98   9.90  68   320     0  3.8
  2  3212 I5  1408  3558 I6  2871  1327 I5   385  6877 15389  6.1  5.2  1.79  0.08  17.51   6.17  11.56  13.69  70   184     3  3.6
  3  4738 I5  1422  5153 I6  3041  1617 I5   506  8604 16503  5.0  4.0  1.88  0.11  22.09  10.26  16.31  18.36  64    88    22  4.1
  4  6089 I5  1008  5736 I6  2171  2202 I5   610 10159 17591  4.2  2.9  2.21  0.15  26.37  13.80  20.15  22.53  67    19    71  3.4
  5  5854 I5  1813  4662 I6  2816  2490 I5   557 11146 18459  5.3  4.1  2.77  0.18  26.94  16.19  21.40  23.11  67     8   109  3.8
  6  5478 I5  1276  3310 I6  1796  3009 I5   405 11510 18853  6.9  5.7  4.48  0.21  30.92  21.99  25.74  27.15  81     0   244  3.2
  7  5842 I5  1366  4270 I6  2334  2783 I5   483 11275 18552  5.6  4.6  4.73  0.22  31.84  23.64  27.09  28.34  79     0   292  3.1
  8  5426 I5  1203  4143 I6  2226  2575 I5   522 10444 17710  5.2  4.4  4.23  0.21  30.99  22.11  26.11  27.65  76     0   255  2.9
  9  4361 I5  1328  3439 I6  2413  2197 I5   518  9081 16653  5.6  5.0  3.59  0.18  28.69  19.57  23.63  25.55  77     0   174  2.9
 10  3129 I5  1372  2831 I6  2591  1568 I5   382  7381 15559  6.6  5.8  2.78  0.14  23.53  14.24  18.57  20.43  80    29    46  3.5
 11  2605 I5  1031  2887 I6  2298  1205 I5   282  5831 14580  5.7  5.1  2.55  0.10  22.11  11.54  16.76  18.76  73    71    26  3.8
 12  1962 I5   895  2326 I6  2155   983 I5   248  5071 14085  6.8  6.2  2.11  0.08  16.51   8.32  12.09  13.65  76   190     7  4.4
 13  4262 I5  1512  3787 I6  1022  1919 I5   708  8574 16531  5.8  4.9  2.89  0.14  24.24  14.20  18.95  20.76  73   911  1247  3.5
 1995
  1  2579 I5  1045  3617 I6  2898  1013 I5   305  5501 14436  5.1  4.2  1.57  0.06  14.82   4.66   9.63  11.65  72   267     1  4.4
  2  3054 I5  1389  3374 I6  3050  1358 I5   429  6862 15374  5.9  5.4  1.67  0.07  15.14   4.85   9.81  11.39  67   236     3  4.7
  3  4370 I5  1391  4298 I6  2941  1794 I5   573  8589 16493  5.7  4.8  1.97  0.10  21.46   9.75  15.49  17.71  70    98    14  4.0
  4  5865 I5  1540  5684 I6  3019  1994 I5   629 10147 17581  4.6  3.5  2.18  0.14  25.91  14.38  19.99  22.17  70    21    75  4.1
  5  5937 I5  1353  4714 I6  2180  2568 I5   469 11140 18453  5.5  4.1  3.08  0.17  29.55  18.84  23.99  25.77  71     1   183  4.2
  6  5544 I5  1759  3796 I6  2561  2728 I5   517 11509 18852  6.4  5.5  4.03  0.20  30.20  21.28  25.32  26.75  79     0   222  3.5
  7  6167 I5   914  4616 I6  1562  2744 I5   503 11280 18558  5.8  4.3  4.72  0.21  32.84  23.77  27.90  29.40  79     0   309  3.3
  8  5208 I5  1713  3985 I6  2771  2399 I5   539 10454 17717  5.3  4.7  4.77  0.20  31.93  23.90  27.51  28.81  79     0   297  3.8
  9  3513 I5  1475  2194 I6  2172  2079 I5   418  9095 16665  6.4  6.0  4.06  0.17  27.70  20.30  23.45  24.81  84     4   175  3.3
 10  3660 J5  1221  3902 J6  2585  1490 J5   409  7396 15569  5.3  4.8  3.35  0.14  25.41  16.38  20.69  22.60  78    26   106  3.5
 11  3235 J5   824  4706 J6  2451  1065 J5   413  5842 14589  3.9  3.3  1.85  0.10  18.12   5.97  11.99  14.43  72   202    13  3.3
 12  2635 J5   844  4252 J6  2680   864 J5   315  5073 14088  4.0  3.7  1.71  0.08  14.45   2.82   8.35  10.75  70   301     0  3.0
 13  4314 I5  1363  4095 I6   859  1841 I5   682  8574 16531  5.3  4.5  2.91  0.14  23.96  13.91  18.68  20.52  74  1156  1398  3.8
 1996
  1  2623 J5  1099  3955 J6  3042   909 J5   355  5493 14428  4.9  4.6  1.57  0.06  15.02   2.80   8.82  11.02  71   292     0  4.2
  2  3969 J5  1204  5538 J6  2772  1116 J5   356  6877 15383  3.7  3.0  1.56  0.07  17.11   4.94  10.50  12.95  65   216     4  3.8
  3  4415 J5  1597  4887 J7  3205  1511 J5   478  8632 16518  5.0  4.5  1.74  0.10  17.37   6.51  11.70  13.70  66   201     3  4.7
  4  6171 J5  1287  6223 J7  2430  1946 J5   580 10178 17605  3.3  3.0  1.90  0.14  23.66  12.02  17.67  19.81  66    62    48  4.5
  5  6927 J5   984  6641 J6  1859  2203 J5   526 11155 18467  3.0  2.5  2.98  0.18  28.93  18.12  23.19  25.03  73     9   170  3.8
  6  6530 J5   827  5135 J6  1393  2815 J5   418 11510 18852  4.3  3.6  3.77  0.20  30.42  20.68  25.30  27.03  76     0   217  3.2
  7  6989 J6   958  6247 J7  2185  2461 J6   733 11267 18544  2.6  2.2  4.63  0.21  31.78  23.30  26.93  28.19  79     0   286  3.9
  8  5880 J6  1068  4825 J7  1876  2504 J6   504 10427 17694  4.0  3.4  4.28  0.20  30.05  21.49  25.24  26.67  82     0   231  2.5
  9  4740 J5  1193  4281 J6  2402  2006 J5   473  9056 16639  4.4  4.0  3.75  0.17  28.55  19.55  23.78  25.58  80     0   172  3.2
 10  3965 J5  1175  4729 J6  2600  1391 J5   405  7354 15550  4.1  3.8  2.77  0.13  24.09  13.44  18.52  20.78  77    34    47  3.2
 11  3026 J5  1027  4301 J6  2693  1038 J5   310  5811 14571  4.4  3.9  2.07  0.10  18.30   6.71  12.46  14.65  73   184     9  3.7
 12  2435 J5   996  3935 J6  2894   843 J5   270  5069 14086  4.1  3.8  1.77  0.07  17.15   5.42  11.05  13.56  75   221     3  3.4
 13  4806 J5  1662  5058 J7   922  1729 J5   683  8569 16528  4.0  3.5  2.73  0.14  23.54  12.92  17.93  19.91  74  1219  1188  3.7
 1997
  1  2512 J5   993  3247 J6  2801  1080 J5   404  5518 14448  5.3  4.7  1.93  0.06  15.05   4.72   9.62  11.73  69   262     0  3.9
  2  3201 J5  1201  3459 J6  2608  1395 J5   405  6893 15399  6.1  5.4  2.02  0.07  18.23   7.11  12.40  14.62  76   168     9  3.3
  3  4978 J5  1356  5684 J6  2781  1532 J5   496  8621 16516  3.7  3.3  2.28  0.10  23.71  11.87  17.88  20.18  69    57    40  4.3
  4  5937 J5  1380  5815 J6  2720  2021 J5   678 10172 17601  4.4  3.5  2.08  0.14  23.16  11.30  17.14  19.29  64    62    29  4.1
  5  6386 J5  1500  5650 J6  2735  2408 J5   639 11154 18465  3.9  3.4  2.65  0.17  26.04  15.25  20.71  22.46  69    12    84  4.0
  6  5661 J5  1398  3669 J6  1852  2947 J5   440 11511 18853  6.1  5.4  3.90  0.20  27.59  19.65  23.18  24.55  83     6   165  3.6
  7  6444 J5  1087  5108 J6  1824  2686 J5   496 11270 18545  3.9  3.3  4.47  0.21  31.35  22.55  26.45  27.81  81     0   267  3.0
  8  6078 J5   835  5202 J6  1608  2376 J5   451 10433 17696  3.3  2.8  4.26  0.20  30.83  21.22  25.58  27.22  79     0   238  3.1
  9  4751 J5  1597  4455 J6  2599  1865 J5   480  9065 16642  4.3  4.0  3.81  0.17  28.89  19.91  23.96  25.80  79     0   182  2.9
 10  3600 J5  1404  3725 J6  2612  1528 J5   388  7365 15550  4.6  4.3  2.68  0.14  23.68  13.86  18.64  20.84  80    52    66  2.9
 11  3055 J5  1006  4310 J6  2530  1042 J5   301  5819 14573  4.2  3.7  2.01  0.10  18.19   7.51  12.72  14.97  77   169     4  3.1
 12  2320 J5   982  3501 J6  2894   898 J5   327  5069 14083  5.2  4.9  1.78  0.08  14.98   4.92   9.90  11.94  75   260     0  3.6
 13  4577 J5  1560  4485 J6   968  1815 J5   679  8574 16531  4.6  4.1  2.82  0.14  23.47  13.32  18.18  20.12  75  1048  1085  3.5
 1998
  1  2633 K4  1245  3693 K6  2886  1019 K4   311  5510 14443  5.4  5.2  1.82  0.06  16.21   6.49  11.07  13.09  80   222     6  3.5
  2  3386 K4  1655  4235 K6  3487  1189 K4   433  6879 15389  4.8  4.4  1.59  0.07  17.05   7.14  11.86  13.86  76   177     3  4.4
  3  4731 K4  1940  5356 K6  3414  1587 K4   520  8606 16504  4.3  4.1  1.74  0.10  18.63   8.09  13.27  15.31  69   166    12  4.0
  4  5572 K4  1913  5018 K6  3190  2131 K4   649 10161 17592  4.2  3.8  2.20  0.14  23.60  13.05  18.08  20.04  74    40    40  4.3
  5  6711 K4  1182  5630 K6  2216  2596 K4   607 11147 18459  2.9  2.3  3.03  0.17  29.16  18.48  23.64  25.49  74     0   170  3.4
  6  6998 K4   995  6154 K6  1765  2408 K4   460 11510 18854  2.6  2.1  3.69  0.20  33.57  22.73  27.81  29.53  70     0   295  3.8
  7  6303 K4  1124  4905 K6  1870  2609 K4   401 11275 18552  4.0  3.3  4.99  0.21  33.22  24.12  28.00  29.47  78     0   321  3.5
  8  5463 K4  1393  4278 K6  2158  2386 K4   447 10443 17709  4.0  3.3  4.49  0.20  31.67  22.85  26.75  28.17  78     0   277  3.1
  9  4700 K4  1662  4287 K6  2743  1951 K4   390  9079 16652  3.4  2.8  3.96  0.17  29.78  20.53  24.85  26.85  80     0   205  2.9
 10  4344 K4   882  5154 K6  2201  1537 K4   445  7379 15558  2.5  2.3  2.70  0.14  26.01  14.52  19.82  22.56  76    24    84  2.7
 11  3047 K4   884  3841 K6  2394  1274 K4   360  5830 14578  4.7  4.1  2.43  0.10  22.63  11.16  16.51  18.91  77    66    23  2.8
 12  2474 K4  1071  3661 K6  2722   967 K4   276  5071 14084  5.3  5.2  2.12  0.08  18.44   7.93  12.77  15.18  79   173    14  3.3
 13  4697 K4  1568  4684 K6   806  1804 K4   618  8574 16531  4.0  3.6  2.90  0.14  25.00  14.76  19.54  21.54  76   869  1449  3.5
 1999
  1  3023 K4   946  4712 K6  2656  1003 K4   353  5502 14438  3.8  3.6  1.58  0.06  18.40   5.57  11.74  14.41  72   202     5  3.5
  2  3902 K4  1153  5098 K6  2836  1321 K4   461  6864 15376  3.7  3.3  1.55  0.07  18.37   5.56  11.87  14.68  68   179     1  3.8
  3  4917 K4  1742  5748 K6  3165  1524 K4   459  8591 16495  2.6  2.2  1.37  0.10  19.25   6.37  12.60  15.08  63   174     3  4.2
  4  5372 K4  2068  4814 K6  3243  2060 K4   498 10149 17583  3.6  3.0  2.42  0.14  25.20  14.46  19.44  21.34  71    36    81  4.5
  5  6457 K4  1600  5413 K6  2373  2561 K4   548 11141 18453  2.8  2.5  2.52  0.17  26.90  15.65  21.09  23.06  73    11   102  3.6
  6  5584 K4  1710  3817 K6  2486  2791 K4   478 11509 18853  4.2  3.4  3.89  0.20  29.13  20.16  24.22  25.77  79     0   190  3.6
  7  6048 K4  1610  4722 K6  2364  2538 K4   350 11279 18557  2.4  2.0  4.31  0.21  32.44  23.40  27.54  28.98  80     0   297  2.9
  8  5805 K4  1228  4743 K6  1740  2357 K4   365 10452 17715  1.9  1.3  4.38  0.20  32.93  23.68  27.90  29.45  76     0   309  3.5
  9  4702 K4  1782  4213 K6  2708  1930 K4   463  9093 16665  4.0  3.5  3.70  0.17  28.66  18.55  23.43  25.42  75     3   161  4.0
 10  3762 K4  1272  3973 K6  2684  1606 K4   436  7394 15568  4.2  3.9  2.52  0.14  24.08  14.01  18.85  21.14  79    41    63  3.5
 11  3401 K4   976  4913 K6  2351  1104 K4   318  5841 14587  2.7  2.6  1.80  0.10  21.34   9.62  15.25  17.91  76    99    13  3.0
 12  2609 K4  1047  4199 K6  2826   910 K4   298  5073 14088  3.8  3.4  1.54  0.08  16.07   4.68  10.41  12.88  74   247     0  3.0
 13  4632 K4  1270  4697 K6   574  1809 K4   657  8574 16532  3.3  2.9  2.63  0.14  24.40  13.48  18.70  20.84  74   992  1227  3.6
 2000
  1  2732 K4  1135  4124 K6  2875   979 K4   294  5494 14429  4.5  4.3  1.43  0.06  14.08   2.92   8.42  10.70  74   306     1  3.7
  2  4174 K4   992  5723 K6  2299  1249 K4   408  6879 15383  2.7  2.5  1.40  0.07  18.55   4.99  11.43  14.52  70   192     1  3.4
  3  5212 K4  1433  6030 K6  2993  1609 K4   524  8634 16520  3.2  2.9  1.72  0.10  22.32   9.89  16.01  18.32  70    85    16  4.0
  4  5846 K4  1768  5491 K6  2900  2122 K4   618 10180 17607  3.6  3.3  1.91  0.14  22.91  11.06  17.11  19.15  71    57    17  4.3
  5  7095 K4  1025  6521 K6  1885  2397 K4   463 11156 18468  2.2  1.7  2.81  0.18  29.75  18.39  23.75  25.78  73     0   178  4.0
  6  6660 K4  1062  5505 K6  1803  2625 K4   385 11510 18852  3.6  3.0  4.02  0.20  31.60  21.14  25.88  27.69  77     0   241  3.5
  7  6378 K4  1254  5115 K6  1980  2569 K4   446 11266 18542  3.4  2.9  4.41  0.21  32.10  22.72  27.01  28.63  80     0   281  3.0
  8  5448 K4  1332  4113 K6  2056  2451 K4   329 10426 17693  3.7  3.1  4.22  0.20  30.87  22.47  26.00  27.36  82     0   259  2.9
  9  4133 K4  1436  3281 K6  2348  2080 K4   418  9054 16638  4.9  4.3  4.01  0.17  27.90  19.76  23.49  25.09  81     1   166  3.7
 10  4521 K4   872  5559 K6  1837  1446 K4   357  7352 15547  1.7  1.5  1.99  0.13  25.00  11.62  17.85  21.03  70    46    45  2.7
 11  3036 K4  1060  3966 K6  2545  1165 K4   373  5810 14570  4.0  3.3  2.00  0.10  18.93   6.94  13.03  15.41  73   174    12  2.9
 12  2449 K4  1112  3765 K6  2975   910 K4   243  5069 14086  4.8  4.7  1.46  0.07  11.27   0.48   5.65   7.79  66   386     0  3.5
 13  4807 K4  1559  4933 K6  1034  1800 K4   644  8569 16528  3.5  3.1  2.61  0.14  23.77  12.70  17.97  20.12  74  1246  1218  3.5
 2001
  1  2899 K4  1012  4353 K6  2666  1046 K4   359  5520 14448  4.2  3.9  1.33  0.06  14.20   1.93   7.86  10.53  65   318     0  3.4
  2  3403 K4  1558  4075 K6  3215  1285 K4   391  6895 15399  5.2  4.6  2.01  0.07  18.23   6.92  12.44  14.71  75   168     7  3.5
  3  4288 K4  2005  4442 K6  3466  1647 K4   497  8623 16518  4.8  4.2  1.75  0.10  19.00   8.35  13.44  15.31  67   153     9  4.2
  4  6060 K4  1793  5948 K6  2777  2059 K4   561 10174 17605  2.8  2.3  2.13  0.14  24.66  12.12  18.23  20.65  67    54    56  3.9
  5  6853 K4   971  6176 K6  1558  2406 K4   356 11155 18467  2.4  2.1  2.68  0.17  28.70  16.33  22.44  24.54  70     0   130  3.5
  6  5855 K4  1367  4179 K6  2128  2771 K4   493 11511 18853  4.7  3.7  3.88  0.20  30.63  21.29  25.36  26.95  82     0   229  3.4
  7  5600 K4  1489  3912 K6  2076  2684 K4   468 11270 18545  4.6  3.9  4.42  0.21  30.70  22.16  26.14  27.51  83     0   251  3.1
  8  5879 K4  1116  4707 K6  1803  2462 K4   359 10432 17694  2.9  2.4  4.25  0.20  31.57  22.47  26.68  28.28  82     0   270  3.1
  9  4440 K4  1094  3485 K6  2191  2233 K4   452  9063 16641  4.5  3.6  3.49  0.17  27.50  18.48  22.49  24.39  82     4   144  3.0
 10  4522 K4   911  5422 K6  2137  1534 K4   443  7363 15547  3.2  3.0  2.21  0.14  24.68  11.88  18.04  21.11  73    63    61  3.5
 11  3423 K4   817  4699 K6  2091  1199 K4   270  5818 14571  3.7  3.3  2.05  0.10  23.80  11.14  16.86  19.74  77    55    29  3.2
 12  2793 K4   798  4371 K6  2398  1003 K4   281  5069 14083  5.0  4.8  1.79  0.08  19.28   7.76  13.47  15.97  75   159     9  3.2
 13  4668 K4  1364  4647 K6   813  1861 K4   651  8574 16531  4.0  3.5  2.67  0.14  24.41  13.40  18.62  20.81  75   974  1195  3.4
 2002
  1  2778 K4  1029  4030 K6  2754  1053 K4   388  5511 14445  4.8  4.6  1.89  0.06  16.78   4.76  10.56  13.20  78   239     5  3.4
  2  3909 K4  1400  5239 K6  3098  1208 K4   459  6880 15393  4.3  3.7  1.49  0.07  17.24   4.64  10.74  12.97  65   211     4  3.8
  3  4896 K4  1524  5189 K6  2796  1784 K4   527  8608 16504  4.9  4.5  2.25  0.10  22.06   9.35  15.74  18.14  74   113    32  3.9
  4  5870 K4  1665  5271 K6  2899  2262 K4   625 10162 17592  4.7  4.3  2.85  0.14  26.17  15.57  20.74  22.74  72    22    98  3.9
  5  6513 K4  1568  5620 K6  2562  2456 K4   516 11148 18461  4.1  3.8  2.98  0.17  27.47  15.97  21.66  23.62  76    15   120  3.8
  6  5964 K4  1819  4536 K6  2786  2657 K4   571 11510 18853  5.3  4.9  4.01  0.20  30.60  21.17  25.49  27.07  77     0   227  3.5
  7  6388 K4  1144  5167 K6  1756  2558 K4   363 11274 18552  3.8  3.5  4.80  0.21  32.80  23.32  27.58  29.13  78     0   302  3.4
  8  5348 K4  1705  4154 K6  2417  2347 K4   440 10441 17707  5.2  4.7  4.44  0.20  30.79  21.85  25.82  27.32  80     0   248  3.0
  9  4251 K4  1365  3164 K6  2138  2221 K4   351  9077 16651  6.1  5.8  4.44  0.17  29.78  22.21  25.57  27.14  81     0   230  3.4
 10  3285 K4  1504  2873 K6  2542  1650 K4   313  7378 15557  6.6  6.4  3.72  0.14  25.34  17.47  21.03  22.66  83    11   106  2.9
 11  3099 K4  1090  4269 K6  2601  1129 K4   337  5829 14578  4.5  4.0  2.17  0.10  19.07   7.49  13.09  15.36  77   160     9  2.8
 12  2507 K4  1085  3756 K6  2788   949 K4   251  5071 14084  5.2  4.7  1.70  0.08  14.60   3.54   8.87  11.23  74   287     0  3.5
 13  4567 K4  1454  4439 K6   887  1856 K4   640  8574 16532  5.0  4.6  3.06  0.14  24.39  13.95  18.91  20.88  76  1059  1380  3.4
 2003
  1  3006 K4  1014  4814 K6  2672   953 K4   311  5503 14439  3.8  3.6  1.26  0.06  12.73   1.35   6.95   9.11  59   350     0  4.0
  2  3132 K4  1475  3741 K6  3186  1251 K4   351  6866 15376  6.0  5.6  1.85  0.07  15.90   5.09  10.26  12.28  72   220     1  3.8
  3  3734 K4  1994  3450 K6  3402  1720 K4   483  8593 16496  6.4  6.1  2.60  0.10  20.95  11.13  15.72  17.35  80    85    14  3.5
  4  5592 K4  2138  5228 K6  3346  1977 K4   481 10150 17584  4.5  4.2  2.39  0.14  23.50  12.72  17.91  19.92  76    41    34  3.6
  5  5435 K4  1819  3865 K6  2784  2671 K4   484 11142 18454  6.2  5.7  3.46  0.17  27.98  18.52  23.18  24.68  76     0   152  3.8
  6  6276 K4  1538  4871 K6  2565  2696 K4   483 11509 18853  5.1  4.5  4.17  0.20  30.30  21.24  25.60  27.17  77     0   223  3.2
  7  5447 K4  1647  3844 K6  2328  2542 K4   390 11278 18557  6.1  5.2  4.92  0.21  31.27  23.23  26.62  27.80  82     0   277  3.4
  8  5511 K4   880  4128 K6  1493  2501 K4   330 10451 17715  5.2  4.7  4.80  0.20  31.52  23.33  26.69  28.02  83     0   282  2.8
  9  4553 K4  1476  3976 K6  2430  2041 K4   415  9091 16664  4.7  4.5  3.83  0.17  27.98  19.15  23.21  25.07  79     3   160  3.5
 10  4015 K4  1368  4571 K6  2647  1519 K4   455  7392 15566  3.9  3.7  2.86  0.14  24.92  13.80  19.07  21.57  77    14    46  2.9
 11  3235 K4  1010  4634 K6  2507  1124 K4   337  5839 14587  3.6  3.4  2.48  0.10  22.99  10.24  16.38  19.11  74    87    35  3.2
 12  2704 K4  1037  4536 K6  2821   869 K4   276  5073 14088  3.8  3.8  1.42  0.08  14.93   2.02   8.15  11.09  69   305     0  3.2
 13  4387 K4  1234  4305 K6   544  1822 K4   682  8574 16531  4.9  4.6  3.00  0.14  23.75  13.48  18.31  20.27  75  1105  1225  3.4
 2004
  1  2957 K4  1041  4608 K6  2700  1006 K4   342  5495 14429  3.6  3.4  1.52  0.06  14.07   1.89   7.73  10.14  66   324     3  3.6
  2  3473 K4  1569  4483 K6  3289  1206 K4   369  6881 15385  6.0  5.6  1.94  0.07  13.94   3.80   8.73  10.46  79   276     2  4.3
  3  5221 K4  1345  6004 K6  2561  1714 K4   471  8636 16522  3.0  2.7  1.89  0.10  22.01   8.78  15.28  18.02  67   107    16  4.2
  4  6419 K4  1236  6340 K6  2351  2038 K4   567 10181 17607  2.9  2.6  2.05  0.14  24.61  11.83  18.08  20.55  71    50    46  4.1
  5  6752 K4  1332  5904 K6  2175  2533 K4   560 11157 18471  3.6  3.4  3.34  0.18  29.39  19.11  23.87  25.76  76     4   187  3.7
  6  6005 K4  1491  4378 K6  2108  2777 K4   383 11510 18853  5.8  5.2  4.65  0.20  31.04  22.52  26.37  27.77  79     0   254  3.7
  7  6251 K4  1151  4922 K6  1914  2576 K4   378 11266 18542  4.5  4.0  4.82  0.21  32.62  23.46  27.37  28.85  79     0   301  3.0
  8  4904 K4  1562  3335 K6  2318  2528 K4   450 10424 17692  5.8  5.4  4.63  0.20  29.96  22.14  25.59  26.87  81     0   239  3.5
  9  3776 K4  1403  2724 K6  2370  2090 K4   416  9052 16638  6.2  5.9  4.35  0.17  28.18  20.89  24.21  25.61  81     0   186  4.7
 10  3445 K4  1217  3228 K6  2265  1701 K4   403  7350 15545  5.2  5.0  3.22  0.13  24.87  16.07  20.24  22.11  83    15    81  2.8
 11  3193 K4  1051  4337 K6  2665  1164 K4   360  5809 14569  4.5  4.3  2.34  0.10  21.36   9.71  15.30  17.76  76   113    30  3.1
 12  2774 K4   787  4444 K6  2275   982 K4   285  5068 14086  4.0  3.7  1.65  0.07  15.73   3.92   9.66  12.43  73   272     8  3.4
 13  4598 K4  1490  4559 K6  1126  1860 K4   660  8569 16528  4.6  4.3  3.03  0.14  23.98  13.68  18.54  20.53  76  1161  1354  3.7
 2005
  1  3174 K4   884  5206 K6  2368   944 K4   288  5521 14450  5.4  5.1  1.95  0.06  15.84   5.02  10.07  12.26  72   250     5  3.7
  2  3288 K4  1419  3828 K6  3200  1332 K4   459  6897 15400  5.8  5.5  1.92  0.07  16.65   5.11  10.58  12.94  73   210     2  3.4
  3  4408 K4  1755  4694 K6  3287  1614 K4   483  8625 16519  4.4  4.1  1.86  0.10  19.14   7.08  13.18  15.20  69   169     7  4.3
  4  6064 K4  1861  5860 K6  3191  2008 K4   588 10175 17607  3.7  3.4  1.91  0.14  23.54  11.09  17.10  19.34  62    56    25  4.2
  5  6273 K4  1875  5237 K6  2771  2464 K4   542 11155 18469  4.5  4.3  2.89  0.17  26.42  15.50  20.84  22.60  75    15    96  3.4
  6  5548 K4  1844  3812 K6  2628  2769 K4   469 11511 18853  5.8  5.4  4.45  0.20  29.59  22.04  25.47  26.80  83     0   225  3.5
  7  6098 K4  1343  4665 K6  2094  2625 K4   407 11269 18545  4.8  4.3  5.05  0.21  32.81  24.13  28.07  29.47  81     0   314  3.0
  8  5079 K4  1265  3614 K6  1871  2514 K4   323 10430 17690  5.3  4.8  5.20  0.20  31.51  23.81  27.17  28.46  84     0   289  2.6
  9  4800 K4  1514  4362 K6  2438  2024 K4   420  9061 16639  4.1  3.8  4.06  0.17  30.51  21.73  25.78  27.66  77     0   234  3.8
 10  3706 K4  1319  4043 K6  2603  1537 K4   463  7361 15547  4.4  4.2  2.98  0.14  24.82  14.72  19.42  21.63  79    52    96  3.4
 11  3327 K4   968  4594 K6  2407  1180 K4   296  5817 14569  4.5  4.2  2.21  0.10  21.42   9.52  15.39  17.87  73   104    19  3.3
 12  2780 K4   914  4561 K6  2526   901 K4   238  5069 14084  4.4  4.2  1.65  0.08  15.24   3.62   9.19  11.55  70   276     0  3.7
 13  4545 K4  1273  4540 K6   667  1826 K4   668  8574 16531  4.7  4.4  3.01  0.14  23.96  13.61  18.52  20.48  75  1132  1312  3.5
 2006
  1  2909 K4  1071  4462 K6  2921  1014 K4   369  5512 14446  3.7  3.3  1.91  0.06  17.88   6.41  12.17  14.63  69   192     0  3.6
  2  3370 K4  1576  4258 K6  3218  1234 K4   374  6882 15394  4.0  3.7  1.75  0.07  15.98   4.05  10.08  12.57  66   233     0  3.5
  3  4873 K4  1353  5245 K6  2511  1767 K4   519  8610 16507  2.9  2.6  1.74  0.10  20.06   7.74  13.90  16.34  59   148    11  4.1
  4  6431 K4  1239  6424 K6  2414  2054 K4   570 10164 17595  2.2  1.7  2.19  0.14  26.48  13.44  19.77  22.30  63    29    78  4.0
  5  6463 K4  1608  5564 K6  2681  2436 K4   523 11149 18461  3.4  3.1  2.78  0.17  27.73  16.79  21.99  23.84  66     7   128  3.6
  6  6643 K4  1507  5637 K6  2136  2556 K4   494 11511 18853  3.2  2.7  3.84  0.20  30.40  20.95  25.52  27.25  71     0   220  3.4
  7  6414 K4  1001  5264 K6  1701  2547 K4   420 11273 18548  2.9  2.4  4.33  0.21  32.43  22.88  27.18  28.82  73     0   289  2.9
  8  5446 K4  1599  4368 K6  2066  2355 K4   419 10440 17704  3.7  3.1  5.00  0.20  32.31  23.69  27.40  28.83  77     0   300  3.0
  9  5069 K4  1171  4811 K6  2029  1990 K4   428  9075 16651  3.5  3.2  3.66  0.17  28.73  19.31  23.70  25.73  75     0   171  2.9
 10  3858 K4  1442  4343 K6  2906  1480 K4   415  7376 15556  3.3  3.0  2.66  0.14  24.22  12.52  18.31  20.83  71    54    55  2.8
 11  3233 K4  1127  4600 K6  2463  1091 K4   246  5828 14578  3.3  2.9  1.96  0.10  20.20   8.14  13.85  16.39  73   131     7  3.2
 12  2664 K4   900  4057 K6  2581  1024 K4   344  5071 14084  3.7  3.5  2.17  0.08  19.14   7.75  13.18  15.87  72   156     4  2.7
 13  4781 K4  1521  4919 K6   711  1796 K4   610  8574 16531  3.3  2.9  2.83  0.14  24.63  13.64  18.92  21.12  70   950  1263  3.3
 2007
  1  2579 K4  1177  3640 K6  2906  1025 K4   292  5504 14440  3.7  3.3  2.03  0.06  16.59   5.96  11.30  13.33  67   222     4  3.2
  2  3920 K4  1428  5246 K6  2954  1191 K4   372  6868 15379  2.5  2.4  1.52  0.07  15.65   3.97   9.76  12.02  60   239     0  3.2
  3  5061 K4  1372  5494 K6  2737  1784 K4   538  8595 16496  2.8  2.3  2.17  0.10  22.65   9.30  15.66  18.42  65    90    17  3.5
  4  6309 K4  1387  6067 K6  2475  2168 K4   531 10152 17584  2.2  1.7  2.06  0.14  24.44  11.13  17.81  20.25  57    67    51  4.2
  5  6627 K4  1665  5976 K6  2578  2356 K4   489 11142 18454  2.9  2.6  2.69  0.17  27.67  15.86  21.64  23.79  67     2   108  4.0
  6  6118 K4  1794  4868 K6  2440  2605 K4   511 11510 18853  3.5  2.9  4.04  0.20  30.49  20.95  25.41  27.05  73     0   222  3.5
  7  5679 K4  1614  4238 K6  2348  2547 K4   365 11278 18556  3.9  3.1  4.61  0.21  31.50  22.36  26.50  28.00  73     0   267  3.1
  8  5688 K4  1432  4512 K6  1980  2411 K4   297 10450 17714  3.2  2.6  4.95  0.20  33.17  24.19  28.20  29.62  76     0   321  2.8
  9  4804 K4  1498  4506 K6  2494  1938 K4   352  9089 16663  3.4  3.0  3.82  0.17  29.71  20.60  24.60  26.60  75     0   205  3.4
 10  3581 K4  1446  3568 K6  2731  1614 K4   438  7390 15565  4.2  3.6  3.43  0.14  26.38  17.32  21.54  23.56  77    11   120  3.4
 11  3484 K4   907  5115 K6  2270  1092 K4   287  5838 14585  2.5  2.2  1.97  0.10  20.52   7.98  13.90  16.58  63   130     8  3.4
 12  2696 K4   813  4075 K6  2332  1029 K4   280  5073 14088  4.0  3.6  2.20  0.08  19.93   7.87  13.48  16.00  72   145     8  3.1
 13  4712 K4  1422  4776 K6   833  1813 K4   614  8574 16531  3.2  2.8  2.96  0.14  24.89  13.96  19.15  21.27  69   906  1329  3.4
 2008
  1  2889 K4  1076  4405 K6  2840   997 K4   317  5496 14431  3.9  3.6  1.68  0.06  14.89   3.89   9.07  11.58  65   280     3  3.5
  2  3768 K4  1254  5045 K6  2799  1270 K4   420  6883 15386  3.2  2.9  1.74  0.07  19.28   6.64  12.82  15.42  65   161     5  3.9
  3  4975 K4  1568  5503 K6  3157  1688 K4   542  8637 16523  2.9  2.5  1.76  0.10  21.08   8.26  14.68  17.01  64   122     9  4.4
  4  5465 K4  1851  4727 K6  2868  2243 K4   465 10183 17609  4.3  3.8  2.34  0.14  24.03  12.27  17.85  19.98  70    47    41  4.0
  5  6642 K4  1387  5733 K6  2266  2457 K4   440 11158 18472  2.9  2.4  2.75  0.18  27.49  16.49  21.85  23.71  68     3   116  4.0
  6  6982 K4  1097  6198 K6  1821  2356 K4   347 11510 18853  2.3  1.9  3.82  0.20  32.44  22.01  26.53  28.37  73     0   267  3.4
  7  5847 K4  1110  4281 K6  1735  2654 K4   338 11265 18540  3.3  2.7  4.45  0.21  31.78  22.41  26.53  28.02  75     0   272  3.2
  8  5190 K4  1473  3637 K6  2182  2534 K4   465 10423 17688  4.1  3.3  4.55  0.20  31.37  23.03  26.55  27.89  78     0   275  3.4
  9  4599 K4  1487  3932 K6  2324  2054 K4   399  9051 16637  3.9  3.5  3.85  0.17  28.83  20.13  24.01  25.85  76     1   186  3.7
 10  4029 K4  1499  4899 K6  2825  1369 K4   349  7349 15543  2.8  2.5  2.29  0.13  23.52  12.52  17.56  20.09  72    64    54  3.4
 11  3086 K4  1206  4402 K6  2743  1041 K4   289  5808 14569  3.2  2.8  1.83  0.10  18.09   6.91  12.38  14.80  69   182     7  3.6
 12  2603 K4   903  3880 K6  2653  1011 K4   288  5068 14085  4.1  3.8  2.03  0.07  18.93   7.85  13.36  15.86  72   163    10  3.5
 13  4673 K4  1440  4720 K6   789  1806 K4   646  8569 16528  3.4  3.0  2.76  0.14  24.31  13.54  18.60  20.71  71  1022  1245  3.7
 2009
  1  2569 K4  1194  3703 K6  3129   999 K4   342  5522 14450  4.4  4.0  1.68  0.06  13.95   4.02   9.07  10.97  68   290     0  3.6
  2  3971 K4  1257  5497 K6  2890  1150 K4   415  6898 15401  2.7  2.3  1.30  0.07  16.09   3.73   9.88  12.43  59   236     0  3.8
  3  4587 K4  1829  4980 K6  3499  1627 K4   523  8627 16521  4.0  3.7  2.03  0.10  20.03   8.48  14.12  16.35  72   138    12  3.9
  4  5869 K4  1972  5667 K6  3118  1985 K4   576 10177 17608  2.8  2.3  2.00  0.14  23.55  12.39  18.01  20.01  70    44    33  4.2
  5  5596 K4  1659  4157 K6  2345  2671 K4   527 11156 18469  4.3  3.7  3.64  0.17  27.45  18.11  22.48  23.97  79     9   147  4.3
  6  6574 K4  1220  5350 K6  1974  2600 K4   397 11512 18853  2.8  2.4  4.11  0.20  31.80  22.22  26.51  28.11  76     0   260  2.8
  7  6281 K4  1297  5069 K6  2179  2533 K4   445 11268 18543  2.7  2.1  4.18  0.21  31.68  22.36  26.60  28.15  75     0   270  3.2
  8  5397 K4  1444  4184 K6  2198  2431 K4   406 10429 17690  3.0  2.2  4.41  0.20  31.62  23.22  26.75  28.17  80     0   282  2.5
  9  5041 K4  1301  4698 K6  2345  2011 K4   351  9060 16639  3.0  2.7  3.99  0.17  29.14  19.97  24.15  26.09  75     0   187  3.0
 10  3456 K4  1503  3437 K6  2651  1554 K4   357  7359 15545  4.6  4.2  3.26  0.14  24.46  14.74  19.35  21.24  79    37    76  3.0
 11  2736 K4  1334  3512 K6  2878  1092 K4   280  5816 14569  4.2  3.9  2.13  0.10  20.22   9.70  14.53  16.67  78   106     5  2.9
 12  2259 K4  1001  3087 K6  2504  1013 K4   262  5069 14084  4.3  3.3  2.05  0.08  15.43   5.65  10.35  12.00  73   245     3  3.6
 13  4528 K4  1504  4445 K6   884  1806 K4   653  8574 16531  3.6  3.1  2.90  0.14  23.78  13.72  18.48  20.35  74  1106  1276  3.4
 2010
  1  2992 K4  1152  4867 K6  2919   895 K4   293  5513 14446  2.9  2.7  1.34  0.06  12.38   1.46   6.65   8.82  63   354     0  3.5
  2  3663 K4  1596  5015 K6  3358  1104 K4   386  6884 15394  3.2  2.8  1.27  0.07  13.16   2.13   7.39   9.59  65   299     0  3.6
  3  4571 K4  1846  4938 K6  3349  1618 K4   522  8612 16510  4.0  3.2  1.52  0.10  19.12   7.48  12.99  15.32  65   156     0  3.5
  4  6455 K4  1419  6720 K6  2415  1903 K4   554 10165 17597  1.8  1.6  1.80  0.14  25.52  12.99  19.06  21.56  67    21    48  3.6
  5  6069 K4  1817  5104 K6  2584  2435 K4   492 11150 18461  3.9  3.0  3.38  0.17  28.70  19.32  23.75  25.40  75     1   177  3.5
  6  6687 K4  1128  5803 K6  1784  2398 K4   378 11511 18853  2.1  1.9  4.82  0.20  33.06  23.75  27.82  29.37  75     0   302  2.8
  7  6397 K4  1391  5391 K6  2190  2412 K4   426 11273 18548  2.9  2.3  4.59  0.21  32.81  23.53  27.75  29.32  78     0   305  3.0
  8  5349 K4  1141  4121 K6  1829  2446 K4   308 10439 17702  3.8  3.4  4.89  0.20  32.34  24.37  27.86  29.22  81     0   311  2.7
  9  4920 K4  1597  4762 K6  2262  1854 K4   392  9073 16650  2.9  2.5  3.67  0.17  30.72  20.96  25.47  27.59  77     0   225  2.4
 10  4782 K4   854  6187 K6  1761  1336 K4   262  7374 15555  2.0  1.7  2.16  0.14  26.13  14.25  19.78  22.64  72    18    76  3.0
 11  3217 K4  1143  4743 K6  2590  1041 K4   220  5826 14578  3.6  3.4  1.83  0.10  20.86   8.26  14.17  16.95  73   123    10  2.8
 12  2728 K4  1070  4631 K6  2787   837 K4   220  5071 14085  4.2  3.7  1.25  0.08  11.91  -0.04   5.73   8.04  62   384     0  3.4
 13  4819 K4  1420  5190 K6   726  1690 K4   638  8574 16532  3.1  2.7  2.71  0.14  23.89  13.21  18.20  20.32  71  1356  1455  3.2
