722108 SOUTHWEST FLORIDA I    FL  -5  N26 32  W081 45     9  1012
 1991-2010
 MO AVGLO FL SDGLO AVDIR FL SDDIR AVDIF FL SDDIF AVETR AETRN  TOT  OPQ   H2O   TAU  MAX_T  MIN_T  AVG_T  AVGDT  RH  HTDD  CLDD AVWS
  1  3583 K6   361  4734 K7  1104  1259 K6   166  6545 15045  4.0  3.8  2.31  0.08  23.36  11.73  17.18  19.89  76    67    43  3.5
  2  4420 K6   396  5189 K7  1009  1499 K6   194  7772 15738  3.9  3.7  2.34  0.09  24.57  12.63  18.25  20.97  74    41    49  3.6
  3  5315 K6   383  5352 K7   836  1896 K6   183  9234 16545  3.9  3.6  2.44  0.12  26.47  14.55  20.28  22.74  72    19    87  3.8
  4  6140 K6   601  5525 K7  1070  2240 K6   177 10432 17316  3.5  3.3  2.68  0.16  28.57  16.53  22.36  24.87  71     4   131  3.6
  5  6431 K6   478  5256 K7   753  2561 K6   175 11103 17923  3.5  3.1  3.34  0.19  31.19  19.51  25.09  27.19  73     0   218  3.2
  6  5826 K6   491  4095 K7   827  2731 K6   265 11311 18185  4.7  3.9  4.53  0.22  32.26  22.49  26.60  28.26  79     0   271  2.8
  7  5675 K6   458  3902 K7   769  2703 K6   281 11150 17949  4.3  3.7  4.71  0.23  32.65  23.51  27.24  28.74  80     0   302  2.4
  8  5446 K6   461  3976 K7   730  2497 K6   261 10585 17329  4.3  3.5  4.88  0.22  32.70  23.78  27.31  29.04  81     0   307  2.5
  9  4826 K6   457  3754 K7   822  2269 K6   226  9563 16572  4.5  3.8  4.74  0.19  31.79  23.45  26.74  28.55  81     0   279  2.9
 10  4422 K6   407  4334 K7   872  1822 K6   138  8170 15794  3.8  3.4  3.73  0.15  29.83  20.45  24.58  26.73  77     1   212  3.4
 11  3759 K6   387  4519 K7  1021  1389 K6   157  6820 15106  3.5  3.3  2.77  0.12  26.66  16.08  20.89  23.18  76    13   104  3.5
 12  3291 K6   301  4292 K7   907  1240 K6   143  6139 14772  4.1  3.9  2.49  0.09  24.13  13.16  18.17  20.84  77    47    57  3.4
 13  4928 K6   290  4577 K7   670  2009 K6   164  9069 16523  4.0  3.6  3.41  0.16  28.68  18.16  22.89  25.09  76   192  2059  3.2
 1991
  1  3365 J8   933  4080 J8  2381  1304 J8   404  6538 15041  5.0  4.4  2.97  0.07  25.25  15.56  19.94  22.14  82    22    86  3.4
  2  4258 J8  1175  4912 J8  2736  1487 J8   463  7756 15728  4.2  3.7  2.49  0.08  24.53  13.33  18.58  21.24  74    35    52  4.1
  3  4950 J8  1430  4837 J8  2745  1836 J8   487  9212 16528  4.5  4.1  2.57  0.11  26.69  15.25  20.83  23.24  77    17    99  4.1
  4  6080 J8   989  5379 J8  1970  2250 J8   492 10417 17303  4.0  3.5  3.24  0.15  29.79  18.91  23.72  26.09  79     0   181  3.4
  5  6074 J8  1069  4630 J8  2171  2678 J8   662 11096 17914  4.9  4.0  3.88  0.19  31.00  21.04  25.41  27.13  80     0   238  3.0
  6  6092 J8   871  4032 J8  1590  3031 J8   495 11310 18183  5.8  4.5  4.52  0.21  31.88  22.38  26.32  27.98  81     0   264  2.8
  7  5648 J8  1185  3450 J8  1830  3024 J8   458 11155 17954  5.9  4.9  4.71  0.23  32.08  23.32  26.69  28.08  83     0   290  2.3
  8  6041 J8   658  4417 J8  1326  2732 J8   551 10598 17342  4.8  3.6  4.69  0.26  32.62  23.74  27.33  29.17  81     0   305  2.3
  9  5399 J8   666  4084 J8  1483  2561 J8   537  9582 16584  4.6  3.6  4.64  0.27  31.89  22.76  26.38  28.46  81     0   270  2.5
 10  4117 J8   995  3171 J8  1995  2127 J8   462  8193 15810  4.8  4.3  4.00  0.26  29.28  20.12  24.05  26.16  80     0   197  3.1
 11  3270 J8   943  2855 J8  1823  1722 J8   306  6836 15117  4.8  4.2  2.88  0.25  25.28  14.56  19.39  21.68  76    29    76  3.5
 12  3032 J8   705  2939 J8  1647  1529 J8   297  6141 14773  4.2  3.8  2.77  0.25  25.22  14.02  18.77  21.68  78    25    65  3.2
 13  4861 J8  1199  4065 J8   820  2190 J8   613  9070 16523  4.8  4.1  3.61  0.19  28.79  18.75  23.12  25.25  79   128  2125  3.1
 1992
  1  2792 J8   914  2187 J8  1836  1654 J8   326  6531 15037  5.3  4.9  2.55  0.26  22.49  10.63  16.27  18.90  78    75    20  3.7
  2  3715 J8   901  2744 J8  1725  2079 J8   319  7768 15734  5.4  4.7  2.42  0.27  24.72  13.24  18.54  21.26  78    30    49  3.9
  3  5030 J8  1308  3955 J8  2116  2336 J8   504  9246 16550  4.4  3.8  2.34  0.28  25.55  13.49  19.34  21.82  76    19    56  3.6
  4  5313 J8  1605  3681 J8  2356  2592 J8   480 10439 17318  4.9  4.7  2.78  0.30  26.85  15.94  21.05  23.26  75    14   106  3.7
  5  6593 J8   889  4819 J8  1787  2970 J8   630 11105 17924  3.4  2.9  2.65  0.32  29.62  16.16  22.97  25.44  72     2   143  3.5
  6  5674 J8  1201  3122 J8  1741  3309 J8   504 11310 18185  6.2  5.1  4.95  0.33  31.07  22.44  26.17  27.72  83     0   253  3.2
  7  6361 J8   958  4416 J8  1850  2989 J8   595 11147 17949  3.4  2.9  4.12  0.33  33.27  23.38  27.44  29.08  80     0   310  2.4
  8  5609 J8  1115  3526 J8  1750  2955 J8   523 10579 17326  5.5  4.1  4.67  0.31  32.28  23.04  26.48  28.25  83     0   289  2.6
  9  5047 J8   713  3131 J8  1376  2829 J8   469  9553 16568  5.6  4.2  4.54  0.27  31.92  22.82  26.20  28.22  83     0   271  2.6
 10  4442 J8   779  3958 J8  1928  1999 J8   500  8157 15790  4.6  3.8  3.18  0.21  28.68  18.74  23.17  25.52  78     0   167  3.5
 11  3377 J8   943  3301 J8  2045  1621 J8   338  6809 15106  5.1  4.5  3.43  0.17  27.31  17.83  21.94  24.09  80    15   142  4.3
 12  3201 J8   570  3554 J8  1475  1447 J8   263  6138 14775  4.3  3.7  2.38  0.14  25.15  13.05  18.47  21.61  80    29    53  3.2
 13  4763 J8  1256  3533 J8   715  2398 J8   630  9065 16522  4.8  4.1  3.33  0.26  28.24  17.56  22.34  24.60  79   184  1859  3.3
 1993
  1  3111 J8   837  3025 J8  1996  1536 J8   339  6554 15049  5.4  5.0  3.04  0.12  25.83  15.79  20.09  22.52  81    15    91  3.7
  2  4204 J8   933  4471 J8  2074  1613 J8   375  7783 15745  4.0  3.7  2.22  0.12  23.43  11.55  17.35  20.08  74    44    21  4.2
  3  4767 J8  1356  4192 J8  2642  2058 J8   537  9239 16554  5.2  4.6  2.35  0.14  25.19  13.53  18.98  21.35  75    27    59  4.2
  4  6095 J8  1678  5475 J8  2830  2205 J8   596 10436 17322  3.4  3.0  1.99  0.18  27.07  14.01  20.63  23.42  69     4    70  3.9
  5  6296 J8  1109  4958 J8  2214  2702 J8   562 11105 17927  4.3  3.6  3.17  0.22  30.42  17.84  24.08  26.33  71     0   180  3.7
  6  6301 J8  1201  4584 J8  2123  2841 J8   634 11312 18186  4.3  3.7  3.98  0.24  33.24  21.51  26.65  28.74  77     0   271  2.7
  7  6048 J8  1120  4267 J8  1821  2846 J8   472 11149 17949  5.1  4.1  4.64  0.25  32.97  23.07  27.05  28.75  81     0   300  2.1
  8  5839 J8  1365  4267 J8  2192  2699 J8   530 10582 17326  5.0  3.8  4.47  0.24  33.07  23.27  27.40  29.35  80     0   305  2.7
  9  5384 J8   746  4533 J8  1616  2249 J8   449  9559 16568  4.5  3.3  4.57  0.20  32.89  23.01  26.92  29.26  79     0   289  2.9
 10  4155 J8  1052  3483 J8  2019  1976 J8   398  8165 15786  5.4  4.6  4.16  0.16  29.84  21.08  24.81  26.76  82     1   222  3.1
 11  3419 J8  1069  3678 J8  2228  1444 J8   324  6816 15100  4.8  4.3  3.28  0.12  26.37  16.72  21.14  23.04  80    15   112  3.9
 12  3229 J8   874  4160 J8  2242  1218 J8   298  6138 14771  3.5  3.3  2.32  0.09  22.89  10.47  16.29  19.29  77    70    19  3.7
 13  4904 J8  1244  4258 J8   652  2116 J8   575  9070 16524  4.6  3.9  3.35  0.17  28.60  17.65  22.62  24.91  77   176  1939  3.4
 1994
  1  3015 J8   907  2956 J8  2243  1517 J8   365  6547 15046  6.0  5.5  2.47  0.08  23.00  12.57  17.37  19.72  81    54    38  4.4
  2  4133 J8  1060  4402 J8  2485  1581 J8   433  7770 15738  5.1  4.4  2.63  0.09  26.10  15.43  20.09  22.66  80    18    86  3.9
  3  5282 J8  1100  5250 J8  2172  1889 J8   495  9226 16540  4.0  3.5  2.67  0.11  26.39  14.40  20.17  22.70  76    22    86  4.0
  4  5779 J8  1016  4657 J8  2118  2503 J8   516 10427 17315  4.5  3.8  3.13  0.15  29.87  18.19  23.36  25.96  78     0   171  3.7
  5  6502 J8   987  5318 J8  1846  2553 J8   488 11101 17921  4.1  3.4  3.51  0.19  31.49  19.74  25.25  27.40  74     0   226  2.9
  6  6112 J8  1021  4290 J8  1900  2851 J8   538 11311 18185  6.2  4.9  4.65  0.22  32.84  22.52  26.54  28.41  82     0   280  2.9
  7  5959 J8   898  4120 J8  1686  2883 J8   556 11152 17950  5.6  4.4  4.43  0.23  32.57  22.01  26.12  27.94  82     0   278  2.8
  8  5606 J8  1000  3738 J8  1713  2864 J8   470 10589 17330  5.5  4.4  4.60  0.22  32.63  22.67  26.54  28.59  83     0   289  2.8
  9  4519 J8  1314  3013 J8  1999  2408 J8   391  9570 16576  6.7  5.6  4.77  0.19  31.34  22.85  25.93  27.70  86     0   263  2.9
 10  4594 J8   786  4585 J8  1909  1814 J8   473  8178 15798  4.2  3.7  3.77  0.15  30.07  20.57  24.66  26.92  81     0   217  3.4
 11  3538 J8  1064  4189 J8  2416  1322 J8   394  6826 15108  4.3  3.9  3.18  0.11  27.96  18.31  22.53  24.66  82     0   145  4.2
 12  3000 J8   634  3318 J8  1610  1402 J8   306  6140 14772  5.0  4.4  2.65  0.08  24.45  14.80  18.87  21.26  84    27    68  3.8
 13  4837 J8  1220  4153 J8   780  2132 J8   606  9070 16523  5.1  4.3  3.54  0.15  29.06  18.67  23.12  25.33  81   122  2145  3.5
 1995
  1  3302 J8  1121  4217 J8  2880  1210 J8   434  6539 15041  4.6  4.2  2.18  0.07  21.97  10.44  15.78  18.39  79    82    16  3.9
  2  4226 J8  1180  4974 J8  2832  1449 J8   534  7757 15730  3.9  3.5  2.14  0.08  23.39  11.16  16.97  19.60  77    68    39  3.8
  3  5009 J8  1047  4485 J8  1948  2071 J8   460  9214 16530  4.9  4.3  2.52  0.11  26.78  15.26  20.48  22.99  77     7    90  4.1
  4  5548 J8  1451  4448 J8  2463  2391 J8   560 10418 17303  5.0  4.3  2.86  0.15  28.57  17.22  22.73  25.07  79     1   138  3.5
  5  6473 J8   990  5431 J8  1837  2538 J8   455 11096 17915  4.1  3.5  3.45  0.19  32.55  20.44  26.41  28.70  75     0   253  3.1
  6  5906 J8  1417  3974 J8  2212  2958 J8   494 11311 18183  5.8  4.5  4.29  0.21  31.46  21.89  26.21  27.77  82     0   250  3.5
  7  5985 J8  1092  3977 J8  1800  2994 J8   489 11155 17953  6.0  4.6  4.66  0.23  32.51  23.07  26.85  28.50  82     0   293  2.9
  8  6020 J8   893  4626 J8  1767  2627 J8   543 10597 17341  5.1  4.0  4.84  0.22  32.43  24.30  27.71  29.35  82     0   311  3.4
  9  5106 J8  1186  4293 J8  2242  2174 J8   474  9581 16584  5.0  4.3  4.56  0.19  31.83  23.76  26.88  28.63  83     0   284  2.8
 10  3946 J8  1077  3425 J8  2109  1869 J8   491  8191 15807  5.6  5.1  4.59  0.14  29.82  22.05  25.22  26.91  85     0   236  3.9
 11  3949 J8   746  5129 J8  1913  1248 J8   308  6835 15116  3.0  2.8  2.73  0.11  26.18  13.75  19.80  22.33  75    27    76  4.0
 12  3031 J8   928  3634 J8  2554  1262 J8   370  6141 14773  4.5  4.3  2.53  0.08  22.79  11.19  16.43  19.24  79    84    43  3.8
 13  4875 J8  1156  4384 J8   597  2066 J8   659  9070 16523  4.8  4.1  3.45  0.15  28.36  17.88  22.62  24.79  80   268  2028  3.6
 1996
  1  3320 J8   938  4233 J8  2322  1275 J8   329  6532 15038  4.2  4.1  2.20  0.07  22.70  10.41  16.36  19.30  78    83    28  4.0
  2  4766 J8   892  6221 J8  2007  1314 J8   389  7770 15734  2.7  2.6  2.05  0.08  23.79   9.02  16.14  19.50  75    88    32  3.8
  3  5056 J8  1556  5201 J8  3005  1746 J8   580  9248 16551  4.2  4.0  2.14  0.11  24.84  11.86  18.04  20.64  71    61    61  5.0
  4  5777 J8  1719  5152 J8  2906  2196 J8   586 10440 17319  3.7  3.5  2.44  0.15  28.35  15.04  21.57  24.37  74     6   107  3.9
  5  5150 J8  1483  3504 J8  2413  2723 J8   463 11106 17924  4.8  4.7  3.39  0.19  31.29  19.95  25.20  27.27  78     0   226  3.8
  6  5362 J8  1150  3054 J8  1817  3067 J8   407 11310 18185  6.2  5.2  4.37  0.21  32.05  21.46  26.01  27.92  81     0   253  3.5
  7  4710 J8   681  1847 J8   874  3360 J8   337 11147 17947  7.4  6.2  4.23  0.23  33.52  23.41  27.71  29.51  80     0   314  3.7
  8  4571 J8   966  2399 J8  1554  2915 J8   386 10578 17324  6.8  5.5  4.36  0.21  33.14  22.80  26.74  28.84  83     0   299  3.4
  9  4276 J8   893  2580 J8  1473  2586 J8   383  9551 16567  5.6  4.8  4.16  0.18  32.65  22.82  26.77  29.01  82     0   282  3.2
 10  3451 J8  1207  2726 J8  2437  1893 J8   476  8156 15790  5.6  5.2  3.72  0.14  29.65  19.74  24.04  26.31  81     0   197  4.3
 11  3401 J8   858  3563 J8  2191  1571 J8   379  6808 15105  3.9  3.7  2.51  0.10  27.15  14.83  20.34  23.15  74    10    90  5.0
 12  3100 J8   789  3832 J8  2388  1288 J8   367  6137 14775  4.4  4.2  2.30  0.08  25.35  11.77  17.90  21.33  77    40    47  4.1
 13  4412 J8   896  3693 J8  1308  2161 J8   750  9065 16522  5.0  4.5  3.15  0.15  28.71  16.93  22.24  24.76  78   288  1936  4.0
 1997
  1  3297 J8   875  3838 J8  2297  1432 J8   388  6555 15051  4.6  4.2  2.16  0.07  24.69  11.06  17.32  20.82  76    57    43  4.0
  2  3646 J8   921  3337 J8  2112  1835 J8   463  7784 15746  5.3  5.0  2.73  0.08  27.80  14.93  20.72  23.80  78    13    98  4.4
  3  4511 J8   973  3721 J8  1808  2203 J8   398  9240 16555  4.9  4.4  2.83  0.11  29.33  16.42  22.61  25.41  74     0   141  4.0
  4  4313 J8  1368  2469 J8  2045  2625 J8   394 10437 17322  6.5  6.3  3.20  0.15  28.18  16.37  22.15  24.49  74     5   124  4.7
  5  5202 J8  1358  3252 J8  2351  2924 J8   515 11106 17928  5.3  5.1  3.50  0.19  31.21  19.71  25.18  27.24  75     0   221  3.7
  6  4915 J8   995  2505 J8  1490  3184 J8   425 11312 18186  6.3  5.8  4.11  0.21  32.78  21.68  26.57  28.58  79     0   267  3.3
  7  4662 J8   786  2023 J8  1231  3193 J8   323 11148 17948  6.8  6.2  4.54  0.23  33.45  23.17  27.11  28.79  81     0   309  2.7
  8  4289 J8   751  1946 J8  1167  2987 J8   313 10581 17324  7.0  6.1  4.54  0.22  33.85  24.31  28.14  30.16  80     0   333  2.5
  9  3557 J8   726  1350 J8  1304  2716 J8   393  9557 16568  7.1  6.5  4.65  0.19  32.43  23.52  27.18  29.19  82     0   289  3.3
 10  3874 J8  1052  3184 J8  1969  2014 J8   391  8164 15785  4.5  4.1  3.16  0.14  30.54  19.81  24.52  27.11  77     0   212  4.1
 11  2670 J8   849  1837 J8  1673  1719 J8   316  6815 15100  6.4  6.1  3.00  0.11  26.98  16.27  21.16  23.38  80     4   103  4.3
 12  2574 J8   969  2450 J8  2413  1407 J8   369  6138 14771  6.0  5.8  2.72  0.08  24.18  14.69  19.13  21.28  80    42    76  4.3
 13  3959 J8   841  2659 J8   798  2353 J8   666  9070 16524  5.9  5.5  3.43  0.15  29.62  18.50  23.48  25.85  78   121  2216  3.8
 1998
  1  3458 K4  1122  4313 K6  2788  1335 K4   517  6548 15046  6.7  6.4  2.39  0.07  24.72  14.41  19.25  21.58  79    29    67  4.5
  2  4117 K4  1514  4678 K6  3126  1498 K4   532  7772 15739  5.7  5.5  2.27  0.08  24.66  14.01  19.12  21.36  74    31    59  5.2
  3  5712 K4  1161  6160 K6  2538  1794 K4   683  9228 16541  4.6  4.3  2.14  0.11  25.88  14.30  19.93  22.23  69    34    88  4.8
  4  6499 K4  1150  6141 K6  2252  2258 K4   664 10429 17316  4.0  3.8  2.45  0.15  29.02  17.29  23.07  25.61  71     1   146  4.5
  5  6639 K4  1471  5654 K6  2547  2406 K4   661 11101 17922  3.3  3.1  3.19  0.19  32.00  19.39  25.49  27.81  75     0   228  3.2
  6  6694 K4   997  5553 K6  1796  2475 K4   430 11311 18185  3.6  3.0  4.14  0.21  33.79  22.73  27.64  29.67  76     0   298  2.2
  7  5623 K4  1479  4130 K6  1816  2517 K4   356 11151 17950  3.7  3.4  4.86  0.23  32.97  23.76  27.61  29.08  81     0   311  1.8
  8  5753 K4  1031  4611 K6  1581  2260 K4   255 10588 17328  3.2  2.9  4.89  0.22  33.77  23.77  27.57  29.48  81     0   324  2.1
  9  4274 K4  1378  3008 K6  1995  2269 K4   401  9568 16575  4.3  4.0  5.10  0.19  31.00  24.07  26.83  28.27  84     0   276  2.9
 10  4845 K4   748  5185 K6  1725  1726 K4   436  8177 15798  3.4  3.0  3.41  0.14  30.58  21.29  25.26  27.58  78     0   236  3.1
 11  4000 K4   974  5202 K6  2045  1297 K4   312  6825 15107  3.2  3.0  2.63  0.11  28.10  18.40  22.58  24.84  81     0   148  2.3
 12  3665 K4   655  5231 K6  1949  1150 K4   328  6140 14771  4.0  3.7  2.52  0.08  26.32  15.84  20.43  23.19  81    19   104  2.7
 13  5107 K4  1192  4989 K6   903  1915 K4   505  9070 16523  4.2  3.8  3.33  0.15  29.40  19.11  23.73  25.89  78   114  2285  3.3
 1999
  1  3780 K4   927  5262 K6  2386  1242 K4   429  6540 15042  4.0  3.7  2.07  0.07  24.53  12.87  18.28  21.24  79    41    52  3.1
  2  5043 K4   633  6604 K6  1634  1313 K4   406  7759 15731  2.9  2.9  1.88  0.08  24.61  12.20  17.94  20.90  74    43    46  2.7
  3  5905 K4  1197  6719 K6  2315  1594 K4   492  9215 16530  2.1  1.9  1.77  0.11  26.16  11.54  18.63  21.78  73    18    35  2.9
  4  6832 K4  1117  6869 K6  1776  1940 K4   421 10420 17305  2.9  2.8  2.53  0.15  30.20  16.10  22.84  25.89  71     1   146  2.7
  5  6745 K4   999  5766 K6  1757  2442 K4   429 11097 17916  2.9  2.7  2.83  0.19  30.59  17.48  23.65  26.02  73     1   178  2.5
  6  5284 K4  1400  3356 K6  1863  2766 K4   308 11311 18184  4.9  4.5  4.68  0.21  31.03  22.03  25.39  26.85  84     0   246  2.2
  7  6374 K4   831  5079 K6  1172  2468 K4   236 11154 17953  3.6  3.2  4.26  0.23  32.13  23.71  27.19  28.64  81     0   297  2.2
  8  5407 K4  1080  4050 K6  1568  2372 K4   324 10596 17340  4.0  3.6  4.89  0.22  32.18  24.04  27.25  28.79  83     0   303  2.0
  9  4714 K4  1397  3748 K6  2127  2164 K4   358  9579 16581  4.8  4.1  4.50  0.19  31.21  23.06  26.32  28.08  84     0   264  2.4
 10  4235 K4  1248  4044 K6  2390  1811 K4   433  8189 15806  4.4  3.9  3.62  0.14  29.01  20.26  24.04  26.08  83     0   196  3.6
 11  4135 K4   559  5220 K6  1538  1379 K4   341  6834 15115  3.0  2.9  2.09  0.11  26.41  15.33  20.32  22.90  79     5    81  3.7
 12  3483 K4   849  4826 K6  2210  1149 K4   371  6141 14773  4.8  4.7  2.31  0.08  23.97  13.09  17.90  20.80  79    42    48  2.8
 13  5161 K4  1138  5129 K6  1193  1887 K4   554  9070 16523  3.7  3.4  3.12  0.15  28.50  17.64  22.48  24.83  78   152  1892  2.7
 2000
  1  4038 K4   677  6039 K6  2018  1111 K4   399  6533 15038  3.2  3.1  1.95  0.07  23.75  11.06  16.94  20.14  78    59    30  2.9
  2  4718 K4   998  5815 K6  2332  1492 K4   510  7771 15735  3.9  3.8  1.95  0.08  24.62  11.36  17.55  20.70  73    43    33  3.0
  3  5578 K4   917  5785 K6  1958  1996 K4   546  9249 16551  3.6  3.4  2.40  0.11  27.68  15.03  21.14  23.89  73     0    94  2.9
  4  6695 K4  1254  6546 K6  2261  2044 K4   539 10442 17320  2.9  2.7  2.17  0.15  26.23  12.90  19.59  22.44  78    15    52  3.0
  5  6853 K4  1029  5927 K6  1831  2440 K4   426 11106 17925  3.6  3.4  2.91  0.19  31.23  17.97  24.67  27.15  75     0   194  2.5
  6  6086 K4   852  4521 K6  1202  2642 K4   341 11310 18184  4.7  4.0  4.39  0.21  33.27  21.53  26.46  28.50  80     0   272  2.6
  7  5537 K4  1261  3877 K6  1722  2513 K4   376 11146 17947  4.7  3.8  4.84  0.23  32.62  23.29  27.19  28.76  83     0   298  2.3
  8  5638 K4  1231  4480 K6  1552  2290 K4   258 10577 17322  4.2  3.5  4.69  0.21  32.58  23.19  27.01  28.85  82     0   296  2.3
  9  4927 K4  1336  4226 K6  1908  2070 K4   400  9550 16566  4.5  3.8  4.82  0.18  32.10  23.73  27.07  28.85  85     0   288  2.4
 10  4713 K4  1052  5114 K6  1932  1668 K4   373  8154 15790  2.6  2.5  3.01  0.14  29.27  18.65  23.37  25.94  77     0   175  3.5
 11  3994 K4  1069  5189 K6  2199  1247 K4   348  6807 15103  2.9  2.6  2.43  0.10  26.30  14.85  20.14  22.67  77    17    84  2.9
 12  3556 K4   580  4803 K6  1743  1238 K4   308  6137 14775  3.9  3.6  2.12  0.08  23.94  12.13  17.44  20.27  74    60    51  3.4
 13  5194 K4  1055  5193 K6   832  1896 K4   534  9065 16521  3.7  3.3  3.14  0.15  28.63  17.14  22.38  24.85  78   193  1867  2.8
 2001
  1  3932 K4   766  5620 K6  2037  1179 K4   446  6556 15052  3.3  3.0  1.72  0.07  21.74   6.65  14.05  17.44  67   145    17  3.0
  2  4927 K4   653  6309 K6  1629  1378 K4   406  7786 15748  3.8  3.6  2.60  0.08  27.94  14.14  20.54  23.96  77     8    84  2.9
  3  5326 K4  1458  5520 K6  2669  1811 K4   567  9242 16555  4.5  4.2  2.44  0.11  25.93  14.01  19.95  22.42  77    24    74  3.6
  4  6287 K4  1260  5799 K6  2291  2204 K4   537 10439 17323  3.1  2.9  2.62  0.15  28.70  15.50  22.12  24.90  73     2   116  3.4
  5  6561 K4  1262  5421 K6  2024  2553 K4   426 11106 17928  3.7  3.2  3.09  0.19  30.68  17.39  23.99  26.49  73     0   177  3.6
  6  5894 K4  1266  4390 K6  1756  2553 K4   418 11312 18188  3.9  3.2  4.15  0.21  31.84  21.24  25.79  27.68  82     0   246  2.8
  7  5148 K4  1459  3408 K6  1772  2543 K4   351 11148 17947  5.1  4.1  4.82  0.23  31.58  22.39  26.17  27.60  84     0   268  2.7
  8  5665 K4  1439  4549 K6  1885  2272 K4   348 10580 17324  3.9  3.2  4.86  0.22  32.45  23.48  27.20  29.00  80     0   299  2.7
  9  4470 K4  1470  3384 K6  2035  2092 K4   395  9556 16567  5.4  4.8  4.68  0.19  30.04  22.73  25.49  27.03  86     0   242  3.0
 10  4238 K4  1301  3802 K6  2292  1890 K4   329  8162 15785  5.1  4.5  3.70  0.14  28.71  19.92  23.81  25.74  78     2   188  4.0
 11  4023 K4   889  5287 K6  1916  1266 K4   342  6814 15100  2.8  2.6  2.57  0.11  27.17  16.71  21.19  23.75  80     0   108  3.5
 12  3363 K4   894  4551 K6  2253  1233 K4   349  6138 14771  4.0  3.9  2.47  0.08  25.56  15.23  19.92  22.72  83    26    90  3.1
 13  4986 K4  1005  4837 K6   968  1915 K4   538  9070 16524  4.0  3.6  3.31  0.15  28.53  17.45  22.52  24.89  78   207  1908  3.2
 2002
  1  3780 K4  1089  5399 K6  2424  1110 K4   310  6549 15048  3.7  3.6  2.52  0.07  24.14  12.65  17.89  20.58  83    61    63  2.9
  2  4290 K4  1232  4821 K6  2734  1594 K4   517  7773 15740  4.3  3.9  2.70  0.08  24.25  12.21  17.94  20.61  75    35    32  3.1
  3  5572 K4  1483  5821 K6  2369  1837 K4   407  9229 16543  4.0  3.9  2.83  0.11  28.73  15.46  21.72  24.39  79     7   124  3.4
  4  6534 K4   931  6047 K6  1882  2271 K4   506 10430 17316  2.9  2.8  3.40  0.15  31.00  17.13  23.87  26.86  75     0   172  2.9
  5  6593 K4  1246  5419 K6  1713  2594 K4   437 11102 17924  3.2  3.1  3.49  0.19  32.22  19.44  25.65  28.00  74     0   233  3.5
  6  5097 K4  1281  2944 K6  1717  2794 K4   459 11311 18184  6.7  5.7  4.96  0.21  31.42  22.31  26.06  27.51  86     0   256  2.7
  7  5891 K4   998  4180 K6  1491  2705 K4   307 11151 17949  4.5  3.9  4.97  0.23  32.16  23.34  27.03  28.54  86     0   292  2.2
  8  5479 K4  1205  4181 K6  1513  2333 K4   283 10587 17328  4.4  3.8  4.96  0.22  32.39  23.33  26.90  28.54  85     0   295  2.5
  9  4942 K4  1250  4000 K6  1828  2210 K4   331  9567 16575  4.8  4.0  5.22  0.19  31.67  23.80  26.93  28.61  83     0   282  3.0
 10  4971 K4   561  5424 K6  1281  1714 K4   389  8175 15794  2.3  2.2  4.20  0.14  31.06  21.57  25.70  27.92  79     0   248  2.6
 11  3889 K4  1071  4910 K6  2280  1297 K4   363  6823 15107  3.1  2.9  2.88  0.11  25.50  15.00  19.90  21.96  75    24    82  3.2
 12  3206 K4  1010  4151 K6  2387  1245 K4   374  6139 14771  4.8  4.4  2.57  0.08  22.94  12.41  17.41  19.74  79    58    37  3.5
 13  5020 K4  1074  4775 K6   905  1975 K4   590  9070 16523  4.1  3.7  3.72  0.15  28.96  18.22  23.09  25.27  80   185  2116  3.0
 2003
  1  4004 K4   789  5937 K6  2193  1091 K4   409  6541 15043  2.9  2.7  1.73  0.07  20.19   8.04  13.85  16.70  72   137     6  3.2
  2  4798 K4   662  5661 K6  2006  1568 K4   514  7760 15732  3.6  3.5  2.66  0.08  25.86  13.66  19.27  22.10  78    15    55  3.5
  3  5272 K4  1240  5022 K6  2234  2022 K4   435  9217 16531  4.5  4.2  3.24  0.11  28.14  18.77  22.98  24.84  79     5   164  3.2
  4  5997 K4  1445  5236 K6  2279  2266 K4   549 10421 17308  4.1  3.8  2.90  0.15  27.93  17.27  22.31  24.47  72     4   133  3.2
  5  6603 K4  1175  5508 K6  1747  2529 K4   356 11097 17917  3.3  3.1  3.88  0.19  31.23  21.61  25.92  27.65  78     0   251  2.2
  6  5452 K4  1627  3697 K6  2066  2635 K4   364 11311 18183  5.4  4.4  4.90  0.21  31.09  23.12  26.33  27.64  83     0   263  2.2
  7  5747 K4   955  4086 K6  1338  2565 K4   313 11154 17953  4.8  4.0  4.77  0.23  32.35  23.35  26.88  28.31  82     0   295  1.5
  8  4872 K4  1180  3483 K6  1495  2317 K4   268 10595 17339  4.6  3.7  5.13  0.22  31.35  23.54  26.34  27.70  86     0   283  1.6
  9  4773 K4  1441  3818 K6  2055  2144 K4   416  9578 16581  4.8  4.2  4.95  0.19  30.97  23.55  26.44  27.89  83     0   268  2.9
 10  4615 K4   930  4810 K6  2144  1775 K4   445  8188 15805  3.1  2.6  3.70  0.14  29.90  20.80  24.94  27.02  77     0   218  3.3
 11  3866 K4   895  4830 K6  2082  1352 K4   343  6833 15114  3.2  3.1  3.16  0.11  27.33  17.51  21.92  23.99  77    10   132  3.8
 12  3488 K4   899  5002 K6  2037  1122 K4   304  6141 14773  3.4  3.3  2.07  0.08  22.28  11.23  16.46  19.08  75    70    21  3.4
 13  4957 K4   914  4758 K6   810  1949 K4   557  9070 16523  4.0  3.6  3.59  0.15  28.22  18.54  22.80  24.78  79   241  2088  2.8
 2004
  1  3827 K4  1028  5738 K6  2580  1037 K4   383  6534 15038  2.8  2.7  2.28  0.07  22.36  11.04  16.25  18.88  75    74    24  3.3
  2  4449 K4  1304  5438 K6  2710  1395 K4   487  7773 15735  4.4  4.2  2.46  0.08  23.97  13.65  18.54  20.73  76    39    53  3.4
  3  5735 K4  1009  6102 K6  1977  1891 K4   497  9251 16552  2.8  2.8  2.24  0.11  26.46  15.12  20.66  23.12  67     7    83  4.0
  4  6396 K4  1251  5942 K6  2084  2212 K4   488 10443 17320  3.3  3.1  2.52  0.15  27.55  16.08  21.71  24.06  68     6   111  4.0
  5  6666 K4  1337  5656 K6  2137  2512 K4   460 11107 17925  2.5  2.3  3.23  0.19  31.03  19.84  25.06  27.07  69     0   220  3.6
  6  6187 K4  1101  4960 K6  1601  2396 K4   247 11311 18183  3.3  2.8  4.75  0.21  33.10  22.60  26.77  28.49  76     0   286  2.7
  7  6027 K4  1371  4611 K6  1657  2480 K4   339 11146 17944  3.9  3.2  4.79  0.23  32.27  23.32  27.16  28.63  77     0   293  2.2
  8  5209 K4  1393  3846 K6  1922  2367 K4   421 10576 17322  4.7  3.8  5.20  0.21  32.01  24.26  27.30  28.79  79     0   304  2.4
  9  4416 K4  1489  3461 K6  2156  2161 K4   417  9548 16564  4.7  4.1  4.85  0.18  31.04  24.16  27.01  28.40  78     0   278  4.6
 10  4758 K4   912  5118 K6  1677  1721 K4   363  8153 15790  2.8  2.7  3.59  0.14  29.88  20.72  24.82  26.97  73     0   216  2.9
 11  4132 K4   682  5506 K6  1612  1277 K4   319  6806 15103  2.6  2.5  2.73  0.10  26.90  16.43  21.39  23.59  73     2   102  3.2
 12  3344 K4  1009  4586 K6  2408  1174 K4   350  6137 14774  4.3  4.1  2.50  0.08  22.87  12.29  17.44  19.85  72    59    36  3.3
 13  5095 K4  1097  5080 K6   825  1885 K4   546  9065 16521  3.5  3.2  3.43  0.15  28.29  18.29  22.84  24.88  74   187  2006  3.3
 2005
  1  3983 K4   619  5940 K6  1720  1131 K4   376  6557 15053  3.6  3.5  2.34  0.07  23.65  12.23  17.63  20.32  73    55    43  3.3
  2  4544 K4  1205  5650 K6  2696  1402 K4   558  7787 15748  3.7  3.5  2.54  0.08  24.57  12.46  18.19  20.91  70    26    31  3.3
  3  4974 K4  1696  4944 K6  2701  1842 K4   601  9243 16555  4.5  4.2  2.70  0.11  25.14  15.45  19.97  21.67  70    27    88  3.4
  4  6668 K4   911  6549 K6  1812  2054 K4   519 10440 17324  2.4  2.3  2.28  0.15  27.60  16.13  21.84  24.12  62     0   106  3.8
  5  6227 K4  1712  5010 K6  2286  2524 K4   445 11107 17929  4.1  3.8  3.45  0.19  30.65  20.68  25.37  27.07  69     0   227  3.1
  6  4989 K4  2044  3326 K6  2478  2458 K4   472 11312 18188  6.3  5.3  4.97  0.21  30.53  24.13  26.82  27.67  78     0   270  3.0
  7  5876 K4  1199  4307 K6  1600  2570 K4   289 11147 17947  3.8  3.3  5.02  0.23  33.39  25.68  28.80  29.99  73     0   347  3.0
  8  5459 K4  1028  4070 K6  1518  2362 K4   274 10579 17324  4.3  3.5  5.27  0.22  33.94  25.39  28.75  30.39  73     0   351  2.5
  9  5189 K4  1289  4461 K6  2046  2144 K4   371  9554 16565  3.7  3.1  4.71  0.19  32.97  24.53  27.99  29.89  72     0   313  3.1
 10  4278 K4  1088  4158 K6  2153  1805 K4   424  8161 15784  4.7  4.2  4.03  0.14  29.74  21.71  25.10  26.77  73     2   231  3.7
 11  3863 K4  1116  4803 K6  2312  1343 K4   323  6813 15100  3.9  3.8  3.04  0.11  27.61  18.90  22.90  24.79  71     2   150  3.5
 12  3491 K4   896  4955 K6  2433  1129 K4   375  6138 14771  3.7  3.6  2.40  0.08  24.17  13.92  18.62  21.07  69    32    54  3.0
 13  4962 K4   983  4848 K6   885  1897 K4   539  9070 16524  4.1  3.7  3.56  0.15  28.66  19.27  23.50  25.39  71   145  2212  3.2
 2006
  1  3870 K4   678  5448 K6  2001  1271 K4   460  6550 15049  2.8  2.7  2.20  0.07  25.34  13.83  19.38  21.89  66    32    70  3.6
  2  4588 K4  1346  5800 K6  2808  1321 K4   496  7775 15741  3.0  2.7  2.06  0.08  24.57  13.10  18.61  21.17  64    41    55  3.2
  3  5909 K4   953  6665 K6  1836  1724 K4   459  9231 16546  1.9  1.8  2.17  0.11  28.35  16.03  22.03  24.64  59     5   124  3.3
  4  6792 K4   791  6657 K6  1509  2112 K4   416 10431 17316  1.9  1.8  2.58  0.15  31.28  19.45  25.25  27.84  59     0   211  3.6
  5  6584 K4  1668  5791 K6  2471  2244 K4   447 11103 17925  1.5  1.4  3.18  0.19  32.52  20.66  26.43  28.38  61     0   256  2.7
  6  5919 K4  1573  4446 K6  2099  2546 K4   371 11311 18185  2.4  2.0  4.43  0.21  33.79  24.65  28.49  29.97  67     0   327  2.7
  7  5556 K4  1492  3915 K6  1952  2573 K4   378 11150 17949  3.0  2.5  4.90  0.23  33.68  25.05  28.62  29.91  70     0   342  2.6
  8  5534 K4  1291  4340 K6  1695  2268 K4   346 10586 17327  2.7  2.3  5.02  0.22  32.66  23.84  27.21  28.83  77     0   308  2.4
  9  5112 K4   987  4474 K6  1643  2099 K4   332  9565 16574  3.1  2.7  4.75  0.19  31.80  23.69  26.89  28.64  77     0   283  2.4
 10  4881 K4   769  5272 K6  1499  1737 K4   371  8173 15793  1.6  1.5  3.38  0.14  29.97  19.31  24.42  26.79  68     2   197  3.3
 11  3677 K4  1043  4304 K6  2165  1473 K4   296  6822 15106  3.3  3.2  2.64  0.11  25.36  15.50  20.07  22.10  72    25    88  3.2
 12  2960 K4   958  3515 K6  2200  1324 K4   275  6139 14772  4.4  4.3  3.42  0.08  26.23  16.67  20.89  23.10  75    14   110  3.7
 13  5115 K4  1176  5052 K6  1041  1891 K4   478  9070 16524  2.6  2.4  3.39  0.15  29.63  19.32  24.02  26.10  68   118  2372  3.1
 2007
  1  3682 K4   917  4946 K6  2357  1268 K4   396  6542 15043  3.6  3.6  2.89  0.07  24.82  14.50  19.34  21.77  72    39    80  3.5
  2  4198 K4  1521  4894 K6  3116  1459 K4   479  7762 15732  4.0  3.9  2.53  0.08  23.08  12.46  17.64  19.99  70    54    38  3.6
  3  5664 K4  1017  6021 K6  2228  1825 K4   575  9218 16532  2.3  2.1  2.45  0.11  27.41  14.95  20.98  23.64  61     9    97  4.4
  4  6516 K4  1226  6279 K6  2033  2091 K4   501 10422 17309  2.3  2.2  2.67  0.15  28.47  16.40  22.29  24.64  63     6   129  3.6
  5  6643 K4   925  5502 K6  1555  2593 K4   417 11098 17917  2.5  2.1  3.29  0.19  30.39  19.08  24.44  26.48  65     0   199  4.2
  6  6059 K4  1491  4698 K6  1756  2478 K4   349 11311 18184  3.2  2.9  4.34  0.21  31.57  22.44  26.42  27.95  74     0   260  3.0
  7  5339 K4  1331  3801 K6  1651  2478 K4   382 11153 17953  2.1  1.8  5.05  0.23  32.77  23.80  27.44  28.93  75     0   309  2.2
  8  5961 K4   945  4861 K6  1484  2350 K4   269 10594 17337  2.3  1.8  4.88  0.22  33.59  23.86  27.93  29.80  73     0   322  2.5
  9  5194 K4  1003  4402 K6  1571  2123 K4   323  9576 16580  2.2  1.9  4.84  0.19  32.28  23.10  26.53  28.47  77     0   281  2.9
 10  4236 K4  1151  3942 K6  1992  1889 K4   321  8186 15804  3.3  3.2  4.58  0.14  30.93  22.46  25.96  27.99  76     0   259  4.1
 11  4072 K4   842  5183 K6  1967  1332 K4   309  6832 15113  2.5  2.4  2.66  0.11  26.79  15.02  20.50  23.09  70     7    84  3.2
 12  3647 K4   590  5207 K6  1697  1192 K4   341  6141 14773  3.0  2.8  2.95  0.08  26.41  15.30  20.41  23.12  77    16    94  2.9
 13  5101 K4  1094  4978 K6   741  1923 K4   509  9070 16523  2.8  2.6  3.59  0.15  29.04  18.61  23.32  25.49  71   129  2151  3.3
 2008
  1  3648 K4  1053  4978 K6  2541  1192 K4   384  6535 15038  3.9  3.6  2.58  0.07  23.77  11.95  17.63  20.22  71    55    40  3.7
  2  4658 K4  1029  5662 K6  2399  1516 K4   507  7775 15737  3.3  3.2  2.68  0.08  26.39  15.01  20.44  22.91  72    16    85  3.7
  3  5308 K4  1313  5189 K6  2331  1957 K4   417  9252 16554  3.7  3.5  2.67  0.11  26.54  14.63  20.61  22.96  70    14    84  4.1
  4  6385 K4  1076  5858 K6  1890  2266 K4   422 10444 17322  2.9  2.8  2.77  0.15  28.67  16.60  22.35  24.82  67     5   134  3.5
  5  6959 K4   717  6056 K6  1472  2487 K4   496 11107 17926  2.5  2.3  3.21  0.19  31.62  19.80  25.62  27.73  68     0   229  3.9
  6  5918 K4  1016  4388 K6  1414  2630 K4   299 11311 18184  2.6  2.3  4.48  0.21  32.39  21.96  26.13  27.89  77     0   265  2.7
  7  5570 K4  1554  4132 K6  2018  2368 K4   305 11145 17941  2.7  2.3  4.82  0.23  31.51  22.92  26.27  27.58  79     0   275  2.3
  8  5381 K4  1463  4038 K6  1841  2360 K4   357 10575 17321  2.8  2.3  5.05  0.21  31.89  24.38  27.46  28.85  79     0   304  3.2
  9  5070 K4  1558  4362 K6  2239  2082 K4   397  9547 16563  3.1  2.6  4.59  0.18  31.36  23.41  26.76  28.49  77     0   272  3.4
 10  4319 K4  1175  4342 K6  2194  1736 K4   368  8151 15790  3.1  3.0  3.63  0.14  28.38  19.54  23.43  25.32  74    10   184  3.3
 11  4301 K4   525  5921 K6  1472  1191 K4   332  6805 15102  2.1  2.0  2.12  0.10  24.77  12.74  18.18  20.86  72    40    52  3.0
 12  3762 K4   686  5736 K6  1828  1017 K4   278  6137 14774  3.4  3.2  2.35  0.08  24.06  13.23  18.34  21.03  79    34    44  3.1
 13  5107 K4  1021  5055 K6   773  1900 K4   559  9065 16521  3.0  2.8  3.41  0.15  28.45  18.01  22.77  24.89  74   173  1968  3.3
 2009
  1  3906 K4   953  5698 K6  2376  1081 K4   354  6558 15054  1.8  1.8  2.01  0.07  22.20  10.24  15.97  18.79  74    86    21  3.1
  2  4998 K4   933  6659 K6  1832  1196 K4   335  7789 15750  2.5  2.3  1.89  0.08  23.05  10.16  16.30  19.34  69    67    19  3.4
  3  5527 K4  1116  5802 K6  2034  1878 K4   416  9245 16556  3.8  3.5  2.38  0.11  25.88  13.74  19.62  22.11  71    22    68  3.6
  4  6416 K4  1131  5847 K6  2267  2237 K4   587 10441 17325  3.0  2.9  2.52  0.15  28.68  16.56  22.49  24.88  70     7   136  3.9
  5  6407 K4  1263  5348 K6  2100  2438 K4   435 11108 17930  2.9  2.8  3.79  0.19  30.65  19.80  24.70  26.49  74     0   214  2.9
  6  6234 K4  1323  4901 K6  1779  2528 K4   329 11312 18188  2.6  2.3  4.58  0.21  32.08  23.18  27.14  28.57  75     0   279  2.5
  7  5934 K4  1209  4458 K6  1661  2485 K4   384 11147 17947  1.9  1.7  4.73  0.23  32.67  23.69  27.46  28.92  75     0   305  2.4
  8  5575 K4  1213  4452 K6  1709  2269 K4   320 10578 17324  2.3  1.9  5.11  0.22  32.56  24.02  27.35  29.01  79     0   309  2.1
  9  4984 K4  1018  4175 K6  1579  2170 K4   280  9553 16565  2.6  2.3  5.07  0.19  31.97  23.81  26.94  28.63  80     0   287  2.0
 10  4873 K4   803  5315 K6  1466  1733 K4   310  8159 15784  2.1  2.0  4.15  0.14  30.98  21.26  25.70  27.86  73     3   244  2.4
 11  3658 K4  1087  4280 K6  2435  1411 K4   420  6811 15100  2.7  2.6  2.90  0.11  26.68  16.78  21.28  23.35  73    11   113  2.7
 12  3084 K4   923  3732 K6  2125  1324 K4   348  6138 14770  4.0  3.8  3.02  0.08  24.03  14.53  18.93  21.09  78    40    70  3.3
 13  5133 K4  1106  5056 K6   863  1896 K4   532  9070 16524  2.7  2.5  3.51  0.15  28.45  18.15  22.82  24.92  74   237  2064  2.9
 2010
  1  3541 K4  1053  4836 K6  2697  1202 K4   455  6551 15049  2.7  2.6  1.92  0.07  20.04   8.76  14.02  16.41  71   146    24  3.1
  2  4114 K4  1406  4725 K6  2778  1494 K4   498  7776 15743  3.1  3.0  1.94  0.08  20.04   9.59  14.55  16.62  70   110    12  3.2
  3  5213 K4  1725  5652 K6  3150  1607 K4   532  9232 16550  2.9  2.8  1.94  0.11  22.32  11.83  16.95  18.99  69    59    21  3.2
  4  5888 K4  1727  5463 K6  2705  2088 K4   552 10432 17318  2.7  2.5  2.65  0.15  27.38  17.47  22.24  24.26  72     0   123  3.6
  5  6849 K4   969  6146 K6  1606  2364 K4   362 11103 17925  2.2  2.1  3.81  0.19  31.45  22.10  26.33  28.03  73     0   262  2.9
  6  6345 K4   854  5164 K6  1246  2480 K4   344 11311 18185  2.5  2.0  4.88  0.21  33.88  24.03  28.13  29.77  75     0   319  2.6
  7  5498 K4  1593  3953 K6  2024  2512 K4   329 11150 17949  2.8  2.5  4.98  0.23  32.54  24.53  27.90  29.16  77     0   316  2.6
  8  5013 K4  1516  3640 K6  2020  2348 K4   376 10585 17326  3.3  2.6  5.45  0.22  32.69  24.43  27.62  29.14  81     0   317  2.2
  9  5169 K4  1033  4574 K6  1747  2131 K4   359  9564 16571  2.9  2.5  4.78  0.19  32.39  23.75  27.28  29.26  76     0   292  3.1
 10  4889 K4   999  5624 K6  1958  1541 K4   376  8172 15793  2.5  2.3  3.10  0.14  30.31  19.47  24.49  27.01  67     0   203  2.4
 11  3944 K4   955  5201 K6  2141  1268 K4   294  6821 15106  3.0  3.0  2.59  0.11  26.98  16.05  21.06  23.46  70     8   104  2.9
 12  3599 K4   889  5655 K6  2318   940 K4   278  6139 14772  2.8  2.7  1.41  0.08  19.77   7.35  13.31  16.10  66   150     2  2.8
 13  5005 K4  1059  5053 K6   741  1831 K4   552  9070 16524  2.8  2.6  3.29  0.15  27.48  17.45  21.99  24.02  72   474  1995  2.9
