702495 HAYES RIVER            AK  -9  N61 59  W152  5   305   977
 1991-2010
 MO AVGLO FL SDGLO AVDIR FL SDDIR AVDIF FL SDDIF AVETR AETRN  TOT  OPQ   H2O   TAU  MAX_T  MIN_T  AVG_T  AVGDT  RH  HTDD  CLDD AVWS
  1   267 J8    40   827 J8   362   184 J8    14   766  8780  6.0  5.4  0.47  0.07  -5.89 -12.88  -9.25  -8.15  72   859     0  1.1
  2   886 J8   146  1598 J8   777   548 J8    46  2165 12408  6.3  5.4  0.50  0.09  -2.89 -10.36  -6.66  -5.21  75   705     0  1.1
  3  2268 J8   268  3392 J8  1045  1108 J8   102  4627 16273  5.4  4.5  0.46  0.12  -0.39  -9.38  -4.90  -3.23  69   720     0  1.4
  4  3808 J8   378  4101 J8   996  1919 J8   165  7614 20077  6.3  5.1  0.62  0.13   5.28  -3.08   1.10   2.37  70   517     0  1.3
  5  5061 J8   538  4798 J8  1262  2513 J8   188 10176 23594  6.3  5.2  0.91  0.14  11.21   2.21   7.00   7.89  67   360     0  1.3
  6  5325 J8   288  4693 J8   719  2748 J8   169 11404 25695  6.9  5.6  1.37  0.13  17.54   7.54  13.01  13.66  68   176     2  1.5
  7  4381 J8   495  3427 J8  1087  2555 J8   152 10705 24405  7.7  6.7  1.70  0.11  18.32  10.23  14.39  14.99  76   130     4  1.3
  8  3439 J8   458  3246 J8  1176  1926 J8   132  8431 21004  7.4  6.6  1.61  0.09  16.76   8.73  12.63  13.62  79   175     2  1.4
  9  2291 J8   365  2857 J8  1204  1238 J8    97  5540 17311  7.1  6.3  1.15  0.06  10.88   3.24   6.83   8.26  80   338     0  1.5
 10  1146 J8   155  2245 J8   818   605 J8    51  2854 13518  6.4  5.6  0.75  0.05   2.49  -6.23  -1.50   0.42  75   626     0  1.4
 11   387 J8    69  1248 J8   645   230 J8    23  1069  9729  6.3  5.7  0.57  0.04  -3.20  -9.16  -6.12  -5.12  77   735     0  1.2
 12   134 J8    19   609 J8   313    95 J8     6   431  7355  6.6  5.8  0.50  0.05  -6.41 -12.42  -9.22  -8.67  71   860     0  1.2
 13  2450 J8   133  2753 J8   452  1306 J8    58  5482 16679  6.6  5.7  0.89  0.09   5.31  -2.63   1.44   2.57  73  6201     8  1.3
 1991
  1   271 J8   156   956 J8  1041   172 J8    76   760  8758  4.7  4.3  0.57  0.06  -8.21 -16.51 -12.45 -10.95  73   951     0  1.5
  2   762 J8   411   996 J8  1561   546 J8   190  2143 12365  7.3  6.6  0.61  0.08  -4.40 -11.51  -8.01  -6.68  75   736     0  1.8
  3  2232 J8   930  3328 J8  2451  1100 J8   352  4584 16215  5.7  4.1  0.57  0.10  -1.26 -10.97  -6.16  -4.25  69   758     0  1.7
  4  3472 J8  1023  2998 J8  2500  2097 J8   579  7570 20020  7.4  6.1  0.65  0.12   5.87  -2.87   1.30   2.75  75   505     0  2.1
  5  4792 J8  1780  3951 J8  3514  2648 J8   639 10145 23546  7.5  6.0  0.94  0.13  10.92   1.91   6.80   7.67  69   369     0  2.3
  6  5002 J8  1620  3828 J8  3323  2865 J8   630 11399 25687  7.4  6.6  1.60  0.12  18.36   8.10  13.64  14.25  63   158     4  2.2
  7  3798 J8  1650  2235 J8  2737  2568 J8   548 10729 24446  8.4  7.9  1.59  0.11  16.50   9.17  12.94  13.48  79   170     0  1.9
  8  3398 J8  1325  3191 J8  3362  1878 J8   587  8472 21062  7.4  6.6  1.67  0.11  15.19   7.68  11.23  12.14  80   214     0  1.9
  9  1686 J8   889   958 J8  1405  1284 J8   392  5584 17368  9.0  8.3  1.36  0.12  10.42   4.73   7.41   8.37  88   323     0  1.8
 10  1110 J8   612  2060 J8  2305   572 J8   176  2889 13574  5.9  5.3  0.81  0.13   2.82  -6.64  -1.62   0.54  74   628     0  1.8
 11   317 J8   149   435 J8   676   256 J8    93  1087  9780  7.0  6.4  0.66  0.15  -2.87  -9.10  -5.89  -4.77  72   730     0  1.4
 12   100 J8    37    67 J8   163    96 J8    31   433  7363  8.3  7.4  0.55  0.18  -6.59 -12.34  -9.39  -8.92  77   862     0  1.4
 13  2245 J8  1793  2084 J8  1371  1340 J8  1035  5483 16682  7.2  6.3  0.96  0.12   4.73  -3.20   0.82   1.97  75  6403     4  1.8
 1992
  1   219 J8   113   166 J8   304   198 J8    92   754  8737  7.6  7.1  0.56  0.22  -4.09 -10.55  -7.34  -6.28  78   795     0  1.6
  2   756 J8   287   696 J8   836   603 J8   201  2163 12400  5.8  5.3  0.49  0.26  -5.62 -13.70  -9.62  -7.85  63   812     0  1.9
  3  1848 J8   860  1548 J8  1876  1285 J8   450  4655 16310  6.8  6.1  0.50  0.29  -2.03 -10.28  -6.13  -4.58  78   759     0  2.0
  4  4107 J8   834  3580 J8  1776  2364 J8   485  7641 20107  4.6  3.3  0.59  0.32   4.81  -4.56   0.24   1.60  58   546     0  2.5
  5  5473 J8  1279  4606 J8  2673  2869 J8   614 10194 23621  4.9  3.7  0.91  0.30   8.97   0.24   4.86   5.72  65   425     0  2.3
  6  5141 J8  1666  3457 J8  2813  3121 J8   532 11406 25699  7.3  5.8  1.27  0.28  16.77   6.07  12.20  12.91  66   207     0  2.3
  7  4145 J8  1644  2376 J8  2385  2778 J8   576 10690 24382  8.1  7.2  1.67  0.24  17.90  10.19  14.21  14.75  80   138     5  1.8
  8  2728 J8  1209  1222 J8  1597  2092 J8   542  8405 20970  9.1  8.3  1.65  0.20  14.23   7.99  10.93  11.68  88   224     0  2.0
  9  2394 J8  1044  3283 J8  2724  1156 J8   364  5512 17278  4.7  4.1  0.86  0.16   6.21  -2.55   1.83   3.40  69   495     0  2.9
 10   975 J8   465  1482 J8  1714   606 J8   208  2831 13483  5.7  5.1  0.70  0.13   1.21  -8.47  -3.29  -0.94  71   681     0  1.6
 11   276 J8   159   377 J8   588   226 J8   110  1057  9693  7.8  7.2  0.63  0.12  -2.79  -8.31  -5.51  -4.82  79   716     0  1.7
 12   120 J8    32   207 J8   264   106 J8    25   430  7345  6.9  5.7  0.53  0.11  -9.17 -15.52 -12.22 -11.94  70   951     0  1.5
 13  2348 J8  1965  1917 J8  1511  1450 J8  1137  5478 16669  6.6  5.8  0.86  0.22   3.87  -4.12   0.01   1.14  72  6749     5  2.0
 1993
  1   242 J8   141   433 J8   593   190 J8    81   775  8812  6.4  5.9  0.46  0.12  -9.25 -16.31 -12.78 -11.61  68   964     0  1.6
  2   730 J8   313   684 J8   885   594 J8   250  2178 12436  7.3  6.5  0.61  0.14  -3.37  -9.69  -6.46  -5.19  80   696     0  1.6
  3  2050 J8   874  2308 J8  2092  1233 J8   359  4634 16285  6.5  5.1  0.52  0.16   0.52  -8.34  -4.12  -2.50  73   689     0  1.7
  4  3856 J8  1087  3493 J8  2346  2170 J8   491  7621 20089  6.7  5.0  0.70  0.17   7.13  -0.90   2.89   4.25  75   457     0  2.0
  5  5215 J8  1589  4427 J8  3394  2725 J8   572 10181 23606  6.3  5.2  1.18  0.17  13.37   3.31   8.76   9.71  74   310     0  1.9
  6  5707 J8  1489  4812 J8  3185  2922 J8   620 11405 25699  7.5  5.4  1.39  0.16  18.55   7.97  13.65  14.35  66   152     0  2.4
  7  4981 J8  1938  4690 J8  3910  2390 J8   588 10702 24398  6.4  5.7  1.81  0.13  20.52  10.61  16.01  16.73  71    95     9  2.3
  8  2966 J8  1427  2241 J8  2708  1869 J8   505  8424 20994  8.2  7.5  1.76  0.10  16.10   9.33  12.63  13.43  81   176     1  2.6
  9  1940 J8   854  1759 J8  2003  1295 J8   417  5533 17300  8.4  7.4  1.27  0.08   9.27   3.06   6.02   7.18  81   365     0  2.2
 10  1008 J8   583  1678 J8  2134   592 J8   220  2849 13509  6.9  6.6  0.97  0.06   4.22  -4.40   0.35   2.31  78   571     0  1.8
 11   332 J8   206   901 J8  1139   217 J8    98  1066  9720  6.8  6.2  0.61  0.05  -4.68 -11.30  -7.93  -6.99  77   790     0  1.4
 12    97 J8    46   155 J8   298    87 J8    32   431  7353  8.6  7.9  0.60  0.06  -3.97  -9.83  -6.43  -5.99  85   782     0  1.0
 13  2427 J8  2073  2298 J8  1687  1357 J8  1034  5483 16683  7.2  6.2  0.99  0.12   5.70  -2.21   1.88   2.97  76  6046    11  1.9
 1994
  1   202 J8    90   373 J8   680   170 J8    81   768  8788  7.9  7.4  0.54  0.07  -4.73 -10.45  -7.40  -6.62  84   804     0  1.0
  2  1088 J8   455  2871 J8  1868   469 J8   146  2161 12399  2.7  2.5  0.48  0.10  -6.16 -15.97 -11.50  -9.20  63   823     0  1.9
  3  1988 J8   923  2339 J8  2420  1171 J8   393  4610 16253  7.7  6.4  0.48  0.12  -2.90 -10.01  -6.36  -5.18  70   768     0  2.7
  4  3093 J8  1402  2543 J8  2923  1912 J8   575  7597 20057  7.7  6.8  0.61  0.13   5.17  -2.43   1.27   2.49  75   509     0  2.1
  5  4678 J8  1803  3605 J8  3227  2670 J8   530 10164 23577  7.9  6.4  0.97  0.14  10.38   1.86   6.39   7.20  71   379     0  2.3
  6  5625 J8  1611  5167 J8  3538  2749 J8   683 11402 25693  7.0  5.6  1.39  0.13  17.39   6.85  12.85  13.55  67   188     2  2.5
  7  4408 J8  1738  3315 J8  3319  2600 J8   617 10715 24423  8.2  7.1  1.74  0.11  17.68   9.58  13.90  14.50  76   146     0  2.0
  8  3237 J8  1422  3050 J8  2976  1797 J8   443  8447 21026  7.6  6.6  1.88  0.08  16.90   9.25  13.14  14.08  82   163     0  2.0
  9  2215 J8  1153  2845 J8  3272  1156 J8   361  5557 17330  6.5  6.1  1.12  0.06  10.94   2.54   6.61   8.16  84   348     0  1.7
 10  1088 J8   540  2362 J8  2328   555 J8   288  2868 13538  6.1  5.2  0.67  0.04   0.92  -6.71  -2.19  -0.69  90   658     0  2.4
 11   373 J8   170  1483 J8  1322   201 J8    80  1076  9747  4.8  4.6  0.48  0.04  -7.42 -14.44 -10.75  -9.87  89   878     0  2.6
 12   125 J8    66   510 J8   723    90 J8    30   432  7360  7.5  6.6  0.42  0.04  -6.07 -12.35  -8.89  -8.42  91   854     0  1.4
 13  2343 J8  1871  2539 J8  1318  1295 J8  1023  5483 16683  6.8  5.9  0.90  0.09   4.34  -3.52   0.59   1.67  78  6517     2  2.1
 1995
  1   248 J8   133   765 J8  1050   172 J8    76   761  8762  6.0  5.7  0.49  0.06  -5.90 -12.72  -9.16  -8.06  88   857     0  1.1
  2   906 J8   390  1831 J8  1497   528 J8   175  2145 12371  5.3  4.6  0.53  0.08  -4.58 -12.55  -8.51  -6.79  90   753     0  1.6
  3  2554 J8   843  4883 J8  2367   913 J8   307  4587 16219  2.2  1.8  0.43  0.10  -3.24 -14.61  -8.95  -6.68  88   845     0  3.0
  4  3740 J8  1428  4355 J8  3247  1733 J8   546  7573 20022  6.4  5.0  0.77  0.12   6.43  -0.84   2.66   3.86  89   466     0  2.1
  5  4948 J8  1758  4690 J8  3520  2428 J8   583 10147 23551  7.2  5.4  1.06  0.13  10.52   2.00   6.41   7.24  75   374     0  1.7
  6  4966 J8  2081  4284 J8  4197  2556 J8   693 11399 25685  7.3  6.4  1.49  0.12  16.18   7.03  12.00  12.52  70   203     2  2.0
  7  4385 J8  1939  3667 J8  3641  2343 J8   488 10727 24444  7.8  7.0  1.75  0.10  18.05   9.45  13.89  14.49  78   142     0  1.7
  8  3416 J8  1403  2904 J8  3145  2037 J8   593  8469 21056  7.6  7.1  1.60  0.08  16.61   8.62  12.54  13.52  75   177     0  2.3
  9  1600 J8   786   847 J8  1247  1266 J8   347  5581 17363  9.5  8.7  1.60  0.05  12.37   6.58   9.25  10.19  91   266     0  1.7
 10  1005 J8   591  1460 J8  1904   638 J8   287  2887 13569  7.7  6.7  0.78  0.04   3.78  -4.49   0.34   2.02  78   579     0  2.2
 11   435 J8   216  1906 J8  1480   199 J8    83  1085  9776  4.0  3.7  0.47  0.03  -3.46 -10.27  -6.92  -6.00  71   756     0  1.9
 12   145 J8    70   867 J8   986    87 J8    21   433  7364  5.6  5.0  0.52  0.04  -6.69 -11.15  -8.77  -8.43  87   845     0  0.7
 13  2362 J8  1865  2705 J8  1607  1242 J8   943  5483 16682  6.4  5.6  0.96  0.08   5.00  -2.75   1.23   2.32  82  6263     2  1.8
 1996
  1   296 J8    97  1176 J8   832   187 J8    87   755  8741  3.5  2.9  0.41  0.06 -11.41 -18.61 -14.98 -13.57  81  1034     0  0.9
  2   871 J8   435  1661 J8  1521   533 J8   248  2165 12402  6.4  5.1  0.44  0.08  -7.42 -15.33 -11.27  -9.85  73   862     0  1.8
  3  2218 J8   996  3750 J8  2953   956 J8   368  4658 16312  4.1  3.9  0.51  0.10   1.96  -8.92  -3.61  -1.27  65   676     0  1.3
  4  3395 J8  1407  3553 J8  3004  1772 J8   547  7644 20111  6.6  5.8  0.61  0.12   5.57  -3.69   1.02   2.54  71   522     0  1.1
  5  4627 J8  1876  3963 J8  3486  2508 J8   676 10197 23624  7.4  6.0  0.92  0.13   9.88   1.53   5.90   6.68  73   391     0  1.5
  6  5419 J8  2054  5437 J8  4645  2455 J8   792 11406 25699  6.5  5.6  1.28  0.12  16.61   6.81  12.12  12.72  64   202     3  1.6
  7  3969 J8  1268  2225 J8  2218  2817 J8   411 10688 24377  8.9  7.8  1.64  0.10  17.98  10.20  14.14  14.72  75   132     0  1.8
  8  3706 J8  1137  3744 J8  3180  1986 J8   578  8402 20965  7.1  6.4  1.48  0.08  16.32   7.67  11.70  12.81  83   196     0  1.8
  9  2424 J8  1154  3210 J8  3035  1199 J8   380  5509 17274  6.9  6.1  0.93  0.05   9.92   1.84   5.52   7.12  91   373     0  2.0
 10  1465 J8   612  4117 J8  2434   479 J8   231  2829 13477  3.4  2.8  0.60  0.04   0.04 -10.28  -5.19  -2.76  74   727     0  1.9
 11   438 J8   206  1789 J8  1488   214 J8    93  1056  9689  5.0  4.8  0.56  0.03  -5.74 -12.20  -9.08  -7.86  83   819     0  0.8
 12   152 J8    54  1075 J8   850    85 J8    29   430  7344  4.1  3.9  0.42  0.04  -7.97 -13.77 -10.90 -10.25  76   905     0  1.6
 13  2415 J8  1804  2975 J8  1364  1266 J8  1003  5478 16668  5.8  5.1  0.82  0.08   3.81  -4.56  -0.39   0.92  76  6838     3  1.5
 1997
  1   315 J8   146  1093 J8   987   208 J8   108   776  8815  5.1  4.3  0.41  0.06  -6.24 -14.22 -10.27  -8.88  78   885     0  1.5
  2   686 J8   382   650 J8  1093   543 J8   217  2180 12439  9.1  8.1  0.57  0.08  -0.03  -4.12  -1.85  -1.25  93   571     0  0.6
  3  2554 J8   933  4499 J8  2822  1026 J8   425  4637 16289  3.7  3.1  0.41  0.10  -1.44 -11.95  -6.68  -4.71  77   776     0  1.7
  4  4019 J8  1573  5019 J8  3843  1732 J8   584  7624 20093  5.5  4.5  0.63  0.12   5.12  -3.10   0.89   2.21  74   520     0  1.8
  5  5492 J8  1509  5938 J8  3536  2353 J8   564 10184 23610  5.2  4.4  0.96  0.13  12.14   2.09   7.56   8.59  63   348     0  1.5
  6  5919 J8  1851  6405 J8  3745  2407 J8   625 11406 25700  5.3  4.4  1.38  0.12  18.81   8.19  13.94  14.68  71   155    10  1.6
  7  5194 J8  1793  5442 J8  3865  2310 J8   563 10700 24396  6.0  5.0  1.87  0.10  20.44  11.06  15.79  16.53  80    85     5  1.2
  8  3489 J8  1460  3817 J8  3377  1748 J8   458  8421 20990  6.6  6.0  1.85  0.08  17.01   9.18  13.17  14.19  82   162     0  2.0
  9  2042 J8   984  2235 J8  2734  1224 J8   338  5530 17296  7.9  7.1  1.32  0.05  12.15   5.20   8.54   9.79  82   290     0  2.1
 10  1440 J8   580  3640 J8  2170   556 J8   200  2846 13502  3.8  3.3  0.55  0.04   2.09  -8.69  -3.19  -0.76  58   670     0  3.4
 11   284 J8   142   599 J8   999   217 J8    85  1065  9717  8.1  7.6  0.54  0.03  -2.08  -7.44  -4.42  -3.50  84   693     0  1.7
 12   124 J8    60   458 J8   603    95 J8    36   431  7351  7.6  6.9  0.39  0.04  -7.12 -14.09 -10.31  -9.74  79   897     0  2.6
 13  2630 J8  2152  3316 J8  2223  1202 J8   887  5483 16683  6.2  5.4  0.91  0.08   5.90  -2.32   1.93   3.09  77  6052    15  1.8
 1998
  1   254 J8   106   763 J8   749   187 J8    88   769  8794  6.0  5.3  0.48  0.06  -6.60 -13.02  -9.57  -8.33  77   872     0  1.5
  2   990 J8   435  1783 J8  1570   607 J8   260  2163 12406  6.6  4.9  0.51  0.08  -0.43  -7.61  -4.25  -2.86  79   626     0  1.4
  3  2218 J8   855  3290 J8  2248  1119 J8   318  4613 16256  5.7  4.6  0.60  0.10   1.83  -7.40  -3.03  -1.02  69   655     0  2.2
  4  3941 J8  1505  4571 J8  3251  1840 J8   573  7600 20060  6.4  4.7  0.68  0.12   4.14  -2.78   0.74   1.74  78   529     0  1.8
  5  4863 J8  1498  4265 J8  2713  2586 J8   430 10166 23579  7.1  5.9  0.93  0.13   7.35  -0.18   3.95   4.69  79   457     0  1.6
  6  5371 J8  1624  4693 J8  3052  2768 J8   464 11403 25694  7.4  5.7  1.65  0.12  15.00   6.08  11.08  11.68  75   234     0  1.6
  7  3956 J8  1525  2533 J8  2972  2654 J8   612 10713 24419  8.5  7.5  1.95  0.10  16.23   9.32  12.92  13.48  81   173     0  1.3
  8  2818 J8  1211  1884 J8  2280  1957 J8   428  8443 21021  8.8  8.0  1.80  0.08  13.38   6.45   9.93  10.72  83   261     0  1.5
  9  2197 J8   883  2565 J8  2476  1264 J8   373  5554 17329  7.8  6.5  1.33  0.05  10.96   3.29   6.82   8.44  81   336     0  1.1
 10  1237 J8   728  2479 J8  2729   590 J8   223  2865 13533  6.7  5.8  0.79  0.04   3.72  -4.83  -0.51   1.35  75   586     0  1.1
 11   373 J8   203  1029 J8  1279   242 J8   100  1075  9745  7.3  6.5  0.79  0.03  -3.00  -8.95  -5.89  -4.78  81   729     0  0.8
 12   143 J8    48   677 J8   715   102 J8    34   432  7360  6.4  5.3  0.50  0.04  -8.01 -14.24 -10.95 -10.23  61   913     0  1.4
 13  2363 J8  1836  2544 J8  1421  1326 J8  1008  5483 16683  7.1  5.9  1.00  0.08   4.55  -2.82   0.94   2.08  77  6371     0  1.4
 1999
  1   316 J8   180  1230 J8  1171   178 J8    71   762  8764  5.7  5.0  0.49  0.06  -9.19 -16.52 -12.89 -11.85  74   967     0  1.6
  2  1013 J8   413  2512 J8  1639   508 J8   204  2147 12372  4.2  3.5  0.35  0.08  -9.67 -17.30 -13.63 -11.95  74   891     0  2.2
  3  2108 J8   925  2898 J8  2409  1135 J8   424  4590 16221  6.3  5.3  0.52  0.10  -1.84 -11.58  -6.68  -5.30  70   776     0  0.6
  4  4060 J8  1294  4551 J8  2824  1909 J8   507  7576 20028  6.1  4.9  0.69  0.12   3.62  -4.12  -0.11   0.87  79   557     0  1.3
  5  5975 J8  1474  7323 J8  3549  2122 J8   614 10149 23552  4.6  3.5  0.81  0.13  10.34   1.50   6.17   7.07  72   385     0  1.1
  6  5379 J8  1849  5076 J8  3723  2576 J8   567 11400 25685  6.4  5.5  1.46  0.12  17.22   7.46  12.72  13.39  74   180     0  1.5
  7  4184 J8  1958  3460 J8  3547  2381 J8   568 10725 24439  7.6  6.8  2.02  0.10  16.49   9.10  12.81  13.33  80   172     0  1.2
  8  3254 J8  1322  2730 J8  2935  1954 J8   575  8466 21051  8.2  7.2  2.01  0.08  15.93   8.88  12.12  13.06  87   184     0  1.4
  9  1982 J8   801  1542 J8  1814  1404 J8   355  5578 17359  8.6  8.0  1.32  0.05  11.32   3.64   7.13   8.66  85   326     0  1.5
 10   956 J8   490  1112 J8  1743   678 J8   211  2884 13568  8.2  7.7  0.83  0.04   1.76  -6.32  -1.86  -0.09  73   639     0  1.7
 11   380 J8   185   926 J8   911   264 J8   106  1084  9774  7.0  6.1  0.70  0.03  -4.60 -11.77  -8.27  -7.18  70   796     0  1.2
 12   132 J8    54   719 J8   811    88 J8    27   433  7366  5.9  5.3  0.56  0.04  -9.94 -17.05 -13.26 -12.33  72   986     0  1.3
 13  2478 J8  2047  2840 J8  1999  1267 J8   910  5483 16682  6.6  5.7  0.98  0.08   3.45  -4.51  -0.48   0.64  76  6858     0  1.4
 2000
  1   204 J8    74   485 J8   790   166 J8    64   755  8742  7.9  7.1  0.47  0.06  -7.50 -13.66 -10.35  -9.85  69   896     0  1.7
  2   825 J8   527  1025 J8  1326   581 J8   273  2167 12405  8.6  7.2  0.62  0.08  -0.19  -6.77  -3.30  -2.01  80   632     0  0.4
  3  1647 J8   672  1173 J8  1499  1260 J8   354  4661 16317  9.0  7.6  0.63  0.10   0.85  -7.04  -2.93  -1.59  76   664     0  1.0
  4  3668 J8  1454  3562 J8  2863  2018 J8   391  7648 20117  7.4  5.7  0.70  0.12   5.79  -2.79   1.65   2.96  65   505     0  1.4
  5  4913 J8  1414  4394 J8  3255  2627 J8   576 10199 23627  6.7  5.5  0.85  0.13  11.04   2.14   6.96   7.89  57   364     0  1.7
  6  5290 J8  1532  4428 J8  3081  2841 J8   487 11406 25700  7.4  5.8  1.42  0.12  17.10   6.90  12.54  13.27  77   190     0  1.0
  7  3837 J8  1418  2256 J8  2158  2666 J8   561 10686 24372  8.9  7.8  1.76  0.10  15.79   9.55  12.76  13.21  91   177     1  1.0
  8  3818 J8  1112  3682 J8  2712  2105 J8   495  8399 20960  7.1  6.1  1.56  0.08  16.24   7.65  11.86  13.01  79   199     1  2.1
  9  2377 J8   930  3262 J8  2854  1183 J8   335  5506 17268  6.5  5.8  1.11  0.05  10.49   2.75   6.44   7.95  78   351     0  2.1
 10  1124 J8   543  1985 J8  1992   644 J8   216  2827 13476  7.1  6.3  0.84  0.04   2.92  -6.00  -1.09   0.83  89   616     0  1.3
 11   384 J8   200   919 J8  1083   263 J8   112  1055  9685  7.6  6.5  0.75  0.03  -1.54  -6.69  -4.06  -2.96  94   673     0  0.7
 12   129 J8    48   441 J8   651   101 J8    21   429  7344  7.8  6.8  0.67  0.04  -2.23  -8.77  -5.18  -4.84  65   739     0  0.5
 13  2351 J8  1884  2301 J8  1507  1371 J8  1039  5478 16668  7.7  6.5  0.95  0.08   5.73  -1.89   2.11   3.16  77  6007     2  1.2
 2001
  1   220 J8   118   361 J8   613   186 J8    82   777  8819  8.5  7.9  0.60  0.06  -1.06  -7.35  -3.76  -2.89  64   699     0  1.0
  2   856 J8   466  1574 J8  1802   521 J8   178  2182 12442  6.4  5.7  0.58  0.08  -3.78 -11.76  -7.36  -5.86  79   731     0  0.5
  3  2191 J8  1115  3037 J8  3021  1105 J8   344  4640 16292  6.3  5.6  0.54  0.10   0.95  -6.54  -3.03  -1.56  65   655     0  0.6
  4  3183 J8  1395  2548 J8  2585  1989 J8   502  7628 20098  8.4  7.0  0.69  0.12   4.61  -2.85   0.88   1.85  66   524     0  0.5
  5  3940 J8  1623  2716 J8  2842  2561 J8   513 10186 23613  8.1  7.3  0.81  0.13   8.71   0.48   4.88   5.76  55   426     0  1.5
  6  5182 J8  1586  4169 J8  3045  2852 J8   485 11406 25698  7.2  6.2  1.51  0.12  19.16   8.21  14.20  14.98  54   141     2  2.3
  7  3415 J8  1517  1557 J8  1972  2590 J8   579 10698 24396  9.4  8.3  1.86  0.10  17.48  10.24  14.02  14.57  73   139     0  2.0
  8  3038 J8  1293  2199 J8  2566  2033 J8   503  8418 20986  8.4  7.6  1.89  0.08  17.78  10.16  14.08  15.01  73   135     0  2.5
  9  2295 J8   837  2702 J8  2435  1306 J8   388  5527 17290  7.4  6.7  1.34  0.05  14.24   5.40   9.38  11.19  68   255     0  2.4
 10  1258 J8   664  3064 J8  2750   515 J8   207  2844 13498  5.3  4.5  0.72  0.04   0.36  -7.97  -3.23  -1.29  55   686     0  2.9
 11   365 J8   174  1108 J8  1347   236 J8   101  1064  9714  6.3  6.0  0.63  0.03  -3.84  -9.78  -6.88  -5.36  51   754     0  2.4
 12   152 J8    60   875 J8   808    95 J8    29   431  7354  5.7  4.9  0.42  0.04  -9.32 -15.45 -12.38 -11.67  47   952     0  2.6
 13  2175 J8  1631  2159 J8  1090  1332 J8  1033  5483 16683  7.3  6.5  0.97  0.08   5.44  -2.27   1.73   2.89  62  6096     2  1.8
 2002
  1   232 J8   142   472 J8   771   182 J8    91   770  8797  8.2  7.7  0.66  0.06  -3.18  -8.97  -5.90  -5.17  61   757     0  2.1
  2   694 J8   426   880 J8  1417   507 J8   219  2166 12410  8.0  7.4  0.49  0.08  -3.21  -9.78  -6.21  -4.94  59   695     0  0.8
  3  2555 J8   915  4762 J8  2577   970 J8   332  4616 16257  3.2  2.5  0.38  0.10  -0.81 -12.05  -6.41  -4.12  48   768     0  1.1
  4  4326 J8  1084  5554 J8  2989  1829 J8   652  7603 20066  4.8  3.4  0.62  0.12   2.95  -6.97  -1.76  -0.24  48   610     0  0.8
  5  5134 J8  1759  5143 J8  3973  2414 J8   692 10169 23585  5.9  5.0  0.99  0.13  12.60   2.78   7.98   8.96  57   330     0  0.7
  6  5250 J8  1831  4682 J8  3648  2699 J8   648 11403 25695  7.0  5.6  1.48  0.12  17.70   7.48  12.93  13.56  70   175     3  0.5
  7  4433 J8  1964  3934 J8  4039  2355 J8   646 10711 24415  7.7  6.4  1.83  0.10  19.80  11.08  15.44  16.11  71    97     7  0.5
  8  3435 J8  1765  3461 J8  3947  1817 J8   632  8440 21017  6.9  6.4  1.68  0.08  17.82   9.45  13.53  14.58  73   150     4  0.5
  9  2156 J8   888  2214 J8  2553  1343 J8   340  5551 17323  8.2  7.3  1.36  0.05  12.45   5.58   8.94  10.16  84   279     0  1.0
 10   904 J8   548   868 J8  1642   665 J8   235  2863 13530  8.8  8.2  1.13  0.04   3.84  -2.44   1.28   2.66  90   547     0  0.7
 11   315 J8   201   564 J8  1032   237 J8   100  1074  9741  8.6  8.0  0.94  0.03   1.63  -3.90  -1.36   0.31  88   584     0  0.2
 12   117 J8    49   372 J8   539    95 J8    37   432  7359  7.9  7.3  0.66  0.04  -3.15  -6.98  -4.84  -4.31  66   725     0  0.6
 13  2463 J8  1999  2742 J8  2050  1259 J8   944  5483 16683  7.1  6.3  1.02  0.08   6.54  -1.23   2.80   3.96  68  5716    15  0.8
 2003
  1   234 J8   114   561 J8   769   180 J8    70   763  8767  7.2  6.6  0.66  0.06  -2.55  -9.52  -5.88  -4.92  59   755     0  0.2
  2   807 J8   338  1086 J8  1356   581 J8   150  2149 12377  8.3  7.1  0.80  0.08   2.12  -4.91  -1.84  -0.87  71   552     0  0.5
  3  2409 J8   844  3916 J8  2676  1089 J8   363  4593 16226  4.7  3.9  0.40  0.10  -0.47 -11.33  -6.00  -3.88  55   751     0  0.9
  4  3827 J8  1383  4370 J8  3367  1813 J8   579  7579 20031  6.2  5.2  0.69  0.12   6.62  -2.33   2.06   3.45  53   485     0  0.8
  5  4586 J8  1503  3415 J8  2733  2756 J8   537 10151 23554  7.6  6.5  0.90  0.13  12.19   2.51   7.60   8.51  53   340     0  1.2
  6  5345 J8  1642  4654 J8  3449  2873 J8   645 11400 25685  7.3  5.3  1.50  0.12  17.63   7.97  13.26  13.93  61   166     0  1.3
  7  4374 J8  1794  3283 J8  3496  2640 J8   605 10723 24436  7.9  6.8  1.95  0.10  20.43  11.97  16.33  16.96  67    88    22  1.3
  8  3032 J8  1310  1957 J8  2275  2086 J8   495  8463 21043  8.5  8.0  1.74  0.08  18.04  10.34  13.99  14.86  70   136     8  1.2
  9  2700 J8   992  3989 J8  3071  1224 J8   437  5575 17355  6.1  5.1  1.08  0.05  13.42   3.57   8.11  10.07  58   295     0  1.1
 10  1037 J8   467  1775 J8  2233   638 J8   294  2882 13565  7.0  6.3  1.06  0.04   7.17  -0.44   3.35   4.86  75   464     0  0.5
 11   427 J8   191  1437 J8  1261   250 J8   118  1083  9771  5.7  5.0  0.65  0.03  -3.68 -10.21  -6.95  -6.31  54   758     0  0.7
 12   132 J8    62   653 J8   894    89 J8    29   433  7366  6.3  6.0  0.50  0.04  -5.94 -11.48  -8.60  -8.29  60   838     0  0.6
 13  2409 J8  1859  2591 J8  1503  1351 J8  1047  5483 16681  6.9  6.0  0.99  0.08   7.08  -1.16   2.95   4.03  61  5631    30  0.9
 2004
  1   281 J8   146  1292 J8  1098   157 J8    68   756  8745  3.7  3.5  0.34  0.06  -7.83 -17.23 -12.44 -10.50  41   957     0  0.4
  2   707 J8   362   814 J8  1267   536 J8   188  2169 12410  8.0  7.2  0.64  0.08   0.17  -7.29  -3.78  -2.28  68   635     0  0.2
  3  2243 J8  1132  3330 J8  3115  1071 J8   371  4664 16323  5.5  5.1  0.47  0.10  -1.45  -9.99  -5.68  -4.13  54   746     0  1.4
  4  3204 J8  1365  2531 J8  2896  2024 J8   638  7651 20122  8.4  7.0  0.81  0.12   6.00  -1.25   2.40   3.38  64   479     0  0.8
  5  4248 J8  1503  3322 J8  3023  2552 J8   488 10201 23633  7.6  6.4  1.31  0.13  13.59   4.57   9.34  10.26  64   287     0  0.8
  6  5309 J8  1921  4759 J8  3680  2685 J8   593 11407 25701  6.6  5.4  1.79  0.12  20.24   9.53  15.30  15.99  67   112     9  0.8
  7  4981 J8  1667  4534 J8  3566  2615 J8   673 10684 24368  6.6  5.5  1.99  0.10  21.59  12.96  17.31  17.90  66    55    22  1.3
  8  4464 J8  1373  5947 J8  3732  1703 J8   658  8396 20958  5.2  4.2  1.88  0.08  22.10  11.08  16.57  17.89  71    65    11  0.4
  9  2709 J8  1040  4229 J8  2956  1174 J8   397  5503 17265  5.5  4.8  0.97  0.05  11.06   2.53   6.40   7.97  71   346     0  1.6
 10  1052 J8   571  1761 J8  2169   629 J8   222  2824 13473  7.5  6.5  0.88  0.04   4.31  -2.72   1.22   2.58  79   544     0  0.7
 11   324 J8   209   633 J8   942   242 J8   118  1054  9683  8.3  7.7  0.71  0.03  -2.30  -6.85  -4.38  -3.72  85   687     0  0.5
 12   121 J8    47   374 J8   493    97 J8    30   429  7347  7.7  7.0  0.56  0.04  -4.56 -10.42  -7.38  -7.00  71   800     0  1.3
 13  2470 J8  1958  2794 J8  1841  1290 J8   994  5478 16669  6.7  5.9  1.03  0.08   6.91  -1.26   2.91   4.03  67  5711    42  0.8
 2005
  1   308 J8   185  1169 J8  1164   180 J8    75   778  8823  5.3  4.8  0.54  0.06  -3.55 -11.31  -7.35  -6.22  59   798     0  0.6
  2   842 J8   495  1530 J8  1572   520 J8   206  2184 12448  6.4  5.7  0.51  0.08  -3.29 -11.20  -7.21  -5.68  64   716     0  0.9
  3  2086 J8   936  2837 J8  2391  1127 J8   344  4643 16298  7.2  5.8  0.60  0.10   2.09  -5.81  -1.82  -0.42  68   626     0  1.1
  4  4452 J8  1373  5926 J8  3454  1704 J8   494  7631 20103  4.8  3.7  0.69  0.12   6.70  -2.18   2.38   3.69  68   482     0  0.7
  5  5091 J8  1534  5247 J8  3747  2373 J8   678 10188 23615  5.9  4.9  1.19  0.13  13.64   4.06   9.14  10.17  72   294     0  0.7
  6  5527 J8  1596  5199 J8  3068  2699 J8   507 11406 25699  6.1  5.2  1.58  0.12  19.44   9.20  14.66  15.31  64   123     2  1.1
  7  5029 J8  1792  4935 J8  3704  2423 J8   528 10696 24389  6.5  5.3  1.81  0.10  20.61  11.04  16.01  16.73  70    81     3  1.0
  8  4149 J8  1676  5170 J8  4203  1707 J8   650  8415 20984  5.8  5.0  1.73  0.08  19.60   9.95  14.73  15.85  73   120    10  0.9
  9  2046 J8  1057  2100 J8  2471  1238 J8   300  5524 17288  8.0  7.4  1.45  0.05  12.28   6.08   9.19  10.14  76   274     0  1.0
 10  1157 J8   477  2484 J8  2282   597 J8   258  2842 13492  6.3  5.3  0.79  0.04   4.36  -3.93   0.50   2.38  73   562     0  0.9
 11   443 J8   266  1736 J8  1626   216 J8    97  1063  9711  5.5  4.7  0.45  0.03  -5.86 -12.41  -9.28  -8.29  61   824     0  1.1
 12   121 J8    56   323 J8   484   101 J8    36   430  7352  8.3  7.6  0.78  0.04  -1.79  -6.60  -4.06  -3.86  77   698     0  0.4
 13  2604 J8  2095  3221 J8  1947  1240 J8   937  5483 16684  6.3  5.5  1.01  0.08   7.02  -1.09   3.07   4.15  69  5598    15  0.9
 2006
  1   305 J8   138  1062 J8  1023   195 J8    83   771  8800  5.5  4.6  0.29  0.06  -5.92 -12.87  -9.33  -8.33  87   859     0  0.8
  2   921 J8   475  1726 J8  1581   543 J8   177  2168 12418  6.3  5.1  0.36  0.08  -4.23 -12.71  -8.66  -6.78  64   750     0  0.9
  3  2572 J8   784  4199 J8  2302  1136 J8   399  4619 16264  4.0  3.0  0.33  0.10   0.04  -8.38  -4.25  -2.76  57   698     0  1.3
  4  3833 J8  1193  3975 J8  2986  2031 J8   442  7606 20070  6.4  5.5  0.42  0.12   4.79  -3.60   0.63   1.96  70   532     0  1.1
  5  5367 J8  1585  5311 J8  3282  2527 J8   503 10171 23588  5.8  4.8  0.73  0.13  13.16   3.89   8.77   9.73  73   304     0  1.4
  6  5578 J8  1816  5653 J8  4071  2603 J8   671 11403 25695  5.9  4.9  1.08  0.12  18.27   8.77  13.87  14.47  67   145     1  1.1
  7  4778 J8  1497  4244 J8  2964  2533 J8   457 10709 24412  6.9  6.0  1.33  0.10  17.38   9.35  13.38  14.00  84   154     0  0.8
  8  3225 J8  1330  2862 J8  2829  1946 J8   422  8437 21014  7.4  6.8  1.22  0.08  16.61   9.11  12.73  13.67  83   170     0  0.7
  9  2645 J8   916  3827 J8  2532  1221 J8   366  5548 17318  6.3  5.2  1.02  0.05  12.15   3.29   7.25   9.00  80   318     0  0.7
 10  1221 J8   398  2339 J8  1869   674 J8   277  2860 13527  6.7  5.6  0.66  0.04   1.28  -8.64  -3.31  -0.96  71   682     0  1.0
 11   549 J8   248  2901 J8  1429   181 J8    72  1072  9737  2.2  1.9  0.21  0.03  -2.08  -7.44  -4.42  -3.50  84   693     0  1.2
 12   140 J8    57   604 J8   777   101 J8    35   432  7359  6.8  6.0  0.37  0.04  -4.67 -12.66  -8.19  -7.53  69   837     0  1.1
 13  2595 J8  1987  3225 J8  1595  1307 J8   981  5483 16683  5.8  4.9  0.67  0.08   5.56  -2.66   1.54   2.75  74  6142     1  1.0
 2007
  1   287 J8   129   803 J8   751   207 J8    95   764  8769  5.8  5.4  0.36  0.06  -6.48 -13.02  -9.51  -8.22  77   870     0  1.0
  2  1178 J8   424  3177 J8  1576   503 J8   163  2151 12381  3.1  2.3  0.34  0.08  -0.99  -8.53  -4.71  -3.49  79   646     0  0.7
  3  2696 J8   907  5107 J8  2502   963 J8   345  4596 16232  2.7  2.5  0.18  0.10  -1.77 -11.18  -6.37  -4.68  70   769     0  1.8
  4  3811 J8  1338  4218 J8  2971  1938 J8   457  7582 20035  6.6  4.8  0.55  0.12   5.87  -2.87   1.30   2.74  75   505     0  0.5
  5  4754 J8  1528  4227 J8  3272  2605 J8   506 10153 23559  7.1  5.8  0.79  0.13   9.67   1.12   5.66   6.45  71   401     0  0.7
  6  5592 J8  1522  5078 J8  3212  2868 J8   541 11400 25688  6.6  5.0  1.04  0.12  16.61   6.81  12.12  12.72  70   202     3  1.2
  7  4759 J8  1319  3752 J8  2862  2787 J8   568 10721 24432  7.6  6.4  1.41  0.10  17.98  10.20  14.14  14.72  73   132     0  0.7
  8  3850 J8  1186  4120 J8  2986  1966 J8   443  8459 21042  6.3  5.7  1.34  0.08  16.32   7.67  11.70  12.80  77   196     0  0.9
  9  2519 J8   715  3311 J8  2403  1340 J8   518  5571 17350  6.9  5.7  0.95  0.05   9.92   1.84   5.52   7.10  90   373     0  1.1
 10  1196 J8   674  2283 J8  2390   613 J8   229  2879 13562  6.8  6.1  0.51  0.04   2.35  -8.42  -2.91  -0.48  67   662     0  0.7
 11   390 J8   212  1090 J8  1120   249 J8   101  1082  9768  7.8  6.2  0.52  0.03  -0.11  -5.28  -2.63  -1.60  76   631     0  0.5
 12   150 J8    62   793 J8   834    98 J8    27   433  7366  6.0  5.0  0.35  0.04  -6.63 -12.56  -9.46  -8.69  77   866     0  1.4
 13  2598 J8  1943  3163 J8  1573  1345 J8  1052  5483 16682  6.1  5.1  0.70  0.08   5.23  -2.85   1.24   2.45  75  6254     3  0.9
 2008
  1   294 J8   173  1027 J8  1101   183 J8    77   757  8747  6.1  5.3  0.33  0.06  -5.26 -12.36  -8.53  -7.55  73   841     0  1.0
  2  1087 J8   459  2586 J8  1640   551 J8   221  2171 12412  4.4  3.1  0.32  0.08  -1.68  -9.72  -5.61  -4.11  76   697     0  0.6
  3  2498 J8  1035  3693 J8  2703  1169 J8   336  4667 16327  5.6  4.4  0.42  0.10  -0.17  -7.64  -3.74  -2.48  77   689     0  0.7
  4  4243 J8  1342  5260 J8  3357  1840 J8   539  7654 20129  5.1  3.9  0.46  0.12   2.60  -6.25  -1.73  -0.55  72   605     0  1.2
  5  5361 J8  1700  5754 J8  3937  2376 J8   587 10203 23636  5.1  4.4  0.66  0.13  11.46   1.92   7.07   7.99  66   361     0  0.6
  6  4897 J8  1679  3821 J8  3021  2820 J8   520 11407 25699  7.6  6.4  1.03  0.12  15.85   6.87  11.80  12.41  74   209     0  0.7
  7  4087 J8  1606  2772 J8  2872  2640 J8   437 10682 24366  8.5  7.3  1.35  0.10  18.41   9.65  14.28  14.91  76   135     1  0.7
  8  3628 J8  1149  3280 J8  2394  2082 J8   374  8393 20953  7.6  6.6  1.10  0.08  16.03   7.71  11.71  12.78  75   200     0  0.6
  9  2272 J8   723  2573 J8  2202  1365 J8   443  5500 17261  8.2  6.7  0.93  0.05  10.85   4.75   7.59   8.71  86   316     0  0.5
 10  1274 J8   456  3039 J8  2367   596 J8   280  2822 13467  4.9  4.3  0.40  0.04   0.74  -7.80  -3.04  -1.18  80   678     0  0.8
 11   452 J8   232  1564 J8  1223   248 J8   113  1053  9678  5.9  4.8  0.35  0.03  -7.00 -13.35  -9.86  -9.15  62   855     0  0.5
 12   142 J8    52   882 J8   830    88 J8    27   429  7347  5.1  4.7  0.41  0.04  -8.34 -14.17 -11.05 -10.18  72   917     0  0.9
 13  2520 J8  1881  3021 J8  1501  1330 J8  1003  5478 16668  6.2  5.2  0.65  0.08   4.46  -3.37   0.74   1.80  74  6503     2  0.7
 2009
  1   291 J8   127   940 J8   787   202 J8    97   779  8825  4.9  4.4  0.36  0.06  -5.56 -12.58  -8.78  -7.86  76   849     0  0.8
  2  1035 J8   465  2476 J8  1840   519 J8   195  2186 12451  4.8  4.0  0.36  0.08  -0.89  -9.19  -5.18  -3.85  85   654     0  1.0
  3  2331 J8   912  3510 J8  2598  1144 J8   443  4646 16302  5.4  4.5  0.36  0.10  -0.65  -7.90  -4.22  -3.08  74   701     0  1.0
  4  4027 J8  1416  4952 J8  3485  1785 J8   527  7634 20105  5.2  4.3  0.45  0.12   5.33  -2.98   1.03   2.30  67   515     0  0.3
  5  6004 J8  1372  7381 J8  3394  2166 J8   667 10190 23619  3.7  2.9  0.61  0.13  13.59   4.57   9.34  10.26  64   287     0  0.8
  6  5239 J8  1611  4593 J8  3484  2794 J8   536 11406 25699  6.3  5.6  0.98  0.12  17.71   7.87  13.29  13.95  64   166     0  1.0
  7  4926 J8  1938  4664 J8  4142  2480 J8   606 10694 24386  6.3  5.6  1.39  0.10  17.91  10.17  13.97  14.51  79   135     2  0.6
  8  4018 J8  1528  4945 J8  3879  1765 J8   570  8412 20978  5.6  5.1  1.13  0.08  16.32   7.67  11.70  12.81  86   196     0  0.5
  9  2493 J8   988  3679 J8  2777  1146 J8   289  5520 17284  6.4  5.3  0.92  0.05  10.77   3.27   6.69   8.14  84   339     0  0.5
 10  1320 J8   476  2954 J8  2067   635 J8   292  2839 13489  5.5  4.4  0.80  0.04   0.92  -6.71  -2.19  -0.69  90   658     0  0.6
 11   489 J8   232  2185 J8  1527   207 J8    97  1062  9709  4.6  3.6  0.32  0.03  -1.02  -6.71  -3.79  -3.02  91   666     0  0.9
 12   159 J8    48   907 J8   804   103 J8    30   430  7352  5.6  4.8  0.49  0.04  -6.56 -13.46  -9.70  -9.07  79   879     0  0.2
 13  2694 J8  2085  3599 J8  1861  1246 J8   940  5483 16683  5.3  4.5  0.68  0.08   5.65  -2.16   1.85   2.87  78  6045     2  0.7
 2010
  1   328 J8   177  1408 J8  1126   181 J8    92   772  8803  4.4  3.6  0.41  0.06  -3.17  -9.90  -6.32  -5.38  74   771     0  0.2
  2   974 J8   438  1397 J8  1284   670 J8   243  2170 12420  7.1  5.8  0.42  0.08  -0.23  -7.52  -4.17  -2.73  79   622     0  0.4
  3  2371 J8   875  3424 J8  2353  1189 J8   368  4622 16269  5.9  4.6  0.35  0.10   2.09  -5.77  -1.79  -0.42  68   625     0  1.0
  4  3910 J8  1328  4466 J8  3135  1890 J8   485  7610 20070  6.3  5.0  0.47  0.12   6.52  -2.28   2.25   3.52  68   486     0  0.3
  5  5754 J8  1345  6274 J8  3003  2386 J8   561 10173 23593  5.0  3.9  0.69  0.13  10.68   1.94   6.47   7.32  75   373     0  0.7
  6  4766 J8  1596  3667 J8  3005  2814 J8   574 11403 25696  7.9  6.4  1.06  0.12  16.19   6.61  11.98  12.63  68   208     0  0.5
  7  3977 J8  1754  2664 J8  2738  2536 J8   586 10707 24407  8.7  7.4  1.38  0.10  17.25   9.71  13.65  14.18  81   151     0  0.5
  8  3112 J8  1173  2507 J8  2770  1985 J8   456  8434 21006  8.0  7.3  1.28  0.08  16.74   8.67  12.62  13.61  75   174     0  0.6
  9  3134 J8   894  6007 J8  3190   973 J8   525  5544 17316  4.0  3.2  0.84  0.05   6.49  -2.53   1.97   3.55  69   491     0  0.5
 10  1088 J8   512  1964 J8  2310   619 J8   224  2858 13522  7.4  6.8  0.54  0.04   0.95  -8.73  -3.44  -1.26  60   689     0  0.4
 11   403 J8   198  1388 J8  1247   238 J8   116  1071  9735  6.6  5.8  0.50  0.03  -1.53  -6.77  -4.13  -3.11  94   674     0  0.9
 12   171 J8    44  1219 J8   736    94 J8    31   432  7357  3.3  2.7  0.29  0.04  -9.40 -15.45 -12.45 -11.74  47   954     0  0.9
 13  2499 J8  1896  3032 J8  1779  1298 J8   983  5483 16683  6.2  5.2  0.68  0.08   5.22  -2.67   1.38   2.51  72  6217     0  0.6
