722029 MIAMI/KENDALL-TAMIA    FL  -5  N25 39  W080 26     3  1013
 1991-2010
 MO AVGLO FL SDGLO AVDIR FL SDDIR AVDIF FL SDDIF AVETR AETRN  TOT  OPQ   H2O   TAU  MAX_T  MIN_T  AVG_T  AVGDT  RH  HTDD  CLDD AVWS
  1  3601 K6   315  4579 K7   978  1339 K6   156  6684 15122  4.2  4.0  2.52  0.08  24.34  14.11  19.01  21.52  77    39    67  4.0
  2  4324 K6   364  4762 K7   922  1651 K6   178  7889 15784  4.0  3.9  2.53  0.09  25.31  14.87  19.93  22.21  76    22    72  3.9
  3  5236 K6   325  5078 K7   696  2033 K6   136  9311 16549  4.2  3.9  2.60  0.12  26.83  16.63  21.63  23.74  73    10   116  4.3
  4  6036 K6   558  5276 K7   941  2311 K6   166 10460 17280  4.0  3.7  2.78  0.16  28.48  18.64  23.45  25.45  71     1   158  4.3
  5  6174 K6   446  4815 K7   697  2626 K6   147 11087 17854  4.1  3.8  3.47  0.19  30.54  21.27  25.71  27.38  72     0   235  3.9
  6  5630 K6   520  3832 K7   831  2761 K6   261 11275 18098  5.1  4.4  4.60  0.22  31.74  23.36  27.09  28.41  78     0   277  3.1
  7  5815 K6   351  4143 K7   585  2724 K6   241 11124 17873  4.4  3.8  4.65  0.23  32.41  24.04  27.83  29.20  77     0   307  2.9
  8  5381 K6   292  3818 K7   562  2586 K6   235 10596 17281  4.6  4.0  4.86  0.22  32.50  24.14  27.83  29.36  79     0   310  2.9
  9  4678 K6   233  3469 K7   522  2323 K6   221  9622 16562  5.0  4.4  4.86  0.20  31.45  23.76  27.09  28.68  81     0   278  3.1
 10  4327 K6   338  3969 K7   756  1933 K6   132  8274 15825  4.5  4.0  4.02  0.15  29.84  21.97  25.52  27.32  78     0   235  3.6
 11  3652 K6   323  4078 K7   847  1527 K6   125  6953 15177  4.2  4.0  3.06  0.12  27.07  18.21  22.39  24.35  76     4   134  3.9
 12  3291 K6   279  4088 K7   817  1327 K6   124  6284 14861  4.3  4.1  2.72  0.09  25.03  15.45  20.03  22.30  78    27    86  3.8
 13  4845 K6   231  4326 K7   571  2095 K6   142  9130 16522  4.4  4.0  3.56  0.16  28.79  19.70  23.96  25.83  76   104  2273  3.7
 1991
  1  3253 J8   996  3691 J8  2336  1424 J8   321  6678 15119  4.7  4.3  3.04  0.07  26.45  17.85  21.89  24.01  80     6   124  4.4
  2  4352 J8  1016  4924 J8  2513  1576 J8   475  7873 15772  4.1  3.9  2.54  0.08  25.38  15.09  20.11  22.31  73    24    77  4.6
  3  4977 J8  1178  4877 J8  2501  1985 J8   596  9290 16538  4.2  3.9  2.50  0.11  27.61  17.80  22.67  24.69  71     8   144  5.0
  4  5340 J8  1314  4018 J8  2130  2553 J8   464 10445 17268  4.5  4.2  3.25  0.15  29.74  21.31  25.12  26.82  74     0   216  5.2
  5  5784 J8  1499  4101 J8  2170  2751 J8   514 11081 17845  5.0  4.5  3.80  0.19  30.79  23.15  26.74  28.02  72     0   268  5.0
  6  5699 J8  1232  3594 J8  1999  3001 J8   458 11274 18099  6.0  5.0  4.59  0.21  31.66  23.45  26.89  28.16  79     0   277  3.2
  7  5689 J8  1089  3518 J8  1818  3023 J8   546 11129 17881  5.8  4.9  4.68  0.23  32.45  24.40  27.87  29.18  77     0   313  2.7
  8  5613 J8   956  3851 J8  1546  2801 J8   424 10608 17295  4.8  4.2  4.63  0.26  32.76  24.32  28.00  29.53  76     0   316  3.4
  9  4769 J8  1008  3134 J8  1711  2614 J8   415  9641 16574  5.3  4.5  4.74  0.27  31.45  23.94  27.14  28.67  79     0   281  3.4
 10  4029 J8  1080  2934 J8  1787  2139 J8   423  8296 15841  5.6  4.9  4.50  0.26  29.39  22.24  25.46  27.10  79     0   232  3.7
 11  3342 J8   812  2727 J8  1781  1823 J8   355  6970 15186  5.3  4.8  3.14  0.25  26.34  18.10  21.92  23.52  76     8   125  5.0
 12  2957 J8   688  2643 J8  1453  1618 J8   214  6287 14863  4.8  4.3  2.96  0.25  25.91  17.06  21.10  23.14  77     1    99  4.9
 13  4650 J8  1044  3668 J8   749  2276 J8   583  9131 16523  5.0  4.4  3.70  0.19  29.16  20.73  24.58  26.26  76    47  2472  4.2
 1992
  1  3059 J8   829  2408 J8  1689  1753 J8   324  6671 15114  5.2  4.8  2.76  0.26  23.93  14.01  18.72  20.91  76    31    51  4.8
  2  3787 J8   966  2728 J8  1778  2163 J8   357  7885 15780  4.8  4.5  2.52  0.27  25.80  15.90  20.58  22.73  76    10    83  4.8
  3  4969 J8  1279  3800 J8  2126  2341 J8   457  9322 16558  4.5  4.1  2.50  0.27  26.59  15.96  21.27  23.34  71     8    99  5.0
  4  5586 J8  1575  4023 J8  2343  2627 J8   573 10466 17287  5.0  4.5  2.80  0.30  27.34  18.23  22.66  24.32  71     4   138  5.6
  5  6703 J8   933  5272 J8  1954  2772 J8   639 11089 17856  2.8  2.6  2.58  0.32  30.07  18.69  24.39  26.47  65     0   188  4.7
  6  5397 J8  1094  2456 J8  1506  3497 J8   619 11274 18098  7.1  5.9  5.01  0.33  31.15  23.10  26.44  27.62  83     0   264  3.9
  7  6501 J8   865  4674 J8  1745  2991 J8   651 11122 17870  3.5  3.1  3.98  0.33  33.25  24.55  28.65  30.16  72     0   328  4.1
  8  5230 J8  1059  3050 J8  1653  2956 J8   440 10591 17278  5.8  5.0  4.53  0.31  32.81  23.92  27.86  29.47  78     0   311  3.7
  9  4660 J8  1069  2789 J8  1560  2696 J8   388  9612 16559  5.7  4.9  4.54  0.27  32.06  23.50  27.11  28.88  81     0   284  2.4
 10  4470 J8   793  3961 J8  1695  1995 J8   408  8261 15822  3.8  3.5  3.26  0.21  29.90  21.06  25.08  27.15  76     0   222  3.3
 11  3262 J8   835  2907 J8  1741  1688 J8   307  6943 15173  5.5  5.0  3.68  0.17  27.67  20.71  23.81  25.22  80     4   180  4.8
 12  3219 J8   775  3746 J8  1922  1391 J8   323  6283 14861  3.7  3.5  2.38  0.14  25.58  16.62  20.70  22.95  75     9    95  3.7
 13  4737 J8  1233  3485 J8   909  2406 J8   626  9127 16521  4.8  4.3  3.38  0.26  28.85  19.69  23.94  25.77  75    66  2241  4.2
 1993
  1  3250 J8   932  3236 J8  2078  1548 J8   340  6694 15130  5.1  4.5  3.08  0.12  25.87  18.08  21.68  23.45  80     5   118  4.3
  2  4009 J8  1032  3763 J8  2183  1843 J8   362  7900 15791  4.1  4.0  2.28  0.12  24.20  14.66  19.39  21.39  73    11    42  4.3
  3  4913 J8  1257  4261 J8  2443  2064 J8   510  9315 16552  4.9  4.5  2.48  0.14  25.94  16.17  20.88  22.73  72    13    97  4.7
  4  6268 J8  1133  5614 J8  2072  2192 J8   487 10463 17286  4.0  3.5  1.96  0.18  27.55  18.15  22.56  24.38  67     0   136  4.7
  5  5870 J8  1818  4585 J8  2673  2489 J8   512 11089 17859  4.7  4.4  3.14  0.22  29.18  21.52  25.24  26.57  69     0   218  5.0
  6  5951 J8  1241  4081 J8  1913  2899 J8   458 11276 18098  4.9  4.4  4.03  0.24  31.73  23.80  27.52  28.73  76     0   283  3.6
  7  6046 J8   968  4234 J8  1850  2883 J8   568 11123 17871  4.5  3.9  4.43  0.25  32.77  24.54  28.08  29.48  75     0   320  3.1
  8  5783 J8  1194  4209 J8  2004  2668 J8   481 10594 17278  4.6  4.1  4.26  0.24  32.87  24.50  28.06  29.61  77     0   321  3.0
  9  4997 J8  1048  3665 J8  1791  2433 J8   416  9618 16559  4.8  4.3  4.55  0.20  31.89  23.98  27.56  29.11  77     0   288  3.9
 10  4316 J8   829  3625 J8  1810  2064 J8   467  8269 15817  5.3  4.3  4.38  0.16  30.54  22.44  25.76  27.43  81     0   253  3.6
 11  3464 J8   933  3645 J8  2023  1539 J8   328  6949 15174  4.6  4.3  3.39  0.12  27.69  19.79  23.37  25.07  78     3   166  4.1
 12  3217 J8   805  3864 J8  2091  1323 J8   316  6283 14858  4.2  4.0  2.48  0.09  25.33  14.27  19.32  21.96  75    24    70  3.9
 13  4840 J8  1157  4065 J8   611  2162 J8   530  9131 16523  4.6  4.2  3.37  0.17  28.80  20.16  24.12  25.83  75    56  2311  4.0
 1994
  1  3038 J8   994  3038 J8  2430  1533 J8   364  6687 15123  5.7  5.4  2.69  0.08  24.27  16.15  19.95  21.89  80    22    80  4.8
  2  3685 J8  1108  3436 J8  2350  1774 J8   373  7887 15783  5.3  5.2  2.90  0.09  26.44  18.39  21.86  23.55  80     9   123  4.3
  3  5165 J8  1212  5002 J8  2501  1939 J8   525  9303 16543  4.2  4.0  2.73  0.11  27.78  17.28  22.11  24.30  74     4   134  4.4
  4  5692 J8  1107  4584 J8  2206  2480 J8   605 10455 17273  4.4  3.9  3.17  0.15  29.59  21.07  24.90  26.65  73     0   210  4.4
  5  5999 J8  1224  4553 J8  2042  2591 J8   578 11085 17850  4.5  4.1  3.62  0.19  31.51  21.91  26.31  28.03  71     0   260  3.8
  6  5820 J8  1059  3628 J8  1892  3012 J8   516 11275 18098  6.1  5.2  4.55  0.22  32.73  24.18  27.82  29.19  77     0   304  3.4
  7  5832 J8  1340  3918 J8  1834  2924 J8   465 11126 17875  5.0  4.2  4.34  0.23  32.66  24.18  28.10  29.48  74     0   313  3.6
  8  5164 J8  1113  3205 J8  1794  2810 J8   451 10600 17282  5.7  5.0  4.54  0.22  32.25  24.00  27.51  28.94  78     0   304  3.3
  9  4626 J8  1279  3054 J8  2163  2525 J8   483  9629 16565  6.7  5.6  4.73  0.19  31.14  24.08  26.98  28.34  81     0   278  3.2
 10  4453 J8   924  4355 J8  1698  1834 J8   359  8282 15830  3.7  3.4  3.75  0.15  30.55  22.21  25.61  27.52  78     0   250  3.2
 11  3362 J8  1065  3593 J8  2247  1486 J8   313  6959 15178  4.6  4.4  3.33  0.11  28.12  20.90  24.13  25.68  80     0   185  4.1
 12  3142 J8   825  3646 J8  2050  1351 J8   317  6285 14861  4.5  4.3  2.78  0.08  25.77  17.54  21.18  23.07  80    12   115  3.9
 13  4665 J8  1116  3834 J8   651  2188 J8   599  9131 16522  5.0  4.6  3.59  0.15  29.40  20.99  24.71  26.39  77    46  2555  3.9
 1995
  1  3483 J8   955  4394 J8  2425  1283 J8   376  6679 15119  4.5  4.2  2.30  0.07  23.72  14.34  18.63  20.86  75    32    53  4.1
  2  4406 J8   898  5039 J8  2444  1567 J8   557  7875 15776  3.4  3.2  2.24  0.08  24.77  14.26  19.19  21.52  75    36    69  4.0
  3  4929 J8  1273  4555 J8  2339  1964 J8   446  9291 16538  4.7  4.3  2.52  0.11  27.09  18.00  22.26  24.13  73     2   132  4.6
  4  5513 J8  1778  4807 J8  3031  2162 J8   529 10446 17269  4.4  4.2  2.87  0.15  29.37  20.52  24.57  26.39  72     0   198  3.8
  5  6405 J8  1084  5097 J8  2115  2641 J8   589 11081 17846  3.8  3.5  3.36  0.19  32.13  23.31  27.55  29.21  71     0   291  3.8
  6  6004 J8  1336  4070 J8  2255  2935 J8   654 11274 18099  6.0  4.7  4.44  0.21  31.80  23.57  27.21  28.37  78     0   281  3.9
  7  5889 J8  1136  4001 J8  1878  2900 J8   506 11129 17881  5.7  4.5  4.67  0.23  32.59  24.53  28.17  29.36  76     0   317  3.5
  8  5445 J8  1181  3573 J8  1828  2806 J8   468 10607 17291  5.2  4.4  5.13  0.21  32.35  24.64  27.93  29.24  80     0   315  3.5
  9  4811 J8  1168  3484 J8  2090  2413 J8   417  9639 16574  5.4  4.8  5.00  0.19  32.09  24.45  27.48  29.03  80     0   298  3.1
 10  4110 J8   881  3311 J8  1942  2078 J8   521  8294 15840  5.9  5.0  5.01  0.14  30.46  24.07  26.75  28.10  81     0   277  3.9
 11  3677 J8   878  4260 J8  2097  1433 J8   350  6969 15186  4.0  3.8  3.01  0.11  27.08  17.98  22.22  24.12  73     3   129  3.9
 12  3069 J8   882  3500 J8  2222  1356 J8   340  6287 14863  4.6  4.3  2.71  0.08  23.68  14.70  18.85  20.82  78    52    79  4.0
 13  4812 J8  1078  4174 J8   624  2128 J8   617  9131 16523  4.8  4.2  3.60  0.15  28.93  20.36  24.23  25.93  76   125  2441  3.8
 1996
  1  3346 J8   969  4100 J8  2507  1348 J8   398  6672 15114  4.5  4.3  2.50  0.07  24.37  14.39  19.02  21.32  76    43    76  4.1
  2  4513 J8  1083  5530 J8  2499  1433 J8   486  7887 15780  3.0  2.9  2.06  0.08  24.89  12.27  18.23  20.92  73    48    55  3.6
  3  4793 J8  1208  4406 J8  2292  2109 J8   522  9324 16559  4.4  4.1  2.51  0.11  25.14  15.39  20.11  22.04  72    31    91  4.6
  4  5448 J8  1616  4434 J8  2795  2383 J8   591 10467 17287  4.3  4.2  2.77  0.15  28.24  19.41  23.57  25.37  70     0   165  4.3
  5  5490 J8  1238  3765 J8  2153  2799 J8   574 11090 17857  5.6  5.1  4.02  0.19  30.70  22.69  26.16  27.49  75     0   259  4.0
  6  5589 J8  1075  3645 J8  2004  2928 J8   544 11274 18098  5.9  5.1  4.71  0.21  31.47  23.04  26.66  27.97  78     0   268  3.3
  7  5467 J8   768  3117 J8  1144  3203 J8   376 11121 17870  4.8  4.4  4.41  0.23  33.16  25.26  28.99  30.32  72     0   337  4.0
  8  5187 J8   861  3080 J8  1590  3020 J8   450 10590 17277  5.7  4.9  4.78  0.21  33.14  24.34  28.06  29.65  75     0   323  3.5
  9  4484 J8   795  2685 J8  1278  2702 J8   361  9611 16557  5.4  5.0  4.61  0.18  32.44  24.20  27.71  29.52  77     0   300  3.3
 10  3477 J8   826  2266 J8  1424  2165 J8   352  8260 15821  6.7  5.9  4.20  0.14  29.32  22.57  25.45  26.89  78     0   236  4.4
 11  3136 J8   584  2642 J8  1480  1762 J8   327  6942 15172  5.5  5.2  3.00  0.10  27.60  19.43  23.14  24.81  69     0   156  5.5
 12  2989 J8   651  3289 J8  1835  1435 J8   315  6283 14861  4.9  4.7  2.77  0.08  25.87  15.68  20.44  22.84  75    19    94  4.1
 13  4493 J8  1004  3580 J8   928  2274 J8   666  9127 16521  5.1  4.6  3.53  0.15  28.86  19.89  23.96  25.76  74   141  2360  4.1
 1997
  1  3208 J8   874  3538 J8  2262  1491 J8   376  6695 15130  4.6  4.4  2.74  0.07  24.71  14.53  19.30  21.79  78    38    78  4.1
  2  3612 J8   774  3057 J8  1714  1943 J8   360  7901 15792  5.2  4.9  3.19  0.08  27.41  18.62  22.57  24.49  78     3   134  4.8
  3  4525 J8   892  3534 J8  1528  2340 J8   314  9317 16553  5.3  4.9  3.20  0.11  29.00  19.70  23.77  25.62  75     0   187  4.5
  4  4546 J8  1385  2831 J8  1996  2608 J8   446 10465 17288  6.5  6.1  3.46  0.15  28.35  19.66  23.77  25.43  72     0   170  4.9
  5  5027 J8  1105  2793 J8  1506  3035 J8   433 11090 17859  6.3  5.9  4.12  0.19  31.00  22.35  26.31  27.77  74     0   259  4.0
  6  5074 J8  1058  2653 J8  1462  3149 J8   434 11276 18099  6.6  5.9  4.61  0.21  32.10  23.50  27.44  28.73  78     0   284  3.4
  7  5105 J8   742  2607 J8  1108  3196 J8   405 11123 17870  6.2  5.3  4.82  0.23  33.00  24.35  28.13  29.47  78     0   321  2.8
  8  4870 J8   802  2529 J8  1128  3059 J8   352 10593 17278  6.3  5.3  4.85  0.21  32.77  24.38  27.95  29.38  77     0   318  2.9
  9  4051 J8   833  2002 J8  1172  2732 J8   243  9616 16559  7.2  6.4  5.18  0.19  31.20  23.63  26.75  28.16  83     0   273  3.2
 10  3948 J8   826  2976 J8  1614  2162 J8   381  8268 15817  5.6  5.0  3.59  0.14  29.88  21.50  25.20  26.97  75     0   228  4.1
 11  2838 J8  1052  2239 J8  2098  1666 J8   323  6948 15174  6.5  6.1  3.58  0.11  27.02  19.03  22.66  24.34  79     0   141  4.3
 12  2747 J7   927  2869 J8  2397  1386 J7   323  6283 14858  5.9  5.5  3.04  0.08  24.53  15.89  19.82  21.73  81    32    90  4.1
 13  4129 J8   867  2802 J8   454  2397 J8   664  9131 16523  6.0  5.5  3.86  0.15  29.25  20.60  24.47  26.16  77    73  2482  3.9
 1998
  1  3531 K4   934  4135 K6  2454  1465 K4   446  6688 15125  7.2  6.9  2.95  0.07  24.82  16.85  20.45  22.25  80    17    94  4.6
  2  4058 K4  1319  4115 K6  2845  1767 K4   626  7889 15785  5.4  5.3  2.49  0.08  24.72  15.86  20.15  22.01  78    24    79  5.0
  3  5432 K4  1238  5460 K6  2465  2002 K4   595  9305 16544  5.5  5.2  2.47  0.11  24.95  16.16  20.44  21.93  73    21    90  5.4
  4  6526 K4   867  5935 K6  1723  2384 K4   534 10456 17274  5.0  4.5  2.34  0.15  28.27  19.55  23.72  25.52  69     0   167  4.9
  5  6646 K4  1428  5638 K6  2483  2415 K4   581 11086 17850  4.6  4.3  3.09  0.19  32.07  21.90  26.46  28.30  73     0   268  3.5
  6  6526 K4  1050  5285 K6  1638  2575 K4   337 11275 18097  4.7  4.1  4.23  0.21  34.10  24.17  28.57  30.25  76     0   324  3.1
  7  6265 K4  1261  4922 K6  1934  2560 K4   339 11125 17873  4.7  4.1  4.68  0.23  32.87  23.71  27.92  29.44  80     0   309  2.6
  8  5852 K4  1073  4691 K6  1515  2407 K4   365 10599 17282  5.3  4.6  4.80  0.21  32.72  24.20  28.02  29.63  81     0   314  2.5
  9  4647 K4  1547  3524 K6  2037  2240 K4   484  9627 16564  5.9  4.9  4.79  0.19  31.34  24.10  27.49  29.05  81     0   282  3.4
 10  4499 K4   932  4348 K6  1840  1916 K4   332  8280 15828  5.0  4.3  3.70  0.14  30.19  22.00  25.62  27.67  78     0   241  3.5
 11  3843 K4  1051  4693 K6  2410  1420 K4   390  6958 15178  4.3  3.9  2.88  0.11  27.74  19.17  23.14  25.33  81     0   154  3.1
 12  3723 K4   681  5289 K6  1992  1195 K4   370  6285 14861  3.8  3.5  2.69  0.08  26.37  16.84  21.41  23.87  80    14   116  3.4
 13  5129 K4  1209  4836 K6   718  2029 K4   478  9131 16522  5.1  4.6  3.42  0.15  29.18  20.38  24.45  26.27  77    76  2438  3.8
 1999
  1  3681 K4  1042  4971 K6  2174  1297 K4   324  6680 15121  4.1  3.9  2.33  0.07  25.10  14.99  19.92  22.47  79    26    79  3.9
  2  4895 K4   756  5863 K6  1833  1564 K4   453  7876 15776  3.0  2.9  2.07  0.08  25.43  13.56  19.28  22.02  74    21    54  3.2
  3  5651 K4  1134  6028 K6  2237  1884 K4   513  9293 16539  3.3  3.0  1.88  0.11  26.16  13.24  19.85  22.67  71    11    53  3.6
  4  6615 K4  1328  6478 K6  1934  2004 K4   425 10447 17269  3.2  3.0  2.69  0.15  29.87  17.83  23.75  26.37  74     0   166  3.3
  5  6308 K4  1347  5199 K6  1756  2435 K4   345 11082 17846  4.0  3.5  3.02  0.19  30.42  19.35  24.52  26.52  75     0   203  2.7
  6  5017 K4  1222  3166 K6  1551  2641 K4   447 11274 18099  6.3  5.3  4.61  0.21  30.47  22.57  25.79  26.96  84     0   246  2.4
  7  6236 K4  1207  4732 K6  1731  2701 K4   290 11128 17880  4.8  4.3  4.20  0.23  32.03  23.39  27.50  29.05  77     0   291  2.8
  8  5124 K4  1417  3736 K6  1730  2380 K4   281 10606 17291  5.2  4.6  4.85  0.21  32.52  23.61  27.32  28.99  81     0   302  2.3
  9  4567 K4  1515  3560 K6  2216  2145 K4   478  9638 16572  5.2  4.4  4.54  0.19  31.27  23.20  26.61  28.29  81     0   267  2.9
 10  4149 K4  1221  3758 K6  2286  1908 K4   474  8293 15838  5.4  4.9  3.82  0.14  29.12  21.90  25.22  26.84  80     0   223  4.2
 11  3797 K4   646  4346 K6  1752  1580 K4   415  6968 15185  4.1  3.9  2.51  0.11  26.73  17.73  21.98  24.09  75     0   117  4.3
 12  3228 K4  1014  4124 K6  2527  1263 K4   391  6286 14863  4.8  4.6  2.39  0.08  24.94  15.00  19.61  22.15  81    26    77  2.9
 13  4939 K4  1108  4663 K6  1067  1984 K4   494  9131 16523  4.4  4.0  3.24  0.15  28.67  18.86  23.45  25.54  78    84  2077  3.2
 2000
  1  4004 K4   679  5748 K6  1980  1201 K4   419  6673 15116  3.2  3.2  2.07  0.07  24.68  12.94  18.67  21.78  76    35    50  3.6
  2  4593 K4  1206  5505 K6  2348  1500 K4   423  7888 15782  3.8  3.7  2.18  0.08  24.97  13.76  19.23  21.75  77    22    53  3.6
  3  5651 K4   795  5698 K6  1578  2075 K4   435  9325 16560  4.0  3.8  2.60  0.11  27.84  17.26  22.28  24.65  74     0   131  3.6
  4  6225 K4  1463  5720 K6  2308  2217 K4   516 10468 17287  3.7  3.5  2.48  0.15  28.23  17.62  22.63  24.83  72     0   138  4.0
  5  6646 K4   831  5474 K6  1465  2624 K4   424 11090 17857  3.6  3.4  3.12  0.19  30.48  20.26  25.40  27.35  73     0   218  3.5
  6  6005 K4  1229  4563 K6  1445  2621 K4   252 11274 18098  5.0  4.5  4.40  0.21  31.50  22.60  26.63  28.13  79     0   262  3.2
  7  5507 K4  1170  3831 K6  1527  2614 K4   316 11121 17869  5.2  4.4  4.85  0.23  32.33  23.03  26.88  28.39  81     0   290  2.3
  8  5507 K4  1225  4109 K6  1726  2532 K4   283 10589 17275  4.8  4.2  4.69  0.21  31.75  23.29  27.16  28.79  79     0   285  3.0
  9  4948 K4  1204  4149 K6  1854  2172 K4   331  9609 16557  5.1  4.4  5.04  0.18  31.53  23.67  27.11  28.87  82     0   278  2.6
 10  4452 K4  1048  4420 K6  1791  1793 K4   380  8258 15820  4.0  3.8  3.40  0.14  28.65  20.05  24.13  26.11  76     0   187  3.8
 11  3890 K4   939  4685 K6  1955  1431 K4   266  6941 15172  3.7  3.5  2.79  0.10  26.90  16.20  21.40  23.80  76     5   101  3.4
 12  3199 K4   956  3787 K6  2342  1352 K4   365  6283 14861  5.0  4.8  2.70  0.08  23.81  14.78  19.27  21.34  79    36    66  4.1
 13  5052 K4  1047  4807 K6   773  2011 K4   539  9127 16521  4.3  3.9  3.36  0.15  28.56  18.79  23.40  25.48  77    99  2059  3.4
 2001
  1  3911 K4   830  5489 K6  1890  1186 K4   381  6696 15130  3.3  3.1  1.95  0.07  22.45   9.29  15.68  18.99  75   102    26  3.4
  2  4689 K4   789  5367 K6  1706  1699 K4   464  7903 15793  3.4  3.3  2.69  0.08  26.98  16.92  21.97  24.27  77     3   105  3.9
  3  5583 K4  1008  5883 K6  1995  1947 K4   514  9319 16555  3.4  3.1  2.68  0.11  27.48  15.77  21.57  24.16  77    15   117  3.9
  4  6152 K4  1193  5404 K6  2271  2347 K4   613 10466 17290  3.6  3.4  2.75  0.15  28.27  17.93  23.12  25.29  72     1   144  4.3
  5  5814 K4  1675  4274 K6  2398  2656 K4   427 11091 17859  5.1  4.4  3.51  0.19  28.74  19.61  24.15  25.85  76     0   181  3.9
  6  5932 K4  1238  4575 K6  1590  2436 K4   286 11276 18099  4.7  4.0  4.36  0.21  31.90  22.27  26.70  28.27  79     0   263  3.1
  7  5753 K4  1589  4337 K6  2158  2492 K4   352 11122 17870  5.0  4.3  4.78  0.23  31.65  22.87  26.76  28.23  80     0   277  3.3
  8  5280 K4  1578  3869 K6  2097  2397 K4   401 10592 17276  4.9  4.1  4.92  0.21  32.30  23.79  27.70  29.35  79     0   301  3.0
  9  4426 K4  1520  3480 K6  2140  2154 K4   322  9615 16558  5.2  4.6  4.88  0.19  30.51  22.72  25.93  27.55  84     0   248  3.0
 10  4097 K4  1161  3430 K6  1927  1997 K4   337  8266 15816  5.9  5.0  4.07  0.14  28.97  22.23  25.24  26.76  78     0   225  4.3
 11  3804 K4   732  4339 K6  1705  1567 K4   335  6947 15174  4.4  4.3  2.83  0.11  26.64  17.53  21.87  23.92  78     0   113  4.2
 12  3268 K4   803  4055 K6  2038  1366 K4   363  6283 14859  4.1  4.0  2.87  0.08  25.85  17.03  21.40  23.64  79     9   106  3.7
 13  4892 K4   980  4542 K6   816  2020 K4   477  9131 16523  4.4  4.0  3.52  0.15  28.48  19.00  23.51  25.52  78   131  2106  3.7
 2002
  1  3912 K4   789  5390 K6  2063  1283 K4   421  6689 15125  3.4  3.2  2.64  0.07  25.30  14.70  19.74  22.48  81    38    90  3.6
  2  4151 K4  1210  4418 K6  2505  1718 K4   442  7890 15785  5.1  4.8  3.01  0.08  24.82  15.21  20.05  22.06  79    16    63  3.7
  3  5383 K4  1458  5303 K6  2498  2067 K4   446  9306 16544  3.9  3.8  2.97  0.11  27.52  17.87  22.85  24.88  74     3   138  4.0
  4  6778 K4   716  6491 K6  1280  2189 K4   380 10457 17275  3.0  2.9  3.18  0.15  29.27  19.53  24.44  26.56  67     0   182  4.0
  5  6471 K4  1260  5232 K6  1834  2591 K4   397 11086 17853  4.4  4.1  3.58  0.19  30.39  21.90  25.98  27.59  70     0   242  4.2
  6  4672 K4  1703  2660 K6  2011  2657 K4   427 11275 18098  7.3  6.3  4.96  0.21  30.06  22.69  26.09  27.27  78     0   241  2.7
  7  5546 K4  1547  4050 K6  2000  2559 K4   270 11125 17873  5.1  4.6  4.89  0.23  31.45  23.45  27.09  28.35  80     0   283  2.2
  8  5560 K4  1272  4157 K6  1831  2486 K4   236 10598 17282  4.9  4.5  4.84  0.21  32.03  23.17  27.18  28.86  80     0   287  2.4
  9  4916 K4  1173  3856 K6  1795  2300 K4   338  9626 16563  5.5  4.9  5.19  0.19  30.98  23.92  27.21  28.74  84     0   274  2.8
 10  4784 K4   670  4958 K6  1260  1869 K4   303  8279 15826  3.1  3.0  4.28  0.14  30.74  21.59  25.90  28.11  84     0   243  2.1
 11  3988 K4   834  4849 K6  1963  1424 K4   351  6957 15178  3.7  3.5  3.17  0.11  26.92  16.87  21.62  23.83  81     8   115  3.0
 12  3469 K4   642  4346 K6  1897  1373 K4   371  6285 14861  4.2  3.9  2.92  0.08  25.26  15.16  20.16  22.52  84    26    85  3.8
 13  4969 K4  1023  4643 K6   962  2043 K4   502  9131 16522  4.5  4.1  3.80  0.15  28.73  19.67  24.03  25.94  79    92  2244  3.2
 2003
  1  3929 K4   896  5581 K6  2276  1151 K4   429  6681 15121  3.7  3.4  2.10  0.07  22.29   9.91  15.81  19.04  80    89    20  3.5
  2  4665 K4   832  5462 K6  2109  1621 K4   525  7878 15776  3.1  3.0  2.90  0.08  27.06  15.42  21.10  23.85  83     5    87  3.2
  3  5464 K4   976  5421 K6  1845  2031 K4   422  9294 16540  4.1  3.9  3.34  0.11  29.75  19.47  24.35  26.50  84     4   199  3.1
  4  5922 K4  1493  4971 K6  2084  2351 K4   477 10449 17270  4.1  3.9  3.03  0.15  27.70  17.50  22.63  24.72  79     2   130  3.6
  5  6189 K4  1266  4804 K6  1789  2580 K4   356 11082 17847  4.0  3.7  4.06  0.19  30.77  22.13  26.08  27.65  79     0   252  3.0
  6  5195 K4  1308  3306 K6  1687  2767 K4   368 11274 18098  6.2  5.4  4.93  0.21  30.69  23.47  26.72  27.84  81     0   262  2.6
  7  6020 K4  1213  4605 K6  1599  2586 K4   305 11128 17879  4.5  4.0  4.54  0.23  31.68  23.71  27.55  28.89  79     0   290  3.0
  8  5034 K4  1332  3562 K6  1635  2407 K4   379 10605 17290  5.4  4.7  5.08  0.21  31.29  23.55  26.85  28.22  85     0   282  2.7
  9  4638 K4  1135  3541 K6  1527  2244 K4   357  9637 16570  5.2  4.6  4.99  0.19  31.07  23.33  26.72  28.31  86     0   266  2.6
 10  4630 K4   941  4639 K6  2057  1871 K4   465  8291 15838  3.6  3.3  3.96  0.14  30.55  21.52  25.74  27.85  80     0   239  3.3
 11  3798 K4   926  4638 K6  1894  1416 K4   353  6966 15185  3.7  3.4  3.39  0.11  27.42  19.07  23.03  24.94  79     3   150  3.9
 12  3430 K4   900  4482 K6  2130  1254 K4   327  6286 14863  3.9  3.6  2.38  0.08  23.85  12.71  18.42  20.95  75    45    44  3.8
 13  4909 K4   899  4584 K6   766  2023 K4   555  9131 16523  4.3  3.9  3.73  0.15  28.68  19.31  23.75  25.73  81   148  2220  3.2
 2004
  1  3871 K4   904  5509 K6  2254  1131 K4   348  6674 15116  3.1  3.0  2.46  0.07  23.56  12.38  17.99  20.93  78    43    32  3.3
  2  4768 K4   817  5746 K6  1871  1529 K4   438  7890 15783  4.4  4.2  2.64  0.08  26.03  15.47  20.54  22.71  76    14    84  3.7
  3  5474 K4  1046  5493 K6  2059  2045 K4   481  9327 16560  4.4  4.2  2.36  0.11  26.65  17.51  21.98  23.96  68     3   120  4.9
  4  6377 K4  1206  5870 K6  2038  2259 K4   503 10469 17288  4.3  4.0  2.71  0.15  27.76  17.01  22.43  24.68  73     4   126  4.2
  5  6698 K4   862  5503 K6  1641  2673 K4   428 11091 17857  4.4  4.3  3.18  0.19  29.55  21.64  25.49  26.99  72     0   225  4.8
  6  6480 K4   988  5276 K6  1323  2577 K4   282 11274 18098  4.3  3.8  4.52  0.21  32.33  23.62  27.76  29.31  76     0   289  2.9
  7  6119 K4  1045  4620 K6  1511  2616 K4   229 11120 17869  4.8  4.3  4.70  0.23  32.31  23.19  27.14  28.62  81     0   292  2.4
  8  5130 K4  1311  3685 K6  1796  2396 K4   315 10588 17275  5.8  5.1  5.18  0.21  32.52  23.94  27.78  29.22  83     0   307  2.4
  9  4631 K4  1570  3628 K6  2300  2147 K4   377  9608 16556  5.4  4.9  4.95  0.18  30.97  24.10  27.11  28.44  82     0   276  4.7
 10  4717 K4   723  4743 K6  1440  1848 K4   343  8257 15820  4.1  3.9  3.78  0.14  29.55  21.06  25.09  27.14  79     0   216  3.4
 11  3801 K4   784  4552 K6  1698  1481 K4   330  6940 15170  4.0  3.9  2.87  0.10  27.50  18.18  22.77  24.85  76     0   135  3.7
 12  3431 K4   766  4312 K6  2072  1353 K4   386  6283 14861  5.1  4.8  2.66  0.08  24.65  14.53  19.51  21.87  77    34    73  3.8
 13  5125 K4  1117  4911 K6   771  2005 K4   531  9127 16521  4.5  4.2  3.50  0.15  28.62  19.39  23.80  25.73  77    98  2175  3.7
 2005
  1  3807 K4   878  5317 K6  2159  1206 K4   375  6697 15130  4.3  4.3  2.44  0.07  24.45  13.64  18.90  21.60  77    35    57  4.0
  2  4361 K4  1137  4967 K6  2504  1590 K4   496  7904 15794  4.4  4.2  2.61  0.08  24.83  13.61  19.19  21.88  78    20    45  3.3
  3  5369 K4  1621  5516 K6  2837  1838 K4   614  9320 16555  4.5  4.3  2.79  0.11  26.10  15.23  20.62  22.97  79    20    92  3.6
  4  6467 K4  1234  6110 K6  2225  2142 K4   573 10467 17290  3.1  2.9  2.47  0.15  27.54  15.96  21.80  24.10  68     2   104  4.1
  5  6442 K4  1275  5212 K6  2011  2576 K4   404 11091 17858  4.3  4.0  3.46  0.19  29.94  20.06  24.93  26.75  73     0   207  3.5
  6  4680 K4  1695  2820 K6  2140  2587 K4   443 11276 18099  7.1  6.0  4.96  0.21  30.63  23.13  26.40  27.43  82     0   257  3.1
  7  6266 K4  1307  4884 K6  1764  2563 K4   287 11122 17869  4.5  4.0  4.87  0.23  32.58  24.63  28.44  29.76  76     0   319  3.4
  8  5605 K4  1362  4387 K6  1880  2386 K4   378 10591 17276  4.8  4.3  5.16  0.21  32.68  24.58  28.20  29.71  77     0   319  2.9
  9  5082 K4  1049  4058 K6  1681  2308 K4   418  9614 16557  4.8  4.4  4.98  0.19  31.43  23.30  26.97  28.68  79     0   271  3.4
 10  4229 K4  1266  3929 K6  2309  1858 K4   378  8265 15816  5.4  4.7  4.37  0.14  29.08  22.56  25.60  27.07  83     0   232  4.0
 11  3835 K4   885  4395 K6  1923  1539 K4   333  6946 15171  4.2  4.0  3.22  0.11  26.24  17.47  21.85  23.79  81     8   114  3.7
 12  3579 K4   822  4887 K6  2096  1208 K4   336  6283 14859  3.9  3.7  2.64  0.08  23.58  13.06  18.21  20.72  81    48    48  3.2
 13  4977 K4  1055  4707 K6   862  1983 K4   517  9131 16523  4.6  4.2  3.67  0.15  28.26  18.94  23.43  25.37  78   133  2065  3.5
 2006
  1  3880 K4   652  5339 K6  2046  1304 K4   463  6690 15125  4.0  3.9  2.35  0.07  24.17  13.88  19.12  21.52  76    41    63  4.3
  2  4545 K4  1182  5444 K6  2541  1514 K4   484  7892 15787  3.3  3.1  2.19  0.08  24.11  13.00  18.50  20.93  73    40    47  3.3
  3  5634 K4   909  5962 K6  1906  1950 K4   487  9308 16544  2.8  2.6  2.27  0.11  26.58  15.39  21.00  23.53  68    11    94  3.9
  4  6504 K4  1008  6064 K6  1781  2207 K4   516 10458 17278  3.1  2.8  2.69  0.15  29.40  17.53  23.61  26.13  68     0   154  3.6
  5  6154 K4  1540  4997 K6  2388  2446 K4   494 11087 17855  2.6  2.3  3.42  0.19  30.82  18.81  24.96  27.10  70     0   201  2.8
  6  5570 K4  1432  3956 K6  1812  2605 K4   434 11275 18098  3.2  2.7  4.54  0.21  31.57  23.20  27.15  28.53  75     0   272  2.9
  7  5487 K4  1744  3988 K6  2220  2491 K4   329 11125 17873  3.5  2.9  4.80  0.23  31.26  23.72  27.19  28.33  77     0   284  3.0
  8  5465 K4  1465  4172 K6  1964  2412 K4   298 10597 17280  3.1  2.6  4.92  0.21  32.13  23.92  27.65  29.12  76     0   301  2.9
  9  4700 K4  1247  3934 K6  1770  2077 K4   300  9624 16563  4.1  3.8  4.86  0.19  31.60  23.14  26.80  28.55  78     0   271  2.3
 10  4744 K4   798  4801 K6  1406  1855 K4   328  8277 15824  3.0  2.7  3.82  0.14  30.24  21.15  25.46  27.58  71     0   228  3.4
 11  3613 K4   966  3918 K6  2158  1567 K4   401  6956 15178  4.3  4.1  2.98  0.11  26.28  16.72  21.53  23.55  73    22   117  3.7
 12  3075 K4   907  3513 K6  2103  1418 K4   315  6285 14861  5.7  5.2  3.58  0.08  26.21  18.93  22.49  24.07  77     3   135  4.3
 13  4947 K4  1044  4674 K6   877  1987 K4   457  9131 16522  3.5  3.2  3.54  0.15  28.70  19.12  23.79  25.74  73   118  2165  3.4
 2007
  1  3724 K4   826  4848 K6  1951  1339 K4   371  6682 15122  4.1  3.9  2.94  0.07  25.69  16.21  20.95  23.14  76    16    97  3.7
  2  4054 K4  1400  4309 K6  2813  1637 K4   570  7879 15777  4.1  3.9  2.84  0.08  24.82  14.09  19.24  21.44  75    29    60  3.5
  3  5437 K4  1161  5384 K6  2095  2035 K4   461  9296 16540  3.6  3.5  2.57  0.11  26.59  17.13  21.81  23.85  67     1   111  4.8
  4  6393 K4  1111  5814 K6  1952  2257 K4   551 10450 17271  3.2  2.9  2.81  0.15  28.00  17.08  22.65  24.76  68     1   127  3.9
  5  6175 K4  1068  4741 K6  1734  2703 K4   457 11083 17847  3.8  3.4  3.46  0.19  29.17  20.03  24.46  26.09  71     0   194  4.8
  6  5678 K4  1505  4116 K6  2035  2578 K4   393 11274 18098  3.8  3.4  4.55  0.21  31.05  22.39  26.24  27.64  77     0   252  3.0
  7  5816 K4  1208  4580 K6  1622  2396 K4   243 11127 17878  3.7  3.5  4.90  0.23  32.26  23.62  27.40  28.75  76     0   298  2.2
  8  5853 K4  1035  4720 K6  1445  2448 K4   270 10604 17288  2.4  2.2  4.67  0.21  32.57  23.95  28.10  29.84  74     0   308  2.9
  9  4913 K4  1353  4074 K6  1892  2136 K4   338  9635 16570  3.4  3.1  4.86  0.19  31.48  23.13  26.88  28.73  77     0   269  2.8
 10  3962 K4  1164  3344 K6  1900  1957 K4   373  8290 15836  4.5  4.0  4.73  0.14  29.98  23.95  26.55  27.83  79     0   268  4.2
 11  4119 K4   677  5223 K6  1785  1402 K4   354  6965 15184  3.2  3.0  2.99  0.11  26.85  17.84  22.18  24.25  72     1   122  3.7
 12  3672 K4   647  5057 K6  1962  1267 K4   376  6286 14863  3.1  2.8  3.11  0.08  26.77  17.05  21.74  24.21  78     6   117  3.3
 13  4983 K4  1023  4684 K6   665  2013 K4   499  9131 16523  3.6  3.3  3.70  0.15  28.77  19.71  24.02  25.88  74    54  2223  3.6
 2008
  1  3711 K4   781  4769 K6  2072  1351 K4   387  6675 15117  4.5  4.2  2.81  0.07  24.65  14.39  19.38  21.78  74    27    64  3.7
  2  4358 K4  1262  4903 K6  2548  1591 K4   437  7891 15783  3.6  3.4  2.92  0.08  26.53  16.87  21.70  23.74  76    10   107  3.6
  3  4991 K4  1405  4589 K6  2331  2104 K4   406  9329 16561  4.0  3.8  2.94  0.11  26.85  17.20  22.02  23.98  75     4   118  4.3
  4  6192 K4  1119  5406 K6  1707  2395 K4   372 10470 17289  3.5  3.2  2.87  0.15  27.80  18.13  23.08  25.01  72     7   146  4.2
  5  6706 K4   766  5649 K6  1237  2584 K4   338 11091 17857  2.5  2.4  3.37  0.19  30.93  20.74  25.79  27.64  72     0   233  4.1
  6  5554 K4  1550  4072 K6  2026  2517 K4   296 11274 18098  2.2  2.0  4.44  0.21  31.07  23.05  26.81  28.03  81     0   262  3.2
  7  5518 K4  1306  3955 K6  1639  2647 K4   296 11120 17868  2.1  1.9  4.66  0.23  31.18  23.22  26.91  28.24  81     0   275  2.6
  8  5003 K4  1554  3612 K6  1987  2389 K4   363 10587 17274  2.5  2.1  5.04  0.21  31.82  23.89  27.44  28.79  82     0   295  3.2
  9  4621 K4  1511  3594 K6  2146  2180 K4   288  9607 16555  3.3  2.8  4.73  0.18  30.65  24.00  27.06  28.41  83     0   270  4.0
 10  4328 K4  1177  4120 K6  2189  1862 K4   363  8255 15818  3.8  3.4  3.94  0.14  28.12  21.04  24.40  25.96  77     4   198  4.0
 11  3966 K4   695  4921 K6  1753  1435 K4   401  6939 15170  2.7  2.7  2.52  0.10  25.49  15.42  20.12  22.38  76    12    76  3.7
 12  3338 K4   803  4243 K6  1995  1342 K4   327  6282 14861  4.3  4.0  2.52  0.08  24.87  15.24  19.96  22.37  80    11    65  3.7
 13  4857 K4  1007  4486 K6   665  2033 K4   498  9127 16521  3.3  3.0  3.56  0.15  28.33  19.43  23.72  25.53  77    75  2109  3.7
 2009
  1  3907 K4   776  5485 K6  2150  1220 K4   401  6698 15130  2.6  2.5  2.22  0.07  23.86  12.13  17.83  20.97  75    44    34  3.6
  2  4651 K4   964  5613 K6  1962  1511 K4   390  7906 15794  3.4  3.2  2.06  0.08  24.09  12.42  18.26  20.86  70    37    35  3.9
  3  5349 K4   775  5211 K6  1667  2128 K4   472  9322 16558  4.5  4.1  2.51  0.11  26.43  16.87  21.64  23.63  67    12   115  4.3
  4  6506 K4   884  5957 K6  1923  2308 K4   617 10468 17292  3.1  2.9  2.62  0.15  29.33  19.23  24.26  26.34  65     3   181  4.5
  5  5964 K4  1462  4781 K6  1957  2476 K4   390 11092 17859  2.9  2.7  3.63  0.19  30.76  21.98  26.02  27.48  73     0   249  3.5
  6  5562 K4  1204  3864 K6  1694  2656 K4   295 11276 18101  2.4  2.3  4.74  0.21  33.09  23.57  27.53  29.00  77     0   300  2.4
  7  5603 K4  1342  4173 K6  1784  2521 K4   402 11121 17868  2.0  1.7  4.81  0.23  33.54  24.62  28.60  30.12  75     0   333  2.1
  8  5644 K4  1101  4313 K6  1426  2502 K4   349 10590 17274  2.1  1.9  4.94  0.21  33.32  25.38  29.03  30.57  75     0   342  2.7
  9  4547 K4  1094  3521 K6  1498  2172 K4   309  9612 16555  2.3  2.1  5.20  0.19  32.48  24.59  27.81  29.48  79     0   306  2.1
 10  4808 K4   708  5060 K6  1332  1796 K4   291  8263 15816  2.5  2.3  4.20  0.14  31.76  22.88  26.98  29.09  75     0   279  2.9
 11  3865 K4   810  4567 K6  1959  1498 K4   384  6945 15171  2.7  2.5  3.03  0.11  28.49  18.77  23.29  25.54  72     4   163  3.3
 12  3198 K4   959  4025 K6  2263  1316 K4   343  6283 14859  3.5  3.2  3.18  0.08  26.48  17.95  22.08  24.08  77    13   133  3.4
 13  4967 K4   977  4714 K6   764  2009 K4   516  9131 16523  2.8  2.6  3.60  0.15  29.47  20.03  24.45  26.43  73   113  2470  3.2
 2010
  1  3518 K4  1058  4605 K6  2675  1276 K4   476  6691 15126  3.1  3.0  2.12  0.07  22.50  11.50  16.59  19.19  69   100    58  3.8
  2  4334 K4  1305  5045 K6  2647  1479 K4   467  7893 15787  3.6  3.4  2.17  0.08  22.92  11.90  17.53  19.75  68    64    38  3.7
  3  5037 K4  1556  5172 K6  2818  1814 K4   518  9310 16547  3.2  3.1  2.13  0.11  24.50  13.17  19.05  21.33  69    33    49  3.9
  4  5666 K4  1867  4994 K6  2784  2150 K4   579 10459 17280  3.7  3.4  2.75  0.15  27.97  19.45  23.69  25.39  70     0   161  4.3
  5  5983 K4  1295  4625 K6  2044  2691 K4   520 11087 17855  3.3  2.8  3.80  0.19  31.42  23.39  27.17  28.65  74     0   281  3.4
  6  6205 K4   951  4852 K6  1299  2583 K4   325 11275 18098  2.7  2.5  4.85  0.21  33.63  25.90  29.43  30.73  75     0   343  3.0
  7  5628 K4  1388  4104 K6  1905  2616 K4   365 11124 17872  2.7  2.4  4.96  0.23  33.26  25.83  29.25  30.42  75     0   348  3.2
  8  5271 K4  1332  3858 K6  1759  2449 K4   335 10597 17279  2.2  2.0  5.37  0.21  33.45  25.35  28.83  30.31  77     0   343  2.2
  9  4530 K4  1332  3639 K6  1829  2068 K4   332  9623 16563  3.2  2.8  4.88  0.19  31.33  24.11  27.36  28.78  82     0   282  3.2
 10  4336 K4  1252  4411 K6  2107  1699 K4   375  8275 15822  3.5  3.1  3.56  0.14  29.85  21.37  25.20  27.21  74     0   226  3.3
 11  3637 K4  1061  4417 K6  2219  1381 K4   279  6955 15177  3.6  3.4  2.80  0.11  26.59  17.35  21.85  23.96  74     7   116  3.0
 12  3876 K4   738  6089 K6  1932   970 K4   316  6284 14861  2.8  2.6  1.62  0.08  21.26   8.99  14.88  17.77  69   109     9  3.7
 13  4835 K4   926  4651 K6   655  1931 K4   582  9131 16522  3.1  2.9  3.42  0.15  28.23  19.03  23.40  25.29  73   311  2254  3.4
