702185 MEKORYUK               AK  -9  N60 22  W166 16    15  1011
 1991-2010
 MO AVGLO FL SDGLO AVDIR FL SDDIR AVDIF FL SDDIF AVETR AETRN  TOT  OPQ   H2O   TAU  MAX_T  MIN_T  AVG_T  AVGDT  RH  HTDD  CLDD AVWS
  1   376 J8    44  1129 J8   469   238 J8    20   989  9438  6.0  5.2  0.58  0.07  -7.48 -13.91 -10.50 -10.36  79   900     0  6.9
  2   931 J8   148  1452 J8   699   604 J8    46  2437 12721  7.1  6.2  0.62  0.10  -5.57 -11.72  -8.49  -8.20  80   762     0  7.2
  3  2324 J8   292  2985 J8  1005  1247 J8    98  4892 16301  6.1  5.5  0.58  0.12  -5.09 -11.13  -7.83  -7.31  79   820     0  6.4
  4  3375 J8   413  3139 J8  1088  1872 J8   165  7806 19826  7.2  6.4  0.73  0.14  -1.34  -6.26  -3.53  -3.05  80   664     0  6.2
  5  3764 J8   524  2992 J8  1082  2122 J8   135 10259 23006  7.8  7.1  1.06  0.15   3.86  -0.75   1.61   2.05  83   520     0  5.2
  6  4550 J8   702  3700 J8  1336  2400 J8   176 11414 24804  7.6  6.7  1.57  0.14   9.46   3.13   6.45   6.90  82   361     0  5.0
  7  3831 J8   310  2591 J8   676  2351 J8   137 10751 23691  8.5  7.7  2.02  0.12  12.01   6.60   9.41   9.88  84   280     0  4.7
  8  2725 J8   381  1871 J8   783  1797 J8   104  8580 20648  8.7  8.2  2.03  0.09  12.36   7.81  10.16  10.67  84   255     0  5.7
  9  2139 J8   213  2135 J8   561  1305 J8    65  5777 17238  8.1  7.2  1.49  0.07   9.48   4.83   7.36   8.05  79   335     0  6.3
 10  1157 J8   118  1907 J8   498   662 J8    41  3121 13717  7.5  6.6  0.92  0.05   3.41  -0.92   1.42   2.01  74   530     0  6.7
 11   500 J8    48  1215 J8   414   325 J8    16  1304 10261  6.9  6.2  0.72  0.05  -1.60  -7.11  -3.93  -3.54  78   680     0  7.3
 12   211 J8    31   843 J8   416   139 J8     9   625  8183  6.6  5.9  0.61  0.05  -6.39 -12.00  -9.01  -8.91  78   853     0  7.2
 13  2157 J8   152  2163 J8   453  1255 J8    54  5663 16653  7.3  6.6  1.08  0.10   1.93  -3.45  -0.57  -0.15  80  6960     0  6.2
 1991
  1   354 J8   171   733 J8   852   264 J8   117   983  9418  6.8  5.8  0.76  0.06  -6.17 -14.66 -10.31 -10.18  83   891     0  7.6
  2   929 J8   448  1423 J8  1546   603 J8   193  2414 12680  6.8  5.9  0.64  0.08  -9.37 -16.13 -12.76 -12.57  82   870     0  6.0
  3  2202 J8   952  2535 J8  2279  1296 J8   431  4850 16250  7.1  6.2  0.70  0.11  -1.94  -8.68  -5.08  -4.50  87   733     0  5.6
  4  3261 J8  1401  2928 J8  3069  1887 J8   683  7763 19767  7.8  6.8  0.67  0.13  -2.27  -7.67  -4.73  -4.20  90   699     0  4.6
  5  4343 J8  1659  3641 J8  3094  2298 J8   496 10229 22965  7.7  6.5  1.06  0.14   5.48  -0.50   2.54   3.12  89   491     0  4.9
  6  4583 J8  1719  3273 J8  2714  2610 J8   525 11410 24798  9.0  7.1  1.68  0.13  10.31   1.89   6.49   7.08  90   367     0  5.2
  7  3686 J8  1470  1882 J8  1904  2583 J8   584 10774 23726  9.1  8.2  1.90  0.12  11.86   6.58   9.44   9.88  87   282     0  5.3
  8  2899 J8  1292  1803 J8  2055  1994 J8   589  8619 20699  8.8  8.0  2.16  0.12  14.08   8.93  11.53  12.06  91   212     0  3.9
  9  2198 J8  1010  1907 J8  1750  1382 J8   369  5820 17290  8.1  7.0  1.76  0.12  10.46   6.01   8.38   8.79  93   303     0  5.3
 10   976 J8   501  1150 J8  1274   649 J8   200  3156 13772  7.9  6.9  1.32  0.13   5.63   1.09   3.34   3.75  89   464     0  7.5
 11   493 J8   217   843 J8   794   355 J8   116  1323 10307  5.0  4.1  0.93  0.15  -3.31  -8.51  -5.51  -5.08  88   727     0  6.2
 12   169 J8    59   172 J9   294   152 J8    45   627  8188  8.0  7.3  0.69  0.18 -10.37 -15.51 -12.71 -12.56  79   969     0  7.8
 13  2174 J8  1585  1857 J8  1071  1339 J8   923  5664 16655  7.7  6.7  1.19  0.12   2.03  -3.93  -0.78  -0.37  87  7009     0  5.8
 1992
  1   315 J8   137   319 J8   386   270 J8   100   976  9398  6.5  5.8  0.62  0.22  -6.83 -13.03  -9.86  -9.68  84   876     0  4.9
  2   817 J8   327   509 J8   595   692 J8   223  2434 12711  7.8  6.6  0.60  0.26  -7.02 -14.02 -10.46 -10.14  80   837     0  7.4
  3  2167 J8   803  1906 J8  1782  1445 J8   372  4920 16335  5.9  5.4  0.47  0.30  -8.48 -16.40 -12.21 -11.77  81   954     0  4.1
  4  3113 J8  1271  1566 J8  1535  2298 J8   715  7832 19857  8.3  7.2  0.74  0.32  -2.57  -7.73  -4.74  -4.25  94   704     0  4.3
  5  2979 J8  1369  1304 J8  1565  2220 J8   677 10276 23029  8.8  8.4  1.00  0.31  -0.93  -4.20  -2.38  -2.16  93   648     0  5.8
  6  4673 J8  1506  2997 J8  2126  2859 J8   527 11416 24807  7.2  6.4  1.54  0.28  10.38   2.38   6.28   6.82  88   358     0  4.6
  7  3831 J8  1659  2123 J8  2380  2544 J8   683 10737 23669  8.7  7.6  2.00  0.24  10.78   5.86   8.45   8.82  95   310     0  3.8
  8  2558 J8  1243  1407 J8  1775  1849 J8   469  8555 20620  8.9  8.2  1.83  0.20  11.04   6.66   9.00   9.45  93   294     0  6.1
  9  1895 J8   711  1627 J8  1774  1251 J8   277  5749 17207  8.2  7.4  1.37  0.16   5.93   2.16   4.22   4.67  82   428     0  6.7
 10  1104 J8   372  1518 J8  1363   709 J8   254  3099 13684  6.5  5.7  1.10  0.13   1.47  -2.28  -0.20   0.18  68   581     0  7.1
 11   475 J8   260   912 J8  1025   321 J8   117  1292 10229  7.0  5.9  0.76  0.12  -4.07 -10.25  -6.70  -6.07  73   765     0  6.8
 12   162 J8    64   167 J8   273   146 J8    50   623  8178  8.5  7.6  0.70  0.11  -6.29 -12.58  -9.36  -9.12  67   861     0  6.7
 13  2007 J8  1471  1363 J8   806  1384 J8   960  5659 16644  7.7  6.8  1.06  0.22   0.29  -5.28  -2.33  -1.94  83  7616     0  5.7
 1993
  1   329 J8   155   489 J8   643   264 J8    97   998  9470  7.4  5.9  0.54  0.13  -5.67 -11.29  -8.43  -8.38  73   831     0  8.6
  2   801 J8   295   788 J8   950   635 J8   234  2450 12745  8.7  7.2  0.69  0.14  -3.96  -9.93  -6.58  -6.19  75   708     0  7.5
  3  1790 J8   803  1389 J8  1421  1270 J8   371  4900 16311  8.3  7.4  0.73  0.16  -4.77  -9.66  -6.88  -6.34  73   792     0  5.9
  4  2992 J8  1101  1949 J8  1739  2015 J8   445  7813 19840  8.8  7.6  0.74  0.17  -0.62  -3.73  -1.95  -1.66  73   615     0  5.2
  5  3658 J8  1328  2234 J8  1700  2330 J8   475 10264 23015  8.7  7.9  1.14  0.18   4.75   0.03   2.53   2.99  80   494     0  5.8
  6  3441 J8  1452  1741 J8  1790  2416 J8   527 11415 24804  9.0  8.4  1.39  0.17   8.55   3.91   6.45   6.77  81   363     0  5.0
  7  3926 J8  1626  2668 J8  2743  2367 J8   495 10748 23685  8.4  7.6  2.22  0.14  12.84   7.81  10.42  10.89  82   248     0  4.4
  8  2648 J8  1087  1491 J8  1806  1862 J8   489  8573 20640  9.1  8.6  2.30  0.11  12.95   8.63  10.89  11.37  84   234     0  5.4
  9  1980 J8   743  1677 J8  1682  1322 J8   354  5770 17226  8.5  7.7  1.45  0.08   8.49   4.11   6.47   7.03  81   361     0  7.2
 10   993 J8   422  1326 J8  1195   639 J8   157  3116 13703  7.8  7.0  0.99  0.06   4.90   0.05   2.56   3.26  80   491     0  6.6
 11   442 J8   235   705 J8   999   336 J8   123  1301 10254  8.3  7.6  0.78  0.05   0.87  -4.21  -1.29  -1.13  83   600     0  7.3
 12   152 J8    53   127 J8   179   141 J8    42   624  8180  9.2  8.5  0.57  0.06  -4.54  -9.06  -6.55  -6.85  82   779     0  6.7
 13  1929 J8  1382  1382 J8   746  1300 J8   879  5664 16656  8.5  7.6  1.13  0.12   2.81  -1.94   0.64   0.98  79  6516     0  6.3
 1994
  1   306 J8   129   562 J8   614   245 J8    89   991  9445  7.5  6.5  0.65  0.08  -9.53 -15.92 -12.33 -12.04  80   963     0  6.3
  2   819 J8   474   735 J8  1062   638 J8   275  2433 12718  8.6  7.7  0.62  0.10  -8.69 -13.57 -11.10 -11.04  77   825     0  7.8
  3  2228 J8   948  2104 J8  1881  1425 J8   407  4876 16279  7.5  6.7  0.50  0.12 -10.35 -17.76 -13.92 -13.35  81  1004     0  7.1
  4  2888 J8  1242  1594 J8  1785  2096 J8   575  7790 19809  9.2  8.1  0.71  0.14  -1.60  -5.20  -3.14  -2.86  86   652     0  7.0
  5  3587 J8  1313  2384 J8  2263  2258 J8   429 10248 22992  8.6  7.8  1.09  0.15   3.39  -0.86   1.24   1.63  88   529     0  4.5
  6  4657 J8  1875  3607 J8  3206  2463 J8   603 11413 24803  8.2  7.2  1.55  0.14   8.53   1.75   5.19   5.67  84   396     0  5.1
  7  4056 J8  1538  2653 J8  2431  2522 J8   532 10760 23707  8.7  7.6  2.12  0.12  11.66   6.05   8.89   9.38  84   294     0  5.2
  8  2299 J8  1015  1073 J8  1513  1735 J8   380  8595 20666  9.3  9.0  2.31  0.09  11.38   7.46   9.40   9.80  84   276     0  7.4
  9  2135 J8   836  1895 J8  1687  1367 J8   378  5793 17257  8.3  7.5  1.40  0.06   8.74   4.44   6.81   7.41  80   352     0  6.2
 10  1044 J8   445  1164 J8  1269   725 J8   204  3135 13738  8.8  7.5  0.73  0.04   1.80  -2.00   0.07   0.50  71   571     0  6.9
 11   495 J8   252  1028 J8  1059   339 J8   131  1311 10278  7.4  6.6  0.59  0.04  -1.99  -8.81  -4.65  -4.14  77   712     0  9.1
 12   206 J8    69   628 J8   684   153 J8    41   625  8185  7.9  7.2  0.55  0.04  -7.65 -14.18 -10.98 -10.74  78   907     0  8.9
 13  2060 J8  1519  1619 J8   937  1331 J8   890  5664 16656  8.3  7.5  1.07  0.09   0.48  -4.88  -2.04  -1.65  81  7480     0  6.8
 1995
  1   292 J8   115   289 J8   257   257 J8    89   984  9423  8.7  7.6  0.64  0.06  -8.49 -14.78 -11.27 -11.12  79   929     0  6.5
  2   937 J8   394  1125 J8  1108   689 J8   284  2416 12686  8.0  6.5  0.71  0.08  -5.43 -12.14  -8.54  -8.16  82   759     0  6.5
  3  2121 J8   974  2232 J8  2009  1302 J8   467  4853 16252  7.6  6.9  0.62  0.11  -8.70 -15.89 -11.85 -11.08  77   949     0  5.4
  4  2393 J8  1282  1598 J8  2435  1651 J8   530  7766 19777  8.8  8.3  0.79  0.13  -2.18  -6.48  -4.00  -3.60  85   680     0  6.4
  5  3163 J8  1415  1883 J8  2042  2117 J8   533 10231 22967  9.0  8.2  1.16  0.14   4.09   0.14   2.05   2.43  87   503     0  4.6
  6  3421 J8  1830  1809 J8  2463  2302 J8   663 11410 24799  9.4  8.6  1.46  0.13   7.25   3.59   5.39   5.62  85   387     0  5.3
  7  3177 J8  1457  1396 J8  1601  2322 J8   592 10772 23722  9.5  8.9  2.01  0.11  11.19   6.65   8.95   9.36  85   292     0  4.4
  8  2020 J8   755   668 J8  1056  1685 J8   385  8616 20695  9.7  9.4  2.08  0.08  12.03   7.70   9.86  10.35  85   262     0  5.3
  9  2055 J8   913  2175 J8  2280  1213 J8   292  5817 17288  8.1  7.5  1.69  0.06  11.17   6.65   9.12   9.86  81   283     0  6.1
 10  1235 J8   532  1875 J8  1660   719 J8   238  3154 13771  8.1  6.9  0.81  0.04   3.63  -0.55   1.74   2.44  75   521     0  7.2
 11   489 J8   234   941 J8   992   349 J8   137  1321 10306  7.9  6.9  0.45  0.03  -3.39  -8.63  -5.52  -4.97  75   730     0  5.5
 12   199 J8    74   472 J8   652   156 J8    48   627  8187  7.8  7.2  0.76  0.04  -5.49 -10.87  -7.94  -7.77  81   822     0  6.7
 13  1792 J8  1151  1372 J8   665  1230 J8   795  5664 16656  8.6  7.7  1.10  0.08   1.31  -3.72  -1.00  -0.55  81  7117     0  5.8
 1996
  1   333 J8   141   788 J8   766   243 J8   101   976  9400  8.0  7.1  0.58  0.06  -7.33 -13.25  -9.98  -9.73  79   887     0  7.3
  2   927 J8   409  1311 J8  1321   631 J8   197  2436 12715  7.4  6.2  0.61  0.08  -7.11 -13.51 -10.11  -9.83  77   831     0  9.2
  3  1947 J8   749  1600 J8  1465  1348 J8   355  4923 16337  8.0  7.5  0.77  0.11  -1.74  -6.79  -4.05  -3.53  82   700     0  6.5
  4  3253 J8  1037  2367 J8  2087  2084 J8   383  7835 19861  8.1  7.0  0.62  0.13  -2.42  -6.21  -4.18  -3.83  77   679     0  6.6
  5  3435 J8  1545  2269 J8  2614  2193 J8   535 10278 23033  8.3  7.7  1.12  0.14   5.71   0.41   3.08   3.64  81   473     0  5.6
  6  4117 J8  1560  2680 J8  2359  2543 J8   538 11416 24808  9.0  7.7  1.52  0.13   8.47   2.76   5.89   6.30  81   381     0  6.4
  7  4253 J8  1964  3225 J8  3927  2378 J8   656 10735 23667  7.9  7.2  2.14  0.11  11.43   4.97   8.50   9.03  82   314     0  4.5
  8  2632 J8  1157  1847 J8  2384  1726 J8   394  8552 20616  8.7  8.5  2.04  0.08  11.38   6.83   9.23   9.78  84   286     0  6.1
  9  2261 J8   902  2644 J8  2449  1224 J8   318  5746 17205  7.4  6.7  1.21  0.06   8.36   3.86   6.30   6.92  77   366     0  7.4
 10  1185 J8   568  2349 J8  2297   593 J8   230  3096 13678  6.5  5.9  0.75  0.04   1.16  -3.27  -0.76  -0.07  74   601     0  7.0
 11   507 J8   276  1353 J8  1419   309 J8   122  1291 10225  7.0  6.6  0.85  0.03   0.30  -4.67  -1.76  -1.35  81   615     0  8.2
 12   234 J8    72  1114 J8   850   139 J8    43   623  8177  4.6  4.4  0.55  0.04  -6.52 -13.80  -9.90  -9.09  80   883     0  6.0
 13  2090 J8  1462  1962 J8   740  1284 J8   889  5659 16644  7.6  6.9  1.06  0.08   1.81  -3.56  -0.65  -0.15  80  7018     0  6.7
 1997
  1   396 J8   205  1394 J8  1202   225 J8    87   999  9473  5.5  5.0  0.62  0.06  -9.16 -15.20 -12.17 -12.16  79   946     0  6.7
  2   748 J8   362   737 J8  1026   588 J8   239  2452 12751  8.5  8.0  0.73  0.08  -1.51  -7.04  -4.32  -4.18  84   633     0  6.2
  3  2668 J8   932  4094 J8  2592  1179 J8   346  4902 16316  5.0  4.3  0.52  0.11  -5.18 -11.22  -8.05  -7.37  81   822     0  5.8
  4  3099 J8  1334  2781 J8  2666  1843 J8   533  7816 19840  7.3  6.8  0.74  0.13   0.34  -5.24  -2.14  -1.53  82   623     0  4.6
  5  4978 J8  2149  5456 J8  3892  1981 J8   454 10266 23018  5.3  4.5  0.95  0.14   6.14  -0.58   3.00   3.77  82   482     0  6.1
  6  5023 J8  2156  4969 J8  4382  2185 J8   672 11416 24804  6.5  6.0  1.49  0.13  10.30   2.70   6.86   7.43  83   355     0  4.4
  7  3946 J8  1518  2686 J8  2515  2432 J8   462 10746 23685  8.2  7.7  1.98  0.11  13.40   7.17  10.42  10.96  80   249     0  4.1
  8  2719 J8  1074  1674 J8  1999  1875 J8   420  8570 20631  8.6  8.3  2.23  0.08  13.38   8.73  11.15  11.64  85   226     0  6.0
  9  2323 J8   862  2693 J8  2195  1281 J8   374  5766 17222  7.4  6.4  1.69  0.06  10.55   5.29   8.03   8.80  82   312     0  6.0
 10  1126 J8   472  1998 J8  1968   619 J8   226  3113 13700  7.4  6.6  0.66  0.04   2.72  -1.66   0.73   1.28  72   552     0  5.8
 11   604 J8   266  1898 J8  1495   314 J8   111  1300 10251  5.4  4.8  0.67  0.03  -0.93  -5.11  -2.62  -2.21  78   640     0  7.9
 12   240 J8    61  1061 J8   914   152 J8    52   624  8180  6.5  5.5  0.39  0.04 -10.00 -15.46 -12.46 -12.30  76   963     0  6.7
 13  2322 J8  1726  2620 J8  1509  1223 J8   827  5664 16656  6.8  6.2  1.05  0.08   2.50  -3.13  -0.13   0.34  80  6804     0  5.9
 1998
  1   371 J8   152  1011 J8   905   258 J8   119   992  9446  6.7  6.0  0.63  0.06  -8.27 -14.45 -11.20 -11.19  80   920     0  6.7
  2   942 J8   470  1686 J8  1790   558 J8   174  2435 12720  6.6  6.1  0.66  0.08  -5.61 -13.68  -9.72  -9.42  71   783     0  5.1
  3  1801 J8   828  1596 J8  1614  1245 J8   441  4879 16289  8.3  7.3  0.84  0.11   0.82  -4.13  -1.39  -0.98  75   620     0  7.4
  4  3348 J8  1393  2987 J8  3140  1932 J8   557  7793 19809  7.6  6.5  0.75  0.13   1.75  -3.90  -1.01  -0.39  69   582     0  8.4
  5  3334 J8  1653  2065 J8  2717  2152 J8   585 10250 22994  9.0  8.2  0.97  0.14   2.33  -0.50   0.93   1.11  83   540     0  6.8
  6  4612 J8  1442  3377 J8  2498  2673 J8   488 11413 24803  8.3  6.6  1.61  0.13   9.43   4.16   6.83   7.21  82   346     0  4.8
  7  3999 J8  1798  3030 J8  3249  2247 J8   499 10758 23703  8.3  7.6  2.06  0.11  12.76   7.32  10.04  10.52  85   257     0  3.6
  8  3319 J8  1059  2642 J8  2466  2026 J8   480  8592 20661  8.1  7.2  1.79  0.08  10.81   6.48   8.76   9.22  82   300     0  6.8
  9  2111 J8   803  2013 J8  1895  1340 J8   294  5790 17253  8.4  7.3  1.29  0.06   8.94   4.15   6.89   7.61  81   353     0  6.0
 10  1182 J8   400  2039 J8  1706   688 J8   197  3132 13735  7.4  6.5  0.76  0.04   4.07  -1.07   1.80   2.71  76   522     0  6.4
 11   523 J8   260  1447 J8  1408   312 J8   132  1310 10275  6.9  6.1  0.71  0.03  -0.08  -4.60  -2.05  -1.69  82   620     0  7.1
 12   248 J8    62  1327 J8   998   138 J8    49   625  8185  4.9  4.3  0.47  0.04  -7.70 -12.92 -10.00  -9.49  79   888     0  7.3
 13  2149 J8  1526  2102 J8   752  1297 J8   893  5664 16656  7.5  6.6  1.04  0.08   2.44  -2.76  -0.01   0.44  79  6732     0  6.4
 1999
  1   397 J8   173  1278 J8  1153   241 J8    88   985  9425  4.9  4.3  0.53  0.06 -10.86 -17.74 -14.26 -14.32  80  1012     0  7.2
  2   939 J8   438  1625 J8  1532   596 J8   263  2418 12688  6.1  5.3  0.47  0.08 -11.11 -17.14 -13.87 -13.22  84   909     0  7.6
  3  2305 J8   657  3245 J8  2427  1215 J8   490  4856 16252  5.0  4.5  0.54  0.11  -9.97 -15.99 -12.75 -12.09  82   971     0  6.1
  4  3772 J8  1380  3937 J8  3072  1874 J8   552  7769 19785  6.8  6.0  0.70  0.13  -1.76  -7.16  -4.09  -3.63  78   684     0  7.9
  5  3909 J8  2019  3603 J8  3784  2011 J8   548 10233 22971  6.7  6.1  0.88  0.14   0.94  -3.70  -1.17  -0.71  84   611     0  4.6
  6  4697 J8  2048  4210 J8  3680  2275 J8   637 11410 24799  7.2  6.2  1.73  0.13   6.88   1.97   4.40   4.75  85   417     0  4.9
  7  3496 J8  1445  1740 J8  2371  2499 J8   493 10770 23719  9.0  8.5  2.08  0.11  10.41   5.87   8.17   8.60  84   316     0  4.1
  8  2737 J8  1456  2074 J8  2790  1719 J8   559  8613 20693  8.6  8.1  1.91  0.08  10.87   6.50   8.77   9.34  84   299     0  5.5
  9  2229 J8   750  2169 J8  2062  1382 J8   367  5813 17284  8.5  7.2  1.34  0.06   9.52   6.06   7.74   8.28  81   316     0  6.3
 10  1330 J8   487  2287 J8  1619   711 J8   196  3151 13768  7.6  6.5  0.62  0.04   1.78  -2.28  -0.01   0.45  70   576     0  6.3
 11   492 J8   242  1129 J8  1480   325 J8   146  1320 10304  7.5  6.9  0.55  0.03  -3.78  -8.50  -6.01  -5.90  77   734     0  8.3
 12   234 J8    64  1191 J8   924   136 J8    38   627  8188  5.5  4.7  0.38  0.04 -15.94 -21.47 -18.53 -18.44  76  1148     0  6.4
 13  2211 J8  1537  2374 J8  1101  1249 J8   834  5664 16656  7.0  6.2  0.98  0.08  -1.09  -6.13  -3.47  -3.07  80  7992     0  6.3
 2000
  1   404 J8   179  1386 J8  1049   233 J8    88   977  9403  5.7  4.7  0.45  0.06  -9.80 -16.70 -12.94 -12.63  81   979     0  7.6
  2  1059 J8   433  1937 J8  1368   631 J8   258  2439 12718  7.4  5.7  0.68  0.08  -1.24  -5.62  -3.18  -2.75  85   631     0  8.9
  3  2085 J8   858  2361 J8  2163  1238 J8   380  4926 16340  7.3  6.8  0.59  0.11  -4.67  -9.16  -6.71  -6.40  83   783     0  6.8
  4  3828 J8  1415  4682 J8  2977  1628 J8   422  7838 19865  5.3  4.7  0.65  0.13  -1.98  -8.83  -5.07  -4.37  82   712     0  5.6
  5  3174 J8  1471  1699 J8  2522  2258 J8   537 10280 23037  8.8  8.3  0.87  0.14   1.84  -1.25   0.26   0.54  81   559     0  4.6
  6  5133 J8  1961  4727 J8  3880  2426 J8   633 11416 24808  7.1  5.9  1.43  0.13  10.40   3.13   6.86   7.38  80   347     0  4.5
  7  3806 J8  1640  2668 J8  2800  2243 J8   482 10733 23664  8.2  7.8  1.76  0.11  11.94   5.68   9.21   9.76  80   295     0  4.5
  8  2626 J8  1013  1537 J8  1790  1891 J8   411  8549 20612  9.2  8.4  1.99  0.08  11.87   7.75   9.82  10.31  82   264     0  6.8
  9  2148 J8   766  2138 J8  2128  1319 J8   294  5743 17200  8.3  7.4  1.33  0.06   8.97   4.40   6.82   7.59  77   349     0  6.1
 10  1103 J8   513  1894 J8  1910   631 J8   198  3094 13673  7.7  6.8  0.86  0.04   4.45   0.27   2.53   3.15  78   495     0  5.7
 11   586 J8   269  1930 J8  1618   298 J8   108  1289 10225  5.6  4.9  0.75  0.03   1.43  -3.91  -0.91  -0.61  79   587     0  8.7
 12   275 J8    49  1714 J9   823   131 J8    40   623  8177  2.8  2.5  0.79  0.04  -0.54  -6.27  -3.52  -3.81  79   674     0  7.8
 13  2186 J8  1567  2390 J8  1136  1244 J8   848  5659 16644  7.0  6.1  1.01  0.08   2.72  -2.54   0.27   0.68  81  6675     0  6.5
 2001
  1   415 J8   178  1347 J8  1065   245 J8    89  1000  9474  6.1  5.3  0.55  0.06  -4.15 -10.60  -7.13  -6.83  79   797     0  8.1
  2  1219 J8   426  2532 J8  1544   643 J8   275  2454 12754  5.6  4.5  0.60  0.08  -1.53  -6.90  -4.23  -4.20  80   631     0  8.1
  3  2578 J8   840  3936 J8  2232  1142 J8   392  4905 16319  5.1  4.7  0.57  0.11  -5.19 -12.35  -8.34  -7.75  78   840     0  6.3
  4  3231 J8  1364  2695 J8  2662  1929 J8   593  7819 19842  7.6  6.8  0.73  0.13  -0.29  -5.78  -2.69  -2.20  80   641     0  5.8
  5  3590 J8  2097  2903 J8  3843  1990 J8   572 10268 23022  8.0  7.3  0.79  0.14   0.88  -2.94  -0.81  -0.52  79   600     0  5.6
  6  4987 J8  1950  4596 J8  3726  2380 J8   572 11416 24806  7.0  5.9  1.46  0.13   7.01   1.44   4.42   4.85  84   423     0  4.7
  7  3879 J8  1735  2835 J8  3028  2314 J8   537 10744 23680  8.0  7.5  2.12  0.11  11.74   5.14   8.75   9.28  84   307     0  5.1
  8  2648 J8  1154  1430 J8  1724  1913 J8   543  8567 20627  9.0  8.5  2.05  0.08  10.97   6.00   8.73   9.30  84   305     0  5.8
  9  2087 J8   800  2128 J8  2476  1317 J8   404  5763 17219  7.7  7.1  1.35  0.06   8.79   3.77   6.50   7.21  78   361     0  5.9
 10  1164 J8   607  1893 J8  1915   657 J8   200  3111 13698  8.2  6.9  0.69  0.04   1.32  -2.17  -0.39  -0.01  70   581     0  6.2
 11   555 J8   184  1927 J8  1409   293 J8   123  1299 10247  5.7  5.0  0.67  0.03  -2.83  -8.57  -5.38  -5.01  78   721     0  8.0
 12   223 J8    85  1060 J9   960   130 J8    30   624  8180  6.1  5.4  0.44  0.04 -11.89 -18.35 -14.94 -14.73  72  1037     0  7.4
 13  2215 J8  1531  2440 J8  1049  1246 J8   841  5664 16656  7.0  6.3  1.00  0.08   1.24  -4.28  -1.29  -0.88  79  7245     0  6.4
 2002
  1   389 J8   199  1094 J8  1127   241 J8    77   993  9448  6.6  5.6  0.63  0.06  -4.99 -13.35  -9.16  -8.99  79   853     0  6.8
  2   940 J8   452  1395 J8  1477   621 J8   247  2437 12725  7.3  6.7  0.56  0.08  -6.15 -13.35  -9.31  -8.93  81   786     0  7.2
  3  2435 J8   678  3341 J8  2239  1255 J8   454  4882 16294  6.0  5.3  0.72  0.11  -2.65  -8.59  -5.24  -4.75  80   742     0  6.8
  4  3388 J8  1252  3530 J8  3199  1761 J8   534  7796 19809  6.7  6.0  0.79  0.13  -0.54  -5.45  -2.83  -2.37  79   640     0  7.1
  5  4454 J8  1894  4314 J8  3954  2113 J8   578 10252 22996  6.7  6.1  1.30  0.14   6.32   1.12   3.68   4.30  78   453     0  6.6
  6  5326 J8  2108  5271 J8  3863  2238 J8   599 11413 24803  6.0  5.4  1.60  0.13  12.07   4.78   8.63   9.16  78   297     0  4.7
  7  3413 J8  1611  1903 J8  2486  2358 J8   609 10756 23698  9.0  8.1  2.10  0.11  12.72   7.67  10.30  10.70  80   252     0  5.0
  8  3683 J8  1541  4142 J8  3592  1672 J8   369  8589 20659  6.4  5.9  1.69  0.08  14.03   8.15  11.20  11.91  74   224     0  5.6
  9  2389 J8   879  2646 J8  2452  1339 J8   393  5787 17248  8.0  6.6  1.57  0.06  10.57   5.92   8.34   9.02  77   303     0  6.4
 10  1357 J8   559  2667 J8  1950   649 J8   223  3130 13730  6.7  5.5  1.18  0.04   5.98   0.50   3.43   4.34  79   468     0  6.6
 11   452 J8   239   940 J8  1244   320 J8   145  1309 10272  7.1  6.5  0.90  0.03   0.80  -3.71  -1.01  -0.65  79   593     0  6.5
 12   207 J8    73   874 J8   848   135 J8    37   625  8186  7.1  6.3  0.73  0.04  -3.32  -8.00  -5.54  -5.58  81   744     0  6.1
 13  2370 J8  1713  2676 J8  1469  1225 J8   813  5664 16656  7.0  6.2  1.15  0.08   3.74  -2.03   1.04   1.51  79  6355     0  6.3
 2003
  1   408 J8   184  1579 J8  1089   209 J8    68   986  9430  5.3  4.6  0.77  0.06  -6.64 -11.74  -8.99  -8.93  80   853     0  5.9
  2   814 J8   406  1113 J8  1489   579 J8   261  2421 12691  7.9  7.4  0.75  0.08  -5.72 -11.37  -8.33  -8.05  83   752     0  6.2
  3  2428 J8   923  3533 J8  2505  1156 J8   446  4859 16257  5.1  4.7  0.47  0.11  -6.05 -11.42  -8.40  -7.82  76   839     0  7.8
  4  4053 J8  1459  4630 J8  3212  1793 J8   581  7772 19790  5.6  4.8  0.83  0.13   0.38  -3.83  -1.45  -0.92  81   602     0  6.9
  5  4229 J8  2080  3794 J8  3698  2057 J8   458 10235 22974  7.2  6.4  1.07  0.14   5.00   0.09   2.62   3.11  80   489     0  4.9
  6  5332 J8  1933  5533 J8  3869  2222 J8   554 11410 24800  6.3  5.1  1.74  0.13  12.41   4.29   8.47   9.10  79   299     0  5.3
  7  4513 J8  2057  4314 J8  4024  2148 J8   616 10768 23719  7.3  6.1  2.03  0.11  13.59   7.73  10.61  11.11  79   238     0  5.5
  8  3155 J8  1533  2969 J8  3148  1701 J8   403  8610 20689  7.6  7.3  2.08  0.08  14.13   7.70  11.11  11.92  79   230     0  5.0
  9  2751 J8   997  3929 J8  2992  1200 J8   444  5810 17280  6.2  5.1  1.20  0.06  10.40   5.00   8.10   8.92  70   319     0  5.5
 10  1129 J8   608  1747 J8  1906   666 J8   213  3149 13760  8.2  7.0  1.11  0.04   4.63   0.97   2.95   3.45  75   481     0  7.5
 11   467 J8   187   949 J8   994   333 J8   105  1319 10300  7.5  6.8  0.97  0.03   2.17  -3.55  -0.35  -0.03  78   571     0  7.3
 12   210 J8    84   846 J8   890   138 J8    45   627  8188  7.2  6.5  0.57  0.04  -6.00 -12.71  -9.12  -9.12  80   858     0  6.7
 13  2457 J8  1820  2911 J8  1609  1183 J8   787  5664 16656  6.8  6.0  1.13  0.08   3.19  -2.40   0.60   1.06  78  6532     0  6.2
 2004
  1   377 J8   153  1396 J8  1171   219 J8    90   978  9406  4.6  4.2  0.51  0.06  -9.74 -14.85 -12.24 -11.97  77   949     0  7.0
  2   855 J8   375  1286 J8  1406   578 J8   163  2441 12722  7.9  6.8  0.64  0.08  -6.16 -10.81  -8.29  -8.09  84   778     0  7.7
  3  2301 J8  1102  2580 J8  2613  1317 J8   474  4929 16342  7.3  6.2  0.55  0.11  -6.29 -11.45  -8.65  -8.39  79   843     0  6.8
  4  3397 J8  1306  3045 J8  2221  1864 J8   422  7841 19870  7.3  6.5  0.84  0.13  -0.07  -4.40  -2.02  -1.57  84   617     0  6.3
  5  3687 J8  1387  2488 J8  2521  2349 J8   543 10282 23039  8.0  7.2  1.44  0.14   7.87   1.58   4.64   5.30  80   422     0  6.0
  6  4910 J8  1623  4187 J8  3335  2500 J8   574 11417 24809  7.1  6.3  1.76  0.13  12.87   5.20   9.34   9.87  78   279     0  4.8
  7  3715 J8  1453  2172 J8  2125  2524 J8   701 10731 23659  8.7  7.7  2.09  0.11  14.23   8.71  11.35  11.83  82   213     0  4.3
  8  3019 J8  1188  2438 J8  2580  1813 J8   431  8546 20608  8.4  7.7  2.37  0.08  15.52  10.06  12.93  13.60  79   172     0  5.1
  9  2314 J8   789  2462 J8  1856  1338 J8   357  5740 17195  8.1  6.9  1.40  0.06  10.48   4.69   7.79   8.80  72   322     0  5.8
 10  1291 J8   589  2519 J8  2043   613 J8   190  3091 13670  6.5  5.6  1.13  0.04   6.26   0.98   3.81   4.66  76   456     0  7.5
 11   490 J8   171  1297 J8  1072   327 J8   136  1288 10221  6.4  5.8  0.81  0.03   0.37  -4.44  -1.50  -1.29  79   611     0  8.3
 12   213 J8    87   830 J8   839   140 J8    45   623  8177  7.3  6.5  0.67  0.04  -3.13  -8.26  -5.52  -5.58  77   745     0  8.6
 13  2214 J8  1561  2225 J8   919  1299 J8   908  5659 16643  7.3  6.4  1.18  0.08   3.52  -1.91   0.97   1.43  79  6406     0  6.5
 2005
  1   371 J8   219  1368 J8  1327   197 J8    58  1001  9477  5.1  4.8  0.72  0.06  -5.71 -10.98  -8.12  -7.85  79   827     0  6.6
  2   821 J8   448  1162 J8  1592   566 J8   274  2456 12759  8.1  7.4  0.64  0.08  -5.75 -11.68  -8.61  -8.27  80   757     0  6.9
  3  2518 J8  1002  3815 J8  2698  1148 J8   462  4908 16324  5.4  4.7  0.64  0.11  -4.77  -9.87  -7.04  -6.59  76   795     0  6.6
  4  3742 J8  1642  4293 J8  3347  1716 J8   520  7822 19845  5.9  5.2  0.68  0.13  -5.07 -11.43  -7.86  -7.16  78   797     0  5.8
  5  4295 J8  2028  4095 J8  3639  2096 J8   576 10270 23024  7.0  5.9  1.16  0.14   4.72  -0.75   2.03   2.52  82   507     0  4.8
  6  5481 J8  1918  5500 J8  3650  2224 J8   614 11416 24807  5.7  5.0  1.63  0.13  11.13   4.23   7.98   8.50  80   319     0  4.4
  7  3738 J8  1573  2477 J8  2393  2280 J8   514 10742 23679  8.6  8.0  1.93  0.11  12.75   7.25  10.01  10.53  82   258     0  4.9
  8  2378 J8  1015  1227 J8  1722  1727 J8   277  8564 20625  9.1  9.0  2.18  0.08  13.75   9.58  11.53  11.99  81   207     0  6.4
  9  2077 J8   644  1831 J8  1297  1402 J8   318  5760 17216  8.6  7.3  1.76  0.06  10.47   6.16   8.70   9.38  79   300     0  7.9
 10  1221 J8   545  2315 J8  2175   624 J8   220  3109 13694  7.2  6.5  0.88  0.04   2.76  -0.97   0.99   1.39  69   541     0  6.7
 11   499 J8   203  1324 J8  1394   320 J8   133  1298 10242  6.6  5.9  0.50  0.03  -3.91 -10.22  -6.71  -6.25  73   762     0  6.0
 12   208 J8    67   824 J9   711   140 J8    35   624  8182  7.1  6.3  0.78  0.04  -3.32  -8.00  -5.54  -5.58  81   744     0  8.1
 13  2279 J8  1733  2519 J8  1533  1203 J8   812  5664 16656  7.0  6.3  1.13  0.08   2.26  -3.06  -0.22   0.22  78  6814     0  6.3
 2006
  1   407 J8   210  1314 J8  1143   237 J8   107   994  9454  6.1  5.2  0.34  0.06  -6.64 -12.17  -9.10  -9.02  80   860     0  5.0
  2   935 J8   412  1366 J8  1557   624 J8   234  2439 12726  7.2  6.5  0.63  0.08  -3.64  -9.29  -6.34  -6.03  81   694     0  8.9
  3  2672 J8   768  4349 J8  2120  1127 J8   390  4885 16295  3.9  3.3  0.66  0.11  -2.89  -8.87  -5.68  -5.11  79   751     0  6.3
  4  3120 J8  1210  2440 J8  2232  1936 J8   575  7799 19817  8.1  7.3  0.59  0.13  -0.88  -4.13  -2.30  -1.96  74   625     0  7.0
  5  3760 J8  1996  3207 J8  3440  1989 J8   558 10254 23001  7.4  6.9  1.02  0.14   4.77   0.39   2.54   2.95  85   488     0  5.2
  6  5565 J8  2094  5867 J8  4112  2159 J8   660 11413 24802  5.3  5.0  1.59  0.13   9.18   3.71   6.59   6.96  80   357     0  5.7
  7  4197 J8  1996  3405 J8  3688  2294 J8   645 10754 23695  7.9  7.1  2.02  0.11  10.82   6.43   8.68   9.08  86   301     0  5.5
  8  2730 J8  1308  1786 J8  2627  1840 J8   491  8586 20656  9.0  8.3  1.83  0.08  11.24   7.07   9.29   9.71  92   284     0  4.9
  9  1952 J8   958  1691 J8  1967  1254 J8   342  5784 17245  8.6  8.0  1.68  0.06   9.55   4.74   7.31   8.00  77   336     0  5.1
 10  1186 J8   332  2235 J8  1576   645 J8   240  3127 13729  6.6  6.0  1.11  0.04   2.92  -0.79   1.22   1.72  73   535     0  6.1
 11   480 J8   167  1024 J8  1037   339 J8   112  1308 10270  7.7  7.0  0.79  0.03  -3.39  -8.63  -5.52  -4.97  75   730     0  5.6
 12   211 J8    82   759 J8   762   145 J8    47   625  8186  7.2  6.2  0.48  0.04  -5.67 -11.42  -8.18  -8.21  82   833     0  6.5
 13  2268 J8  1702  2454 J8  1513  1216 J8   804  5664 16656  7.1  6.4  1.06  0.08   2.11  -2.75  -0.12   0.26  80  6794     0  6.0
 2007
  1   371 J8   150  1034 J8   911   252 J8    99   986  9432  6.8  5.7  0.58  0.06  -6.06 -14.66 -10.26 -10.21  81   889     0  7.3
  2   901 J8   542  1612 J8  2013   520 J8   216  2423 12693  7.2  6.8  0.71  0.08  -0.85  -4.94  -2.67  -2.37  82   594     0  6.9
  3  2740 J8   816  4627 J8  2334  1103 J8   378  4862 16262  3.9  3.3  0.37  0.11  -2.89  -8.87  -5.68  -5.11  79   751     0  6.3
  4  3314 J8  1365  2871 J8  2515  1901 J8   472  7775 19793  7.8  6.7  0.87  0.13  -0.88  -4.13  -2.30  -1.96  74   625     0  5.1
  5  3466 J8  1809  2732 J8  3223  1971 J8   500 10238 22976  8.1  7.6  1.14  0.14   4.77   0.39   2.54   2.95  85   488     0  4.9
  6  3959 J8  1898  2730 J8  2975  2376 J8   516 11411 24800  8.5  7.4  1.60  0.13  10.49   4.41   7.63   8.08  79   326     0  4.7
  7  4086 J8  2203  3421 J8  4129  2119 J8   680 10766 23716  7.9  7.2  2.04  0.11  12.75   7.25  10.01  10.53  82   258     0  4.7
  8  2838 J8  1283  2260 J8  2617  1727 J8   405  8607 20684  8.3  7.9  2.18  0.08  13.75   9.58  11.53  11.99  81   207     0  5.0
  9  2076 J8   688  1746 J8  1555  1404 J8   293  5807 17276  8.6  7.8  1.65  0.06  10.47   6.16   8.70   9.37  79   300     0  6.7
 10  1257 J8   521  1979 J8  1754   718 J8   248  3146 13753  8.0  6.7  0.94  0.04   2.70  -1.45   0.74   1.24  71   549     0  6.2
 11   500 J8   260  1051 J8  1115   343 J8   155  1318 10295  8.0  7.2  0.86  0.03  -1.58  -8.60  -4.35  -3.79  77   703     0  8.4
 12   221 J8    77  1065 J8   898   131 J8    27   627  8187  5.0  4.7  0.53  0.04  -5.43 -11.38  -8.18  -8.09  81   829     0  7.1
 13  2144 J8  1443  2261 J8  1084  1214 J8   804  5664 16656  7.4  6.6  1.12  0.08   3.10  -2.19   0.64   1.05  79  6520     0  6.1
 2008
  1   409 J8   148  1490 J8   891   234 J8    73   979  9408  4.8  4.0  0.52  0.06  -7.33 -13.26  -9.98  -9.73  79   887     0  7.8
  2  1316 J8   428  3384 J8  1492   538 J8   164  2443 12725  2.4  1.9  0.32  0.08  -7.11 -13.96 -10.31 -10.10  77   837     0  6.4
  3  2670 J8   955  4168 J8  2268  1184 J8   415  4932 16347  4.5  4.0  0.54  0.11  -6.01 -11.84  -8.71  -8.37  78   845     0  7.4
  4  4108 J8  1224  5302 J8  3351  1670 J8   576  7844 19874  4.2  3.8  0.76  0.13  -3.17  -8.78  -5.66  -5.25  78   729     0  7.6
  5  3141 J8  1669  1826 J8  2708  2174 J8   617 10285 23040  9.0  8.1  1.10  0.14   4.32  -0.86   1.85   2.32  81   515     0  4.8
  6  3529 J8  1625  1984 J8  2428  2376 J8   553 11417 24808  8.9  8.1  1.64  0.13   8.74   2.74   5.72   6.09  83   378     0  4.2
  7  3674 J8  1874  2453 J8  3397  2294 J8   507 10729 23653  8.6  7.9  1.88  0.11  11.51   5.69   8.80   9.27  82   302     0  6.1
  8  2813 J8  1318  2193 J8  2610  1745 J8   519  8543 20599  8.6  8.1  1.66  0.08  10.55   7.23   8.87   9.21  83   293     0  4.7
  9  1845 J8   749  1541 J8  2056  1240 J8   325  5737 17191  8.6  8.1  1.55  0.06   9.01   3.92   6.65   7.34  78   356     0  5.7
 10  1272 J8   406  2634 J8  1924   624 J8   272  3089 13668  6.6  5.8  0.77  0.04   0.29  -3.93  -1.54  -1.10  70   625     0  7.4
 11   575 J8   234  1933 J8  1446   310 J8   129  1287 10219  5.6  4.6  0.53  0.03  -2.38  -7.30  -4.69  -4.73  77   695     0  5.6
 12   242 J8    61  1351 J8   825   126 J8    28   623  8177  4.2  3.9  0.74  0.04  -3.99  -9.65  -6.57  -6.43  77   780     0  8.1
 13  2133 J8  1364  2521 J8  1200  1210 J8   836  5659 16642  6.3  5.7  1.00  0.08   1.20  -4.17  -1.30  -0.96  79  7241     0  6.3
 2009
  1   468 J8   166  2013 J8   904   223 J8    87  1002  9482  3.0  2.7  0.48  0.06  -8.83 -16.01 -12.04 -12.24  79   953     0  5.4
  2  1118 J8   491  2444 J8  1803   566 J8   214  2458 12761  4.2  3.8  0.64  0.08  -5.33 -13.91  -9.45  -8.90  76   783     0  8.5
  3  2634 J8   803  3452 J8  1710  1359 J8   373  4911 16331  5.3  4.6  0.50  0.11  -2.35  -8.68  -5.31  -4.75  82   739     0  8.3
  4  3490 J8  1338  3647 J8  2842  1773 J8   640  7825 19848  6.6  5.7  0.74  0.13  -2.75  -9.37  -5.81  -5.20  80   732     0  7.4
  5  3865 J8  1998  3799 J8  3797  1882 J8   468 10273 23027  6.6  6.0  0.90  0.14   3.90  -0.10   1.85   2.20  85   509     0  4.3
  6  3899 J8  1841  2613 J8  3447  2419 J8   668 11416 24809  8.4  7.7  1.54  0.13   7.79   2.11   5.12   5.49  81   401     0  5.3
  7  3690 J8  1665  2248 J8  2907  2400 J8   598 10740 23675  8.7  8.1  1.98  0.11  11.27   6.31   8.93   9.38  85   296     0  5.9
  8  2605 J8  1176  1811 J8  2401  1708 J8   381  8561 20622  8.4  8.2  1.81  0.08  12.56   8.55  10.55  10.98  84   241     0  5.9
  9  1806 J8   893  1499 J8  1970  1233 J8   317  5757 17213  8.7  8.0  1.44  0.06   9.85   4.80   7.61   8.38  86   330     0  5.8
 10  1020 J8   381  1555 J8  1794   654 J8   227  3106 13693  8.0  7.2  1.04  0.04   3.49  -0.95   1.45   2.14  74   529     0  7.1
 11   473 J8   217  1008 J8  1418   330 J8   113  1296 10238  7.7  7.0  0.53  0.03  -4.36 -11.13  -7.31  -6.88  73   782     0  8.0
 12   169 J8    73   575 J8   873   123 J8    35   624  8182  7.7  7.4  0.83  0.04  -4.39  -8.78  -6.29  -6.55  83   772     0  7.1
 13  2103 J8  1434  2222 J8  1027  1222 J8   829  5664 16657  6.9  6.4  1.04  0.08   1.74  -3.93  -0.89  -0.50  80  7068     0  6.6
 2010
  1   411 J8   153  1686 J8  1181   212 J8    87   995  9455  3.3  3.0  0.44  0.06  -7.40 -13.47 -10.14  -9.90  79   892     0  7.7
  2   780 J8   364   876 J8  1088   582 J8   224  2441 12730  8.1  7.6  0.59  0.08  -8.21 -15.39 -11.66 -11.53  76   844     0  4.5
  3  2193 J8  1066  2833 J8  2823  1192 J8   438  4888 16297  6.1  5.6  0.34  0.11  -7.75 -14.92 -10.76 -10.14  72   920     0  5.5
  4  3717 J8  1510  3935 J8  3147  1793 J8   557  7802 19823  7.1  6.1  0.63  0.13  -0.29  -5.78  -2.69  -2.20  70   641     0  4.9
  5  4237 J8  1975  4142 J8  4064  2003 J8   636 10256 23006  6.8  6.2  1.10  0.14   0.88  -2.94  -0.81  -0.52  81   600     0  4.3
  6  3646 J8  1818  2328 J8  3020  2345 J8   648 11414 24803  8.4  7.7  1.54  0.13   6.95   1.41   4.38   4.80  89   425     0  5.6
  7  3545 J8  1958  2522 J8  3414  2148 J8   554 10752 23690  8.6  7.8  2.04  0.11  10.60   5.94   8.29   8.73  84   312     0  3.9
  8  2184 J8  1121   946 J8  2036  1726 J8   407  8583 20652  9.6  9.1  2.07  0.08  10.99   6.66   9.01   9.45  93   295     0  5.4
  9  2153 J8   854  2294 J8  2408  1299 J8   411  5781 17242  8.1  7.0  1.70  0.06   8.97   4.39   6.81   7.55  76   350     0  7.5
 10   956 J8   346  1002 J8  1158   708 J8   198  3125 13727  8.8  7.9  0.97  0.04   6.34   1.17   3.91   4.70  78   452     0  5.7
 11   412 J8   158   666 J8  1137   323 J8   122  1307 10267  8.7  8.2  0.81  0.03  -1.88  -8.79  -4.67  -4.13  77   710     0  7.2
 12   195 J8    79   709 J8   887   137 J8    41   625  8186  7.3  6.5  0.53  0.04  -5.63 -11.38  -8.42  -8.17  79   832     0  7.5
 13  2036 J8  1477  1995 J8  1221  1206 J8   797  5664 16656  7.6  6.9  1.06  0.08   1.13  -4.43  -1.40  -0.94  80  7270     0  5.8
