702740 PALMER MUNICIPAL       AK  -9  N61 36  W149  5    71  1005
 1991-2010
 MO AVGLO FL SDGLO AVDIR FL SDDIR AVDIF FL SDDIF AVETR AETRN  TOT  OPQ   H2O   TAU  MAX_T  MIN_T  AVG_T  AVGDT  RH  HTDD  CLDD AVWS
  1   272 J7    34   733 J8   326   195 J7    11   817  8944  6.2  5.7  0.56  0.08  -6.36 -12.61  -9.44  -8.90  74   862     0  2.8
  2   913 J7   105  1499 J8   627   586 J7    48  2228 12483  6.3  5.6  0.58  0.10  -2.54  -9.41  -6.01  -5.13  69   687     0  2.9
  3  2233 J7   204  3127 J8   810  1161 J7    98  4688 16278  5.3  4.6  0.52  0.12   0.67  -7.49  -3.35  -2.25  61   674     0  3.5
  4  3686 J7   366  4000 J8  1105  1837 J7   173  7658 20013  6.0  5.1  0.70  0.14   8.39  -0.79   3.86   5.11  57   436     0  3.7
  5  5133 J7   315  4812 J8   830  2572 J7   130 10194 23444  6.5  5.1  0.98  0.15  14.61   4.21   9.63  10.56  57   276     0  3.8
  6  5731 J7   358  5162 J8   836  2837 J7   182 11405 25467  6.7  5.3  1.43  0.14  18.21   8.52  13.48  14.12  64   150     1  3.1
  7  4740 J7   500  3877 J8  1138  2640 J7   135 10716 24225  7.5  6.5  1.83  0.12  19.05  10.47  14.70  15.34  71   112     1  2.7
  8  3720 J7   393  3597 J8  1073  1984 J7   126  8468 20917  7.3  6.4  1.72  0.09  17.63   9.18  13.29  14.29  75   153     0  2.6
  9  2429 J7   198  2961 J8   685  1312 J7    72  5598 17295  7.2  6.2  1.28  0.07  12.82   5.06   8.77  10.00  74   282     0  2.9
 10  1247 J7   151  2128 J8   724   719 J7    57  2919 13569  6.6  5.9  0.85  0.05   4.82  -1.86   1.42   2.51  73   522     0  2.6
 11   425 J7    55  1217 J8   595   266 J7    26  1125  9864  6.4  5.8  0.66  0.05  -2.63  -8.50  -5.56  -4.99  75   717     0  2.8
 12   147 J7    14   566 J8   218   108 J7     7   475  7564  6.5  5.8  0.59  0.05  -5.00 -11.41  -8.10  -7.83  73   822     0  3.0
 13  2556 J7   132  2807 J8   469  1351 J7    56  5524 16672  6.5  5.7  0.97  0.10   6.64  -1.22   2.72   3.57  69  5694     2  3.0
 1991
  1   244 J6   144   666 J7   935   174 J6    65   811  8921  7.1  6.7  0.64  0.06  -6.57 -12.04  -9.55  -8.96  76   857     0  3.0
  2   902 J6   484  1207 J7  1320   621 J6   257  2206 12441  8.2  6.7  0.72  0.09  -1.65  -8.89  -5.50  -4.85  70   661     0  2.5
  3  2047 J6   863  2661 J7  2714  1147 J6   438  4645 16219  6.2  5.2  0.67  0.11   1.23  -7.12  -2.80  -1.68  67   660     0  2.8
  4  3172 J6  1040  2664 J7  2818  1945 J6   532  7614 19958  7.7  6.6  0.79  0.13   9.11   0.78   4.82   6.09  57   401     0  4.5
  5  5161 J6  1477  4901 J7  3508  2574 J6   604 10163 23398  6.9  5.2  1.01  0.14  14.45   4.60   9.70  10.61  56   273     0  5.2
  6  6019 J6  1651  5634 J7  3570  2786 J6   683 11401 25460  6.8  5.0  1.74  0.13  19.43   8.74  14.13  14.81  60   127     0  3.4
  7  4419 J6  1579  3023 J7  2965  2726 J6   610 10740 24267  8.4  7.2  1.88  0.11  17.81   9.92  13.79  14.37  72   138     0  2.9
  8  3783 J6  1227  3481 J7  3035  2091 J6   601  8509 20973  7.5  6.0  1.76  0.12  17.31   8.73  12.86  13.86  68   165     0  3.8
  9  2153 J6   960  1932 J7  2008  1384 J6   315  5642 17351  8.1  7.0  1.52  0.12  13.92   6.49  10.03  11.15  69   244     0  4.0
 10  1114 J6   584  1458 J7  1731   708 J6   218  2954 13628  6.7  6.0  0.91  0.13   3.86  -2.86   0.51   1.67  70   553     0  2.8
 11   374 J5   192   466 J7   621   299 J5   122  1142  9914  7.9  7.4  0.83  0.15  -1.94  -6.37  -4.09  -3.63  74   675     0  2.7
 12   116 J6    31    50 J7   103   112 J6    29   477  7572  8.7  8.1  0.72  0.18  -3.93  -8.34  -6.22  -6.17  76   758     0  3.1
 13  2459 J6  2030  2345 J7  1737  1381 J6  1016  5525 16675  7.5  6.4  1.10  0.12   6.92  -0.53   3.14   3.94  68  5511     0  3.4
 1992
  1   216 J5    69    90 J7   115   207 J5    65   804  8899  7.5  6.8  0.71  0.22  -3.39  -7.54  -5.40  -5.05  71   738     0  2.9
  2   860 J6   339   863 J7   966   661 J6   230  2226 12471  6.6  5.5  0.61  0.26  -6.57 -13.29 -10.09  -9.14  75   820     0  1.9
  3  2016 J6   686  1511 J7  1441  1470 J6   431  4716 16313  6.2  5.0  0.63  0.30   0.25  -7.89  -3.62  -2.70  64   687     0  4.1
  4  3606 J6   855  2576 J7  1652  2328 J6   521  7685 20044  5.0  4.2  0.70  0.33   7.24  -2.51   2.36   3.68  54   479     0  3.1
  5  5184 J6  1427  4135 J7  2861  2868 J6   576 10212 23470  6.1  4.8  0.99  0.31  13.16   3.21   8.42   9.32  49   314     0  3.6
  6  5673 J6  1385  4002 J7  2807  3290 J6   525 11407 25470  6.5  5.1  1.45  0.28  18.18   8.06  13.35  14.02  63   156     0  3.3
  7  4142 J6  1562  2449 J7  2723  2776 J6   488 10701 24200  7.9  7.1  2.03  0.24  18.75  10.14  14.39  15.06  71   120     0  2.7
  8  2857 J6  1250  1383 J7  1777  2118 J6   401  8442 20886  9.0  8.2  1.89  0.20  16.19   9.18  12.48  13.34  74   175     0  3.2
  9  2242 J6   921  2490 J7  2274  1278 J6   374  5571 17262  6.3  5.6  0.95  0.16   8.23  -0.27   3.96   5.22  65   430     0  2.4
 10  1090 J6   547  1432 J7  1644   704 J6   295  2896 13534  6.7  6.1  0.85  0.13   3.17  -3.62  -0.14   0.69  71   575     0  1.9
 11   342 J6   202   581 J7   935   257 J6   105  1112  9831  7.5  6.7  0.83  0.12  -1.40  -7.25  -4.33  -3.71  77   680     0  3.0
 12   122 J6    42   185 J7   364   108 J6    26   474  7562  8.0  7.3  0.60  0.12  -8.25 -14.64 -11.42 -10.90  76   923     0  2.2
 13  2363 J6  1945  1808 J7  1351  1505 J6  1141  5521 16662  6.9  6.0  1.02  0.22   5.46  -2.20   1.66   2.49  68  6097     0  2.9
 1993
  1   236 J5   123   277 J7   537   205 J5    99   826  8975  7.9  7.4  0.57  0.13  -7.35 -13.93 -10.54  -9.96  76   898     0  2.7
  2   775 J6   329   631 J7   746   634 J6   241  2241 12512  7.6  6.8  0.79  0.15  -2.63  -8.31  -5.42  -4.63  70   666     0  2.9
  3  1996 J6   756  2059 J7  1872  1261 J6   415  4695 16288  6.5  5.8  0.64  0.16   3.05  -5.33  -1.06   0.06  62   604     0  3.5
  4  3467 J6  1113  3067 J7  2476  2004 J6   449  7665 20023  7.0  6.1  0.83  0.18  11.04   1.01   5.94   7.46  53   369     0  4.1
  5  5056 J6  1784  4641 J7  3705  2501 J6   473 10200 23454  6.7  5.4  1.29  0.18  16.89   4.74  11.22  12.37  57   233     0  3.9
  6  5853 J6  1334  4545 J7  2499  3136 J6   508 11407 25471  7.4  5.6  1.56  0.17  18.37   8.61  13.74  14.36  62   145     0  3.0
  7  5174 J6  1730  4749 J7  3715  2526 J6   618 10713 24217  6.3  5.7  2.03  0.14  20.86  10.50  15.79  16.57  67    84     2  2.4
  8  3374 J6  1248  2379 J7  2328  2182 J6   517  8461 20909  8.1  7.4  2.13  0.11  17.63   9.95  13.69  14.56  73   141     0  3.4
  9  2048 J6   725  1665 J7  1719  1407 J6   333  5591 17285  8.7  7.5  1.55  0.08  12.31   5.47   8.88   9.82  72   283     0  3.3
 10  1032 J6   601  1460 J7  2171   659 J6   270  2913 13556  7.5  7.0  1.15  0.06   6.28  -0.10   3.20   4.09  75   472     0  2.4
 11   324 J5   128   311 J7   540   284 J5    95  1122  9852  9.1  8.4  0.79  0.05  -1.73  -7.15  -4.35  -4.16  76   683     0  2.7
 12   134 J6    53   355 J7   582   107 J6    29   475  7560  7.7  7.1  0.74  0.06  -0.99  -6.25  -3.60  -3.57  72   680     0  3.4
 13  2456 J6  2081  2178 J7  1725  1409 J6  1043  5526 16675  7.5  6.7  1.17  0.12   7.81  -0.07   3.96   4.75  68  5259     2  3.1
 1994
  1   231 J6   100   274 J7   401   204 J6    86   819  8953  8.2  7.5  0.77  0.08  -3.66  -8.65  -5.97  -5.22  68   759     0  3.1
  2  1066 J6   533  2542 J7  2167   494 J6   180  2224 12479  4.1  3.8  0.51  0.10  -4.57 -11.94  -8.36  -7.18  56   744     0  3.5
  3  1777 J6   820  1767 J7  2247  1167 J6   378  4672 16256  7.8  6.9  0.66  0.12   0.56  -7.76  -3.53  -2.47  64   680     0  3.5
  4  2954 J6   857  2027 J7  1811  1998 J6   395  7641 19994  8.6  7.6  0.86  0.14   9.09  -0.74   4.33   5.65  62   425     0  3.8
  5  4518 J6  1539  3164 J7  2884  2794 J6   519 10182 23425  8.2  6.8  1.08  0.15  13.85   4.33   9.19  10.07  55   287     0  4.3
  6  6000 J6  1510  5611 J7  3520  2797 J6   668 11404 25463  6.5  5.3  1.59  0.14  18.79   8.47  13.91  14.58  62   143     2  2.8
  7  4566 J6  1362  3116 J7  2647  2800 J6   476 10726 24242  8.4  7.3  2.01  0.12  18.94  10.57  14.84  15.45  64   112     1  3.0
  8  3535 J6  1339  3108 J7  2695  1972 J6   362  8483 20940  7.4  7.0  2.10  0.09  19.33   9.93  14.50  15.57  71   117     2  2.5
  9  2405 J6   993  2811 J7  2671  1299 J6   399  5615 17316  7.4  6.8  1.29  0.06  12.64   5.00   8.53   9.80  74   285     0  3.2
 10   984 J6   352   976 J7  1384   771 J6   280  2932 13589  8.3  7.6  0.85  0.04   3.18  -2.96   0.08   1.16  74   565     0  2.5
 11   362 J6   169   725 J7  1010   275 J6   131  1131  9884  7.6  6.8  0.58  0.04  -6.60 -12.06  -9.28  -8.85  79   830     0  2.6
 12   131 J6    58   294 J7   557   109 J6    36   476  7568  8.5  7.7  0.62  0.05  -5.31 -11.75  -8.55  -8.17  79   833     0  2.5
 13  2377 J6  1952  2201 J7  1536  1390 J6  1052  5526 16676  7.6  6.8  1.08  0.09   6.35  -1.46   2.47   3.37  67  5779     6  3.1
 1995
  1   273 J6   124   617 J7   868   209 J6    84   812  8925  6.8  6.2  0.64  0.06  -6.67 -12.54  -9.63  -9.02  77   866     0  2.0
  2   838 J6   457  1118 J7  1574   584 J6   246  2208 12444  7.6  6.9  0.60  0.09  -3.11  -8.93  -6.27  -5.39  71   682     0  3.0
  3  2479 J6   861  4117 J7  2454  1063 J6   447  4648 16224  4.3  3.6  0.46  0.11  -1.51 -11.29  -6.54  -5.33  61   767     0  2.9
  4  3447 J6  1219  3286 J7  2981  1882 J6   467  7617 19961  7.2  5.9  0.83  0.13   9.00   1.00   5.04   6.14  57   400     0  3.6
  5  4830 J6  1379  3860 J7  3022  2731 J6   580 10165 23403  8.1  6.3  1.25  0.14  14.66   5.33  10.14  10.99  50   258     0  4.6
  6  5655 J6  1609  4839 J7  3339  2796 J6   657 11401 25461  7.1  5.8  1.70  0.13  17.92   8.83  13.59  14.15  62   152     3  3.0
  7  3977 J6  1476  2266 J7  2386  2720 J6   503 10738 24263  8.5  7.9  2.17  0.11  18.27  10.20  14.37  14.97  74   127     0  3.1
  8  3522 J6  1373  3053 J7  3171  2019 J6   520  8505 20966  8.0  6.9  1.91  0.08  18.06   9.00  13.53  14.56  73   149     0  2.4
  9  2144 J6   852  2002 J7  2464  1381 J6   334  5639 17348  8.5  7.4  1.83  0.06  14.68   8.05  11.30  12.31  76   209     0  2.8
 10  1005 J6   512   887 J7  1579   758 J6   242  2951 13625  8.9  8.2  0.98  0.04   6.44  -0.14   3.14   4.17  70   471     0  2.4
 11   476 J6   254  1841 J7  1654   233 J6   127  1141  9911  4.5  4.2  0.52  0.03  -3.90 -10.05  -6.93  -6.04  67   759     0  3.6
 12   161 J6    66   772 J7   798   105 J6    26   477  7570  5.4  4.6  0.65  0.04  -5.50 -10.89  -8.19  -7.68  65   822     0  2.9
 13  2400 J6  1884  2388 J7  1430  1374 J6  1032  5525 16675  7.1  6.2  1.13  0.09   6.53  -0.95   2.80   3.65  67  5661     3  3.0
 1996
  1   281 J6   111   998 J7   870   182 J6    75   805  8903  4.4  4.2  0.45  0.06 -13.95 -19.86 -16.93 -16.04  79  1092     0  1.2
  2   777 J5   416   833 J7  1504   588 J5   258  2228 12474  8.3  7.8  0.56  0.09  -6.82 -13.07 -10.00  -9.25  87   820     0  2.0
  3  2263 J6   906  3350 J7  2895  1116 J6   390  4719 16315  4.9  4.4  0.58  0.11   2.17  -6.52  -2.15  -0.84  75   636     0  4.2
  4  3366 J6  1220  3073 J7  2993  1950 J6   454  7688 20046  6.9  6.0  0.71  0.13   8.20  -1.01   3.77   5.06  53   442     0  4.2
  5  5155 J6  1397  4762 J7  3279  2556 J6   636 10214 23475  6.6  5.3  1.06  0.14  16.06   4.42  10.52  11.58  50   251     0  3.3
  6  6013 J6  1446  5552 J7  3261  2863 J6   661 11407 25471  6.9  5.2  1.42  0.13  18.97   8.19  13.84  14.51  51   143     0  3.8
  7  5006 J7  1442  4182 J7  2994  2661 J7   522 10699 24197  7.0  6.1  1.88  0.11  19.53  10.29  14.95  15.61  66   108     2  3.1
  8  3774 J7  1138  3576 J7  2743  2018 J7   460  8439 20881  7.5  6.5  1.73  0.08  17.16   8.09  12.70  13.71  73   177     0  3.1
  9  2511 J6  1159  3044 J7  3041  1283 J6   376  5567 17258  7.0  6.1  1.13  0.06  12.00   3.89   7.81   9.08  69   311     0  2.8
 10  1483 J6   583  3515 J7  2516   611 J6   296  2894 13529  4.6  3.9  0.70  0.04  -0.46  -9.03  -4.57  -3.04  71   715     0  2.5
 11   423 J6   195  1521 J7  1529   238 J6   115  1111  9827  5.7  5.1  0.73  0.04  -6.57 -11.70  -9.22  -8.53  81   824     0  1.8
 12   142 J6    39   615 J7   775   101 J6    24   474  7560  5.8  5.6  0.55  0.04  -7.57 -13.81 -10.63 -10.02  68   900     0  3.2
 13  2600 J6  2062  2918 J7  1602  1347 J6  1028  5521 16661  6.3  5.5  0.96  0.09   4.89  -3.34   0.84   1.82  69  6419     2  2.9
 1997
  1   261 J6   118   572 J7   847   203 J6    85   827  8978  7.2  6.3  0.55  0.06  -6.74 -11.95  -9.28  -8.66  67   858     0  3.2
  2   811 J5   337   710 J7   879   655 J5   234  2243 12516  8.8  7.7  0.78  0.09   3.35  -2.29   0.47   1.17  61   498     0  4.0
  3  2396 J6   829  3571 J7  2497  1152 J6   327  4698 16293  4.6  3.7  0.46  0.11   0.65  -8.63  -3.90  -2.58  49   692     0  3.4
  4  3734 J6  1323  4076 J7  3437  1812 J6   515  7668 20029  6.2  5.3  0.72  0.13  10.43   0.03   5.23   6.74  45   393     0  3.9
  5  5012 J6  1465  4146 J7  2993  2693 J6   490 10202 23458  7.2  5.9  1.07  0.14  15.32   4.48  10.30  11.21  53   261     0  4.2
  6  5813 J6  1702  5235 J7  3652  2817 J6   650 11407 25473  6.6  5.3  1.60  0.13  20.18   9.22  14.98  15.72  59   116     7  3.7
  7  4804 J6  1561  3582 J7  2584  2792 J6   541 10711 24215  8.0  6.9  2.30  0.11  21.03  11.83  16.35  17.01  69    65     6  3.4
  8  3411 J6  1321  2923 J7  2890  2008 J6   439  8458 20906  7.6  6.9  2.13  0.08  18.65  10.24  14.33  15.30  76   122     2  3.8
  9  2455 J7   874  3025 J7  2782  1347 J7   441  5588 17280  6.7  6.1  1.57  0.06  14.28   5.89   9.80  11.28  76   247     0  3.6
 10  1415 J8   679  3293 J8  2663   580 J8   222  2911 13553  5.2  4.4  0.69  0.04   1.21  -5.67  -2.14  -1.03  77   637     0  1.6
 11   396 J8   168   942 J8   813   276 J8   116  1120  9851  7.4  6.9  0.79  0.03   0.73  -4.63  -2.15  -1.94  74   608     0  3.1
 12   137 J8    56   485 J8   608   102 J8    28   475  7561  6.9  6.3  0.57  0.04  -5.25 -12.94  -8.83  -8.31  79   850     0  2.5
 13  2554 J6  2000  2713 J7  1622  1370 J6  1037  5526 16676  6.9  6.0  1.10  0.09   7.82  -0.37   3.76   4.66  65  5348    15  3.4
 1998
  1   300 J8   128  1022 J8   834   195 J8    82   820  8957  4.7  4.2  0.63  0.06  -6.40 -13.40  -9.74  -9.30  73   875     0  2.5
  2  1003 J8   419  2069 J8  1837   557 J8   180  2226 12479  4.6  3.8  0.72  0.09   0.05  -6.89  -3.35  -2.47  68   609     0  2.6
  3  2242 J8   640  3257 J8  2093  1191 J8   429  4675 16261  4.5  3.7  0.72  0.11   3.16  -4.79  -1.03   0.32  58   593     0  3.0
  4  3539 J8  1212  3631 J8  2496  1864 J8   324  7644 19998  6.2  5.1  0.79  0.13   8.57   0.26   4.55   5.76  60   418     0  5.3
  5  4541 J8  1178  3716 J8  2390  2697 J8   492 10185 23430  7.3  5.9  1.13  0.14  12.17   3.66   8.04   8.75  62   323     0  4.7
  6  5350 J8  1712  4800 J8  3574  2713 J8   585 11404 25463  7.1  5.8  1.71  0.13  16.47   8.02  12.47  13.00  69   182     0  3.1
  7  4451 J8  1217  3492 J8  2750  2751 J8   475 10724 24237  7.7  6.6  1.92  0.11  18.14   9.77  13.88  14.53  73   136     0  2.5
  8  3554 J8  1377  3154 J8  3149  2021 J8   489  8480 20935  7.8  6.8  1.62  0.08  15.51   7.81  11.59  12.50  76   207     0  2.5
  9  2314 J8   711  2383 J8  1754  1471 J8   315  5612 17311  7.4  6.5  1.43  0.06  12.71   4.99   8.79  10.02  75   284     0  3.1
 10  1392 J8   667  2732 J8  2315   690 J8   186  2930 13587  5.5  4.9  0.85  0.04   6.44  -1.61   2.22   3.64  71   493     0  3.0
 11   430 J8   262  1104 J8  1237   276 J8   122  1130  9880  6.7  6.2  0.76  0.03  -2.20  -8.14  -5.03  -4.28  81   705     0  2.1
 12   147 J8    52   443 J8   481   117 J8    40   476  7565  5.9  5.3  0.54  0.04  -7.52 -14.77 -11.11 -11.13  78   914     0  2.5
 13  2439 J8  1821  2650 J8  1293  1379 J8  1020  5526 16675  6.3  5.4  1.07  0.09   6.43  -1.26   2.61   3.44  70  5739     0  3.1
 1999
  1   281 J8   150   877 J8   982   185 J8    75   813  8932  5.2  5.0  0.49  0.06  -9.15 -16.70 -12.73 -12.09  75   969     0  2.7
  2   879 J8   258  1533 J8  1343   589 J8   221  2210 12447  5.2  4.8  0.38  0.09 -10.71 -19.04 -15.13 -14.23  74   930     0  1.6
  3  2170 J8   734  2880 J8  2234  1201 J8   379  4651 16227  5.4  4.9  0.52  0.11   0.35  -7.04  -3.14  -2.12  61   672     0  4.0
  4  3552 J8  1232  3951 J8  2972  1763 J8   420  7620 19963  6.1  5.5  0.71  0.13   6.60  -1.87   2.45   3.54  58   479     0  3.4
  5  5443 J8  1334  5550 J8  2883  2513 J8   512 10167 23405  6.0  4.7  0.92  0.14  13.30   3.19   8.39   9.34  54   313     0  3.4
  6  5256 J8  1562  4299 J8  3321  2926 J8   640 11401 25461  6.9  6.0  1.51  0.13  18.17   8.90  13.58  14.23  62   144     0  2.7
  7  4681 J8  1935  4184 J8  4019  2449 J8   557 10736 24259  7.2  6.2  1.98  0.11  18.45  10.45  14.46  15.07  70   120     0  2.4
  8  3516 J8  1086  3273 J8  2561  2009 J8   377  8502 20961  7.3  6.5  2.03  0.08  16.97   8.83  13.07  14.06  79   168     0  2.5
  9  2364 J8   914  2830 J8  2579  1293 J8   316  5636 17343  7.3  6.4  1.43  0.06  12.30   5.15   8.63   9.78  77   288     0  3.3
 10  1251 J8   514  1995 J8  1858   768 J8   253  2949 13621  7.1  6.3  0.90  0.04   4.03  -1.99   1.01   1.82  74   537     0  2.4
 11   467 J8   219  1498 J8  1256   267 J8   115  1140  9907  4.7  4.2  0.64  0.03  -3.97 -10.40  -7.14  -6.60  72   765     0  2.5
 12   147 J8    68   734 J8   818    93 J8    29   477  7570  6.3  5.8  0.58  0.04  -6.90 -13.77 -10.23 -10.04  69   889     0  2.8
 13  2500 J8  1955  2800 J8  1513  1338 J8   986  5525 16675  6.2  5.5  1.01  0.09   4.95  -2.86   1.10   1.90  69  6274     0  2.8
 2000
  1   224 J8    76   567 J8   735   173 J8    63   806  8905  6.7  6.4  0.54  0.06  -7.55 -14.26 -10.57  -9.96  82   906     0  2.2
  2   975 J8   442  1647 J8  1515   604 J8   188  2230 12481  6.0  4.8  0.64  0.09   0.79  -5.77  -2.71  -1.87  73   604     0  3.3
  3  2157 J8   592  2959 J8  2092  1197 J8   394  4722 16320  5.6  5.0  0.64  0.11   2.74  -4.26  -0.64   0.23  67   592     0  3.5
  4  3651 J8  1257  4005 J8  2988  1817 J8   415  7691 20049  5.6  4.9  0.71  0.13   8.37  -0.70   3.86   5.13  64   435     0  3.5
  5  5333 J8  1328  5313 J8  3177  2541 J8   623 10217 23478  5.9  4.6  0.87  0.14  13.55   2.45   8.34   9.37  62   320     0  3.4
  6  5686 J8  1202  5354 J8  2727  2872 J8   529 11408 25472  6.4  5.2  1.35  0.13  18.33   8.13  13.41  14.11  68   153     0  3.4
  7  4282 J8  1217  2973 J8  2381  2648 J8   421 10697 24195  8.4  7.4  1.72  0.11  17.65  10.13  13.68  14.24  79   138     0  2.6
  8  3830 J8  1237  3771 J8  2803  2046 J8   382  8436 20878  7.3  6.1  1.65  0.08  16.29   8.09  12.11  13.06  81   190     0  2.7
  9  2418 J8   680  3108 J8  2332  1310 J8   394  5564 17254  6.9  6.0  1.24  0.06  11.83   3.77   7.68   9.00  79   316     0  2.6
 10  1194 J8   475  1907 J8  1783   728 J8   232  2891 13525  5.9  5.6  0.90  0.04   4.89  -1.94   1.48   2.52  73   522     0  2.7
 11   417 J8   217   967 J8  1122   285 J8   120  1110  9826  6.3  5.8  0.75  0.04   2.13  -4.17  -1.11  -0.26  73   580     0  3.7
 12   150 J8    47   582 J8   620   111 J8    33   474  7559  5.8  5.3  0.70  0.04   0.52  -6.00  -2.84  -2.51  71   653     0  4.0
 13  2526 J8  1992  2763 J8  1672  1361 J8  1006  5521 16662  6.4  5.6  0.97  0.09   7.46  -0.38   3.56   4.42  73  5410     0  3.1
 2001
  1   239 J8   117   426 J8   621   191 J8    60   828  8983  7.4  7.1  0.67  0.06   1.32  -4.39  -1.46  -1.09  75   616     0  4.0
  2   820 J8   375  1125 J8  1342   562 J8   153  2245 12519  6.4  6.2  0.59  0.09  -0.50  -7.90  -4.13  -3.37  74   631     0  3.5
  3  2087 J8   823  2718 J8  2308  1162 J8   339  4701 16297  5.8  5.0  0.58  0.11   2.00  -4.15  -1.18  -0.42  65   602     0  4.2
  4  3721 J8  1280  4032 J8  2849  1859 J8   402  7672 20033  5.5  4.4  0.69  0.13   8.17  -0.90   3.70   4.95  66   441     0  4.2
  5  4852 J8  1598  4242 J8  3316  2641 J8   610 10204 23463  7.2  5.6  0.88  0.14  11.90   2.69   7.36   8.15  69   342     0  3.6
  6  6001 J8  1774  6274 J8  3524  2518 J8   425 11407 25472  6.0  4.6  1.51  0.13  19.23   9.13  14.22  14.91  73   124     0  3.0
  7  3983 J8  1244  2240 J8  1907  2841 J8   539 10709 24214  8.8  7.7  1.86  0.11  17.00  10.29  13.54  14.05  83   145     0  2.6
  8  3655 J8  1171  3252 J8  2354  2058 J8   392  8455 20901  7.3  6.4  1.90  0.08  18.19   9.83  13.96  15.05  80   134     0  2.8
  9  2461 J8   808  3311 J8  2480  1230 J8   346  5585 17276  5.9  5.0  1.34  0.06  13.90   4.84   9.08  10.76  79   269     0  3.3
 10  1201 J8   457  1854 J8  1854   764 J8   341  2909 13549  6.9  6.3  0.82  0.04   1.68  -5.06  -1.53  -0.50  82   621     0  3.1
 11   472 J8   204  1749 J8  1274   253 J8   117  1119  9848  4.5  4.1  0.69  0.03  -5.80 -12.11  -8.83  -8.28  84   819     0  2.7
 12   152 J8    68   788 J8   889    94 J8    20   475  7562  5.7  5.4  0.50  0.04  -9.10 -16.76 -12.59 -12.51  78   969     0  3.1
 13  2470 J8  1959  2668 J8  1671  1348 J8  1007  5526 16676  6.4  5.6  1.00  0.09   6.50  -1.21   2.68   3.47  76  5712     0  3.3
 2002
  1   253 J8   131   505 J8   728   196 J8    76   821  8959  7.0  6.6  0.62  0.06  -1.85  -7.57  -4.68  -4.28  77   714     0  4.0
  2   929 J8   401  1612 J8  1403   591 J8   205  2228 12484  5.7  5.2  0.45  0.09  -1.44  -8.62  -4.92  -4.24  66   654     0  4.3
  3  2503 J8   843  4413 J8  2689   997 J8   379  4678 16264  3.2  3.0  0.35  0.11  -0.98 -10.39  -5.52  -4.16  62   745     0  2.9
  4  3863 J8  1241  4988 J8  3588  1642 J8   548  7647 20001  4.7  4.3  0.57  0.13   4.93  -3.66   0.84   1.93  60   531     0  3.9
  5  5453 J8  1587  5782 J8  3592  2370 J8   605 10187 23433  5.6  4.5  0.88  0.14  15.70   4.29  10.27  11.30  62   258     0  3.0
  6  5600 J8  1625  5258 J8  3240  2768 J8   574 11404 25462  6.3  5.3  1.27  0.13  17.63   8.19  12.98  13.64  70   163     0  3.1
  7  5120 J8  1538  4701 J8  3002  2566 J8   446 10722 24236  7.4  5.8  1.62  0.11  20.20  10.54  15.22  16.00  72    92     0  2.9
  8  3734 J8  1535  3862 J8  3510  1885 J8   461  8477 20930  7.0  6.4  1.49  0.08  17.47   8.86  13.11  14.12  79   160     0  2.3
  9  2224 J8   834  2254 J8  2265  1359 J8   342  5609 17307  8.1  7.0  1.23  0.06  12.94   6.21   9.23  10.17  83   263     0  2.5
 10  1158 J8   564  1787 J8  1960   692 J8   199  2928 13585  6.7  6.3  1.04  0.04   9.08   2.85   5.91   6.73  76   383     0  3.5
 11   409 J8   203   994 J8  1071   274 J8   101  1129  9878  6.4  6.0  0.87  0.03   4.85  -0.21   2.39   2.84  78   480     0  3.2
 12   158 J8    57   628 J8   707   117 J8    37   476  7565  6.3  5.6  0.61  0.04  -2.72  -7.31  -4.96  -4.69  75   724     0  3.2
 13  2617 J8  2081  3065 J8  1959  1288 J8   953  5525 16675  6.2  5.5  0.92  0.09   7.99   0.26   4.16   4.95  72  5167     0  3.2
 2003
  1   280 J8   121   813 J8   899   193 J8    76   814  8935  4.6  4.3  0.64  0.06  -2.38  -9.83  -5.82  -5.40  74   758     0  2.9
  2   720 J8   341   764 J8  1047   565 J8   193  2212 12451  7.8  7.3  0.77  0.09   2.66  -2.00   0.21   0.95  74   504     0  3.8
  3  2396 J8   865  3956 J8  2480  1063 J8   396  4654 16231  4.4  3.7  0.38  0.11   0.92  -6.98  -3.04  -1.91  56   662     0  5.4
  4  4391 J8  1255  6237 J8  3010  1522 J8   397  7623 19969  3.6  2.8  0.60  0.13   9.96  -1.04   4.72   6.29  59   416     0  3.0
  5  4973 J8  1501  4596 J8  2970  2524 J8   455 10170 23410  6.4  5.3  0.79  0.14  14.03   4.32   9.31  10.04  64   284     0  3.6
  6  5753 J8  1375  5523 J8  3037  2765 J8   464 11401 25461  6.3  5.2  1.28  0.13  17.71   8.70  13.26  13.87  67   154     0  3.3
  7  5118 J8  1690  4767 J8  3495  2586 J8   554 10734 24253  6.6  5.7  1.71  0.11  20.52  10.96  15.79  16.50  65    83     2  3.0
  8  3934 J8  1547  4164 J8  3094  1911 J8   410  8499 20959  6.9  6.0  1.51  0.08  17.90   9.29  13.47  14.46  72   148     1  2.7
  9  2724 J8   937  4133 J8  2999  1207 J8   419  5633 17337  5.5  4.9  1.05  0.06  13.61   4.89   9.03  10.36  62   272     0  3.7
 10  1368 J8   483  2759 J8  2047   710 J8   277  2947 13613  5.4  4.5  0.95  0.04   7.96   0.94   4.27   5.61  71   430     0  2.7
 11   412 J8   171  1074 J8  1192   286 J8   140  1139  9903  7.3  6.6  0.62  0.03  -4.21 -10.11  -7.03  -6.65  77   765     0  2.2
 12   155 J8    64   659 J8   802   107 J8    36   477  7570  6.6  5.8  0.50  0.04  -5.32 -12.77  -8.70  -8.60  73   849     0  2.4
 13  2685 J8  2091  3287 J8  2002  1287 J8   970  5525 16674  6.0  5.2  0.90  0.09   7.78  -0.30   3.79   4.63  68  5324     3  3.2
 2004
  1   306 J8   141  1196 J8  1055   182 J8    71   807  8907  4.2  4.0  0.34  0.06 -10.88 -18.21 -14.44 -13.59  67  1019     0  3.4
  2   989 J8   438  1819 J8  1680   601 J8   230  2232 12489  5.3  4.6  0.58  0.09   0.74  -5.81  -2.72  -1.83  63   605     0  3.6
  3  2069 J8   955  2695 J8  2834  1118 J8   294  4725 16325  6.2  5.5  0.46  0.11  -0.71  -7.87  -4.15  -3.18  64   701     0  2.9
  4  3580 J8  1172  3861 J8  2983  1795 J8   485  7694 20055  6.0  5.1  0.73  0.13   8.74  -0.27   4.27   5.40  58   423     0  3.9
  5  4895 J8  1512  4441 J8  3429  2520 J8   679 10219 23480  6.5  5.3  1.13  0.14  15.90   6.37  11.17  12.03  63   223     0  2.9
  6  6447 J8  1502  6823 J8  3706  2593 J8   716 11408 25471  5.1  3.8  1.42  0.13  20.21   9.53  15.11  15.83  62   106     2  2.9
  7  5712 J8  1449  6150 J8  3587  2457 J8   703 10695 24190  5.8  4.7  1.70  0.11  21.72  11.38  16.59  17.36  65    62     7  2.8
  8  4680 J8  1241  6377 J8  3150  1691 J8   503  8433 20874  4.3  3.6  1.51  0.08  21.99  10.07  15.99  17.49  67    75     3  2.2
  9  2732 J8  1057  4033 J8  2927  1176 J8   350  5561 17250  6.0  5.2  0.95  0.06  10.90   2.08   6.47   7.85  73   355     0  2.4
 10  1266 J8   614  2240 J8  2399   700 J8   264  2889 13520  7.4  6.5  0.83  0.04   5.55  -0.04   2.73   3.55  79   483     0  2.3
 11   390 J8   218   855 J8  1122   275 J8   126  1109  9823  7.7  7.2  0.68  0.04   0.30  -5.66  -2.66  -2.09  73   630     0  3.7
 12   149 J8    59   664 J8   730   105 J8    38   474  7558  5.8  5.3  0.55  0.04  -2.03  -9.10  -5.24  -4.99  68   741     0  3.7
 13  2768 J8  2247  3430 J8  2195  1268 J8   930  5521 16662  5.9  5.1  0.91  0.09   7.70  -0.63   3.59   4.48  67  5422    12  3.1
 2005
  1   341 J8   162  1321 J8  1152   195 J8    88   829  8985  4.2  3.6  0.54  0.06  -5.02 -10.80  -7.94  -7.35  70   813     0  3.3
  2   989 J8   437  1940 J8  1490   567 J8   213  2247 12521  5.1  4.6  0.50  0.09  -2.50 -10.01  -6.22  -5.22  65   688     0  3.1
  3  2286 J8   742  3340 J8  2321  1158 J8   360  4704 16303  5.3  4.7  0.57  0.11   3.50  -3.48  -0.09   0.83  61   568     0  3.8
  4  4314 J8  1032  5591 J8  2640  1699 J8   497  7675 20038  4.0  3.3  0.66  0.13  10.66   0.30   5.49   6.84  53   386     0  3.6
  5  5258 J8  1301  5116 J8  2829  2534 J8   531 10206 23466  5.6  4.5  0.99  0.14  16.35   5.50  11.13  12.16  59   230     0  3.4
  6  6003 J8  1411  5952 J8  2790  2653 J8   421 11407 25472  5.9  4.7  1.36  0.13  19.35   8.99  14.22  14.89  66   125     0  2.6
  7  5573 J8  1647  5704 J8  3522  2442 J8   623 10707 24210  6.6  5.1  1.58  0.11  19.98  10.84  15.28  15.96  71    91     0  2.8
  8  4215 J8  1392  5050 J8  3176  1796 J8   442  8452 20896  6.3  5.4  1.54  0.08  18.44   9.69  13.90  14.95  77   133     1  2.1
  9  2523 J8   872  3142 J8  2192  1311 J8   359  5582 17272  7.6  6.6  1.31  0.06  13.46   6.62   9.88  10.91  78   249     0  2.8
 10  1323 J8   471  2471 J8  1874   731 J8   277  2906 13544  5.4  4.9  0.74  0.04   5.47  -1.28   1.85   3.28  74   503     0  2.5
 11   443 J8   221  1429 J8  1422   258 J8   109  1118  9844  5.6  5.3  0.47  0.03  -7.59 -13.32 -10.40  -9.60  79   864     0  1.1
 12   151 J8    44   610 J8   638   110 J8    24   475  7562  6.1  5.1  0.75  0.04  -0.21  -6.18  -2.97  -2.73  73   667     0  3.4
 13  2785 J8  2189  3472 J8  1937  1288 J8   937  5526 16676  5.6  4.8  0.92  0.09   7.66  -0.26   3.68   4.58  69  5316     1  2.9
 2006
  1   315 J8   125  1017 J8   789   210 J8    87   822  8961  5.0  4.3  0.40  0.06 -10.09 -16.54 -13.37 -12.91  78   981     0  1.2
  2   996 J8   466  1980 J8  1771   555 J8   157  2231 12489  5.6  5.1  0.44  0.09  -1.78  -9.30  -5.58  -4.54  67   668     0  3.3
  3  2487 J8   895  3964 J8  2509  1084 J8   323  4681 16269  4.5  4.0  0.43  0.11  -0.73  -9.49  -5.20  -3.87  57   727     0  2.8
  4  3685 J8  1308  4098 J8  2821  1774 J8   402  7651 20006  6.2  5.3  0.57  0.13   6.88  -1.47   2.65   3.76  58   469     0  3.4
  5  5456 J8  1411  5690 J8  3248  2428 J8   629 10189 23436  5.5  4.3  0.89  0.14  15.20   4.38   9.95  10.90  54   265     0  3.5
  6  5809 J8  1271  5382 J8  2595  2849 J8   438 11404 25462  6.2  5.0  1.28  0.13  17.37   8.08  12.73  13.32  61   168     0  3.4
  7  4757 J8  1642  4290 J8  3497  2442 J8   482 10720 24235  7.0  6.1  1.55  0.11  18.85  10.28  14.51  15.16  68   117     0  2.8
  8  3479 J8  1256  3377 J8  2833  1875 J8   410  8474 20922  7.7  7.0  1.51  0.08  15.42   8.73  11.91  12.69  78   194     0  2.6
  9  2619 J8   868  3400 J8  2496  1360 J8   389  5606 17302  7.0  5.8  1.22  0.06  14.08   5.83   9.74  10.97  72   251     0  3.0
 10  1186 J8   446  1524 J8  1370   815 J8   273  2925 13581  8.1  6.8  0.87  0.04   6.55   0.81   3.74   4.54  73   454     0  3.1
 11   575 J8   232  3017 J8  1508   188 J8    86  1128  9874  2.3  2.0  0.25  0.03  -8.62 -16.09 -12.72 -11.68  66   921     0  3.8
 12   159 J8    56   601 J8   715   117 J8    39   476  7564  6.3  5.5  0.52  0.04  -2.82  -9.79  -6.19  -5.90  73   764     0  3.3
 13  2627 J8  2021  3195 J8  1636  1308 J8   963  5525 16675  5.9  5.1  0.83  0.09   5.86  -2.05   1.85   2.70  67  5978     0  3.0
 2007
  1   273 J8   161   729 J8   816   188 J8    80   815  8939  7.1  6.8  0.49  0.06  -4.85 -12.26  -8.66  -8.51  71   834     0  2.9
  2  1116 J8   523  2797 J8  1923   486 J8   141  2214 12457  3.5  3.2  0.43  0.09  -5.22 -13.84  -9.41  -8.12  67   780     0  2.3
  3  2579 J8   764  4422 J8  2258  1065 J8   357  4657 16238  2.8  2.3  0.25  0.11  -6.67 -16.55 -11.29 -10.00  53   928     0  3.6
  4  4162 J8  1141  5598 J8  2814  1626 J8   456  7626 19972  5.0  4.4  0.66  0.13   9.00  -0.33   4.57   5.88  54   420     0  4.3
  5  5079 J8  1344  4737 J8  2829  2572 J8   473 10172 23410  7.0  5.5  0.94  0.14  13.91   4.50   9.31  10.13  57   283     0  3.6
  6  6022 J8  1578  5904 J8  3569  2758 J8   671 11401 25460  6.0  4.6  1.22  0.13  18.71   8.23  13.49  14.20  61   146     0  2.8
  7  4663 J8  1499  3885 J8  3021  2537 J8   458 10732 24250  7.6  6.9  1.66  0.11  18.52  10.80  14.48  15.09  70   114     0  1.9
  8  4303 J8  1268  5302 J8  3227  1775 J8   509  8496 20954  6.2  5.2  1.60  0.08  19.00   9.99  14.26  15.37  72   119     0  2.1
  9  2509 J8   942  3370 J8  2499  1259 J8   337  5629 17333  7.9  6.2  1.21  0.06  13.25   6.49   9.69  10.70  76   254     0  2.0
 10  1448 J8   517  2835 J8  2000   734 J8   303  2944 13608  6.8  5.9  0.69  0.04   5.05  -1.62   1.38   2.54  73   515     0  2.0
 11   432 J8   164  1110 J8   899   293 J8   112  1138  9900  6.9  6.4  0.68  0.03   1.70  -3.38  -0.86  -0.38  71   575     0  3.5
 12   155 J8    55   542 J8   607   117 J8    24   477  7570  6.7  6.0  0.49  0.04  -4.05 -10.27  -7.43  -7.24  68   790     0  3.7
 13  2728 J8  2065  3436 J8  1883  1284 J8   967  5525 16674  6.1  5.3  0.86  0.09   6.53  -1.52   2.46   3.31  66  5758     0  2.9
 2008
  1   275 J8   148   693 J8   720   194 J8    78   808  8911  7.0  6.3  0.43  0.06  -8.02 -15.05 -11.39 -10.90  74   926     0  2.4
  2   956 J8   331  1907 J8  1426   571 J8   226  2234 12491  5.4  5.0  0.43  0.09  -4.82 -13.56  -8.96  -7.55  65   798     0  2.6
  3  2305 J8   842  3209 J8  2320  1194 J8   332  4728 16330  5.1  4.2  0.53  0.11   4.05  -3.65   0.13   1.21  51   562     0  4.2
  4  3723 J8  1349  4266 J8  3277  1765 J8   470  7698 20062  6.7  5.7  0.62  0.13   6.62  -2.87   1.85   2.96  62   494     0  2.4
  5  5206 J8  1297  4979 J8  2680  2540 J8   454 10221 23482  6.2  5.1  0.79  0.14  13.57   3.51   8.90   9.79  51   304     0  4.4
  6  5044 J8  1845  3923 J8  3237  2781 J8   487 11408 25472  8.0  6.6  1.20  0.13  15.54   8.15  11.72  12.17  63   195     0  3.0
  7  4462 J8  1403  3002 J8  2754  2806 J8   486 10693 24187  8.7  7.4  1.59  0.11  16.53   9.55  12.78  13.29  74   164     0  1.8
  8  3888 J8  1129  3630 J8  2410  2133 J8   433  8430 20868  8.2  6.5  1.36  0.08  16.64   8.97  12.40  13.40  76   171     0  1.6
  9  2512 J8   720  3137 J8  1878  1340 J8   268  5558 17247  7.7  6.9  1.17  0.06  12.48   5.65   8.81   9.96  72   278     0  2.9
 10  1292 J8   508  2404 J8  1845   717 J8   281  2887 13517  6.9  6.0  0.59  0.04   1.25  -5.15  -2.00  -1.06  75   629     0  1.8
 11   463 J8   242  1365 J8  1489   273 J8    92  1108  9817  6.9  6.4  0.53  0.04  -3.43  -9.78  -6.61  -6.24  74   748     0  2.0
 12   147 J8    53   656 J8   827   104 J8    27   473  7557  7.4  6.3  0.50  0.04  -8.32 -14.98 -11.50 -11.40  75   929     0  2.4
 13  2523 J8  1897  2764 J8  1388  1368 J8  1020  5521 16662  7.0  6.0  0.81  0.09   5.17  -2.43   1.35   2.13  68  6197     0  2.6
 2009
  1   303 J8   136   970 J8   749   202 J8    86   830  8988  6.7  5.8  0.49  0.06  -8.29 -14.47 -11.45 -10.94  69   921     0  3.2
  2   988 J8   431  1943 J8  1687   562 J8   195  2249 12524  7.0  6.3  0.43  0.09  -5.96 -13.24  -9.44  -8.35  70   782     0  2.3
  3  2158 J8   762  2730 J8  2086  1237 J8   411  4707 16307  6.5  5.8  0.46  0.11  -1.91  -9.98  -5.72  -4.92  60   752     0  2.9
  4  4243 J8  1016  5342 J8  2663  1731 J8   464  7678 20042  5.9  4.7  0.56  0.13   7.69  -1.67   3.11   4.36  57   460     0  2.9
  5  5745 J8  1186  6491 J8  3076  2397 J8   565 10208 23469  5.3  4.0  0.79  0.14  16.20   3.80  10.46  11.64  52   258     0  3.0
  6  5635 J8  1228  4904 J8  2562  2940 J8   444 11407 25472  7.3  5.9  1.21  0.13  17.45   7.77  12.67  13.32  66   172     0  2.3
  7  5421 J8  1491  5514 J8  2885  2584 J8   412 10705 24205  5.7  4.8  1.72  0.11  21.06  11.03  16.05  16.74  64    74     3  3.1
  8  3968 J8  1277  4037 J8  2935  2027 J8   431  8449 20892  7.0  6.0  1.43  0.08  17.06   8.71  12.68  13.66  74   169     0  1.9
  9  2469 J8   910  3175 J8  2242  1305 J8   332  5579 17269  7.1  6.2  1.17  0.06  13.13   5.23   8.93  10.17  73   274     0  2.2
 10  1383 J8   454  2637 J8  1958   755 J8   342  2904 13541  6.9  6.0  1.01  0.04   8.15   1.73   4.67   5.83  68   415     0  3.5
 11   462 J8   237  1633 J8  1547   242 J8   107  1117  9841  5.9  5.3  0.47  0.03  -3.75 -11.15  -7.38  -6.65  72   773     0  2.4
 12   164 J8    50   672 J8   572   118 J8    35   475  7562  5.4  4.5  0.61  0.04  -4.79 -10.65  -7.50  -7.14  76   808     0  2.7
 13  2745 J8  2163  3337 J8  1909  1342 J8   991  5526 16676  6.4  5.4  0.86  0.09   6.34  -1.91   2.26   3.15  67  5859     3  2.7
 2010
  1   315 J8   141  1040 J8   914   205 J8    90   823  8963  4.7  4.2  0.57  0.06  -5.65 -12.24  -9.18  -8.76  76   846     0  2.4
  2   870 J8   358   950 J8   768   668 J8   254  2233 12493  7.2  6.6  0.59  0.09  -0.16  -5.59  -2.74  -2.39  71   594     0  2.6
  3  2248 J8  1014  2961 J8  2375  1178 J8   335  4684 16273  5.8  4.8  0.47  0.11   1.26  -6.55  -2.54  -1.56  64   650     0  3.1
  4  3559 J8  1025  3622 J8  2528  1964 J8   466  7654 20009  6.4  5.2  0.60  0.13   7.50  -0.15   3.57   4.66  59   440     0  3.8
  5  5510 J8  1519  5978 J8  2983  2450 J8   467 10191 23440  5.4  3.9  0.84  0.14  16.00   4.49  10.42  11.46  52   251     0  3.6
  6  4989 J8  1498  3429 J8  2770  3113 J8   548 11404 25462  8.4  6.9  1.27  0.13  16.16   8.49  12.28  12.77  66   180     0  2.5
  7  4487 J8  1563  3264 J8  2837  2702 J8   440 10718 24230  8.3  7.1  1.68  0.11  17.15   9.96  13.35  13.89  72   148     0  2.5
  8  3391 J8  1131  2793 J8  2193  2052 J8   375  8471 20918  8.1  7.1  1.60  0.08  17.40   9.64  13.27  14.11  79   149     0  1.8
  9  2742 J8   864  3974 J8  2834  1241 J8   446  5602 17299  6.3  5.5  1.08  0.06  13.82   4.87   9.20  10.71  73   269     0  2.3
 10  1350 J8   469  2396 J8  1831   784 J8   309  2923 13578  5.8  5.1  0.74  0.04   6.55  -0.45   2.64   4.04  67   474     0  3.0
 11   427 J8   199  1150 J8  1164   285 J8   138  1127  9869  6.4  5.9  0.65  0.03  -0.61  -6.35  -3.40  -3.09  76   654     0  3.4
 12   171 J8    49   992 J8   858   105 J8    29   476  7565  3.9  3.5  0.42  0.04  -9.86 -17.15 -13.35 -12.86  77   987     0  2.2
 13  2505 J8  1900  2712 J8  1519  1396 J8  1036  5525 16675  6.4  5.5  0.88  0.09   6.63  -0.92   2.80   3.58  69  5641     0  2.8
