703610 YAKUTAT STATE ARPT     AK  -9  N59 31  W139 38     8  1012
 1991-2010
 MO AVGLO FL SDGLO AVDIR FL SDDIR AVDIF FL SDDIF AVETR AETRN  TOT  OPQ   H2O   TAU  MAX_T  MIN_T  AVG_T  AVGDT  RH  HTDD  CLDD AVWS
  1   327 J7    38   648 J8   291   244 J7    17  1108  9737  7.6  7.1  0.88  0.06   0.26  -5.59  -2.54  -1.72  86   651     0  2.4
  2   845 J7   106  1226 J8   439   549 J7    27  2574 12860  7.6  7.1  0.89  0.09   2.32  -4.41  -0.99   0.20  85   547     0  2.5
  3  1898 J7   274  2223 J8   885  1089 J7    70  5022 16303  7.1  6.5  0.78  0.11   3.45  -4.18  -0.21   1.19  78   580     0  2.7
  4  3139 J7   421  2800 J7  1001  1801 J7   129  7896 19694  7.4  6.6  0.97  0.12   7.44  -0.79   3.56   4.84  80   450     0  2.5
  5  4207 J7   445  3250 J7   817  2413 J7   120 10297 22722  7.6  6.7  1.26  0.13  11.16   2.84   7.56   8.52  80   351     0  2.5
  6  4119 J7   439  2525 J7   810  2646 J7   159 11422 24403  8.4  7.8  1.73  0.12  13.99   7.26  10.99  11.61  83   231     0  2.3
  7  3567 J7   503  1670 J7   814  2600 J7    90 10782 23368  8.9  8.6  2.18  0.10  15.39   9.55  12.71  13.25  87   182     0  2.2
  8  3153 J7   500  2244 J7  1052  2017 J7   118  8665 20489  8.2  7.8  2.15  0.08  15.66   8.67  12.43  13.39  88   191     0  2.2
  9  2169 J7   297  1748 J7   727  1475 J7    64  5908 17214  8.1  7.7  1.74  0.06  12.87   5.53   9.32  10.62  88   274     0  2.4
 10  1106 J7   129  1269 J8   500   765 J7    50  3269 13825  8.0  7.6  1.29  0.04   8.37   1.74   4.99   6.26  87   412     0  2.6
 11   493 J7    62   916 J8   440   352 J7    29  1436 10523  7.6  7.2  0.99  0.04   3.77  -2.34   0.68   1.63  85   528     0  2.5
 12   221 J7    23   501 J8   230   174 J7    10   734  8563  7.9  7.5  0.92  0.05   1.48  -3.93  -1.12  -0.53  86   606     0  2.7
 13  2104 J7   143  1752 J8   328  1344 J7    43  5759 16642  7.9  7.3  1.31  0.08   8.01   1.20   4.78   5.77  84  5003     0  2.5
 1991
  1   318 I5   157   679 I7  1104   235 I5    89  1102  9723  7.6  7.0  0.87  0.05  -1.54  -8.06  -4.79  -3.86  88   717     0  2.4
  2   719 I5   525   793 I6  1689   505 I5   133  2551 12821  8.7  8.3  1.02  0.07   3.25  -2.33   0.59   1.37  91   500     0  3.2
  3  1940 I5  1004  2593 I6  2683   999 I5   340  4980 16250  6.7  6.0  0.79  0.09   3.43  -5.55  -0.98   0.81  84   601     0  2.8
  4  2297 I5  1075  1218 I6  2183  1704 I5   272  7854 19645  9.0  8.4  1.11  0.11   6.45   0.51   3.49   4.31  85   446     0  3.4
  5  3747 I5  1585  2462 I6  2739  2391 I5   450 10268 22682  8.2  7.5  1.18  0.12   9.96   2.71   6.85   7.70  82   372     0  3.4
  6  3978 I5  2009  2535 I6  3498  2418 I5   392 11418 24397  8.7  8.2  1.66  0.11  13.65   7.84  10.81  11.33  83   228     0  3.2
  7  3171 I5  1302  1103 I6  1859  2517 I5   370 10804 23404  9.4  9.1  2.10  0.10  14.87   9.87  12.48  12.92  88   185     0  2.8
  8  2704 I5  1529  1806 I6  3223  1798 I5   335  8704 20539  8.6  8.2  2.19  0.11  14.88   8.97  12.03  12.86  88   199     0  3.4
  9  1643 I5   669   659 I6  1133  1371 I5   248  5951 17263  9.5  9.2  1.90  0.12  12.64   7.99  10.39  11.08  91   240     0  3.8
 10  1012 I5   372  1050 I6  1252   733 I5   217  3304 13876  7.3  6.7  1.23  0.13   8.22   0.63   4.18   5.83  85   431     0  2.7
 11   407 I5   193   447 I6   817   335 I5   118  1454 10567  8.3  7.9  1.15  0.15   4.98  -0.05   2.35   3.09  89   476     0  3.2
 12   172 I5    43    69 I7   190   165 I5    31   737  8570  9.2  9.0  1.02  0.17   3.21  -0.77   1.27   1.55  87   530     0  4.6
 13  1842 I5  1351  1285 I6   864  1264 I5   890  5761 16645  8.4  8.0  1.35  0.11   7.83   1.81   4.89   5.75  87  4925     0  3.2
 1992
  1   263 I5   128   136 I7   365   241 I5    86  1095  9700  8.6  8.2  1.02  0.21   3.71  -1.21   1.54   2.01  90   530     0  3.9
  2   733 I5   315   684 I6  1007   569 I5   170  2571 12851  7.2  6.7  0.89  0.25   2.72  -4.18  -0.79   0.55  83   553     0  3.4
  3  1456 I5   704   642 I6   924  1200 I5   374  5049 16337  8.5  7.9  0.92  0.29   4.43  -2.30   1.18   2.24  86   535     0  3.9
  4  3030 I5  1086  1559 I6  1494  2218 I5   518  7922 19720  7.8  6.7  0.94  0.30   7.86  -0.49   3.89   5.19  76   439     0  2.8
  5  4071 I5  1991  2630 I6  3209  2536 I5   660 10314 22744  7.1  6.5  1.23  0.29  11.23   2.57   7.24   8.21  78   354     0  3.5
  6  4565 I5  2070  3008 I6  3444  2722 I5   612 11424 24406  7.6  6.9  1.54  0.26  14.93   6.64  11.15  11.94  80   226     0  3.6
  7  3046 I5  1271   844 I6  1527  2501 I5   407 10768 23348  9.6  9.4  2.11  0.23  14.77  10.19  12.37  12.78  89   181     0  3.2
  8  2613 I5  1287  1070 I6  1852  2034 I5   453  8641 20460  8.8  8.4  1.99  0.19  13.99   8.13  11.28  12.07  90   225     0  3.3
  9  2059 I5   930  1483 I6  2234  1447 I5   354  5881 17186  8.0  7.8  1.34  0.15  10.24   2.92   6.53   7.89  85   352     0  2.9
 10   933 I5   483   840 I6  1375   695 I5   219  3246 13793  7.5  7.2  1.13  0.13   5.97  -0.19   2.81   3.95  89   479     0  3.2
 11   351 I5   168   290 I6   621   303 I5   101  1423 10496  8.5  8.1  1.16  0.11   5.11  -0.26   2.51   3.29  91   477     0  3.9
 12   204 I5    76   427 I7   614   161 I5    41   732  8559  7.5  7.1  0.83  0.11  -0.45  -7.40  -3.68  -2.97  87   690     0  2.8
 13  1944 I5  1519  1135 I6   898  1386 I5   983  5756 16633  8.1  7.6  1.26  0.21   7.88   1.20   4.67   5.60  85  5042     0  3.4
 1993
  1   301 I5   157   469 I7   698   235 I5    86  1118  9766  6.7  6.1  0.74  0.12  -2.28 -10.71  -6.30  -5.18  89   770     0  2.5
  2   740 I5   390   811 I6  1252   544 I5   182  2587 12883  7.9  7.4  1.00  0.13   2.40  -4.87  -1.01   0.14  90   548     0  3.0
  3  1838 I5   882  1757 I6  1872  1160 I5   320  5029 16312  6.9  6.3  0.82  0.14   4.75  -3.73   0.85   2.38  80   552     0  2.9
  4  3350 I5  1564  3142 I6  3083  1807 I5   391  7904 19705  7.0  5.9  1.04  0.16  10.19  -0.08   5.28   6.99  79   398     0  2.8
  5  4332 I5  1745  3283 I6  2956  2460 I5   482 10302 22734  7.3  6.6  1.47  0.16  12.85   4.45   9.00   9.85  82   300     0  3.3
  6  4466 I5  1675  2718 I6  2770  2852 I5   529 11424 24405  8.0  7.4  1.70  0.15  15.14   7.62  11.83  12.51  81   208     0  3.2
  7  4557 I5  1961  3383 I6  3829  2558 I5   582 10779 23365  7.6  7.2  2.11  0.13  17.83   9.58  14.07  14.85  82   143     0  2.8
  8  3455 I5  1505  2364 I6  2774  2207 I5   528  8659 20479  8.0  7.5  2.21  0.10  16.69   8.55  12.97  14.09  86   177     0  3.1
  9  2184 I5  1027  1680 I6  2121  1493 I5   379  5901 17208  8.1  7.6  1.81  0.07  12.92   5.47   9.46  10.62  91   274     0  3.0
 10  1002 I5   532  1007 I6  1692   705 I5   170  3263 13817  8.4  8.0  1.62  0.06  10.30   3.71   7.12   8.26  90   351     0  3.3
 11   408 I5   165   411 I6   692   345 I5   109  1432 10512  8.0  7.6  1.10  0.05   4.63  -1.76   1.54   2.41  89   507     0  3.4
 12   206 I5    72   245 I7   452   183 I5    52   734  8560  8.3  7.9  1.07  0.05   3.25  -1.93   0.99   1.44  91   548     0  3.8
 13  2236 I5  1722  1772 I6  1183  1379 I5   982  5761 16646  7.7  7.1  1.39  0.11   9.06   1.36   5.48   6.53  86  4777     0  3.1
 1994
  1   298 I5   162   520 I7   963   228 I5    69  1110  9740  8.2  7.7  1.04  0.07   0.60  -3.87  -1.60  -0.95  89   619     0  3.1
  2  1132 I5   583  2448 I6  2298   521 I5   151  2570 12854  5.1  4.5  0.61  0.09  -1.15 -10.74  -5.76  -3.52  65   680     0  3.0
  3  1463 I5   829   880 I6  1398  1113 I5   343  5006 16282  9.0  8.4  1.02  0.11   4.58  -1.80   1.35   2.16  85   525     0  3.9
  4  2953 I5  1439  2436 I6  2856  1753 I5   394  7881 19677  8.1  7.5  1.08  0.12   8.77   0.96   4.99   6.13  83   404     0  3.4
  5  3613 I5  1762  2314 I6  3278  2331 I5   455 10286 22709  8.2  7.6  1.33  0.13  10.47   3.15   7.30   8.08  83   357     0  3.5
  6  3914 I5  1673  2002 I6  2375  2711 I5   467 11421 24402  8.8  8.2  1.82  0.12  14.71   7.96  11.50  12.13  83   210     0  3.0
  7  4329 I5  1707  2654 I6  3054  2786 I5   407 10791 23383  8.3  7.5  2.05  0.10  16.49   8.48  12.94  13.71  84   181     0  2.9
  8  3520 I5  1530  2734 I6  2914  2083 I5   480  8680 20508  8.0  7.4  2.43  0.08  17.00   9.36  13.40  14.40  87   160     0  2.8
  9  2526 I5  1192  2509 I6  2838  1498 I5   441  5925 17227  7.1  6.6  1.58  0.06  13.31   4.30   9.00  10.70  85   286     0  3.4
 10   982 I5   432   804 I6  1591   775 I5   190  3282 13846  8.7  8.4  1.29  0.04   7.65   2.33   4.89   5.82  89   414     0  3.8
 11   483 I5   236   804 I6  1415   355 I5   129  1443 10540  7.6  7.1  0.80  0.03   0.80  -6.89  -2.44  -1.42  84   641     0  3.7
 12   213 I5    84   480 I7   782   169 I5    44   735  8566  7.8  7.3  0.80  0.04  -0.19  -6.89  -3.41  -2.91  89   678     0  3.4
 13  2119 I5  1522  1716 I6   922  1360 I5   968  5761 16644  7.9  7.4  1.32  0.08   7.75   0.53   4.35   5.36  84  5154     0  3.3
 1995
  1   339 I5   158   882 I7  1120   232 I5    76  1103  9724  6.2  5.8  0.87  0.05  -0.43  -8.25  -4.13  -2.76  91   703     0  2.3
  2   873 I5   515  1396 I6  1885   534 I5   194  2553 12826  7.1  6.6  0.78  0.07   1.59  -6.50  -2.29  -0.90  79   582     0  3.4
  3  1986 I5   855  2662 I6  2467  1052 I5   336  4983 16254  6.1  5.6  0.72  0.09   2.81  -7.81  -2.29  -0.15  74   646     0  3.2
  4  3201 I5  1583  3004 I6  3521  1739 I5   434  7857 19648  7.0  6.2  1.09  0.11   9.66  -0.82   4.86   6.50  79   417     0  3.4
  5  3831 I5  1546  2477 I6  2950  2438 I5   399 10270 22686  8.4  7.8  1.48  0.12  12.26   4.53   8.68   9.52  82   308     0  3.4
  6  3758 I5  1712  1965 I6  2687  2583 I5   381 11418 24398  9.0  8.3  1.88  0.11  13.99   7.46  10.77  11.37  85   229     1  3.2
  7  3071 I5  1309  1016 I6  2247  2485 I5   410 10802 23401  9.3  9.1  2.21  0.09  14.93   9.94  12.53  12.96  90   183     0  3.0
  8  3108 I5  1341  2072 I6  2624  2039 I5   371  8701 20534  8.6  8.0  1.95  0.07  15.00   8.01  11.83  12.76  88   212     0  2.8
  9  2127 I5  1030  1592 I6  2419  1478 I5   365  5948 17262  8.8  8.1  2.22  0.05  15.23   8.71  11.83  13.03  88   191     0  3.2
 10  1213 I5   527  1678 I6  2175   771 I5   243  3301 13873  7.7  7.2  1.21  0.03   9.22   1.49   5.05   6.80  87   402     0  3.1
 11   496 I5   207   834 I6  1212   379 I5   165  1453 10564  7.2  6.6  0.82  0.03   3.37  -3.96  -0.24   1.03  69   559     0  3.2
 12   212 I5    99   425 I7   796   169 I5    45   737  8568  8.3  7.8  0.95  0.03   1.02  -4.74  -1.75  -1.34  78   626     0  3.7
 13  2018 I5  1361  1667 I6   800  1325 I5   920  5761 16645  7.8  7.3  1.35  0.07   8.22   0.67   4.57   5.74  82  5057     1  3.2
 1996
  1   440 I5   188  1555 I7  1412   236 I5   103  1095  9702  5.0  4.4  0.55  0.05  -4.83 -13.82  -9.58  -7.87  80   857     0  2.0
  2   859 I5   547  1133 I6  1591   562 I5   219  2574 12854  8.1  7.6  0.88  0.07   2.32  -5.02  -1.07   0.08  83   571     0  3.7
  3  2243 I5  1169  3267 I6  2806  1000 I5   276  5052 16340  5.8  5.0  0.76  0.09   4.91  -4.49   0.33   2.39  71   562     0  3.0
  4  3346 I5  1316  3115 I6  2945  1831 I5   491  7925 19725  7.0  6.2  0.89  0.11   8.99  -1.98   3.85   5.66  74   445     0  3.3
  5  5327 I5  1407  5317 I6  3219  2364 I5   566 10316 22747  6.7  5.1  1.08  0.12  13.23   1.44   8.26   9.83  74   341     0  3.1
  6  4276 I5  1744  2599 I6  2907  2736 I5   478 11424 24406  8.5  7.9  1.56  0.11  13.94   6.90  10.75  11.39  82   237     0  3.5
  7  3616 J5  1480  1579 J7  2362  2706 J5   523 10766 23343  8.9  8.7  2.05  0.09  16.31   8.79  12.83  13.58  84   179     0  2.9
  8  3193 J6  1614  2117 J7  2981  2083 J6   600  8638 20457  8.4  7.8  2.09  0.07  15.22   8.55  12.10  12.91  89   200     0  3.0
  9  2625 J5  1242  2960 J6  3333  1431 J5   428  5878 17185  6.4  6.0  1.38  0.05  13.29   2.26   7.65   9.92  83   317     0  2.5
 10   982 J5   420   827 J6  1569   762 J5   243  3244 13788  8.2  8.1  1.15  0.03   6.58  -0.95   2.85   4.28  85   481     0  3.0
 11   575 J5   261  1783 J6  1930   307 J5   155  1422 10493  5.4  5.3  0.84  0.03   3.28  -5.90  -1.96   0.09  85   589     0  2.1
 12   244 J5    80   801 J7   963   172 J5    47   732  8558  6.5  6.2  0.71  0.03  -0.95  -8.29  -4.30  -3.04  77   711     0  2.9
 13  2310 I5  1686  2254 I6  1292  1349 I5   971  5756 16633  7.1  6.5  1.16  0.07   7.69  -1.04   3.48   4.93  81  5490     0  2.9
 1997
  1   337 J5   161   630 J7  1074   255 J5    83  1119  9769  8.1  7.3  0.89  0.05   0.67  -5.72  -2.34  -1.35  85   646     0  3.4
  2   676 J5   361   427 J6   744   567 J5   204  2589 12888  8.9  8.4  1.12  0.07   3.94  -0.64   1.66   2.56  95   467     0  3.8
  3  1900 J5   800  2161 J6  2410  1118 J5   347  5032 16315  7.0  6.2  0.68  0.09   2.97  -4.54  -0.72   0.70  73   593     0  3.4
  4  2796 J5  1347  2345 J6  3153  1728 J5   449  7907 19708  7.3  6.8  0.96  0.11   9.21  -1.10   4.42   6.10  81   428     0  3.1
  5  4760 J5  1977  4576 J6  4060  2169 J5   579 10304 22736  6.4  5.6  1.25  0.12  12.93   2.08   8.36   9.67  80   336     0  3.0
  6  4443 J5  1721  3166 J6  3109  2603 J5   456 11424 24406  7.9  7.3  1.73  0.11  16.34   6.80  12.18  13.09  85   203     0  3.0
  7  3616 J5  1745  1698 J6  2645  2637 J5   503 10777 23362  9.0  8.5  2.37  0.09  16.52   9.82  13.58  14.24  90   160     0  3.0
  8  3237 J5  1586  2475 J6  3423  1969 J5   538  8656 20476  7.8  7.5  2.30  0.07  18.19   9.36  14.07  15.41  88   141     0  2.5
  9  2506 J5  1049  2446 J6  2958  1535 J5   463  5898 17201  7.0  6.4  1.76  0.05  15.46   5.35  10.39  12.44  85   238     0  2.9
 10  1351 J5   778  2217 J6  2714   692 J5   256  3261 13811  7.2  6.6  1.04  0.03   8.67  -0.83   3.90   5.80  79   447     0  2.7
 11   489 J8   242  1023 J8  1449   323 J8   109  1431 10510  7.9  7.6  1.12  0.03   5.13   0.03   2.42   3.08  92   472     0  2.2
 12   210 J8    73   522 J8   744   159 J8    35   734  8560  8.3  8.2  0.92  0.03   3.43  -1.32   1.13   1.43  89   536     0  3.2
 13  2193 J6  1613  1974 J7  1213  1313 J6   915  5761 16645  7.7  7.2  1.35  0.07   9.46   1.61   5.75   6.93  85  4666     0  3.0
 1998
  1   327 J8   144   704 J8   947   236 J8    75  1111  9743  7.1  6.9  0.83  0.05   0.57  -5.19  -2.20  -1.67  79   640     0  2.2
  2   854 J8   369  1504 J8  1593   513 J8   150  2572 12858  7.2  6.9  0.97  0.07   5.79  -0.31   2.39   3.67  86   436     0  2.3
  3  2167 J8   893  3436 J8  2913   978 J8   420  5009 16285  5.4  5.0  0.84  0.09   5.64  -2.90   1.01   2.95  81   526     0  1.6
  4  2916 J8  1449  2590 J8  3111  1691 J8   432  7883 19681  7.8  7.4  1.07  0.11   7.31   0.85   4.22   5.10  84   427     0  2.7
  5  3708 J8  1549  2717 J8  2892  2213 J8   387 10288 22710  8.0  7.5  1.34  0.12   9.83   3.92   7.09   7.65  85   355     0  2.6
  6  4004 J8  1773  2948 J8  3243  2383 J8   386 11421 24402  7.6  7.4  1.89  0.11  13.54   7.15  10.97  11.54  82   240     0  1.9
  7  3216 J8  1275  1308 J8  2323  2504 J8   452 10789 23379  9.0  8.8  2.15  0.09  14.28   8.88  11.97  12.47  89   209     0  1.9
  8  3335 J8  1689  2827 J8  3491  1954 J8   503  8677 20504  7.8  7.4  1.89  0.07  14.41   7.80  11.46  12.36  88   224     0  2.1
  9  1841 J8   883  1156 J8  2129  1401 J8   316  5922 17223  8.5  8.3  1.70  0.05  11.36   5.41   8.54   9.50  91   298     0  1.9
 10  1363 J8   633  2387 J8  2268   710 J8   220  3280 13841  6.2  6.0  1.19  0.03   9.80   0.46   4.67   6.88  84   409     0  1.8
 11   545 J8   287  1294 J8  1686   330 J8   125  1441 10537  6.7  6.4  0.87  0.03   3.78  -3.19  -0.02   1.50  89   541     0  1.0
 12   255 J8    79   781 J8   807   184 J8    45   735  8565  7.0  6.6  0.73  0.03  -0.10  -6.01  -3.11  -2.16  81   663     0  1.8
 13  2044 J8  1373  1971 J8   941  1258 J8   875  5761 16644  7.4  7.0  1.29  0.07   8.02   1.41   4.75   5.82  85  4969     0  2.0
 1999
  1   291 J8   149   642 J8  1156   211 J8    64  1104  9725  7.5  7.1  0.76  0.05  -0.67  -6.31  -3.40  -2.37  86   676     0  2.2
  2   878 J8   490  1389 J8  1919   550 J8   222  2556 12828  7.6  7.0  0.68  0.07   0.61  -6.95  -2.58  -1.33  80   602     0  2.7
  3  2003 J8   993  2851 J8  2771   964 J8   286  4986 16260  6.7  6.2  0.73  0.09   2.61  -5.05  -0.82   0.56  81   606     0  2.4
  4  2561 J8  1097  1652 J8  2246  1794 J8   361  7860 19651  8.6  8.0  0.97  0.11   4.99  -0.91   2.19   3.00  88   489     0  2.3
  5  3789 J8  1630  2707 J8  3146  2315 J8   467 10272 22691  8.1  7.5  1.14  0.12   8.99   1.74   5.72   6.54  83   402     0  2.4
  6  4297 J8  1806  2733 J8  2912  2712 J8   498 11418 24400  8.3  7.4  1.74  0.11  14.02   6.92  10.80  11.47  81   236     0  1.8
  7  3880 J8  1786  2308 J8  3201  2480 J8   553 10801 23397  8.6  8.3  2.14  0.09  14.75   9.14  12.04  12.56  88   198     0  2.1
  8  3365 J8  1774  2998 J8  3726  1826 J8   376  8698 20528  7.7  7.4  2.10  0.07  15.55   8.84  12.31  13.08  87   190     0  2.1
  9  1855 J8   706  1111 J8  1914  1435 J8   302  5945 17259  8.7  8.5  1.80  0.05  11.01   6.04   8.66   9.43  91   294     0  2.8
 10   935 J8   270   604 J8   788   783 J8   190  3299 13868  9.4  9.0  1.26  0.03   6.90   2.86   5.05   5.56  90   417     0  3.2
 11   487 J8   185   859 J8   989   364 J8   115  1452 10560  8.1  7.5  0.92  0.03   2.64  -2.37   0.22   0.83  88   546     0  2.2
 12   189 J8    53   149 J8   185   174 J8    41   736  8568  9.3  9.0  1.02  0.03   1.43  -2.63  -0.30   0.03  92   587     0  3.0
 13  2044 J8  1510  1667 J8  1015  1301 J8   916  5761 16645  8.2  7.7  1.27  0.07   6.90   0.94   4.16   4.95  86  5243     0  2.4
 2000
  1   324 J8   141   672 J8   829   242 J8   102  1096  9705  7.5  7.1  0.64  0.05  -0.98  -6.57  -3.67  -2.84  85   685     0  1.9
  2   786 J8   345  1102 J8  1524   537 J8   174  2576 12857  7.8  7.4  0.73  0.07   2.76  -3.19  -0.36   0.77  89   538     0  1.2
  3  1690 J8   682  1757 J8  2361  1093 J8   324  5055 16343  8.0  7.3  0.73  0.09   3.96  -2.15   0.90   1.95  86   540     0  2.3
  4  3320 J8  1342  2984 J8  2694  1836 J8   454  7928 19731  7.8  6.6  0.74  0.11   6.86  -0.35   3.25   4.36  84   452     0  2.5
  5  4439 J8  1714  3839 J8  3462  2336 J8   481 10318 22749  6.9  6.3  0.94  0.12  10.75   1.72   7.01   8.16  82   375     0  2.1
  6  4366 J8  2073  3193 J8  3857  2552 J8   551 11424 24403  8.1  7.2  1.54  0.11  13.67   6.48  10.76  11.43  86   248     0  2.1
  7  2979 J8   808   600 J8   757  2671 J8   489 10764 23341  9.5  9.3  1.93  0.09  14.26   9.28  12.02  12.45  91   203     0  1.7
  8  3395 J8  1159  2437 J8  2497  2182 J8   405  8635 20453  8.0  7.4  1.88  0.07  14.94   7.44  11.60  12.73  89   221     0  1.6
  9  2041 J8  1051  1512 J8  2206  1409 J8   374  5875 17180  8.4  8.0  1.62  0.05  11.72   5.56   8.87  10.00  90   291     0  2.5
 10  1036 J8   440  1135 J8  1647   752 J8   223  3242 13786  8.4  8.0  1.11  0.03   7.95   2.00   4.91   5.98  87   414     0  3.1
 11   492 J8   255   795 J8  1133   367 J8   115  1420 10492  8.3  7.7  0.97  0.03   4.89  -0.52   2.31   3.29  91   484     0  1.9
 12   234 J8    69   454 J8   672   193 J8    39   732  8557  8.1  7.4  0.77  0.03   2.51  -1.79   0.57   1.26  89   557     0  2.1
 13  2092 J8  1561  1707 J8  1142  1347 J8   940  5756 16633  8.1  7.5  1.13  0.07   7.77   1.49   4.85   5.80  87  5009     0  2.1
 2001
  1   331 J8   179   443 J8   655   270 J8   116  1120  9774  8.8  8.2  0.87  0.05   4.64   0.07   2.36   2.68  89   495     0  3.5
  2   952 J8   431  1621 J8  1729   576 J8   209  2591 12892  6.5  5.9  0.69  0.07   2.55  -5.83  -1.68  -0.15  85   559     0  1.6
  3  1577 J8   810  1345 J8  2084  1098 J8   304  5035 16319  8.3  7.9  0.66  0.09   3.21  -2.33   0.47   1.35  78   555     0  2.8
  4  3051 J8  1203  2505 J8  2416  1879 J8   410  7910 19712  7.8  6.9  0.72  0.11   6.49  -0.88   2.90   3.95  84   466     0  2.2
  5  3762 J8  1538  2347 J8  2636  2502 J8   521 10306 22738  8.5  7.6  0.90  0.12   8.83   1.83   5.83   6.54  83   403     0  2.6
  6  4532 J8  1484  2521 J8  2586  3026 J8   385 11424 24406  8.6  7.6  1.57  0.11  13.93   7.29  11.07  11.67  84   232     0  1.8
  7  3008 J8   984   615 J8   871  2675 J8   532 10775 23357  9.6  9.3  2.06  0.09  13.85   9.86  11.91  12.24  90   201     0  2.0
  8  3158 J8  1297  1848 J8  2381  2188 J8   355  8653 20473  8.6  8.1  1.98  0.07  15.73   8.44  12.53  13.49  88   194     0  1.6
  9  2140 J8  1012  1577 J8  2580  1506 J8   417  5895 17191  8.5  8.1  1.44  0.05  12.90   5.16   9.27  10.51  89   279     0  2.3
 10  1021 J8   389   823 J8   874   806 J8   229  3259 13806  8.9  8.3  1.00  0.03   7.06   1.55   4.29   5.06  87   435     0  2.4
 11   541 J8   209  1122 J8  1284   375 J8   139  1430 10507  7.0  6.4  0.70  0.03   2.83  -3.68  -0.42   0.68  84   563     0  1.9
 12   206 J8    86   368 J8   738   170 J8    45   734  8562  8.6  8.2  0.69  0.03   0.57  -4.05  -1.57  -1.03  84   622     0  2.8
 13  2023 J8  1457  1428 J8   778  1423 J8  1014  5761 16645  8.3  7.7  1.11  0.07   7.72   1.45   4.75   5.58  86  5002     0  2.3
 2002
  1   319 J8   174   381 J8   634   264 J8    99  1112  9746  8.7  8.1  1.03  0.05   1.54  -2.59  -0.32   0.14  88   584     0  2.4
  2   782 J8   418   954 J8  1446   553 J8   163  2575 12863  8.2  7.7  0.82  0.07   1.37  -4.94  -1.67  -0.88  90   563     0  1.9
  3  2434 J8   876  3887 J8  2797  1041 J8   362  5012 16292  4.5  4.2  0.51  0.09   1.53  -8.83  -3.29  -1.10  65   681     0  1.8
  4  4180 J8  1340  5713 J8  3479  1527 J8   535  7886 19683  4.1  3.6  0.75  0.11   4.68  -5.77   0.20   2.00  69   566     0  1.6
  5  4181 J8  1930  3582 J8  3761  2229 J8   441 10290 22712  6.9  6.4  1.28  0.12  11.05   2.29   7.39   8.44  77   362     0  2.2
  6  3811 J8  1748  2184 J8  3167  2513 J8   536 11421 24403  8.8  8.3  1.83  0.11  12.90   7.19  10.22  10.72  88   248     0  2.2
  7  3713 J8  1651  2077 J8  3010  2559 J8   477 10787 23378  8.5  8.2  2.22  0.09  14.91   8.18  12.03  12.67  87   210     0  1.9
  8  2850 J8  1546  1722 J8  2650  1973 J8   402  8674 20499  8.8  8.3  2.31  0.07  14.87   8.87  11.98  12.79  92   200     0  2.0
  9  2393 J8   958  2003 J8  2833  1594 J8   443  5918 17223  7.9  7.4  1.77  0.05  12.75   4.99   9.03  10.42  88   284     0  1.8
 10  1027 J8   469   868 J8  1352   793 J8   232  3278 13837  8.6  8.0  1.79  0.03   9.92   4.46   7.21   8.22  91   345     0  2.2
 11   490 J8   222   806 J8  1135   366 J8   116  1440 10531  8.0  7.7  1.48  0.03   7.72   1.79   4.53   5.65  92   407     0  2.2
 12   250 J8    87   680 J8   747   184 J8    40   735  8564  6.9  6.7  1.00  0.03   2.30  -3.17  -0.36   0.21  91   582     0  1.3
 13  2202 J8  1564  2071 J8  1597  1300 J8   884  5761 16644  7.5  7.1  1.40  0.07   7.96   1.04   4.75   5.77  85  5034     0  2.0
 2003
  1   347 J8   138   807 J8   939   248 J8    84  1105  9726  7.1  6.6  1.09  0.05   3.20  -3.19   0.17   1.21  88   568     0  1.8
  2   789 J8   435  1209 J8  1833   515 J8   171  2558 12830  8.2  7.7  1.19  0.07   3.72  -1.21   1.18   2.11  89   478     0  1.6
  3  2183 J8   824  2850 J8  2103  1150 J8   332  4988 16264  5.9  5.4  0.71  0.09   3.91  -4.92  -0.16   1.57  69   584     0  2.8
  4  3684 J8  1297  3895 J8  2977  1839 J8   473  7863 19653  6.5  5.3  0.95  0.11   8.94  -0.81   4.26   5.85  77   428     0  2.1
  5  4314 J8  1719  3393 J8  3564  2527 J8   556 10274 22692  7.4  6.5  1.18  0.12  10.79   1.81   7.04   8.19  79   373     0  2.3
  6  3851 J8  1613  2080 J8  2598  2660 J8   464 11419 24399  8.9  8.2  1.82  0.11  12.75   7.44  10.42  10.92  87   247     0  1.8
  7  3728 J8  1395  1843 J8  1930  2643 J8   446 10799 23394  8.9  8.5  2.30  0.09  15.30  10.14  12.89  13.34  89   174     0  1.9
  8  3682 J8  1746  3485 J8  3734  1941 J8   520  8695 20526  7.1  6.7  2.06  0.07  15.40   7.01  11.81  13.02  88   221     0  2.0
  9  2374 J8   945  2263 J8  2394  1499 J8   321  5942 17258  7.7  7.2  1.76  0.05  12.88   4.93   9.15  10.61  82   283     0  2.1
 10  1283 J8   496  1888 J8  1928   795 J8   297  3297 13866  6.9  6.4  1.38  0.03  10.09   1.98   5.87   7.72  86   381     0  1.8
 11   559 J8   282  1189 J8  1548   369 J8   133  1451 10558  7.3  6.8  1.00  0.03   3.14  -4.07  -0.60   0.48  86   564     0  2.0
 12   206 J8    81   351 J8   634   172 J8    44   736  8567  8.7  8.2  1.00  0.03   2.26  -2.78  -0.11   0.23  89   576     0  2.8
 13  2250 J8  1563  2105 J8  1123  1363 J8   953  5761 16644  7.6  7.0  1.37  0.07   8.53   1.36   5.16   6.27  84  4877     0  2.1
 2004
  1   356 J8   160   945 J8  1218   244 J8    93  1097  9706  6.5  6.1  0.76  0.05  -1.75  -7.67  -4.56  -3.55  79   714     0  1.9
  2   860 J8   557  1132 J8  1685   561 J8   224  2578 12861  8.5  7.8  1.13  0.07   4.80  -0.75   1.93   2.90  88   473     0  2.8
  3  1646 J8   851  1483 J8  2001  1101 J8   306  5058 16346  8.1  7.4  0.86  0.09   3.35  -2.14   0.59   1.49  83   549     0  2.4
  4  2961 J8  1286  2531 J8  2763  1829 J8   422  7931 19734  7.7  7.0  1.15  0.11   7.90   0.07   4.38   5.61  80   430     0  2.3
  5  4723 J8  1554  4026 J8  2983  2519 J8   558 10320 22751  7.8  6.2  1.55  0.12  11.81   4.72   8.69   9.51  83   312     0  1.7
  6  4989 J8  2318  4610 J8  4645  2327 J8   685 11425 24403  7.2  6.5  1.93  0.11  15.58   7.89  12.02  12.75  81   198     0  1.9
  7  4257 J8  1759  2807 J8  3611  2660 J8   529 10762 23338  7.9  7.7  2.37  0.09  16.72   9.96  13.85  14.50  86   155     0  1.8
  8  4542 J8  1555  5532 J8  3984  1818 J8   636  8632 20451  4.9  4.6  2.15  0.07  19.70   7.97  14.39  16.15  80   141     1  1.4
  9  2476 J8  1195  2523 J8  3051  1459 J8   458  5872 17176  7.2  6.9  1.63  0.05  12.93   4.31   8.86  10.41  84   291     0  2.4
 10  1150 J8   513  1772 J8  2313   698 J8   232  3239 13782  7.2  7.0  1.40  0.03   8.80   1.97   5.21   6.58  89   401     0  2.3
 11   469 J8   221   583 J8   922   369 J8   125  1419 10489  9.0  8.7  1.16  0.03   4.17   0.14   2.06   2.38  92   485     0  2.5
 12   221 J8    99   682 J8   994   158 J8    47   732  8557  7.5  7.3  1.01  0.03   2.91  -3.07  -0.04   0.65  87   571     0  2.7
 13  2387 J8  1849  2386 J8  1616  1312 J8   914  5756 16633  7.4  6.9  1.43  0.07   8.91   1.95   5.62   6.62  84  4720     1  2.2
 2005
  1   328 J8   133   847 J8  1113   228 J8    96  1121  9774  6.9  6.6  1.04  0.05   0.35  -5.43  -2.50  -1.71  85   647     0  2.0
  2   810 J8   375  1020 J8  1365   575 J8   182  2594 12897  8.1  7.8  1.01  0.07   1.99  -3.46  -0.68   0.09  91   534     0  2.6
  3  1766 J8   984  2002 J8  2696  1029 J8   339  5038 16322  7.6  7.2  0.99  0.09   5.78  -0.37   2.88   4.06  82   484     0  3.0
  4  3720 J8  1427  4022 J8  3064  1791 J8   452  7913 19717  5.9  5.0  1.04  0.11  10.22  -0.14   5.29   7.00  77   399     0  2.2
  5  4510 J8  1427  3587 J8  2752  2563 J8   433 10308 22741  7.1  6.1  1.44  0.12  14.13   4.15   9.93  11.22  76   285     0  1.9
  6  4681 J8  1644  3485 J8  2837  2726 J8   459 11424 24405  7.3  6.8  1.86  0.11  15.05   7.20  11.94  12.68  82   216     0  1.8
  7  3798 J8  1601  1877 J8  2572  2730 J8   482 10773 23353  8.7  8.1  2.25  0.09  16.29  10.19  13.53  14.08  87   158     0  2.0
  8  3409 J8  1546  2594 J8  3131  2089 J8   546  8650 20468  7.9  7.6  2.25  0.07  16.02   9.49  12.77  13.66  89   173     0  2.3
  9  2027 J8   942  1311 J8  2001  1503 J8   328  5892 17186  8.4  8.1  1.98  0.05  12.79   6.32   9.78  10.85  91   263     0  2.2
 10  1152 J8   564  1423 J8  1891   765 J8   188  3256 13803  8.0  7.7  1.25  0.03   7.98   1.71   4.65   5.84  87   418     0  2.1
 11   500 J8   200  1036 J8  1340   357 J8   131  1429 10505  7.6  7.1  1.11  0.03   3.05  -2.55   0.06   0.66  86   542     0  2.7
 12   216 J8    97   416 J8   829   175 J8    59   733  8563  8.5  8.1  1.27  0.03   4.12  -1.10   1.73   2.34  89   521     0  2.6
 13  2243 J8  1689  1968 J8  1195  1378 J8   986  5761 16644  7.7  7.2  1.46  0.07   8.98   2.17   5.78   6.73  85  4641     0  2.3
 2006
  1   343 J8   162   614 J8   861   266 J8   117  1113  9751  7.7  7.2  0.81  0.05   0.91  -4.72  -1.64  -0.86  83   627     0  1.8
  2   957 J8   411  1495 J8  1302   615 J8   212  2577 12867  7.1  6.3  0.81  0.07   2.28  -5.22  -1.49  -0.21  78   554     0  1.8
  3  2260 J8   800  3297 J8  2427  1100 J8   383  5014 16297  5.3  4.8  0.67  0.09   1.86  -6.89  -2.19  -0.43  67   646     0  1.9
  4  2834 J8  1261  1913 J8  2177  1874 J8   357  7889 19686  8.6  7.8  1.02  0.11   5.48  -0.10   2.72   3.54  84   469     0  2.2
  5  4336 J8  1738  3291 J8  3193  2512 J8   405 10292 22716  8.0  6.9  1.32  0.12  10.97   3.32   7.68   8.44  80   347     0  2.3
  6  3327 J8   900   994 J8   937  2728 J8   441 11421 24401  9.3  9.1  1.81  0.11  13.84   7.90  11.14  11.66  82   224     0  1.9
  7  3665 J8  1544  1798 J8  2360  2620 J8   438 10785 23374  8.6  8.5  2.18  0.09  15.27   9.37  12.76  13.33  83   186     0  1.4
  8  2493 J8  1154  1104 J8  1990  1953 J8   421  8671 20495  9.4  9.1  2.28  0.07  14.00   9.59  12.07  12.57  89   203     0  2.2
  9  2229 J8   834  1561 J8  1928  1610 J8   441  5915 17221  8.5  8.0  1.77  0.05  13.02   5.37   9.59  10.92  85   274     0  1.8
 10  1194 J8   439  1356 J8  1681   858 J8   342  3275 13831  7.9  7.4  1.48  0.03   8.96   2.19   5.52   6.75  89   395     0  2.0
 11   634 J8   341  2111 J8  2053   298 J8   104  1439 10528  4.8  4.5  0.51  0.03  -1.06  -9.54  -5.34  -3.73  57   709     0  2.6
 12   205 J8    72   224 J8   307   184 J8    50   735  8564  9.0  8.6  1.05  0.03   3.24  -0.90   1.14   1.24  88   532     0  3.3
 13  2040 J8  1368  1647 J8   937  1385 J8   955  5761 16644  7.8  7.3  1.31  0.07   7.40   0.86   4.33   5.27  80  5167     0  2.1
 2007
  1   290 J8   154   468 J8   713   232 J8   100  1106  9730  8.7  8.0  0.95  0.05   0.72  -4.05  -1.64  -1.28  92   620     0  2.4
  2   953 J8   464  1676 J8  1778   569 J8   168  2560 12836  6.4  5.9  0.75  0.07  -0.53  -7.86  -4.39  -2.80  79   631     0  1.2
  3  2098 J8  1027  2644 J8  2515  1097 J8   308  4991 16266  7.3  6.4  0.62  0.09   0.50  -7.18  -3.01  -1.76  73   672     0  3.2
  4  3254 J8  1339  3167 J8  3355  1797 J8   478  7866 19659  6.9  6.4  0.98  0.11   6.38  -1.93   2.44   3.78  80   483     0  1.8
  5  3850 J8  1684  2490 J8  3046  2486 J8   465 10276 22696  8.9  7.4  1.36  0.12   9.56   3.21   6.66   7.34  84   370     0  1.8
  6  3569 J8  1373  1515 J8  1862  2689 J8   439 11419 24400  9.0  8.6  1.82  0.11  13.14   7.41  10.56  11.02  82   242     0  1.4
  7  3398 J8  1223  1246 J8  1682  2659 J8   416 10797 23391  9.4  9.1  2.32  0.09  15.07  10.05  12.61  13.06  87   179     0  1.3
  8  3258 J8  1298  2315 J8  2605  2140 J8   340  8692 20524  8.0  7.4  2.09  0.07  16.32   8.12  12.70  13.93  86   189     0  0.9
  9  1932 J8   870  1214 J8  1959  1468 J8   331  5939 17253  8.6  8.1  1.93  0.05  12.31   6.02   9.48  10.54  91   275     0  1.7
 10  1134 J8   481  1143 J8  1289   816 J8   215  3294 13862  8.5  8.2  1.23  0.03   7.55   1.38   4.44   5.74  90   430     0  1.9
 11   508 J8   163   666 J8   712   414 J8   139  1449 10554  7.9  7.4  1.07  0.03   4.39  -0.66   1.86   2.61  90   494     0  2.2
 12   244 J8   106   617 J8   949   184 J8    48   736  8568  8.0  7.7  0.86  0.03   0.16  -4.53  -2.24  -1.83  85   636     0  1.8
 13  2041 J8  1384  1597 J8   877  1379 J8   957  5761 16645  8.1  7.6  1.33  0.07   7.13   0.83   4.12   5.03  85  5220     0  1.8
 2008
  1   379 J8   193   733 J8   908   276 J8   111  1098  9709  7.6  6.8  0.79  0.05  -0.77  -7.22  -3.60  -2.76  84   692     0  1.6
  2   804 J8   482  1184 J8  1740   515 J8   167  2580 12866  8.1  7.5  0.91  0.07   0.80  -4.68  -1.77  -1.09  82   588     0  2.9
  3  1697 J8   855  1560 J8  2001  1125 J8   278  5061 16348  8.1  7.5  0.88  0.09   3.36  -2.69   0.38   1.25  82   558     0  2.1
  4  3051 J8  1633  2635 J8  3383  1741 J8   464  7934 19740  7.8  7.2  1.01  0.11   5.49  -0.87   2.46   3.33  82   481     0  1.6
  5  3896 J8  1493  2506 J8  2485  2465 J8   386 10322 22752  8.8  7.7  1.28  0.12   9.68   2.85   6.74   7.43  81   374     0  2.2
  6  3521 J8  1366  1518 J8  1987  2668 J8   414 11425 24403  9.2  8.6  1.58  0.11  11.56   6.30   9.29   9.73  82   282     0  1.6
  7  3261 J8  1404  1314 J8  2441  2521 J8   449 10761 23336  9.0  8.8  2.12  0.09  14.19   8.85  11.81  12.31  85   211     0  1.6
  8  2413 J8   817   890 J8  1608  1995 J8   379  8629 20445  9.1  9.0  2.11  0.07  14.56   8.91  11.83  12.59  88   204     0  1.2
  9  1734 J8   603   710 J8  1087  1475 J8   317  5869 17169  9.5  9.2  1.96  0.05  11.99   7.32   9.69  10.41  90   260     0  1.7
 10  1058 J8   437   871 J8   996   840 J8   271  3237 13779  8.7  8.1  1.28  0.03   7.23   1.66   4.62   5.38  86   430     0  2.8
 11   464 J8   208   707 J8  1068   355 J8   129  1418 10482  7.9  7.5  1.02  0.03   4.28  -0.97   1.68   2.52  84   500     0  2.2
 12   236 J8    94   770 J8  1029   166 J8    42   732  8555  6.9  6.6  0.79  0.03  -0.89  -7.17  -3.87  -2.96  80   693     0  1.8
 13  1876 J8  1320  1283 J8   675  1345 J8   929  5756 16632  8.4  7.9  1.31  0.07   6.79   1.03   4.11   4.85  84  5274     0  1.9
 2009
  1   293 J8   156   411 J8   740   238 J8    93  1122  9776  8.9  8.6  1.08  0.05  -0.08  -3.93  -1.82  -1.42  81   630     0  3.1
  2   941 J8   540  1544 J8  1799   561 J8   189  2596 12900  7.3  6.7  0.75  0.07   0.08  -8.48  -3.95  -2.48  87   631     0  1.2
  3  1797 J8   635  1715 J8  1600  1174 J8   242  5041 16326  7.8  7.1  0.78  0.09   1.20  -6.07  -2.01  -0.76  77   644     0  2.3
  4  3376 J8  1483  3385 J8  3159  1740 J8   349  7916 19721  7.4  6.1  0.93  0.11   5.48  -2.30   1.85   3.01  83   502     0  1.7
  5  4353 J8  1878  3737 J8  3557  2355 J8   570 10311 22746  6.8  6.0  1.21  0.12  11.30   1.17   7.09   8.37  78   375     0  1.7
  6  4328 J8  1785  2879 J8  3072  2647 J8   415 11424 24405  8.1  7.5  1.61  0.11  13.13   6.37  10.24  10.87  83   257     0  1.7
  7  4211 J8  1880  2808 J8  2908  2570 J8   559 10771 23351  8.1  7.5  2.27  0.09  16.78   9.47  13.38  14.08  85   162     0  1.8
  8  2817 J8  1385  1498 J8  2525  2033 J8   459  8647 20465  8.8  8.5  2.38  0.07  14.62   9.09  12.04  12.73  91   201     0  1.6
  9  2007 J8   814  1299 J8  1850  1525 J8   400  5889 17185  8.4  8.0  1.77  0.05  12.44   5.74   9.11  10.22  90   277     0  2.2
 10  1146 J8   543  1480 J8  1973   737 J8   192  3254 13802  7.8  7.6  1.51  0.03   9.18   2.97   6.12   7.23  85   380     0  2.0
 11   466 J8   197   625 J8   990   371 J8   116  1428 10505  8.6  8.0  0.99  0.03   3.20  -2.07   0.60   0.82  87   533     0  2.9
 12   255 J8    85   725 J8   876   188 J8    52   733  8563  7.2  6.9  1.03  0.03   0.58  -4.99  -2.40  -1.66  91   637     0  1.4
 13  2166 J8  1603  1842 J8  1104  1345 J8   925  5761 16645  7.9  7.4  1.36  0.07   7.33   0.58   4.19   5.08  85  5228     0  2.0
 2010
  1   322 J8   144   424 J8   584   268 J8   102  1114  9756  8.1  7.5  1.07  0.05   1.59  -3.33  -0.73  -0.03  89   595     0  1.8
  2   794 J8   496   992 J8  1588   543 J8   188  2579 12869  8.1  7.8  1.03  0.07   5.10  -0.93   1.88   3.07  89   455     0  1.7
  3  1822 J8   785  1671 J8  1710  1193 J8   296  5017 16302  8.3  7.6  0.88  0.09   4.18  -1.94   1.27   2.15  82   533     0  2.9
  4  2896 J8  1206  2187 J8  2674  1896 J8   398  7892 19690  7.9  7.2  1.02  0.11   7.49   0.35   4.17   5.32  78   432     0  1.9
  5  4589 J8  1617  3722 J8  2948  2553 J8   486 10294 22716  7.3  6.2  1.23  0.12  12.58   3.04   8.61   9.68  74   326     0  1.8
  6  3709 J8  1564  1853 J8  2529  2665 J8   447 11422 24402  8.8  8.3  1.68  0.11  13.87   8.50  11.45  11.91  78   214     0  2.1
  7  2819 J8   857   530 J8   916  2528 J8   462 10783 23372  9.7  9.5  2.24  0.09  14.38  10.97  12.68  12.93  83   175     0  1.7
  8  2509 J8   943   988 J8  1545  2042 J8   358  8668 20492  9.2  9.0  2.27  0.07  16.10  10.87  13.50  14.16  84   150     0  1.2
  9  2653 J8  1148  3383 J8  3514  1367 J8   454  5912 17219  6.5  6.1  1.68  0.05  16.22   6.34  11.00  12.96  78   212     0  1.6
 10  1152 J8   474  1198 J8  1642   826 J8   214  3273 13829  8.5  7.9  1.30  0.03   9.30   3.43   6.45   7.59  81   371     0  2.6
 11   491 J8   177   941 J8  1261   364 J8   146  1438 10527  7.6  7.0  1.07  0.03   5.09  -0.33   2.40   3.28  79   478     0  2.4
 12   250 J8    84   842 J8   959   174 J8    53   735  8563  6.5  6.3  0.81  0.03   1.17  -5.14  -2.16  -1.07  73   630     0  1.8
 13  2001 J8  1419  1561 J8  1067  1368 J8   944  5761 16645  8.0  7.5  1.36  0.07   8.92   2.65   5.88   6.83  81  4572     0  1.9
