702756 VALDEZ PIONEER FIEL    AK  -9  N61  8  W146 16    38  1008
 1991-2010
 MO AVGLO FL SDGLO AVDIR FL SDDIR AVDIF FL SDDIF AVETR AETRN  TOT  OPQ   H2O   TAU  MAX_T  MIN_T  AVG_T  AVGDT  RH  HTDD  CLDD AVWS
  1   283 J8    33   794 J8   344   196 J8    14   880  9136  6.6  5.9  0.62  0.07  -3.04  -8.52  -5.62  -5.16  70   747     0  1.5
  2   853 J8   129  1586 J8   646   495 J8    44  2305 12572  6.8  5.9  0.64  0.09  -0.49  -5.54  -2.88  -2.19  74   603     0  1.4
  3  2011 J8   220  2796 J8   861  1042 J8   100  4763 16283  6.3  5.5  0.56  0.11   1.65  -4.19  -1.17  -0.35  65   608     0  2.0
  4  3396 J8   339  3535 J8   880  1739 J8   136  7711 19937  6.9  5.8  0.73  0.13   6.11  -0.25   3.09   3.90  68   462     0  1.1
  5  4678 J8   487  4310 J8  1096  2346 J8   161 10216 23270  6.8  5.8  1.01  0.13  11.53   3.77   7.97   8.74  67   331     0  1.9
  6  4937 J8   608  4116 J8  1273  2597 J8   173 11407 25201  7.2  6.4  1.42  0.12  15.60   6.91  11.58  12.25  70   212     0  2.0
  7  4057 J8   456  2836 J8   963  2487 J8   136 10730 24016  8.1  7.5  1.81  0.10  16.55   8.75  12.74  13.45  76   177     1  1.4
  8  3435 J8   575  3167 J8  1513  1891 J8   173  8513 20816  7.4  6.8  1.77  0.08  16.15   7.74  11.94  13.11  75   198     0  1.2
  9  2235 J8   348  2510 J8  1100  1273 J8    94  5669 17276  7.6  6.9  1.36  0.06  11.59   5.00   8.25   9.34  75   301     0  1.0
 10  1164 J8   174  1738 J8   857   731 J8    73  2998 13630  7.4  6.6  0.96  0.04   6.56   1.15   3.87   4.82  73   449     0  1.2
 11   436 J8    62  1117 J8   567   287 J8    22  1193 10022  6.9  6.2  0.74  0.04  -0.14  -4.58  -2.29  -1.79  74   621     0  1.8
 12   164 J8    20   589 J8   296   121 J8     8   531  7810  7.0  6.5  0.66  0.05  -1.84  -6.77  -4.17  -3.87  74   702     0  1.4
 13  2304 J8   171  2424 J8   494  1267 J8    65  5576 16664  7.1  6.3  1.02  0.08   6.69   0.29   3.61   4.35  72  5411     1  1.5
 1991
  1   293 J8   167   884 J8  1175   191 J8    81   875  9121  6.7  6.0  0.74  0.05  -3.22  -8.45  -5.82  -5.52  72   749     0  1.0
  2   695 J8   448   734 J8  1143   510 J8   192  2283 12532  8.7  7.7  0.87  0.08  -0.60  -4.35  -2.37  -2.03  77   583     0  0.6
  3  1938 J8   902  2793 J8  2614   973 J8   291  4721 16226  6.0  5.3  0.71  0.10   1.83  -4.82  -1.51  -0.48  69   614     0  0.9
  4  2586 J8  1143  1768 J8  2322  1795 J8   421  7668 19884  8.5  7.5  0.88  0.11   6.18  -0.02   3.28   4.09  76   458     0  0.6
  5  4119 J8  1817  3038 J8  3590  2428 J8   580 10186 23223  8.1  7.1  1.07  0.12  10.59   3.58   7.11   7.78  78   348     0  1.3
  6  4767 J8  2052  3718 J8  3717  2547 J8   426 11403 25195  7.4  6.8  1.61  0.11  15.83   6.47  11.42  12.11  75   215     0  1.6
  7  3715 J8  1856  2431 J8  3636  2369 J8   475 10754 24055  8.6  8.1  1.83  0.10  15.14   7.77  11.65  12.26  85   213     0  1.0
  8  2934 J8  1395  2166 J8  3152  1857 J8   353  8553 20869  8.1  7.9  1.75  0.11  15.07   7.24  11.27  12.28  79   222     0  1.2
  9  1673 J8   794  1013 J8  1737  1282 J8   345  5712 17330  8.9  8.2  1.55  0.11  10.69   5.21   7.77   8.68  93   311     0  0.4
 10  1072 J8   481  1545 J8  1706   672 J8   195  3032 13685  6.8  6.3  1.13  0.13   5.58   0.10   2.77   3.87  75   480     0  1.1
 11   364 J8   197   479 J8   713   289 J8   114  1211 10073  7.7  7.2  1.01  0.15   0.23  -3.72  -1.86  -1.47  80   602     0  1.1
 12   127 J8    39    60 J8   133   122 J8    31   533  7816  9.0  8.3  0.86  0.17  -1.68  -5.80  -3.57  -3.04  82   684     0  1.0
 13  2024 J8  1597  1719 J8  1131  1253 J8   918  5578 16667  7.9  7.2  1.17  0.11   6.30   0.27   3.35   4.04  78  5481     0  1.0
 1992
  1   254 J8    96   159 J9   228   235 J8    85   868  9091  7.3  6.5  0.94  0.21  -5.37 -11.90  -8.43  -7.86  45   836     0  1.4
  2   853 J8   374   944 J8   911   623 J8   216  2303 12561  6.5  5.2  0.77  0.25   0.87  -5.43  -1.93  -0.87  67   598     0  1.2
  3  1799 J8   616  1226 J8  1213  1346 J8   362  4791 16317  7.2  6.3  0.72  0.29   0.69  -4.55  -1.69  -0.99  60   628     0  2.9
  4  3243 J8  1329  2327 J8  2463  2060 J8   391  7739 19966  7.0  6.3  0.79  0.31   6.10   0.13   3.29   4.02  62   456     0  1.4
  5  5066 J8  1356  3912 J8  2860  2821 J8   666 10235 23298  6.2  4.8  1.06  0.29  12.95   5.00   9.26  10.09  62   290     0  2.1
  6  4695 J8  1809  2762 J8  2829  3038 J8   548 11410 25204  7.7  6.8  1.39  0.27  17.20   7.73  12.79  13.54  61   176     0  2.2
  7  4462 J8  1904  2819 J8  3296  2785 J8   674 10716 23990  7.5  6.9  1.75  0.23  17.45   9.50  13.45  14.20  65   150     0  1.5
  8  2791 J8  1177  1144 J8  1433  2180 J8   470  8488 20785  8.9  8.2  1.82  0.19  19.32   8.03  13.71  15.38  58   145     1  1.0
  9  2155 J8   900  1678 J8  1933  1449 J8   252  5641 17243  7.9  7.2  1.13  0.15  11.17   3.63   7.39   8.67  57   328     0  0.9
 10  1005 J8   443   941 J8  1282   760 J8   210  2975 13597  8.3  7.3  0.94  0.13   7.20   1.90   4.50   5.31  77   427     0  1.2
 11   353 J8   162   387 J8   730   296 J8   106  1181  9991  8.3  7.7  0.92  0.11   0.66  -2.77  -0.77  -0.45  88   581     0  4.5
 12   148 J8    45   259 J9   421   127 J8    34   529  7806  6.7  6.2  0.73  0.11  -0.21  -5.52  -2.81  -2.58  77   657     0  1.2
 13  2235 J8  1804  1546 J8  1177  1477 J8  1079  5573 16654  7.5  6.6  1.08  0.21   7.34   0.48   4.06   4.87  65  5273     1  1.8
 1993
  1   253 J8   137   515 J8   711   191 J8    65   890  9168  7.0  5.9  0.55  0.12  -4.70  -9.99  -7.21  -6.67  75   796     0  0.8
  2   611 J8   323   575 J8  1018   485 J8   172  2318 12595  7.8  7.3  0.80  0.13  -0.65  -4.71  -2.80  -2.38  83   588     0  1.0
  3  1703 J8   822  1913 J8  2493  1044 J8   343  4770 16296  7.3  6.8  0.59  0.15   2.91  -3.32  -0.20   0.77  72   575     0  0.9
  4  3467 J8  1171  3508 J8  2844  1805 J8   461  7719 19948  7.0  5.5  0.82  0.16   9.03   1.26   5.21   6.26  67   396     0  0.6
  5  4574 J8  2181  4173 J8  4253  2242 J8   586 10222 23280  7.0  5.9  1.28  0.16  14.46   4.68   9.98  10.90  70   272     0  1.3
  6  4322 J8  2034  3055 J8  3662  2546 J8   500 11409 25205  8.2  7.3  1.48  0.15  16.53   6.34  11.75  12.53  75   207     0  1.2
  7  4816 J8  2308  4775 J8  4994  2182 J8   639 10727 24009  6.2  5.9  1.89  0.13  19.47   9.66  14.63  15.53  70   125     8  1.2
  8  3039 J8  1693  2309 J8  3284  1834 J8   387  8506 20806  8.7  7.8  2.05  0.10  15.70   8.59  12.13  13.10  83   193     1  0.6
  9  1825 J8   824  1445 J8  2366  1290 J8   352  5662 17267  8.5  7.9  1.51  0.07  10.70   4.60   7.64   8.67  87   320     0  0.4
 10  1012 J8   522  1246 J8  1923   696 J8   261  2992 13619  8.1  7.5  1.29  0.06   7.35   2.30   4.64   5.53  83   419     0  0.8
 11   365 J8   215   709 J8  1208   262 J8    93  1190 10013  7.8  7.2  0.78  0.05   1.20  -2.94  -0.95  -0.43  80   576     0  1.2
 12   134 J8    46   269 J8   543   114 J8    24   530  7809  8.2  7.6  0.76  0.05  -0.76  -5.35  -2.87  -2.47  85   663     0  0.3
 13  2177 J8  1785  2041 J8  1528  1224 J8   879  5578 16668  7.7  6.9  1.15  0.11   7.60   0.93   4.33   5.11  77  5129    10  0.9
 1994
  1   255 J8   140   506 J8   711   196 J8    76   882  9141  7.5  6.7  0.74  0.07  -2.53  -7.01  -4.79  -4.32  76   716     0  1.0
  2  1038 J8   531  2651 J8  2132   435 J8   118  2301 12570  3.7  3.1  0.59  0.09  -4.43  -9.29  -6.81  -6.26  55   705     0  2.9
  3  1576 J8   872  1552 J8  2390  1015 J8   297  4747 16263  8.6  7.9  0.63  0.11   1.39  -3.09  -0.97  -0.32  77   595     0  1.4
  4  3230 J8  1473  3347 J8  3525  1683 J8   508  7695 19918  7.0  5.9  0.79  0.12   7.84  -0.03   3.89   4.94  77   433     0  0.3
  5  4056 J8  1927  3026 J8  3879  2427 J8   639 10205 23253  8.2  7.1  1.01  0.13  11.04   3.44   7.48   8.20  77   344     0  1.1
  6  4487 J8  1971  3230 J8  3461  2577 J8   425 11406 25203  7.6  7.1  1.48  0.12  16.64   7.24  12.09  12.83  72   192     0  1.3
  7  3814 J8  1726  2460 J8  3270  2466 J8   382 10740 24032  8.3  7.8  1.99  0.10  17.48   8.77  13.10  13.87  76   161     0  1.1
  8  3864 J8  1567  3836 J8  3266  1886 J8   477  8528 20835  7.2  6.4  2.20  0.08  17.83   9.10  13.38  14.63  78   151     0  0.9
  9  2272 J8  1200  2770 J8  3416  1191 J8   417  5685 17296  7.1  6.7  1.35  0.05  11.99   5.03   8.28   9.50  80   295     0  0.8
 10   918 J8   341   783 J8  1442   741 J8   210  3011 13649  8.9  8.6  0.88  0.04   5.47   1.28   3.36   4.06  79   464     0  0.6
 11   441 J8   183  1292 J8  1501   281 J8   125  1200 10039  6.1  5.4  0.63  0.03  -2.73  -7.54  -5.20  -4.65  64   704     0  2.6
 12   144 J8    67   420 J8   794   113 J8    30   531  7813  8.1  7.5  0.60  0.04  -2.70  -7.74  -5.11  -4.67  79   730     0  0.6
 13  2175 J8  1640  2156 J8  1191  1251 J8   931  5578 16668  7.3  6.7  1.07  0.08   6.44   0.01   3.23   3.98  74  5488     0  1.2
 1995
  1   266 J8   158   767 J8  1116   181 J8    69   875  9121  6.9  6.2  0.65  0.05  -3.05  -7.60  -5.18  -4.80  77   733     0  0.8
  2   827 J8   527  1710 J8  2107   432 J8   112  2285 12536  6.8  6.0  0.63  0.08  -1.39  -6.17  -3.63  -3.16  68   619     0  1.8
  3  2121 J8   969  3633 J8  3067   881 J8   313  4724 16232  5.2  4.6  0.57  0.10  -1.15  -6.64  -3.63  -2.89  52   689     0  2.9
  4  3407 J8  1503  3808 J8  3450  1593 J8   452  7671 19887  6.8  5.9  0.85  0.11   7.36   0.85   4.32   5.09  66   427     0  0.8
  5  3929 J8  1690  2931 J8  3277  2304 J8   479 10188 23226  8.3  7.2  1.21  0.12  10.74   3.45   7.40   8.11  75   348     0  1.4
  6  4036 J8  1956  2736 J8  3768  2467 J8   488 11403 25195  8.4  7.7  1.65  0.11  14.42   6.51  10.63  11.21  74   236     0  1.6
  7  3619 J8  1650  2163 J8  3365  2453 J8   494 10752 24051  8.8  8.2  1.96  0.09  14.52   8.06  11.49  12.08  82   218     0  0.6
  8  3326 J8  1434  2986 J8  3357  1841 J8   486  8550 20866  7.7  7.3  1.88  0.07  15.17   7.43  11.18  12.24  78   218     0  0.9
  9  1688 J8   719   958 J8  1804  1320 J8   329  5709 17328  9.0  8.6  1.96  0.05  12.02   6.53   9.11  10.04  86   272     0  0.3
 10  1195 J8   617  1470 J8  1851   794 J8   294  3030 13682  8.0  7.0  0.99  0.03   7.16   1.22   4.07   5.28  74   438     0  0.3
 11   489 J8   193  1475 J8  1320   304 J8   140  1210 10069  5.0  4.5  0.63  0.03   0.23  -3.80  -1.82  -1.24  48   603     0  3.2
 12   170 J8    81   735 J8  1026   113 J8    37   533  7816  6.1  5.6  0.69  0.04  -4.24  -7.82  -6.01  -5.63  60   755     0  1.9
 13  2089 J8  1505  2114 J8  1088  1224 J8   897  5577 16667  7.3  6.6  1.14  0.07   5.98   0.17   3.16   3.86  70  5557     0  1.4
 1996
  1   346 J8   146  1485 J8  1118   183 J8    68   868  9095  4.3  3.8  0.45  0.05  -8.74 -13.45 -11.01 -10.49  45   912     0  1.9
  2   820 J8   569  1564 J8  2055   449 J8   159  2305 12564  6.9  6.5  0.62  0.08  -2.80  -7.38  -4.90  -4.56  70   679     0  1.6
  3  2226 J8  1102  3768 J8  3318   922 J8   343  4794 16319  5.3  4.5  0.60  0.10   2.39  -3.42  -0.22   0.62  54   584     0  2.2
  4  3092 J8  1363  2958 J8  3365  1745 J8   507  7742 19970  7.5  6.3  0.75  0.11   5.62  -1.38   2.40   3.30  63   486     0  1.0
  5  5036 J8  1670  5484 J8  3989  2161 J8   629 10237 23301  5.4  4.7  1.10  0.12  14.06   3.72   9.35  10.37  57   293     0  2.3
  6  5623 J8  1598  5428 J8  3414  2586 J8   540 11410 25203  6.3  5.4  1.35  0.11  16.27   6.89  11.83  12.54  64   202     0  2.7
  7  4518 J8  2015  3633 J8  3948  2477 J8   617 10714 23988  7.5  6.9  1.80  0.09  16.84   8.96  13.15  13.80  68   169     1  1.5
  8  2881 J8  1255  1655 J8  2397  2081 J8   447  8484 20782  8.8  8.1  1.74  0.07  14.97   7.44  11.08  12.15  71   221     0  0.9
  9  2197 J8   965  2198 J8  2619  1349 J8   320  5638 17238  8.0  7.4  1.11  0.05  12.90   4.93   8.98  10.26  57   282     0  0.9
 10  1135 J8   470  1519 J8  1788   771 J8   230  2972 13594  8.3  7.2  0.92  0.03   8.02   2.39   5.16   6.26  64   407     0  1.1
 11   517 J8   225  1927 J8  1547   262 J8   123  1180  9987  4.8  4.1  0.81  0.03  -3.10  -7.72  -5.34  -4.87  73   712     0  0.9
 12   202 J8    59  1296 J9   937   107 J8    33   529  7804  3.5  3.0  0.57  0.04  -2.83  -7.91  -5.27  -5.20  59   735     0  3.4
 13  2383 J8  1890  2743 J8  1517  1258 J8   927  5573 16654  6.4  5.7  0.98  0.07   6.13  -0.58   2.93   3.68  62  5684     1  1.7
 1997
  1   304 J8   144  1001 J8  1068   195 J8    76   890  9171  5.9  5.7  0.58  0.05  -3.63  -8.69  -6.11  -5.50  68   759     0  1.7
  2   826 J8   432  1163 J8  1153   552 J8   177  2320 12599  7.6  6.8  0.75  0.08   1.24  -2.46  -0.60   0.05  82   530     0  0.8
  3  2060 J8   680  2890 J8  2273  1101 J8   420  4773 16299  5.7  5.1  0.51  0.10   1.07  -5.58  -2.18  -1.10  53   638     0  2.7
  4  3684 J8  1211  3834 J8  2771  1875 J8   425  7722 19954  6.5  5.2  0.71  0.11   6.65   0.87   3.68   4.37  75   437     0  1.3
  5  5459 J8  1960  6291 J8  4431  2062 J8   597 10224 23281  4.7  3.9  1.12  0.12  12.78   3.99   8.88   9.78  63   308     0  2.5
  6  5922 J8  1835  6176 J8  3781  2427 J8   600 11409 25204  5.5  4.7  1.54  0.11  18.09   6.74  13.08  13.93  68   178     0  2.3
  7  3932 J8  1636  2525 J8  3290  2534 J8   572 10725 24007  8.1  7.8  2.13  0.09  16.79   8.71  12.85  13.60  82   173     0  1.7
  8  3880 J8  1702  4622 J8  3931  1652 J8   503  8503 20797  6.0  5.7  2.15  0.07  15.31   8.35  11.93  12.82  83   201     0  1.1
  9  2844 J8   972  4543 J8  3112  1157 J8   506  5658 17261  5.4  4.7  1.60  0.05  11.30   5.91   8.63   9.40  81   292     0  1.2
 10  1634 J8   735  4252 J8  2883   527 J8   190  2990 13613  4.1  3.6  0.78  0.03   5.37  -0.17   2.58   3.56  56   488     0  2.4
 11   439 J8   193  1213 J8  1242   283 J8   114  1189 10010  7.1  6.3  0.80  0.03   1.69  -1.70   0.04   0.41  81   550     0  1.2
 12   167 J8    56   633 J8   729   121 J8    37   530  7809  7.3  6.6  0.60  0.04  -0.53  -5.26  -2.70  -2.58  81   658     0  1.1
 13  2596 J8  2002  3262 J8  1995  1207 J8   884  5578 16667  6.2  5.5  1.11  0.07   7.18   0.89   4.17   4.89  73  5213     0  1.7
 1998
  1   315 J8   121  1039 J8   842   204 J8    68   883  9143  5.5  4.7  0.68  0.05  -3.17  -8.52  -5.73  -5.04  75   749     0  1.2
  2   934 J8   446  2103 J8  1785   479 J8   161  2303 12573  5.9  4.7  0.71  0.08   1.43  -4.02  -1.20  -0.18  74   550     0  1.0
  3  2227 J8   768  3548 J8  2453  1027 J8   346  4750 16267  5.1  4.0  0.70  0.10   2.65  -4.36  -0.82   0.46  69   595     0  1.1
  4  3368 J8  1533  3896 J8  3801  1538 J8   424  7698 19923  7.0  6.2  0.74  0.11   5.72   0.68   3.30   4.00  76   454     0  1.0
  5  4523 J8  1597  3903 J8  3278  2407 J8   522 10207 23258  7.7  6.7  1.13  0.12   9.25   3.55   6.57   7.09  75   370     0  1.4
  6  5037 J8  2234  4872 J8  4760  2309 J8   659 11406 25202  6.5  5.9  1.73  0.11  14.21   6.86  10.83  11.40  75   234     0  1.6
  7  4734 J8  1877  4455 J8  4190  2342 J8   555 10738 24029  7.2  6.4  1.96  0.09  15.93   8.42  12.25  12.98  77   191     0  1.5
  8  3538 J8  1484  3534 J8  3580  1822 J8   449  8525 20831  7.1  6.5  1.84  0.07  13.79   6.76  10.34  11.29  81   250     0  1.2
  9  2350 J8  1045  2784 J8  2596  1264 J8   359  5682 17294  7.6  7.0  1.59  0.05  10.93   5.19   7.97   8.94  83   308     0  1.0
 10  1510 J8   713  3598 J8  2721   582 J8   228  3009 13645  5.0  4.0  1.04  0.03   6.48   0.05   3.33   4.64  68   467     0  1.5
 11   514 J8   225  1785 J8  1567   271 J8   120  1199 10036  5.4  4.5  0.86  0.03   0.86  -4.39  -1.76  -0.94  73   603     0  1.1
 12   193 J8    59   938 J8   915   126 J8    41   531  7813  4.9  4.5  0.62  0.04  -3.17  -8.19  -5.60  -5.32  71   744     0  1.4
 13  2437 J8  1780  3038 J8  1300  1197 J8   876  5578 16668  6.2  5.4  1.13  0.07   6.24   0.17   3.29   4.11  75  5514     0  1.2
 1999
  1   306 J8   141   968 J8   964   195 J8    80   876  9126  5.7  5.2  0.56  0.05  -4.54 -10.42  -7.36  -6.70  72   800     0  1.9
  2   947 J8   475  2016 J8  1666   498 J8   186  2287 12537  5.6  4.4  0.49  0.08  -5.79 -11.90  -8.48  -7.58  62   761     0  2.5
  3  2053 J8   862  3011 J8  2671  1031 J8   355  4727 16234  6.0  5.4  0.59  0.10   0.36  -5.45  -2.31  -1.44  69   647     0  2.3
  4  3182 J8  1390  3067 J8  2690  1700 J8   391  7674 19890  7.4  6.6  0.72  0.11   4.57  -0.09   2.34   2.91  72   483     0  1.4
  5  5186 J8  1670  5585 J8  3503  2214 J8   494 10190 23228  6.2  4.9  0.90  0.12  10.33   3.28   7.11   7.84  66   357     0  2.0
  6  5495 J8  2030  5146 J8  4256  2500 J8   684 11403 25195  6.5  5.5  1.58  0.11  15.46   7.05  11.65  12.30  71   212     0  2.0
  7  4616 J8  1856  3828 J8  3942  2491 J8   624 10750 24049  7.5  6.7  2.09  0.09  17.06   9.18  13.45  14.18  74   167     5  1.8
  8  3491 J8  1412  3253 J8  3025  1923 J8   471  8547 20862  7.3  7.0  2.11  0.07  15.87   8.61  12.26  13.18  81   189     0  1.6
  9  2068 J8   960  1936 J8  2624  1313 J8   382  5706 17324  8.3  7.6  1.59  0.05  10.47   5.18   7.72   8.59  86   315     0  0.9
 10  1225 J8   459  1725 J8  1794   800 J8   301  3028 13679  7.9  6.6  1.00  0.03   5.41   0.39   2.94   3.80  75   478     0  1.3
 11   448 J8   186  1306 J8  1238   285 J8   130  1209 10064  6.5  5.6  0.77  0.03  -0.66  -5.64  -2.92  -2.22  69   644     0  1.4
 12   154 J8    75   565 J8   798   112 J8    38   533  7817  7.4  6.8  0.74  0.04  -3.06  -8.63  -5.72  -5.45  74   749     0  1.5
 13  2431 J8  1931  2701 J8  1585  1255 J8   897  5577 16667  6.9  6.0  1.10  0.07   5.46  -0.70   2.56   3.28  72  5803     5  1.7
 2000
  1   241 J8    96   717 J8   896   172 J8    58   869  9097  6.8  6.2  0.58  0.05  -4.29  -9.00  -6.37  -5.99  71   774     0  1.4
  2   862 J8   457  1755 J8  1954   467 J8   181  2307 12569  6.7  6.0  0.65  0.08   0.17  -5.02  -2.34  -1.47  80   602     0  0.5
  3  1852 J8   786  2518 J8  2606  1025 J8   327  4797 16325  6.9  6.1  0.64  0.10   2.06  -3.33  -0.61   0.28  72   588     0  0.9
  4  4045 J8  1247  5091 J8  3186  1646 J8   476  7745 19973  5.7  4.5  0.73  0.11   6.00  -0.64   2.87   3.70  65   469     0  1.1
  5  5305 J8  1722  5858 J8  4088  2209 J8   704 10239 23303  5.3  4.4  0.83  0.12  11.06   3.54   7.73   8.55  61   342     0  2.1
  6  5156 J8  1800  4446 J8  3723  2611 J8   593 11410 25202  7.0  6.1  1.33  0.11  14.97   6.60  11.15  11.84  71   226     0  1.8
  7  3782 J8  1569  2456 J8  2924  2446 J8   342 10712 23985  8.2  7.9  1.66  0.09  14.62   8.23  11.42  12.07  80   214     0  1.3
  8  4153 J8  1337  5002 J8  3299  1747 J8   435  8481 20777  5.7  4.9  1.74  0.07  16.49   6.93  11.70  13.03  75   205     0  1.5
  9  2321 J8  1060  3009 J8  3096  1210 J8   394  5635 17237  7.0  6.3  1.32  0.05  11.77   5.47   8.53   9.60  75   291     0  1.6
 10  1272 J8   611  2176 J8  2139   701 J8   212  2970 13592  6.7  5.8  0.93  0.03   6.02   0.23   3.42   4.47  69   471     0  1.4
 11   375 J8   214   617 J8   872   289 J8   121  1178  9984  8.4  7.7  0.80  0.03   0.96  -4.22  -1.63  -0.95  76   599     0  1.3
 12   163 J8    50   349 J9   485   138 J8    35   529  7803  8.2  7.4  0.72  0.04  -1.05  -6.01  -3.18  -2.79  82   678     0  1.2
 13  2461 J8  1940  2833 J8  1883  1222 J8   899  5573 16654  6.9  6.1  0.99  0.07   6.57   0.23   3.56   4.36  73  5460     0  1.4
 2001
  1   254 J8   156   534 J8   731   191 J8    92   891  9173  8.4  7.3  0.69  0.05   0.94  -3.58  -1.08  -0.81  90   609     0  1.3
  2   888 J8   415  1647 J8  1420   520 J8   184  2322 12605  7.1  6.0  0.62  0.08   0.86  -4.84  -1.86  -1.14  76   569     0  1.5
  3  1969 J8  1006  2425 J8  2509  1082 J8   313  4776 16304  7.4  6.4  0.59  0.10   2.19  -3.48  -0.39   0.29  73   588     0  1.4
  4  3538 J8  1173  3488 J8  2240  1900 J8   501  7725 19958  7.4  5.8  0.68  0.11   6.07  -1.21   2.60   3.54  74   477     0  1.3
  5  4520 J8  1825  3816 J8  3597  2436 J8   553 10226 23284  7.1  6.1  0.86  0.12  10.95   1.48   6.80   7.73  68   375     0  2.1
  6  5806 J8  1913  6005 J8  4439  2419 J8   759 11409 25204  6.0  5.0  1.40  0.11  16.32   7.02  12.12  12.86  71   200     0  2.2
  7  3712 J8  1544  2001 J8  2260  2603 J8   615 10723 24003  9.1  8.3  1.86  0.09  16.98   7.63  12.39  13.23  79   187     0  1.8
  8  4278 J8  1505  5286 J8  3811  1762 J8   591  8500 20796  5.1  4.5  1.96  0.07  16.97   7.21  12.16  13.50  78   194     1  1.8
  9  2405 J8  1109  3145 J8  3027  1213 J8   374  5655 17254  6.9  6.2  1.30  0.05  11.22   5.82   8.48   9.38  83   294     0  1.5
 10   996 J8   333  1253 J8  1591   721 J8   261  2987 13610  8.0  6.9  0.85  0.03   5.34  -0.15   2.80   3.65  73   488     0  1.4
 11   433 J8   211  1231 J8  1430   273 J8   118  1188 10007  7.1  6.3  0.71  0.03  -1.41  -7.86  -4.61  -3.76  68   689     0  1.2
 12   174 J8    73   725 J9   945   120 J8    41   530  7809  7.5  6.7  0.54  0.04  -2.85  -8.71  -5.60  -5.40  78   747     0  1.4
 13  2414 J8  1919  2630 J8  1761  1270 J8   928  5578 16667  7.3  6.3  1.00  0.07   6.96  -0.06   3.65   4.42  76  5419     1  1.6
 2002
  1   219 J8    86   283 J8   394   192 J8    75   884  9148  8.5  7.9  0.78  0.05   0.50  -6.53  -2.48  -1.66  84   662     0  1.1
  2   699 J8   330   868 J8  1098   510 J8   163  2306 12575  8.3  7.7  0.60  0.08   0.75  -5.03  -1.91  -1.04  77   573     0  0.9
  3  2192 J8   845  3639 J8  2700   962 J8   336  4753 16271  5.1  4.5  0.43  0.10   2.45  -3.73  -0.66   0.19  51   588     0  3.3
  4  3743 J8  1329  4379 J8  3503  1728 J8   560  7701 19927  5.6  4.7  0.64  0.11   5.75  -1.16   2.48   3.33  53   481     0  1.9
  5  4591 J8  1625  4025 J8  3601  2431 J8   564 10210 23263  7.2  6.2  1.06  0.12  10.21   3.47   7.03   7.63  71   356     0  2.0
  6  4880 J8  1893  3918 J8  3881  2719 J8   559 11407 25201  7.2  6.4  1.45  0.11  15.55   6.64  11.69  12.36  73   217     0  2.3
  7  3787 J8  1546  2379 J8  2907  2461 J8   436 10736 24027  8.2  7.7  1.88  0.09  16.11   8.35  12.32  13.00  80   189     0  1.5
  8  3191 J8  1665  2825 J8  3620  1788 J8   410  8522 20827  7.8  7.1  1.73  0.07  14.88   7.67  11.20  12.20  86   219     0  1.0
  9  2151 J8  1082  2153 J8  2747  1314 J8   415  5679 17288  7.9  7.0  1.42  0.05  12.14   5.22   8.68   9.87  84   290     0  1.0
 10  1036 J8   526  1049 J8  1691   756 J8   202  3006 13639  8.3  7.6  1.33  0.03   7.43   3.41   5.46   6.21  87   400     0  0.7
 11   389 J8   204   751 J8  1295   284 J8   101  1198 10032  8.1  7.7  1.15  0.03   4.31   1.17   2.73   3.15  87   468     0  0.8
 12   161 J8    45   496 J8   657   128 J8    32   531  7812  7.3  6.7  0.81  0.04  -1.03  -4.81  -2.97  -2.72  81   659     0  1.0
 13  2253 J8  1751  2230 J8  1516  1273 J8   940  5578 16668  7.5  6.8  1.11  0.07   7.42   1.22   4.46   5.21  76  5101     0  1.5
 2003
  1   280 J8   135   786 J8  1006   196 J8    85   877  9126  7.0  6.2  0.83  0.05  -0.71  -5.85  -3.18  -2.70  77   670     0  1.1
  2   681 J8   367   805 J8  1234   503 J8   163  2289 12542  8.8  8.0  0.97  0.08   0.41  -2.13  -0.86  -0.36  83   537     0  0.5
  3  2393 J8   889  4063 J8  2705   979 J8   367  4730 16238  4.3  3.9  0.48  0.10   0.55  -5.88  -2.51  -1.67  49   651     0  3.3
  4  3865 J8  1590  4924 J8  3755  1567 J8   375  7677 19893  4.9  4.1  0.74  0.11   7.61  -0.07   4.05   5.04  53   437     0  1.5
  5  4500 J8  1824  4098 J8  3677  2280 J8   480 10193 23232  6.9  6.2  0.96  0.12  11.71   3.57   8.14   8.85  60   331     0  2.2
  6  5191 J8  1903  4497 J8  3694  2686 J8   523 11404 25195  7.2  5.8  1.51  0.11  14.37   6.59  10.80  11.40  68   235     0  1.8
  7  4398 J8  2095  3787 J8  4201  2327 J8   465 10748 24047  7.1  6.7  1.90  0.09  16.84   8.96  13.15  13.79  68   169     1  1.7
  8  3556 J8  1759  3442 J8  3942  1882 J8   442  8544 20859  7.0  6.3  1.71  0.07  14.97   7.44  11.08  12.14  71   221     0  1.1
  9  2809 J8  1097  4171 J8  3414  1172 J8   423  5703 17322  5.8  4.9  1.31  0.05  12.90   4.93   8.98  10.25  57   282     0  2.0
 10  1345 J8   402  2543 J8  2150   741 J8   312  3025 13675  6.5  5.0  1.14  0.03   8.00   2.39   5.15   6.24  64   407     0  0.9
 11   481 J8   229  1433 J8  1500   290 J8   147  1208 10064  6.3  5.7  0.73  0.03  -0.90  -6.07  -3.42  -2.74  57   654     0  1.6
 12   168 J8    72   696 J8   929   117 J8    35   533  7816  7.2  6.4  0.67  0.04  -1.06  -6.77  -3.75  -3.60  65   690     0  1.2
 13  2472 J8  1834  2937 J8  1599  1228 J8   904  5577 16667  6.6  5.8  1.08  0.07   7.06   0.59   3.97   4.72  64  5286     1  1.6
 2004
  1   324 J8   131  1355 J8  1012   185 J8    79   870  9101  4.6  4.1  0.42  0.05  -5.36 -11.90  -8.43  -7.86  45   836     0  2.8
  2   909 J8   489  1834 J8  1852   494 J8   190  2309 12571  7.0  6.0  0.77  0.08   0.87  -5.43  -1.93  -0.87  67   598     0  0.8
  3  1995 J8  1017  2601 J8  2642  1029 J8   264  4800 16330  7.2  6.2  0.60  0.10   0.69  -4.55  -1.69  -0.99  60   628     0  1.4
  4  3264 J8  1246  3071 J8  2548  1844 J8   429  7748 19979  7.2  6.1  0.91  0.11   6.10   0.13   3.29   4.02  62   456     0  1.1
  5  4867 J8  1846  4784 J8  3982  2246 J8   577 10241 23306  6.3  5.2  1.30  0.12  12.95   5.00   9.26  10.09  62   290     0  1.7
  6  5908 J8  2125  6345 J8  4723  2333 J8   693 11410 25204  5.6  4.4  1.57  0.11  17.20   7.73  12.79  13.54  61   176     0  1.9
  7  4547 J8  1865  3787 J8  3618  2433 J8   455 10710 23984  7.2  6.5  1.95  0.09  17.45   9.50  13.45  14.20  65   150     0  1.3
  8  4885 J8  1477  7187 J8  3959  1453 J8   603  8478 20773  3.4  3.0  1.71  0.07  19.32   8.03  13.71  15.38  58   145     1  1.4
  9  2638 J8  1296  3959 J8  3572  1087 J8   306  5632 17232  6.1  5.5  1.19  0.05  11.17   3.63   7.39   8.67  57   328     0  1.4
 10  1153 J8   507  1737 J8  2111   724 J8   281  2968 13585  7.2  6.4  1.04  0.03   7.20   1.90   4.50   5.31  77   427     0  1.2
 11   386 J8   179   688 J8   993   293 J8   125  1177  9980  8.6  7.6  0.87  0.03   0.66  -2.77  -0.77  -0.45  88   581     0  0.6
 12   157 J8    68   592 J8   879   114 J8    37   529  7801  7.2  6.8  0.73  0.04  -0.42  -5.55  -2.96  -2.76  77   661     0  1.9
 13  2586 J8  2065  3162 J8  2134  1186 J8   862  5573 16654  6.5  5.7  1.09  0.07   7.32   0.48   4.05   4.86  65  5276     1  1.5
 2005
  1   318 J8   142  1159 J8   997   197 J8    95   892  9175  5.1  4.3  0.70  0.05  -1.22  -7.84  -4.24  -3.86  64   709     0  2.5
  2   771 J8   358  1283 J8  1435   506 J8   228  2324 12614  7.3  6.7  0.68  0.08  -1.14  -5.99  -3.37  -2.88  78   613     0  1.3
  3  1948 J8   908  2477 J8  2577  1048 J8   340  4779 16308  6.9  6.2  0.76  0.10   3.55  -1.75   0.89   1.36  74   540     0  1.4
  4  3963 J8  1639  5325 J8  3728  1485 J8   416  7728 19961  5.1  4.0  0.85  0.11   7.71   0.60   4.40   5.35  66   425     0  1.1
  5  4856 J8  1641  4791 J8  3912  2294 J8   604 10228 23287  6.3  5.2  1.17  0.12  12.70   5.34   9.28  10.01  74   289     0  1.6
  6  5350 J8  1750  4782 J8  3563  2619 J8   492 11409 25205  6.5  5.8  1.52  0.11  17.07   8.23  12.81  13.50  73   170     0  2.1
  7  4001 J8  1689  2636 J8  2853  2490 J8   456 10721 23999  8.4  7.7  1.85  0.09  16.34   9.39  12.91  13.56  84   169     0  1.6
  8  3787 J8  1565  3969 J8  3853  1847 J8   492  8497 20793  6.7  6.3  1.82  0.07  15.74   8.81  12.33  13.33  81   188     0  1.4
  9  2039 J8   885  1872 J8  2289  1329 J8   278  5652 17253  8.2  7.7  1.59  0.05  11.35   5.71   8.31   9.18  87   294     0  1.0
 10  1119 J8   451  1518 J8  1873   757 J8   257  2985 13604  7.4  6.8  0.93  0.03   6.39   0.51   3.52   4.60  73   461     0  1.3
 11   481 J8   255  1420 J8  1496   292 J8   143  1187 10005  6.3  5.5  0.68  0.03  -2.30  -6.77  -4.53  -4.12  65   686     0  2.6
 12   176 J8    69   580 J8   749   131 J8    35   530  7809  7.7  6.9  0.97  0.04  -0.03  -4.78  -2.31  -2.09  85   643     0  0.8
 13  2401 J8  1889  2651 J8  1647  1250 J8   906  5578 16668  6.8  6.1  1.13  0.07   7.18   0.96   4.17   4.83  75  5187     0  1.6
 2006
  1   310 J8   145  1163 J8  1057   185 J8    52   885  9151  5.7  4.9  0.41  0.05  -1.28  -7.89  -4.32  -3.99  64   710     0  1.4
  2   994 J8   579  2365 J8  2168   458 J8   168  2308 12578  5.7  4.6  0.44  0.08  -1.10  -7.80  -4.35  -3.66  67   638     0  1.2
  3  2402 J8   943  4294 J8  2875   942 J8   336  4756 16275  4.2  3.8  0.41  0.10   2.46  -3.59  -0.47   0.55  66   586     0  2.9
  4  3241 J8  1598  3173 J8  3250  1728 J8   411  7704 19930  7.6  6.3  0.58  0.11   4.49  -1.54   1.60   2.47  71   506     0  1.4
  5  4467 J8  1751  3598 J8  3277  2471 J8   447 10212 23266  7.1  6.3  0.86  0.12  11.06   3.49   7.71   8.54  61   343     0  2.1
  6  4697 J8  1826  3573 J8  3622  2720 J8   628 11407 25202  7.7  6.8  1.20  0.11  14.50   6.23  10.79  11.48  71   239     0  2.2
  7  3631 J8  1528  2102 J8  3040  2511 J8   443 10734 24024  8.5  8.3  1.47  0.09  17.92   8.14  13.22  14.14  73   166     1  1.5
  8  2840 J8  1199  1661 J8  2313  2031 J8   352  8519 20823  8.7  8.2  1.46  0.07  13.94   6.88  10.46  11.38  81   246     0  0.9
  9  2297 J8  1033  2637 J8  2906  1295 J8   453  5676 17283  7.6  6.7  1.14  0.05  12.29   4.45   8.45   9.85  71   299     0  0.9
 10  1036 J8   364  1334 J8  1983   741 J8   254  3004 13636  7.8  7.3  0.89  0.03   7.44   1.49   4.57   5.55  69   430     0  1.1
 11   591 J8   260  2632 J8  1596   230 J8    93  1196 10031  2.7  2.2  0.25  0.03  -1.54  -6.38  -3.86  -3.42  75   669     0  4.6
 12   136 J8    58   266 J8   557   117 J8    34   531  7813  8.2  7.8  0.56  0.04  -0.78  -6.54  -3.22  -2.75  73   682     0  1.2
 13  2220 J8  1601  2400 J8  1166  1286 J8   977  5578 16668  6.8  6.1  0.81  0.07   6.62  -0.25   3.38   4.18  70  5511     1  1.8
 2007
  1   243 J8   152   452 J8   785   190 J8    92   878  9130  8.3  7.4  0.51  0.05  -1.45  -6.83  -4.06  -3.73  78   697     0  0.8
  2  1083 J8   588  2752 J8  2342   442 J8   104  2291 12546  4.2  3.7  0.41  0.08   0.71  -4.24  -1.60  -0.88  85   563     0  3.4
  3  2209 J8   988  3424 J8  2696  1023 J8   281  4733 16243  4.7  3.9  0.28  0.10   1.07  -3.42  -1.16  -0.57  72   605     0  3.8
  4  3329 J8  1459  3424 J8  3171  1732 J8   421  7680 19895  7.2  5.9  0.61  0.11   4.37  -1.58   1.56   2.26  67   508     0  1.2
  5  3890 J8  1569  2548 J8  2865  2532 J8   380 10195 23237  8.3  7.3  0.90  0.12  10.90   4.23   7.76   8.45  67   334     0  2.3
  6  4506 J8  1977  3367 J8  3880  2569 J8   504 11404 25195  7.5  7.0  1.16  0.11  14.78   6.86  11.13  11.73  70   225     0  2.5
  7  3690 J8  1409  1970 J8  2804  2655 J8   514 10746 24044  8.7  8.1  1.57  0.09  16.75   8.96  13.10  13.72  69   171     1  1.8
  8  3545 J8  1271  2998 J8  3105  2115 J8   536  8541 20854  7.6  6.8  1.53  0.07  19.32   8.03  13.71  15.35  58   145     1  1.4
  9  2126 J8   798  1947 J8  2270  1385 J8   385  5700 17315  8.6  7.8  1.19  0.05  11.17   3.63   7.39   8.65  57   328     0  1.2
 10  1182 J8   539  1323 J8  1775   836 J8   269  3023 13672  7.8  7.1  0.70  0.03   6.50   1.82   4.09   5.04  78   439     0  1.2
 11   392 J8   177   593 J8   950   320 J8   132  1206 10059  8.3  7.6  0.67  0.03   0.41  -3.92  -1.88  -1.49  78   603     0  0.7
 12   161 J8    65   394 J8   722   130 J8    31   533  7816  8.4  7.6  0.48  0.04  -0.63  -5.58  -2.95  -2.74  81   665     0  1.4
 13  2196 J8  1567  2099 J8  1171  1327 J8   972  5577 16667  7.5  6.7  0.83  0.07   6.99   0.66   3.92   4.65  72  5281     2  1.8
 2008
  1   281 J8   134   648 J8   812   209 J8    81   871  9103  7.0  6.4  0.42  0.05  -0.31  -5.35  -2.86  -2.66  82   656     0  1.6
  2   756 J8   416  1268 J8  1590   495 J8   218  2311 12577  7.5  6.6  0.47  0.08   0.21  -5.03  -2.29  -1.41  80   602     0  2.3
  3  1841 J8   959  1956 J8  2419  1135 J8   327  4803 16334  7.4  6.4  0.51  0.10   0.12  -6.04  -2.86  -1.98  63   660     0  1.0
  4  3146 J8  1510  3009 J8  3384  1745 J8   477  7751 19985  7.4  6.5  0.63  0.11   3.95  -0.90   1.59   2.23  73   504     0  1.3
  5  4165 J8  2039  3424 J8  4118  2335 J8   497 10243 23309  7.6  6.8  0.77  0.12  10.76   3.99   7.61   8.29  68   339     0  2.0
  6  4016 J8  1688  2151 J8  2698  2815 J8   412 11410 25204  9.2  7.9  1.11  0.11  14.00   6.67  10.49  11.06  72   240     0  2.1
  7  3566 J8  1572  1645 J8  2575  2649 J8   490 10708 23981  8.9  8.4  1.46  0.09  16.16   8.88  12.57  13.20  79   180     0  1.5
  8  2848 J8  1236  1811 J8  2652  2012 J8   393  8475 20767  8.7  8.0  1.34  0.07  13.38   7.43  10.34  11.13  85   246     0  1.1
  9  1800 J8   535  1186 J8  1395  1388 J8   308  5628 17231  8.9  8.3  1.18  0.05  13.43   4.32   8.99  10.51  62   284     0  0.8
 10  1177 J8   505  1939 J8  2273   728 J8   323  2965 13579  7.6  6.9  0.63  0.03   4.67  -0.68   2.02   2.89  75   506     0  1.2
 11   414 J8   215   708 J8  1013   314 J8   131  1176  9975  8.5  7.9  0.56  0.03  -1.09  -6.29  -3.34  -2.70  69   661     0  1.0
 12   176 J8    64   871 J8   965   115 J8    32   529  7800  6.1  5.8  0.47  0.04  -3.42  -8.24  -5.68  -5.28  65   749     0  2.1
 13  2016 J8  1487  1718 J8   866  1328 J8   975  5573 16654  7.9  7.2  0.79  0.07   5.99  -0.10   3.05   3.77  73  5627     0  1.5
 2009
  1   294 J8   132   775 J8   746   215 J8    94   893  9177  7.3  6.4  0.52  0.05  -5.43 -11.12  -8.10  -7.67  70   825     0  1.8
  2  1038 J8   503  2334 J8  2021   504 J8   142  2327 12617  6.5  5.3  0.40  0.08   0.54  -4.23  -1.80  -1.49  79   565     0  1.5
  3  1851 J8   770  2148 J8  2053  1118 J8   272  4782 16310  7.4  6.4  0.46  0.10   3.34  -2.54   0.48   1.03  75   556     0  2.0
  4  3313 J8  1484  3307 J8  3487  1765 J8   479  7731 19965  7.0  6.4  0.54  0.11   5.06  -0.21   2.59   3.24  73   477     0  1.3
  5  5328 J8  1575  5711 J8  3861  2287 J8   698 10231 23291  6.0  4.6  0.77  0.12  10.49   3.33   7.21   7.96  65   354     0  2.6
  6  4722 J8  1952  3805 J8  4076  2646 J8   561 11410 25206  7.6  6.7  1.13  0.11  14.48   7.21  11.09  11.63  71   224     0  2.2
  7  4452 J8  2034  3627 J8  4048  2423 J8   586 10719 23997  7.5  6.9  1.65  0.09  15.17   8.60  11.77  12.40  81   200     0  1.6
  8  2863 J8  1243  1672 J8  2391  2050 J8   440  8494 20791  8.8  8.1  1.45  0.07  17.42   7.07  12.17  13.64  71   189     0  1.0
  9  2249 J8  1014  2365 J8  2814  1334 J8   345  5649 17249  8.0  7.4  1.12  0.05  11.48   5.54   8.52   9.40  82   295     0  1.1
 10  1131 J8   466  1482 J8  1783   774 J8   237  2983 13601  8.3  7.3  1.00  0.03   6.83   1.06   3.95   4.94  64   446     0  1.4
 11   405 J8   204   718 J8  1040   306 J8   126  1185 10002  8.2  7.6  0.49  0.03  -0.89  -5.38  -3.06  -2.89  71   644     0  1.6
 12   166 J8    65   618 J8   768   120 J8    38   530  7808  6.8  6.4  0.60  0.04  -1.79  -7.26  -4.39  -4.04  78   709     0  1.0
 13  2318 J8  1818  2380 J8  1518  1295 J8   921  5578 16668  7.5  6.6  0.85  0.07   6.39   0.17   3.37   4.01  73  5483     0  1.6
 2010
  1   297 J8   164   685 J8   868   217 J8    99   886  9155  7.0  6.2  0.58  0.05  -3.25  -8.40  -5.65  -5.36  67   749     0  1.7
  2   829 J8   439  1352 J8  1572   530 J8   195  2310 12581  8.4  6.5  0.59  0.08  -0.02  -5.27  -2.55  -1.70  80   587     0  0.8
  3  1864 J8   874  2035 J8  2286  1153 J8   349  4759 16279  7.9  6.6  0.48  0.10   2.29  -4.24  -0.95  -0.15  65   598     0  1.2
  4  3214 J8  1140  2999 J8  2775  1854 J8   460  7707 19932  7.6  6.4  0.61  0.11   6.09  -0.64   2.97   3.83  65   468     0  1.1
  5  5116 J8  1752  5210 J8  3821  2323 J8   626 10214 23268  6.6  5.0  0.79  0.12  11.58   3.22   7.83   8.62  62   339     0  1.9
  6  4123 J8  1563  2303 J8  2760  2798 J8   381 11407 25201  9.2  8.2  1.17  0.11  14.12   6.55  10.70  11.27  69   240     0  1.9
  7  3347 J8  1179  1241 J8  1615  2646 J8   419 10732 24020  9.5  9.0  1.56  0.09  15.94   9.33  12.59  13.16  84   177     0  1.5
  8  3002 J8  1006  1985 J8  2389  2059 J8   405  8516 20819  8.3  7.8  1.51  0.07  17.54   7.83  12.66  14.02  74   175     0  1.3
  9  2799 J8  1140  4422 J8  3435  1127 J8   388  5673 17279  5.5  4.7  1.07  0.05  10.75   5.07   7.81   8.74  84   313     0  1.5
 10  1123 J8   446  1323 J8  1667   804 J8   259  3001 13634  8.1  7.2  0.76  0.03   7.42   1.51   4.47   5.31  78   430     0  1.2
 11   446 J8   149   981 J8  1019   326 J8   138  1195 10027  7.3  6.2  0.64  0.03   0.66  -2.95  -0.94  -0.63  84   584     0  2.2
 12   196 J8    56  1019 J8   910   124 J8    39   531  7812  5.2  4.6  0.43  0.04  -4.59  -9.00  -6.79  -6.38  55   779     0  2.9
 13  2196 J8  1635  2130 J8  1422  1330 J8   971  5578 16667  7.5  6.5  0.85  0.07   6.54   0.25   3.51   4.23  72  5439     0  1.6
