722056 DAYTONA BEACH INTL AP  FL  -5  N29 11  W081  4     9  1012
 1991-2010
 MO AVGLO FL SDGLO AVDIR FL SDDIR AVDIF FL SDDIF AVETR AETRN  TOT  OPQ   H2O   TAU  MAX_T  MIN_T  AVG_T  AVGDT  RH  HTDD  CLDD AVWS
  1  3211 K5   374  4380 K6  1069  1158 K5   121  6118 14806  4.9  4.3  2.16  0.08  20.23   9.43  14.66  17.12  75   127    18  3.2
  2  3834 K5   374  4406 K6   958  1441 K5   151  7410 15598  5.0  4.5  2.17  0.09  21.07  10.31  15.55  17.81  74    94    20  3.4
  3  4981 K5   460  5123 K6   932  1782 K5   143  8989 16531  4.5  3.9  2.31  0.11  23.42  12.75  18.06  20.14  72    51    44  3.7
  4  6092 K5   413  5619 K6   699  2173 K5   152 10336 17429  4.1  3.5  2.54  0.15  26.01  15.42  20.77  22.85  71    15    87  3.5
  5  6465 K5   374  5416 K6   597  2502 K5   152 11136 18138  4.2  3.5  3.25  0.19  29.16  19.13  24.12  25.83  72     1   181  3.3
  6  5973 K5   578  4478 K6   957  2645 K5   232 11407 18451  5.2  4.4  4.40  0.21  30.97  22.25  26.13  27.60  78     0   248  2.8
  7  6028 K5   398  4546 K6   659  2638 K5   198 11214 18189  4.7  3.9  4.73  0.22  31.96  23.14  26.97  28.45  79     0   286  2.5
  8  5575 K5   414  4320 K6   665  2451 K5   190 10538 17478  4.8  3.9  4.86  0.21  31.56  23.36  26.94  28.46  80     0   283  2.5
  9  4788 K5   342  3926 K6   613  2197 K5   146  9372 16603  5.1  4.3  4.52  0.19  30.18  22.89  26.20  27.76  79     0   246  3.0
 10  4088 K5   361  3984 K6   783  1792 K5   109  7849 15699  4.9  4.4  3.46  0.15  27.52  19.38  23.29  25.06  76     5   163  3.3
 11  3352 K5   350  4054 K6   859  1345 K5    90  6412 14894  4.9  4.4  2.64  0.11  23.92  14.26  18.91  20.99  77    38    61  3.1
 12  2891 K5   317  3935 K6   891  1129 K5   114  5698 14499  5.2  4.7  2.32  0.09  21.21  11.25  16.02  18.28  78    95    30  3.0
 13  4773 K5   192  4515 K6   516  1938 K5   111  8873 16526  4.8  4.1  3.28  0.15  26.43  16.96  21.47  23.36  76   427  1667  3.1
 1991
  1  2745 I5   959  3117 I6  2326  1261 I5   279  6112 14803  6.7  5.6  2.64  0.07  22.18  12.47  17.20  19.51  81    66    35  4.0
  2  3882 I5  1216  4365 I6  2827  1475 I5   473  7393 15585  5.2  4.3  2.24  0.08  22.00  10.93  16.47  18.95  72    73    21  4.1
  3  4476 I5  1733  4263 I6  3061  1767 I5   434  8965 16515  5.6  4.3  2.51  0.10  24.25  12.90  18.73  20.74  73    51    58  4.7
  4  5625 I5  1348  4916 I6  2531  2197 I5   548 10319 17416  5.1  3.9  3.25  0.14  27.60  18.48  22.73  24.44  79     5   146  3.7
  5  6044 I5  1421  4704 I6  2316  2576 I5   518 11128 18128  5.3  4.0  4.04  0.18  29.95  21.37  25.55  26.90  78     0   227  3.8
  6  6096 I5  1331  4281 I6  2019  2878 I5   579 11406 18450  6.5  4.7  4.60  0.20  30.87  22.38  26.05  27.48  79     0   249  3.4
  7  5874 I5  1216  4255 I6  2003  2674 I5   409 11221 18197  6.0  4.4  4.89  0.22  32.39  23.31  26.82  28.36  81     0   295  2.9
  8  5773 I5  1211  4385 I6  2040  2594 I5   447 10553 17493  5.6  3.6  4.90  0.25  32.27  23.35  27.26  28.92  80     0   294  3.1
  9  5242 I5  1170  4181 I6  1733  2353 I5   364  9394 16618  4.6  3.5  4.35  0.26  30.78  23.11  26.81  28.50  77     0   259  3.9
 10  4059 I5   871  3298 I6  1740  2034 I5   374  7873 15714  4.9  4.0  3.57  0.25  27.53  18.74  22.87  24.95  77     1   150  3.7
 11  3021 I5   875  2738 I6  1831  1604 I5   319  6430 14904  5.9  4.7  2.62  0.24  22.84  12.98  17.70  19.73  75    64    52  3.7
 12  2596 I5   670  2390 I6  1440  1452 I5   225  5701 14501  5.3  4.3  2.62  0.25  22.76  12.06  17.09  19.69  79    67    39  3.5
 13  4619 I5  1333  3908 I6   810  2072 I5   551  8875 16527  5.6  4.3  3.52  0.19  27.12  17.67  22.11  24.01  78   328  1824  3.7
 1992
  1  2715 I5   995  2596 I6  1844  1425 I5   289  6104 14795  6.2  5.0  2.40  0.26  18.88   8.32  13.63  15.98  74   151     4  3.8
  2  3056 I5  1070  1892 I6  1811  1932 I5   462  7406 15594  7.2  6.3  2.46  0.27  21.44  11.49  16.01  18.04  78    81    27  4.0
  3  4462 I5  1324  3345 I6  2379  2255 I5   493  9003 16534  5.4  4.4  2.22  0.28  22.94  11.65  17.32  19.57  70    63    30  4.0
  4  5665 I5  1383  4353 I6  2136  2545 I5   471 10345 17434  5.0  3.7  2.60  0.30  24.30  14.68  19.56  21.44  72    27    62  4.2
  5  6458 I5  1228  4719 I6  1969  2915 I5   611 11140 18142  4.2  3.3  2.92  0.31  28.01  16.75  22.32  24.27  74     9   135  3.8
  6  5805 I5  1211  3431 I6  1650  3194 I5   413 11407 18449  6.4  5.0  4.66  0.32  31.19  22.45  26.05  27.52  82     0   255  3.4
  7  6896 I5   484  5469 I6  1499  2803 I5   643 11211 18184  3.4  2.2  4.22  0.32  33.43  23.17  28.10  29.98  75     0   309  3.4
  8  5302 I5   980  3109 I6  1361  2999 I5   452 10531 17472  7.3  5.2  4.81  0.30  31.40  22.30  26.03  27.67  83     0   264  3.1
  9  4573 I5  1234  2880 I6  1631  2593 I5   549  9361 16599  6.7  5.2  4.66  0.26  30.17  22.69  26.15  27.70  84     0   243  3.4
 10  3797 I5  1242  3257 I6  2361  1849 I5   439  7835 15695  5.3  4.7  3.08  0.21  26.56  18.05  21.97  23.69  79     0   123  4.1
 11  2597 I5  1029  2201 I6  1993  1470 I5   289  6401 14890  6.9  6.0  3.44  0.17  24.24  16.62  20.18  21.60  80    41   104  4.2
 12  2458 I5   954  2671 I6  2185  1207 I5   279  5697 14499  5.8  5.0  2.50  0.14  21.28  11.25  15.91  18.30  82    79    15  3.7
 13  4482 I5  1562  3327 I6  1050  2265 I5   677  8870 16524  5.8  4.7  3.33  0.26  26.15  16.62  21.10  22.98  78   451  1571  3.8
 1993
  1  2475 I5   986  2171 I6  2109  1388 I5   329  6128 14812  7.4  6.3  3.04  0.12  22.43  13.45  17.58  19.77  84    60    48  3.6
  2  3422 I5  1452  3364 I6  2847  1533 I5   435  7421 15610  6.2  5.3  2.06  0.12  18.95   9.15  13.99  15.92  77   124     4  4.2
  3  4457 I5  1685  4141 I6  3229  1854 I5   514  8994 16535  5.8  4.7  2.25  0.14  22.53  11.59  16.75  18.72  75    64    25  5.0
  4  5989 I5  1351  5400 I6  2646  2213 I5   630 10340 17432  4.7  3.4  2.06  0.18  24.05  13.14  18.79  21.06  68    29    37  4.7
  5  6179 I5  1650  5044 I6  2604  2502 I5   456 11139 18142  4.7  3.6  3.11  0.21  27.49  17.67  22.90  24.49  73     0   132  4.0
  6  6380 I5  1199  5167 I6  2325  2530 I5   642 11408 18453  4.8  4.0  4.04  0.23  30.74  21.95  26.08  27.62  78     0   240  3.7
  7  6475 I5  1007  5271 I6  2032  2616 I5   585 11213 18186  4.8  3.0  4.77  0.24  32.76  22.85  27.34  29.09  79     0   294  3.0
  8  6028 I5  1114  4723 I6  2122  2581 I5   580 10535 17472  4.9  3.4  4.51  0.23  32.25  22.79  27.03  28.75  80     0   285  3.3
  9  5166 I5   934  4306 I6  1780  2301 I5   441  9368 16598  5.0  3.5  4.57  0.20  30.76  21.87  26.16  28.16  81     0   240  3.2
 10  3546 I5  1174  2840 I6  2133  1860 I5   272  7844 15691  6.4  5.5  3.83  0.16  27.38  18.69  22.90  24.62  84     7   153  3.5
 11  2680 I5  1270  2735 I6  2613  1293 I5   300  6408 14890  6.2  5.6  3.21  0.12  24.06  14.61  19.20  21.17  82    38    68  3.9
 12  2868 I5   837  3857 I6  2376  1126 I5   326  5697 14497  5.5  4.2  2.21  0.09  19.06   7.97  13.47  16.01  77   160    11  3.7
 13  4639 I5  1572  4085 I6  1099  1983 I5   546  8875 16527  5.5  4.4  3.30  0.17  26.04  16.31  21.02  22.95  78   482  1536  3.8
 1994
  1  2613 I5  1087  2994 I6  2715  1210 I5   348  6121 14806  6.5  5.7  2.41  0.08  19.28   9.63  14.41  16.47  80   133    13  3.9
  2  3048 I5  1098  2629 I6  2160  1584 I5   261  7408 15594  7.2  6.2  2.55  0.09  22.26  12.84  17.30  19.19  79    58    36  3.7
  3  4992 I5  1165  5077 I6  2554  1774 I5   585  8981 16525  5.0  3.6  2.54  0.11  24.54  12.88  18.72  20.92  73    41    53  4.3
  4  5671 I5  1248  5033 I6  2132  2184 I5   390 10330 17425  4.8  3.5  3.12  0.15  26.54  17.94  22.26  23.95  75     6   123  3.7
  5  6368 I5  1162  5269 I6  2258  2496 I5   644 11134 18134  5.1  3.8  3.44  0.19  28.91  18.68  23.78  25.53  75     0   169  3.5
  6  5533 I5  1480  3423 I6  2506  2894 I5   529 11407 18452  7.1  5.8  4.68  0.21  31.03  21.99  25.94  27.47  84     0   245  2.8
  7  5834 I5  1084  3710 I6  1978  3045 I5   533 11217 18193  5.3  4.1  4.48  0.22  31.33  22.08  26.01  27.61  84     0   260  2.6
  8  5200 I5  1223  3568 I6  2213  2631 I5   527 10543 17484  5.9  4.8  4.65  0.21  30.45  22.35  25.96  27.46  85     0   250  2.8
  9  4331 I5  1319  2981 I6  2239  2305 I5   457  9380 16607  7.0  5.7  4.61  0.18  29.37  21.61  25.16  26.80  85     0   215  3.0
 10  3598 I5  1214  3156 I6  2239  1751 I5   322  7858 15702  6.0  5.4  3.81  0.14  27.58  19.85  23.44  25.06  83     0   167  3.6
 11  2634 I5  1122  2504 I6  2029  1366 I5   295  6419 14897  6.2  5.6  3.22  0.11  25.28  17.08  20.92  22.55  85     6    91  3.6
 12  2228 I5  1040  2407 I6  2437  1128 I5   282  5699 14498  6.7  6.4  2.62  0.08  21.05  13.15  16.74  18.43  85    68    30  3.5
 13  4337 I5  1455  3563 I6  1025  2030 I5   655  8875 16527  6.1  5.1  3.51  0.15  26.47  17.51  21.72  23.45  81   311  1652  3.4
 1995
  1  2942 I5  1008  3607 I6  2608  1228 I5   332  6113 14803  5.5  4.6  2.00  0.07  18.91   8.15  13.30  15.89  75   154     5  3.4
  2  3914 I5  1363  4730 I6  3101  1319 I5   505  7395 15586  4.7  4.2  2.17  0.08  20.82   8.87  14.64  16.89  71   114    16  3.9
  3  4394 I5  1472  3834 I6  2517  1899 I5   369  8967 16516  5.8  5.1  2.52  0.10  23.32  14.37  18.63  20.30  77    25    41  4.2
  4  5781 I5  1409  5106 I6  2648  2174 I5   594 10320 17418  5.0  3.9  2.75  0.14  26.18  16.20  21.19  23.11  77    10    96  3.4
  5  6462 I5   936  5526 I6  1769  2454 I5   544 11128 18129  4.8  3.6  3.48  0.18  30.89  20.97  25.77  27.45  73     0   236  3.8
  6  6216 J8  1091  4849 J8  1757  2620 J8   470 11406 18450  5.1  4.5  4.12  0.20  30.04  21.92  25.69  27.11  79     0   229  3.2
  7  6340 J8   643  4869 J8  1432  2747 J8   608 11220 18197  4.9  3.9  4.69  0.22  31.53  22.81  26.76  28.26  82     0   274  2.5
  8  5268 J8  1437  3683 J8  2132  2607 J8   442 10552 17492  6.0  4.9  4.99  0.21  30.83  23.74  26.96  28.20  83     0   278  3.5
  9  4957 J8   977  4275 J8  1665  2192 J8   523  9392 16616  5.0  4.1  4.65  0.18  29.81  22.60  25.75  27.28  85     0   236  2.4
 10  3766 J7   719  3176 J7  1685  1907 J7   394  7871 15713  6.0  5.5  4.34  0.14  27.92  21.14  24.45  25.87  78     2   194  3.4
 11  3231 J7   706  3579 J7  1577  1445 J7   238  6429 14904  5.8  5.2  2.61  0.10  22.68  11.37  17.07  19.41  77    79    40  2.9
 12  2572 J7   886  3164 J8  2295  1146 J7   258  5701 14501  6.2  5.6  2.35  0.08  19.55   9.47  14.07  16.46  78   135    17  2.9
 13  4654 J7  1381  4200 J7   798  1978 J7   580  8875 16527  5.4  4.6  3.39  0.14  26.04  16.80  21.19  23.02  78   518  1661  3.3
 1996
  1  2978 J7   808  3732 J7  2025  1212 J7   287  6105 14796  5.5  5.2  2.07  0.07  19.62   7.78  13.74  16.40  76   157    14  3.4
  2  3736 J7  1102  4056 J7  2178  1526 J7   346  7408 15595  5.6  5.0  1.94  0.08  21.17   8.96  14.82  17.34  72   121    26  3.5
  3  4447 J7  1505  4149 J8  2551  1844 J7   438  9005 16537  6.0  5.4  2.18  0.10  20.88  10.78  15.79  17.69  72   113    35  4.4
  4  5110 J8  1325  4014 J8  2445  2387 J8   551 10346 17435  5.7  5.2  2.43  0.14  24.65  13.64  19.43  21.56  75    33    57  3.2
  5  6296 J8  1181  5554 J8  2231  2376 J8   518 11140 18142  4.0  3.3  3.40  0.18  28.63  19.51  24.15  25.72  78     0   178  3.0
  6  5738 J8  1085  3665 J8  1814  3037 J8   501 11407 18450  6.0  4.9  4.30  0.20  29.73  21.39  25.09  26.43  81     0   217  2.5
  7  5359 J8   718  2911 J8  1233  3190 J8   409 11210 18185  6.8  5.6  4.34  0.22  31.60  22.74  26.89  28.42  80     0   274  2.7
  8  5664 J8   732  4394 J8  1530  2603 J8   492 10530 17472  4.5  3.6  4.51  0.21  30.30  22.17  25.79  27.34  82     0   245  1.7
  9  5340 J8   721  5132 J8  1594  2049 J8   490  9359 16598  2.7  2.1  4.16  0.18  30.05  21.70  25.44  27.42  80     0   226  1.8
 10  4003 J8  1120  3956 J8  2283  1724 J8   354  7833 15692  4.3  3.9  3.51  0.14  26.48  18.65  22.58  24.28  78     7   138  2.5
 11  3271 J8   745  3817 J8  2054  1382 J8   350  6400 14890  5.3  4.6  2.62  0.10  23.61  14.27  19.19  20.99  72    37    55  3.6
 12  3041 J8   777  4426 J8  2253  1058 J8   316  5697 14498  4.0  3.6  2.29  0.08  21.09  10.61  15.33  17.86  81    91    14  2.9
 13  4582 J8  1153  4151 J8   687  2032 J8   697  8870 16524  5.0  4.4  3.15  0.14  25.65  16.02  20.69  22.62  77   559  1481  2.9
 1997
  1  3367 J8   824  5137 J8  2251  1000 J8   347  6130 14813  3.7  3.3  2.16  0.07  20.52   9.48  14.73  17.28  79   115    12  2.9
  2  3656 J6  1079  4207 J7  2354  1453 J6   388  7423 15610  4.8  4.3  2.67  0.08  22.90  13.44  17.96  20.00  82    47    42  3.5
  3  4996 J6  1097  5177 J7  2106  1801 J6   360  8996 16537  4.3  3.7  2.96  0.10  26.02  15.95  20.93  22.84  78     7    89  3.4
  4  5445 J6  1536  5011 J7  2975  2096 J6   636 10342 17433  4.5  3.8  2.85  0.14  25.26  14.37  19.96  21.98  73    16    61  3.6
  5  5908 J6   919  4437 J7  1914  2762 J6   523 11140 18143  4.5  3.9  3.41  0.18  27.98  18.25  23.11  24.85  76     1   149  2.9
  6  5818 J6   997  4076 J7  1785  2919 J6   453 11408 18452  5.0  4.3  4.15  0.20  30.01  21.12  25.11  26.62  81     0   217  2.9
  7  6294 J6   523  5058 J7  1229  2672 J6   524 11213 18186  3.6  3.0  4.65  0.22  32.64  22.13  26.50  28.37  81     0   281  2.0
  8  5689 J6   507  4356 J7  1117  2651 J6   375 10534 17469  3.7  3.0  4.77  0.21  31.57  22.91  26.68  28.36  82     0   276  2.2
  9  4967 J6   781  4046 J7  1505  2355 J6   381  9366 16598  4.0  3.6  4.33  0.18  30.55  21.86  25.82  27.94  83     0   236  2.4
 10  4077 J6   898  3914 J7  1581  1800 J6   282  7842 15690  4.6  4.1  3.10  0.14  27.27  18.16  22.62  24.61  76     5   141  3.0
 11  3431 J7   861  4133 J8  1888  1361 J7   256  6407 14888  4.1  3.6  2.78  0.10  23.09  12.75  17.68  19.98  80    42    29  2.6
 12  2492 J6  1024  2976 J7  2533  1146 J6   330  5697 14497  6.2  5.6  2.68  0.08  19.59  10.82  14.94  16.75  82   122    25  2.9
 13  4678 J6  1231  4378 J7   643  2001 J6   671  8875 16527  4.4  3.9  3.38  0.14  26.45  16.77  21.34  23.30  80   354  1559  2.9
 1998
  1  3126 K4  1105  3927 K6  2738  1268 K4   472  6122 14806  4.7  3.9  2.27  0.07  20.65  11.02  15.86  18.11  82    99    21  3.0
  2  3861 K4  1564  4676 K6  3367  1346 K4   544  7410 15595  4.7  4.3  2.00  0.08  20.84  10.52  15.41  17.63  77    90    16  3.9
  3  5330 K4  1505  5869 K6  2902  1695 K4   602  8982 16527  3.2  2.7  2.05  0.10  21.36  10.69  16.08  18.21  74   103    31  3.3
  4  6164 K4  1185  5387 K6  2315  2454 K4   577 10332 17426  3.8  3.6  2.57  0.14  26.56  15.34  20.88  23.20  71    14    93  3.4
  5  6726 K4  1453  5770 K6  2583  2443 K4   641 11134 18134  2.9  2.4  3.16  0.18  30.98  18.32  24.63  26.91  73     0   196  3.1
  6  7068 K4   799  6053 K6  1476  2520 K4   401 11407 18452  3.4  3.0  3.84  0.20  35.16  22.85  28.54  30.76  70     0   320  3.4
  7  5852 K4  1358  4261 K6  2126  2691 K4   420 11216 18193  4.5  3.7  4.99  0.22  33.32  23.67  27.67  29.21  82     0   315  2.4
  8  5409 K4  1345  4150 K6  1998  2407 K4   435 10542 17482  4.7  3.8  4.77  0.21  31.93  23.78  27.37  28.81  84     0   295  2.4
  9  4221 K4  1299  2891 K6  1943  2297 K4   378  9378 16607  6.2  5.0  5.02  0.18  30.25  23.53  26.39  27.81  84     0   257  2.8
 10  4368 K4   871  4746 K6  1843  1717 K4   404  7856 15700  3.9  3.7  3.15  0.14  28.61  20.61  24.30  26.25  78     0   195  2.9
 11  3482 K4  1072  4338 K6  2353  1339 K4   334  6417 14897  4.2  3.7  2.87  0.10  26.34  16.48  21.10  23.43  83     7    99  1.8
 12  3018 K4   994  4295 K6  2615  1119 K4   330  5699 14498  4.7  4.5  2.41  0.08  23.54  13.92  18.41  20.81  82    51    63  2.3
 13  4885 K4  1398  4697 K6   928  1941 K4   581  8875 16526  4.2  3.7  3.26  0.14  27.46  17.56  22.22  24.26  78   363  1902  2.9
 1999
  1  3645 K4   736  5320 K6  2039  1126 K4   382  6114 14803  3.8  3.6  1.95  0.07  22.14  10.96  16.41  19.10  79    82    27  2.5
  2  4207 K4  1196  5111 K6  2562  1435 K4   454  7396 15588  3.4  3.3  1.88  0.08  22.43  10.80  16.31  19.08  74    73    25  2.9
  3  5493 K4  1337  6125 K6  2771  1711 K4   625  8969 16517  2.5  2.2  1.68  0.10  23.04  10.44  17.03  19.70  68    62    13  3.3
  4  6546 K4  1336  6461 K6  2314  1983 K4   477 10322 17419  2.8  2.4  2.55  0.14  28.25  16.36  22.19  24.54  71    12   131  3.1
  5  6484 K4  1214  5310 K6  1898  2613 K4   417 11129 18130  3.6  3.0  2.74  0.18  28.70  18.22  23.34  25.08  75     4   163  3.5
  6  5437 K4  1497  3538 K6  2132  2750 K4   447 11406 18450  4.9  4.3  4.53  0.20  30.18  22.41  25.84  27.07  81     0   239  2.8
  7  6675 K4   761  5466 K6  1559  2617 K4   447 11220 18196  2.4  2.1  4.25  0.22  32.19  23.49  27.58  29.14  77     0   295  2.3
  8  6007 K4   976  4970 K6  1639  2357 K4   337 10550 17489  3.0  2.5  4.81  0.21  32.61  23.45  27.49  29.26  79     0   301  2.8
  9  4582 K4  1685  3777 K6  2501  2063 K4   410  9391 16614  4.7  4.2  4.30  0.18  29.67  22.08  25.58  27.10  81     0   226  3.2
 10  3933 K4  1262  3913 K6  2400  1742 K4   494  7869 15713  4.9  4.3  3.29  0.14  26.95  19.91  23.31  24.80  77     4   162  3.9
 11  3683 K4   683  4746 K6  1923  1365 K4   386  6428 14903  3.8  3.7  2.09  0.10  23.91  15.14  19.23  21.25  76    18    54  3.3
 12  3096 K4   933  4494 K6  2508  1066 K4   366  5701 14501  4.4  4.2  2.15  0.08  20.72  10.25  15.28  17.82  76   102    14  2.7
 13  4983 K4  1279  4936 K6   900  1903 K4   591  8875 16527  3.7  3.3  3.02  0.14  26.73  16.96  21.63  23.66  76   356  1649  3.0
 2000
  1  3443 K4   979  5038 K6  2589  1097 K4   391  6106 14797  4.4  4.2  1.81  0.07  20.55   9.22  14.54  17.10  74   118    11  3.1
  2  4438 K4  1167  5842 K6  2406  1326 K4   412  7410 15596  3.2  3.1  1.79  0.08  21.22   9.59  15.33  17.99  75    94     9  2.8
  3  5327 K4  1153  5569 K6  2313  1888 K4   456  9006 16538  3.6  3.4  2.16  0.10  25.18  14.09  19.53  21.87  76    10    50  3.5
  4  6497 K4  1437  6348 K6  2449  2030 K4   530 10347 17436  3.2  2.9  2.07  0.14  25.40  14.54  20.02  22.04  71    20    69  3.5
  5  7100 K4   843  6428 K6  1572  2390 K4   449 11141 18143  2.8  2.6  2.81  0.18  30.05  18.81  24.54  26.46  69     0   189  3.2
  6  6053 K4  1646  4949 K6  2386  2453 K4   383 11407 18450  4.4  3.7  4.22  0.20  30.90  21.53  25.99  27.54  76     0   237  2.6
  7  6158 K4  1235  4820 K6  1930  2496 K4   379 11210 18183  4.1  3.4  4.73  0.22  32.05  22.57  26.56  28.12  80     0   278  2.9
  8  6127 K4  1005  5174 K6  1736  2324 K4   388 10528 17470  3.3  2.9  4.47  0.21  31.74  22.51  26.72  28.59  78     0   273  2.4
  9  4662 K4  1591  3959 K6  2384  2030 K4   425  9357 16597  5.0  4.3  4.68  0.18  30.40  23.09  26.29  27.82  81     0   252  3.1
 10  4395 K4   949  4690 K6  2185  1708 K4   469  7831 15692  4.2  4.0  2.59  0.14  26.45  17.39  21.88  23.75  77     4   115  3.8
 11  3604 K4  1040  4690 K6  2339  1255 K4   340  6399 14889  3.6  3.2  2.28  0.10  23.17  11.29  17.03  19.75  78    70    37  2.6
 12  3059 K4   918  4381 K6  2349  1106 K4   319  5697 14499  4.3  4.1  1.82  0.08  18.72   8.39  13.55  15.88  77   168    20  3.2
 13  5072 K4  1326  5157 K6   758  1842 K4   534  8870 16524  3.9  3.5  2.95  0.14  26.32  16.08  21.00  23.08  76   484  1541  3.1
 2001
  1  3526 K4   901  5206 K6  2467  1089 K4   366  6131 14814  4.4  3.9  1.61  0.07  18.75   5.53  11.78  14.78  73   202    10  3.1
  2  3809 K4  1565  4274 K6  2968  1461 K4   441  7425 15611  5.4  5.2  2.56  0.08  22.84  12.73  17.54  19.67  81    51    35  2.8
  3  4778 K4  1848  4861 K6  3037  1676 K4   500  8998 16538  4.7  4.4  2.35  0.10  23.14  12.78  17.81  19.55  71    53    41  4.1
  4  6436 K4  1166  6057 K6  2251  2218 K4   605 10343 17433  3.2  2.8  2.39  0.14  25.88  15.17  20.76  22.89  70    15    81  3.4
  5  6803 K4  1043  5852 K6  1658  2473 K4   439 11140 18144  3.2  3.0  2.84  0.18  28.95  18.16  23.52  25.47  76     0   162  3.2
  6  5856 K4  1325  4489 K6  1876  2584 K4   372 11408 18452  4.5  3.8  4.15  0.20  31.34  21.48  25.73  27.43  80     0   243  2.5
  7  5659 K4  1474  4153 K6  2103  2563 K4   375 11212 18186  5.1  4.4  4.79  0.22  31.24  23.16  26.60  27.83  82     0   275  2.8
  8  5707 K4  1227  4602 K6  2044  2327 K4   391 10533 17469  4.3  3.6  4.62  0.21  31.56  22.97  26.57  28.30  81     0   277  1.9
  9  4185 K4  1596  3164 K6  2293  2121 K4   434  9364 16597  6.1  5.4  4.49  0.18  28.41  21.86  24.77  26.11  84     0   204  2.5
 10  3907 K4  1283  3511 K6  2311  1840 K4   383  7840 15690  5.5  4.8  3.00  0.14  26.21  18.83  22.42  23.95  75     9   139  3.8
 11  3491 K4  1028  4441 K6  2232  1318 K4   320  6406 14888  4.2  4.0  2.37  0.10  24.50  16.27  20.06  22.02  83     3    65  3.3
 12  3226 K4   726  4648 K6  1905  1156 K4   306  5697 14497  4.1  3.9  2.18  0.08  23.03  13.86  18.31  20.57  81    61    65  2.6
 13  4782 K4  1255  4605 K6   838  1902 K4   553  8875 16527  4.6  4.1  3.11  0.14  26.32  16.90  21.32  23.21  78   393  1595  3.0
 2002
  1  3162 K4  1144  4429 K6  2785  1124 K4   368  6123 14809  4.7  4.5  2.37  0.07  20.65  10.27  15.31  17.71  81   123    34  2.7
  2  3878 K4  1325  4329 K6  2496  1564 K4   350  7411 15596  5.2  4.7  2.24  0.08  20.43  10.35  15.56  17.59  74    94    11  3.3
  3  5277 K4  1563  5765 K6  2773  1765 K4   499  8984 16529  4.0  3.7  2.55  0.10  24.71  13.75  19.39  21.69  78    37    65  3.1
  4  6187 K4  1510  5654 K6  2395  2228 K4   451 10333 17427  4.0  3.8  3.26  0.14  27.65  18.34  22.99  24.83  76     1   141  2.9
  5  6497 K4  1345  5369 K6  2066  2560 K4   503 11135 18135  4.5  4.4  3.17  0.18  29.13  19.85  24.60  26.18  72     0   191  3.9
  6  4808 K4  1749  2977 K6  2209  2601 K4   419 11407 18453  6.8  6.1  4.75  0.20  29.44  22.56  25.41  26.41  83     0   230  2.4
  7  5962 K4  1252  4499 K6  1828  2581 K4   341 11216 18191  5.0  4.5  4.96  0.22  31.39  23.35  26.56  27.90  81     0   280  2.1
  8  5267 K4  1307  3976 K6  1974  2421 K4   375 10541 17480  5.4  4.9  4.80  0.21  30.85  23.34  26.52  27.86  80     0   272  2.5
  9  4950 K4   953  3984 K6  1751  2334 K4   357  9377 16604  5.4  4.9  4.86  0.18  30.77  23.85  27.07  28.59  79     0   269  3.0
 10  4521 K4   812  4671 K6  1686  1860 K4   372  7854 15700  4.3  4.0  3.99  0.14  28.79  20.66  24.32  26.24  82     0   198  2.5
 11  3641 K4   825  4574 K6  1985  1363 K4   397  6416 14897  4.7  4.3  2.63  0.10  23.28  12.20  17.68  19.96  76    64    46  2.9
 12  2916 K4  1138  4204 K6  2768  1028 K4   311  5699 14498  5.0  4.6  2.13  0.08  19.74   8.85  14.30  16.70  77   133     8  2.9
 13  4755 K4  1172  4536 K6   780  1952 K4   581  8875 16527  4.9  4.5  3.48  0.14  26.40  17.28  21.64  23.47  78   453  1747  2.8
 2003
  1  3732 K4   787  5827 K6  1918  1004 K4   266  6115 14803  3.3  3.1  1.52  0.07  17.16   5.23  11.02  13.76  71   221     0  3.4
  2  3711 K4  1441  4193 K6  3026  1448 K4   477  7398 15590  5.4  5.1  2.39  0.08  21.16  10.59  15.73  17.91  82    88    19  3.0
  3  4488 K4  1803  4096 K6  2865  1870 K4   501  8970 16520  5.9  5.6  3.15  0.10  24.90  16.40  20.12  21.63  83    16    88  3.0
  4  6428 K4   934  5914 K6  2000  2286 K4   567 10323 17420  4.0  3.6  2.67  0.14  25.88  15.52  20.80  22.88  73    18    89  3.1
  5  6796 K4  1121  5804 K6  1915  2513 K4   443 11130 18131  4.4  4.1  3.73  0.18  30.85  20.63  25.57  27.33  72     0   230  2.9
  6  5526 K4  1770  3899 K6  2421  2573 K4   419 11406 18451  6.0  5.2  4.71  0.20  30.32  22.25  25.77  27.11  81     0   239  2.4
  7  5764 K4  1392  4288 K6  1977  2547 K4   403 11219 18196  5.7  4.9  4.86  0.22  31.25  22.96  26.34  27.70  81     0   272  2.0
  8  5434 K4  1325  4413 K6  1976  2307 K4   353 10549 17489  4.7  4.2  5.05  0.21  30.43  23.24  26.29  27.62  83     0   264  2.2
  9  4436 K4  1482  3443 K6  2451  2176 K4   373  9389 16613  5.7  5.2  4.57  0.18  29.14  22.59  25.48  26.88  81     0   226  2.9
 10  3920 K4  1220  3767 K6  2400  1773 K4   393  7868 15713  4.9  4.6  3.44  0.14  27.56  19.59  23.52  25.32  82     0   163  2.9
 11  3565 K4   911  4588 K6  2145  1321 K4   346  6426 14903  4.5  4.3  2.92  0.10  25.69  16.76  20.96  22.98  80    19   105  3.0
 12  3207 K4   760  4710 K6  2165  1108 K4   348  5701 14501  4.7  4.4  1.84  0.08  20.15   8.99  14.67  17.28  75   124     8  3.2
 13  4751 K4  1201  4578 K6   840  1910 K4   574  8875 16527  4.9  4.5  3.40  0.14  26.21  17.06  21.36  23.20  79   486  1702  2.8
 2004
  1  3500 K4   940  5267 K6  2551  1060 K4   367  6107 14799  3.9  3.6  2.02  0.07  20.25   8.45  13.96  16.80  81   132     9  2.9
  2  3589 K4  1563  4037 K6  3133  1400 K4   440  7411 15597  6.6  6.0  2.49  0.08  19.80  10.88  15.38  17.02  79   100    13  3.4
  3  5345 K4  1450  5846 K6  2669  1717 K4   462  9008 16539  4.1  4.0  2.13  0.10  23.84  13.15  18.55  20.81  69    32    38  3.3
  4  6381 K4  1333  6150 K6  2589  2064 K4   618 10348 17436  3.7  3.5  2.14  0.14  25.29  13.32  19.52  22.03  67    26    55  3.2
  5  7024 K4  1267  6447 K6  2086  2329 K4   521 11142 18144  3.3  3.2  3.12  0.18  29.35  18.77  24.12  26.07  69     0   178  2.8
  6  6418 K4  1111  5341 K6  1761  2469 K4   389 11407 18450  4.5  4.0  4.79  0.20  31.93  22.45  26.48  28.15  77     0   266  2.4
  7  6194 K4  1385  4995 K6  2023  2384 K4   327 11209 18182  5.1  4.4  4.90  0.22  31.71  23.05  26.77  28.20  78     0   281  2.4
  8  4738 K4  1087  3109 K6  1577  2454 K4   363 10527 17469  5.9  5.3  5.24  0.21  31.43  23.85  26.84  28.09  81     0   289  2.6
  9  4473 K4  1558  3474 K6  2195  2110 K4   433  9356 16595  6.2  5.8  4.71  0.18  30.21  24.83  27.15  28.14  76     0   276  5.9
 10  4159 K4   991  4188 K6  2059  1792 K4   422  7830 15691  4.2  4.0  3.48  0.14  27.89  19.30  23.48  25.35  76     0   163  2.8
 11  3576 K4   866  4658 K6  2082  1299 K4   319  6398 14888  4.5  4.3  2.65  0.10  25.39  15.44  20.36  22.47  73     9    71  3.1
 12  2816 K4  1130  3990 K6  2760  1046 K4   321  5697 14498  5.5  5.2  2.31  0.08  20.01   9.68  14.66  16.84  74   131    23  3.1
 13  4851 K4  1394  4792 K6  1063  1844 K4   537  8870 16524  4.8  4.4  3.33  0.14  26.42  16.93  21.44  23.33  75   431  1662  3.2
 2005
  1  3618 K4   835  5474 K6  2133  1074 K4   361  6132 14815  4.9  4.8  2.31  0.07  20.83  10.70  15.40  17.56  77    97    17  3.3
  2  3854 K4  1367  4441 K6  2799  1436 K4   427  7426 15612  5.1  4.9  2.44  0.08  21.17  10.90  15.82  18.09  71    80    16  3.5
  3  4485 K4  2034  4626 K6  3509  1591 K4   489  8999 16538  5.0  4.6  2.36  0.10  21.98  11.61  16.82  18.67  67    83    35  3.6
  4  6480 K4  1146  6390 K6  2112  2039 K4   491 10344 17433  3.1  2.8  2.11  0.14  24.28  13.58  19.14  21.31  65    24    42  3.7
  5  6014 K4  2108  4949 K6  2869  2396 K4   577 11141 18145  4.4  4.1  3.30  0.18  26.69  18.40  22.64  23.98  73     3   133  2.8
  6  4739 K4  1709  2824 K6  2321  2655 K4   381 11408 18452  6.9  5.8  4.87  0.20  28.87  23.42  25.77  26.55  81     0   234  2.6
  7  6223 K4  1164  4997 K6  1752  2524 K4   378 11211 18184  4.4  3.7  4.93  0.22  31.70  24.50  27.87  29.06  77     0   303  2.3
  8  5893 K4   994  4880 K6  1499  2328 K4   275 10532 17469  4.3  3.7  5.21  0.21  32.53  24.48  27.90  29.34  77     0   316  2.0
  9  4753 K4  1558  4206 K6  2419  2051 K4   404  9363 16595  4.4  4.1  4.29  0.18  30.34  23.57  26.82  28.21  74     0   259  3.4
 10  3841 K4  1215  3549 K6  2300  1841 K4   439  7839 15688  5.5  5.3  3.77  0.14  27.16  20.14  23.35  24.73  75    11   176  3.4
 11  3533 K4  1012  4341 K6  2340  1356 K4   381  6405 14887  4.2  4.1  2.70  0.10  24.50  15.43  19.86  21.81  75    16    65  2.9
 12  2966 K4  1137  4378 K6  2677  1020 K4   330  5697 14497  4.4  4.1  2.16  0.08  19.53   9.19  14.24  16.54  73   127     4  3.5
 13  4700 K4  1194  4588 K6   898  1859 K4   562  8875 16526  4.7  4.3  3.37  0.14  25.80  17.16  21.30  22.99  74   440  1599  3.1
 2006
  1  3665 K4   731  5579 K6  2227  1068 K4   415  6124 14809  3.3  2.8  2.05  0.07  21.81  10.46  15.98  18.53  68    92    24  3.1
  2  3946 K4  1442  4976 K6  3023  1316 K4   477  7413 15598  3.6  3.1  1.97  0.08  20.59   8.73  14.46  17.00  69   117    14  3.4
  3  5930 K4   808  6936 K6  1948  1654 K4   591  8986 16531  2.1  1.8  2.06  0.10  23.80  11.94  17.92  20.31  64    53    39  3.4
  4  6590 K4   940  6465 K6  1904  2057 K4   502 10334 17428  3.0  2.4  2.50  0.14  27.98  16.90  22.25  24.47  64     1   124  3.9
  5  6596 K4  1516  5720 K6  2326  2384 K4   530 11136 18139  2.7  2.3  2.99  0.18  30.65  18.45  24.30  26.42  61     0   193  3.3
  6  6328 K4  1551  5209 K6  2170  2469 K4   427 11407 18452  3.5  3.1  4.13  0.20  31.00  22.03  26.18  27.64  70     0   246  3.0
  7  5952 K4  1492  4683 K6  2126  2471 K4   339 11215 18191  3.7  3.3  4.63  0.22  31.01  23.20  26.95  28.30  74     0   272  2.3
  8  5769 K4  1696  4885 K6  2349  2220 K4   373 10540 17478  2.9  2.6  4.92  0.21  32.19  23.30  27.32  28.93  73     0   292  2.5
  9  5149 K4   794  4606 K6  1525  2123 K4   364  9375 16604  3.2  2.5  4.33  0.18  30.69  21.86  25.83  27.86  73     0   238  2.3
 10  4633 K4   700  4886 K6  1762  1777 K4   441  7852 15698  3.1  2.9  3.16  0.14  27.80  16.92  22.46  24.87  66     7   132  2.9
 11  3422 K4  1031  4317 K6  2415  1316 K4   353  6415 14896  4.0  3.5  2.30  0.10  22.96  13.22  17.83  19.86  69    56    48  3.6
 12  2818 K4   823  3387 K6  2133  1309 K4   270  5699 14498  5.3  4.7  2.99  0.08  23.19  14.37  18.67  20.63  74    45    59  2.9
 13  5067 K4  1330  5137 K6   950  1847 K4   507  8875 16527  3.4  2.9  3.17  0.14  26.97  16.78  21.68  23.74  69   370  1681  3.0
 2007
  1  3132 K4  1105  4070 K6  2662  1229 K4   403  6116 14804  5.1  4.2  2.71  0.07  21.41  11.96  16.64  18.55  69    92    41  3.1
  2  4122 K4  1344  5120 K6  2845  1341 K4   430  7400 15590  3.4  3.0  2.05  0.08  20.54   8.99  14.79  17.19  65   113    13  2.9
  3  5504 K4  1421  6157 K6  2657  1650 K4   486  8972 16520  3.2  2.9  2.26  0.10  23.63  13.32  18.58  20.69  67    38    42  3.0
  4  6248 K4  1477  5927 K6  2339  2095 K4   510 10324 17421  3.1  2.6  2.37  0.14  26.01  14.29  20.22  22.40  60    19    73  3.3
  5  6525 K4  1199  5188 K6  1944  2650 K4   504 11131 18131  4.1  3.2  2.88  0.18  27.57  18.87  23.31  24.71  63     0   152  4.1
  6  6309 K4  1387  5118 K6  2292  2553 K4   400 11407 18452  3.4  2.9  4.18  0.20  31.14  22.35  26.55  28.10  68     0   252  2.7
  7  5356 K4  1271  3729 K6  1773  2515 K4   338 11219 18195  3.4  3.2  5.06  0.22  32.25  23.73  27.16  28.47  74     0   299  2.1
  8  6222 K4  1275  5484 K6  1874  2234 K4   351 10548 17489  2.2  1.9  4.73  0.21  33.10  24.44  28.49  30.21  71     0   324  2.0
  9  4856 K4  1207  4235 K6  1923  2074 K4   332  9387 16612  3.6  3.2  4.65  0.18  30.58  23.33  26.46  27.92  76     0   259  2.9
 10  3688 K4  1353  3258 K6  2158  1827 K4   396  7866 15713  5.3  4.2  4.39  0.14  28.58  22.44  25.26  26.56  74     0   223  3.8
 11  3727 K4  1030  5095 K6  2243  1205 K4   281  6425 14900  3.5  3.1  2.52  0.10  23.63  13.78  18.62  20.70  72    31    42  2.8
 12  3302 K4   602  4866 K6  1873  1148 K4   321  5701 14501  4.1  3.6  2.71  0.08  23.51  13.75  18.47  20.76  76    38    48  2.3
 13  4916 K4  1275  4854 K6   872  1877 K4   558  8875 16527  3.7  3.2  3.38  0.14  26.83  17.60  22.05  23.85  70   331  1768  2.9
 2008
  1  3169 K4  1009  4200 K6  2505  1217 K4   363  6108 14799  5.0  4.0  2.36  0.07  20.45  10.68  15.52  17.71  70   103    17  3.1
  2  4156 K4  1250  5041 K6  2814  1437 K4   532  7413 15598  3.8  3.4  2.28  0.08  23.34  11.74  17.51  19.87  69    62    40  2.7
  3  5211 K4  1435  5468 K6  2735  1810 K4   470  9010 16540  4.1  3.5  2.26  0.10  23.41  13.54  18.60  20.46  66    41    46  3.4
  4  6239 K4  1439  5829 K6  2463  2160 K4   498 10350 17437  3.7  2.8  2.57  0.14  25.76  15.39  20.62  22.60  67    17    85  3.2
  5  6733 K4  1317  5775 K6  2037  2490 K4   454 11142 18145  3.4  3.0  2.99  0.18  29.89  19.45  24.61  26.43  65     0   196  3.5
  6  6326 K4  1062  5010 K6  1793  2544 K4   386 11407 18450  3.0  2.8  4.38  0.20  31.79  21.97  26.12  27.81  73     0   256  2.1
  7  5683 K4  1203  3987 K6  1889  2627 K4   348 11209 18182  3.7  3.2  4.92  0.22  31.37  22.84  26.26  27.63  77     0   272  2.0
  8  4734 K4  1874  3450 K6  2566  2286 K4   441 10526 17469  4.2  3.4  5.15  0.21  30.81  23.64  26.87  28.15  77     0   276  3.1
  9  4972 K4  1249  4247 K6  2101  2177 K4   467  9354 16592  4.5  4.3  4.21  0.18  30.65  24.28  27.21  28.50  72     0   274  3.3
 10  4332 K4  1082  4624 K6  2137  1656 K4   417  7828 15691  4.3  3.8  3.05  0.14  27.14  19.24  23.08  24.82  66    15   166  3.7
 11  3596 K4   952  4860 K6  2289  1259 K4   383  6397 14887  3.4  3.0  2.08  0.10  22.44  12.05  16.92  19.33  70    69    37  3.0
 12  3311 K4   735  4989 K6  2051  1106 K4   318  5697 14498  4.4  3.8  2.24  0.08  23.19  12.97  17.78  19.93  75    55    47  2.5
 13  4872 K4  1207  4790 K6   725  1897 K4   554  8870 16524  4.0  3.4  3.21  0.14  26.69  17.31  21.76  23.60  71   363  1712  2.9
 2009
  1  3450 K4  1031  5069 K6  2668  1087 K4   420  6133 14817  2.9  2.6  1.90  0.07  20.52   8.08  14.18  17.02  71   137    12  2.7
  2  4484 K4  1149  5909 K6  2445  1253 K4   408  7428 15614  3.0  2.5  1.67  0.08  20.50   8.31  14.56  17.20  67   120    10  2.8
  3  5306 K4  1064  5790 K6  2256  1797 K4   559  9001 16540  3.4  2.7  2.33  0.10  24.58  12.70  18.71  20.99  71    41    50  3.1
  4  6278 K4  1735  6081 K6  2733  2021 K4   523 10346 17435  5.0  4.5  2.23  0.14  26.85  15.23  21.24  23.41  67    11    92  3.6
  5  5628 K4  1846  4356 K6  2416  2480 K4   469 11142 18145  6.6  5.5  3.81  0.18  28.96  20.38  24.44  25.79  78     0   197  2.8
  6  6290 K4  1618  5315 K6  2142  2392 K4   315 11408 18452  6.4  5.4  4.37  0.20  31.63  23.01  26.79  28.25  80     0   270  2.5
  7  5840 K4  1365  4328 K6  2009  2616 K4   377 11211 18184  6.8  5.6  4.80  0.22  31.43  22.95  26.58  27.98  82     0   275  2.2
  8  5813 K4  1050  4766 K6  1603  2340 K4   333 10530 17467  6.6  5.1  4.90  0.21  31.72  23.77  27.20  28.64  82     0   292  1.9
  9  4859 K4  1011  4125 K6  1814  2195 K4   321  9361 16595  6.7  6.1  4.60  0.18  30.36  23.22  26.46  27.99  81     0   254  2.3
 10  4319 K4   847  4257 K6  1735  1884 K4   330  7837 15688  6.1  5.3  4.03  0.14  29.32  20.02  24.50  26.57  78     9   206  2.5
 11  3338 K4  1082  3969 K6  2386  1362 K4   383  6404 14885  7.0  6.3  2.66  0.10  24.34  15.35  19.63  21.52  76    24    70  3.1
 12  2568 K4  1050  3116 K6  2571  1206 K4   331  5697 14498  7.8  7.1  2.84  0.08  21.28  12.50  16.69  18.39  79    91    47  3.0
 13  4848 K4  1232  4757 K6   898  1886 K4   543  8875 16527  5.7  4.9  3.35  0.14  26.79  17.13  21.75  23.65  76   433  1773  2.7
 2010
  1  3217 K4  1233  4834 K6  3085   998 K4   402  6125 14809  5.2  4.5  1.63  0.07  17.68   6.79  12.00  14.34  66   203    14  3.2
  2  3903 K4  1598  4918 K6  3170  1242 K4   420  7415 15599  5.8  5.1  1.62  0.08  17.01   6.43  11.45  13.56  69   187     2  3.3
  3  4914 K4  1794  5361 K6  3182  1631 K4   522  8988 16532  5.6  4.9  1.72  0.10  20.47  10.40  15.25  17.32  70    96     7  3.3
  4  6082 K4  1530  5881 K6  2713  2033 K4   590 10336 17429  5.4  4.5  2.32  0.14  25.77  15.87  20.90  22.90  73     0    75  3.0
  5  6662 K4  1396  6093 K6  2115  2245 K4   426 11137 18139  5.2  4.6  3.67  0.18  29.54  21.15  25.19  26.64  76     0   217  2.8
  6  6713 K4  1267  5945 K6  2091  2269 K4   366 11407 18451  5.7  4.7  4.61  0.20  32.13  23.45  27.40  28.95  77     0   284  2.1
  7  6174 K4  1649  5162 K6  2351  2377 K4   395 11215 18188  5.8  4.7  4.78  0.22  32.53  24.17  27.99  29.44  78     0   311  2.3
  8  5457 K4  1365  4327 K6  1955  2354 K4   255 10539 17476  6.5  5.1  5.39  0.21  31.23  24.74  27.62  28.77  80     0   299  2.4
  9  5077 K4  1248  4609 K6  1996  2049 K4   361  9373 16602  4.6  3.5  4.27  0.18  30.65  24.28  27.21  28.50  72     0   274  2.8
 10  4906 K4   755  6013 K6  1557  1495 K4   370  7851 15697  4.9  4.0  2.61  0.14  27.14  19.24  23.08  24.82  66    15   166  2.9
 11  3514 K4  1091  4760 K6  2451  1221 K4   288  6414 14895  5.9  4.7  2.32  0.10  22.44  12.05  16.92  19.31  70    69    37  1.8
 12  3271 K4   935  5358 K6  2365   895 K4   275  5699 14498  5.3  4.3  1.30  0.08  23.19  12.97  17.78  19.93  75    55    47  2.3
 13  4991 K4  1281  5272 K6   602  1734 K4   552  8875 16526  5.5  4.5  3.02  0.14  25.82  16.79  21.07  22.87  73   626  1733  2.7
