722068 JACKSONVILLE/CRAIG     FL  -5  N30 20  W081 31    12  1012
 1991-2010
 MO AVGLO FL SDGLO AVDIR FL SDDIR AVDIF FL SDDIF AVETR AETRN  TOT  OPQ   H2O   TAU  MAX_T  MIN_T  AVG_T  AVGDT  RH  HTDD  CLDD AVWS
  1  2907 K6   416  3800 K7  1063  1168 K6    74  5931 14693  4.6  4.4  1.95  0.08  17.97   7.32  12.43  14.63  75   185     9  3.4
  2  3655 K6   470  4196 K7  1061  1424 K6   118  7249 15535  4.5  4.2  1.93  0.09  19.13   8.36  13.60  15.78  74   139     9  3.5
  3  4739 K6   507  4712 K7   975  1839 K6   135  8877 16524  4.0  3.6  2.10  0.11  22.06  11.22  16.60  18.62  72    80    28  3.7
  4  5843 K6   409  5244 K7   701  2217 K6   134 10288 17478  3.5  3.1  2.35  0.15  25.14  14.17  19.69  21.79  71    27    67  3.5
  5  6319 K6   462  5146 K7   752  2549 K6   141 11145 18236  3.5  3.2  3.11  0.19  28.79  18.44  23.54  25.31  73     2   165  3.3
  6  5900 K6   603  4199 K7   943  2766 K6   225 11443 18571  4.5  3.7  4.25  0.21  31.13  21.89  26.06  27.58  78     0   245  3.0
  7  6081 K6   381  4556 K7   542  2684 K6   166 11236 18297  3.8  2.9  4.66  0.22  32.47  23.12  27.23  28.79  78     0   293  2.8
  8  5493 K6   372  4071 K7   595  2548 K6   188 10511 17545  4.1  3.3  4.77  0.21  31.61  23.18  26.92  28.46  80     0   281  2.7
  9  4522 K6   369  3542 K7   641  2213 K6   125  9283 16617  4.9  4.3  4.27  0.19  29.55  21.95  25.42  27.03  81     0   223  3.1
 10  3866 K6   415  3705 K7   868  1754 K6   106  7704 15655  4.5  4.1  3.17  0.15  26.14  17.73  21.71  23.51  79    10   122  3.1
 11  3159 K6   354  3753 K7   914  1328 K6   114  6232 14798  4.3  4.0  2.38  0.11  22.06  12.13  16.93  19.02  79    71    35  3.2
 12  2671 K6   312  3599 K7   846  1097 K6    86  5505 14374  4.9  4.6  2.09  0.09  18.74   8.74  13.49  15.64  79   155    12  3.2
 13  4596 K6   232  4210 K7   560  1966 K6   101  8784 16527  4.3  3.8  3.09  0.15  25.40  15.69  20.30  22.18  76   669  1489  3.2
 1991
  1  2049 J8  1010  1808 J8  2016  1188 J8   281  5924 14687  7.6  7.3  2.48  0.07  17.62   8.87  13.12  14.88  88   168    10  3.7
  2  3501 J8  1294  4005 J8  2825  1354 J8   354  7231 15522  5.4  4.9  2.15  0.08  19.45   9.09  14.12  16.37  75   121     7  3.8
  3  4260 J8  1618  3941 J8  3015  1825 J8   474  8852 16508  5.6  4.8  2.37  0.10  22.73  11.58  17.01  18.87  76    74    37  4.3
  4  5139 J8  1555  4020 J8  2771  2314 J8   663 10270 17461  5.8  5.0  2.97  0.14  25.98  16.63  20.96  22.79  86     9    98  3.2
  5  5889 J8  1409  4446 J8  2469  2667 J8   524 11136 18226  5.6  4.7  3.89  0.18  29.65  20.70  24.95  26.50  83     0   212  3.3
  6  5726 J8  1516  3799 J8  2128  2861 J8   476 11442 18571  5.7  5.1  4.35  0.20  31.06  21.76  25.96  27.53  81     0   242  3.1
  7  6142 J8   922  4196 J8  1681  2959 J8   516 11243 18306  6.4  4.8  4.88  0.22  33.76  23.94  27.90  29.56  79     0   326  3.0
  8  5713 J8   876  3871 J8  1710  2887 J8   528 10527 17560  5.6  4.2  4.75  0.25  32.45  23.79  27.35  28.97  81     0   303  2.8
  9  4703 J8  1327  3629 J8  2135  2309 J8   420  9306 16632  5.2  4.2  4.10  0.26  29.20  21.45  25.06  26.74  84     0   210  3.1
 10  3521 J8  1337  2837 J8  2340  1834 J8   428  7729 15671  5.1  4.7  3.10  0.25  25.22  16.21  20.67  22.63  84    15    89  3.3
 11  2707 J8   705  2031 J8  1500  1648 J8   249  6250 14811  5.8  5.2  2.34  0.24  19.38   9.59  14.37  16.37  81   133    18  3.3
 12  2185 J8   866  1904 J8  1507  1283 J8   285  5508 14375  5.8  5.1  2.47  0.24  19.26   8.84  14.03  16.22  84   151    18  3.5
 13  4295 J8  1481  3374 J8   961  2094 J8   657  8785 16528  5.8  5.0  3.32  0.19  25.48  16.04  20.46  22.29  82   671  1572  3.4
 1992
  1  2399 J8   971  2026 J8  1767  1384 J8   306  5916 14683  6.0  5.7  2.10  0.25  16.77   6.65  11.43  13.44  76   208     3  3.5
  2  2656 J8  1272  1653 J8  1965  1707 J8   404  7245 15529  7.2  6.6  2.29  0.27  19.14   9.40  13.95  15.90  83   129    12  3.4
  3  4227 J8  1409  3093 J8  2303  2183 J8   372  8891 16530  5.5  4.8  1.89  0.28  21.78   9.77  15.61  17.77  72    95    15  3.4
  4  5370 J8  1608  3859 J8  2462  2602 J8   520 10297 17482  4.8  4.1  2.33  0.30  23.17  12.49  17.93  19.92  74    56    41  3.4
  5  5884 J8  1606  3937 J8  2205  2935 J8   531 11149 18239  4.3  3.7  2.73  0.32  26.83  16.00  21.26  23.19  76    12   107  3.4
  6  6271 J8  1124  4012 J8  1490  3204 J8   409 11443 18572  6.1  4.6  4.30  0.32  30.51  21.69  25.36  26.74  83     0   233  3.3
  7  6587 J8   784  4814 J8  1613  2953 J8   617 11232 18295  4.1  3.0  4.18  0.32  33.27  22.61  27.41  29.21  76     0   298  3.2
  8  5264 J8  1170  3129 J8  1696  2966 J8   446 10503 17536  6.1  5.0  4.67  0.30  30.93  22.48  26.03  27.62  85     0   260  2.7
  9  4161 J8  1292  2488 J8  1801  2495 J8   557  9271 16611  6.2  5.3  4.54  0.26  28.76  22.02  25.01  26.41  89     0   212  3.0
 10  3683 J8  1193  3226 J8  2369  1805 J8   443  7690 15652  4.9  4.2  2.86  0.21  25.01  15.76  20.00  22.05  85     8    72  3.1
 11  2446 J8   929  1943 J8  1835  1473 J8   336  6221 14794  6.8  6.2  3.01  0.17  22.26  14.03  17.83  19.40  85    75    69  3.9
 12  2163 J8   922  2230 J8  1942  1152 J8   246  5504 14373  6.2  5.7  2.47  0.14  17.99   8.96  13.45  15.43  87   159     9  3.4
 13  4259 J8  1607  3034 J8   988  2238 J8   715  8780 16525  5.7  4.9  3.11  0.26  24.70  15.16  19.61  21.42  81   742  1330  3.3
 1993
  1  1988 J8  1041  1537 J8  2027  1249 J8   297  5941 14701  7.4  7.0  2.54  0.12  19.78  10.99  14.97  16.87  87   114    23  3.5
  2  3058 J8  1253  2605 J8  2401  1629 J8   426  7260 15546  6.1  5.4  1.70  0.12  16.84   6.94  11.94  13.75  78   180     0  3.7
  3  4085 J8  1738  3432 J8  2873  1927 J8   454  8882 16528  5.9  5.3  2.04  0.14  20.74  10.51  15.36  16.93  74   102    18  4.4
  4  5806 J8  1567  5041 J8  2688  2310 J8   514 10292 17486  3.9  3.3  1.69  0.18  23.18  11.71  17.64  19.85  71    55    28  4.0
  5  5952 J8  1735  4673 J8  2782  2578 J8   606 11148 18240  4.6  4.0  2.80  0.21  27.50  17.06  22.34  24.22  77     1   123  3.1
  6  6679 J8   932  5136 J8  1843  2803 J8   581 11444 18572  4.6  3.8  3.78  0.23  31.59  21.23  26.03  27.85  79     0   242  3.2
  7  6593 J8  1086  5250 J8  2097  2702 J8   648 11235 18294  4.5  3.3  4.67  0.24  33.77  23.03  27.76  29.60  79     0   312  2.9
  8  5878 J8  1108  4525 J8  1740  2547 J8   386 10508 17543  5.1  3.9  4.24  0.23  32.55  22.58  27.09  28.92  82     0   286  2.8
  9  5213 J8   817  4604 J8  1814  2200 J8   477  9279 16612  4.2  3.6  4.22  0.20  30.85  21.19  25.48  27.79  84     0   231  2.7
 10  3355 J8  1334  2729 J8  2166  1732 J8   375  7699 15650  6.2  5.5  3.50  0.16  25.55  17.34  20.98  22.58  88     7   104  3.2
 11  2720 J8  1098  2796 J8  2463  1339 J8   414  6228 14794  6.0  5.7  2.81  0.12  21.08  12.14  16.60  18.22  83    80    29  3.8
 12  2435 J8   985  2965 J8  2486  1115 J8   279  5504 14373  5.6  5.0  1.93  0.09  16.28   6.10  10.98  13.00  79   223     1  3.5
 13  4480 J8  1723  3774 J8  1239  2011 J8   596  8785 16528  5.3  4.6  2.99  0.17  24.98  15.07  19.76  21.63  80   762  1398  3.4
 1994
  1  2429 J8  1096  2719 J8  2868  1180 J8   351  5933 14695  6.4  5.7  2.09  0.08  16.03   6.39  11.08  12.98  82   224     3  3.9
  2  3143 J8   998  2937 J8  2294  1525 J8   394  7247 15533  6.3  5.7  2.18  0.09  20.10  10.22  14.86  16.83  81   107    18  3.7
  3  4535 J8  1257  4109 J8  2674  1984 J8   641  8868 16519  4.8  4.2  2.14  0.11  23.08  11.18  17.14  19.39  74    67    30  4.3
  4  5636 J8  1280  5036 J8  2450  2222 J8   563 10282 17476  4.5  3.8  2.73  0.15  25.68  15.31  20.45  22.72  79    12    77  3.2
  5  6104 J8  1582  4932 J8  2639  2495 J8   587 11142 18233  5.0  4.2  3.22  0.19  28.65  17.63  22.96  24.87  75     1   150  3.3
  6  6283 J8  1125  4268 J8  1945  2974 J8   629 11443 18569  7.2  5.1  4.48  0.21  31.03  21.61  25.56  27.10  83     0   240  2.9
  7  6089 J8  1323  4401 J8  2298  2826 J8   659 11239 18299  5.1  4.1  4.46  0.22  31.29  21.45  25.57  27.23  83     0   249  2.8
  8  5777 J8   806  4277 J8  1638  2709 J8   542 10517 17552  5.2  4.0  4.44  0.21  30.41  22.01  25.73  27.39  82     0   244  3.2
  9  4461 J8  1285  3211 J8  1994  2311 J8   353  9291 16622  6.2  5.3  4.09  0.18  28.73  20.38  24.12  25.86  83     0   187  3.0
 10  3346 J8  1371  2801 J8  2368  1679 J8   435  7713 15659  6.3  5.5  3.41  0.14  25.30  18.14  21.43  22.91  85     2   107  3.4
 11  2514 J8  1183  2521 J8  2150  1296 J8   332  6239 14803  5.9  5.2  2.82  0.11  23.05  15.02  18.86  20.51  84    32    53  3.7
 12  2222 J8  1010  2568 J8  2318  1073 J8   302  5506 14376  6.9  6.1  2.21  0.08  18.17  10.82  14.09  15.52  85   134    16  4.0
 13  4378 J8  1585  3648 J8   946  2023 J8   666  8785 16528  5.8  4.9  3.19  0.15  25.13  15.85  20.15  21.94  81   579  1374  3.4
 1995
  1  2684 J8  1071  3030 J8  2681  1232 J8   371  5925 14689  5.8  5.3  1.76  0.07  16.77   6.54  11.59  13.70  75   207     0  3.7
  2  3733 J8  1252  4512 J8  3045  1338 J8   500  7233 15524  5.4  4.4  1.88  0.08  18.19   7.63  12.58  14.45  71   159     7  4.4
  3  4516 J8  1297  4277 J8  2622  1877 J8   564  8854 16509  5.0  4.3  2.33  0.10  21.72  12.27  16.99  18.72  78    61    20  4.3
  4  5653 J8  1453  5079 J8  2784  2148 J8   689 10271 17462  4.5  3.7  2.46  0.14  25.38  14.01  19.84  22.12  75    24    65  3.4
  5  5776 J8  1351  4275 J8  2153  2683 J8   507 11136 18228  4.6  4.0  3.22  0.18  29.60  18.90  24.23  26.10  76     0   183  3.8
  6  6029 J8  1299  3879 J8  1983  3115 J8   477 11442 18570  5.7  4.7  3.88  0.20  30.25  21.16  25.17  26.66  80     0   221  3.4
  7  6359 J8   924  4708 J8  1735  2862 J8   496 11243 18306  5.0  3.7  4.46  0.22  32.13  22.68  26.98  28.63  80     0   281  2.9
  8  5376 J8  1481  3773 J8  2134  2685 J8   387 10525 17558  5.4  4.4  4.79  0.21  30.82  23.58  27.04  28.32  82     0   275  3.9
  9  4298 J8  1300  2914 J8  1980  2338 J8   486  9304 16631  6.3  5.5  4.39  0.18  28.63  21.76  24.79  26.14  86     0   206  3.3
 10  3293 J8   969  2450 J8  1973  1905 J8   421  7727 15668  6.3  5.8  3.78  0.14  26.81  19.15  22.87  24.39  81     9   154  3.6
 11  3331 J8   879  4154 J8  2408  1261 J8   410  6249 14810  4.4  3.7  2.37  0.10  20.47   8.98  14.71  17.07  77   129    21  3.4
 12  2756 J8   899  3835 J8  2480  1047 J8   351  5508 14375  5.3  4.5  2.23  0.08  16.98   6.94  11.48  13.65  76   202     5  3.3
 13  4484 J8  1325  3907 J8   775  2041 J8   710  8785 16527  5.3  4.5  3.13  0.14  24.81  15.30  19.86  21.66  78   793  1439  3.6
 1996
  1  2879 J8   922  3757 J8  2492  1193 J8   385  5917 14683  4.8  4.5  1.78  0.07  17.48   5.12  11.34  13.60  77   222     4  4.1
  2  3587 J8  1342  4303 J8  3172  1367 J8   467  7247 15529  4.4  4.2  1.82  0.08  19.85   7.20  13.36  15.80  71   155    16  4.2
  3  4100 J8  1789  3921 J8  3346  1697 J8   506  8893 16532  4.8  4.6  2.01  0.10  19.57   8.23  13.87  15.96  72   153    15  4.4
  4  5206 J8  1589  4427 J8  2643  2194 J8   513 10298 17483  4.2  3.8  2.19  0.14  24.69  11.78  18.33  20.72  73    52    49  3.9
  5  5887 J8  1374  4446 J8  2469  2691 J8   589 11149 18240  3.9  3.8  3.13  0.18  29.16  18.44  23.66  25.62  77     3   173  3.3
  6  4744 J8  1398  2643 J8  2411  2899 J8   517 11443 18572  6.3  5.9  4.12  0.20  30.21  21.05  25.11  26.70  81     0   219  2.5
  7  6451 J8   772  5151 J8  1298  2807 J8   399 11232 18294  6.9  2.0  4.24  0.22  32.24  23.22  27.35  28.88  77     0   291  4.2
  8  5428 J8  1293  3906 J8  2029  2705 J8   502 10502 17535  6.3  3.4  4.46  0.21  30.43  21.90  25.61  27.31  83     0   243  2.9
  9  4381 J8  1034  3112 J8  1918  2416 J8   419  9269 16610  5.3  4.4  3.96  0.18  30.08  20.64  24.80  26.92  81     0   211  3.3
 10  3553 J8  1073  3139 J8  2301  1798 J8   408  7688 15651  5.0  4.7  3.21  0.14  25.44  17.41  21.14  22.86  81    11   107  3.8
 11  2673 J8   849  2533 J8  2237  1478 J8   354  6220 14793  5.6  5.2  2.40  0.10  21.00  11.66  16.35  18.13  83    83    23  4.6
 12  2536 J8  1018  3401 J8  2838  1049 J8   330  5504 14373  5.1  4.9  2.05  0.08  18.28   8.65  12.87  15.11  84   153     2  3.6
 13  4285 J8  1291  3728 J8   790  2024 J8   674  8780 16525  5.2  4.3  2.95  0.14  24.87  14.61  19.48  21.47  78   831  1353  3.7
 1997
  1  2723 J8  1095  3399 J8  2803  1147 J8   354  5942 14703  5.4  5.2  2.06  0.07  17.99   8.02  12.60  14.77  78   172     7  4.1
  2  3112 J8  1069  2989 J8  2319  1588 J8   338  7262 15546  5.9  5.6  2.33  0.08  20.56  10.84  15.45  17.60  82    98    24  4.1
  3  4188 J7  1342  3500 J8  2703  2052 J7   476  8884 16528  5.5  5.0  2.67  0.10  24.59  15.19  19.64  21.46  77    19    68  4.6
  4  4990 J7  1458  4044 J8  2758  2335 J7   605 10294 17487  5.3  4.7  2.59  0.14  24.13  13.88  19.02  20.81  71    29    49  4.7
  5  5565 J7  1509  4021 J8  2493  2706 J7   517 11148 18241  5.3  4.8  3.36  0.18  27.33  17.95  22.43  24.00  75     1   134  4.2
  6  4768 J7  1237  2264 J8  1556  3167 J7   516 11444 18572  7.7  6.6  3.87  0.20  28.81  20.71  24.20  25.55  84     0   193  3.9
  7  5670 J7   964  3835 J8  1676  2935 J7   442 11234 18294  5.4  4.6  4.46  0.22  32.09  22.43  26.39  28.04  81     0   277  3.4
  8  4925 J7   945  3082 J8  1874  2830 J7   532 10507 17541  6.3  5.2  4.53  0.21  30.89  22.72  26.27  27.79  81     0   263  3.4
  9  4689 J7  1284  3869 J8  2429  2227 J7   557  9277 16610  4.2  3.6  4.07  0.18  29.78  21.76  25.27  27.03  83     0   223  3.2
 10  3559 J7  1168  2908 J8  2111  1902 J7   507  7698 15648  5.2  4.6  2.96  0.14  25.35  17.08  21.04  22.79  81    13   102  3.7
 11  3101 J7   981  3794 J8  2410  1272 J7   330  6227 14794  4.0  3.6  2.53  0.10  20.81  11.04  15.96  17.87  80    90    18  3.5
 12  2325 J7  1153  3069 J8  2943   957 J7   280  5504 14373  5.8  5.5  2.51  0.08  17.78   8.71  13.07  14.81  82   167     9  3.3
 13  4135 J7  1136  3398 J8   547  2093 J7   739  8785 16528  5.5  4.9  3.16  0.14  25.01  15.86  20.11  21.88  80   589  1368  3.8
 1998
  1  3139 K4  1024  4133 K6  2502  1239 K4   415  5934 14697  4.5  4.1  2.01  0.07  19.12   9.44  14.19  16.23  81   139    14  3.4
  2  3809 K4  1568  4646 K6  3292  1290 K4   509  7248 15538  4.7  4.5  1.78  0.08  19.13   9.94  14.33  16.09  75   114     8  4.3
  3  5334 K4  1539  6031 K6  2925  1670 K4   594  8870 16522  3.2  2.9  1.89  0.10  20.26   9.65  14.97  17.03  70   127    23  3.5
  4  5905 K4  1516  5199 K6  2710  2378 K4   601 10283 17477  4.0  3.6  2.34  0.14  25.03  14.43  19.79  21.93  72    24    67  3.8
  5  6755 K4  1472  5806 K6  2528  2437 K4   573 11143 18233  2.7  2.2  3.00  0.18  30.36  19.50  24.66  26.53  72     0   205  3.1
  6  7285 K4   525  6404 K6  1211  2418 K4   346 11443 18569  2.3  1.6  3.75  0.20  35.57  23.38  29.00  31.07  67     0   334  3.7
  7  5901 K4  1376  4261 K6  1790  2674 K4   364 11238 18299  4.6  3.6  5.07  0.22  33.29  23.93  27.97  29.51  81     0   319  2.9
  8  5270 K4  1339  3854 K6  1929  2512 K4   395 10516 17550  4.6  3.6  4.67  0.21  30.96  23.10  26.60  28.01  85     0   270  2.4
  9  3959 K4  1402  2549 K6  2095  2274 K4   422  9290 16621  6.0  4.9  4.72  0.18  29.13  22.77  25.75  27.02  83     0   229  3.0
 10  4150 K4   969  4272 K6  2043  1776 K4   395  7711 15658  3.8  3.5  2.88  0.14  27.16  18.78  22.71  24.70  80     1   145  2.6
 11  3237 K4   967  3708 K6  2268  1419 K4   353  6237 14802  5.1  4.4  2.67  0.10  24.58  15.27  19.59  21.78  83    17    65  2.1
 12  2637 K4  1062  3569 K6  2650  1101 K4   324  5506 14376  5.7  5.5  2.29  0.08  21.15  11.55  15.96  18.21  84    91    30  2.6
 13  4782 K4  1505  4536 K6  1133  1932 K4   575  8785 16528  4.3  3.7  3.09  0.14  26.31  16.81  21.29  23.18  78   515  1707  3.1
 1999
  1  3347 K4   836  4859 K6  2357  1137 K4   379  5926 14689  3.8  3.6  1.80  0.07  20.05   8.13  13.97  16.82  80   139     8  2.8
  2  4150 K4  1228  5243 K6  2581  1351 K4   387  7235 15524  3.4  3.1  1.72  0.08  20.50   9.61  14.86  17.36  75   103    11  3.1
  3  5476 K4  1345  6249 K6  2692  1641 K4   578  8856 16510  2.1  1.8  1.48  0.10  21.16   9.29  15.45  17.80  65   100     4  3.5
  4  5794 K4  1908  5260 K6  2934  2101 K4   467 10273 17464  3.0  2.9  2.43  0.14  26.70  16.47  21.29  23.19  72    21   118  3.7
  5  6420 K4  1558  5319 K6  2375  2507 K4   473 11137 18229  3.2  3.0  2.65  0.18  27.35  17.39  22.38  24.15  72     7   133  3.3
  6  5286 K4  1697  3318 K6  2234  2795 K4   445 11442 18570  5.2  4.6  4.40  0.20  29.44  21.60  25.06  26.33  81     0   216  3.2
  7  6581 K4   653  5227 K6  1206  2679 K4   329 11242 18304  2.3  2.0  4.30  0.22  32.74  23.29  27.66  29.33  76     0   300  2.4
  8  5856 K4  1106  4693 K6  1700  2431 K4   332 10524 17557  2.2  2.0  4.74  0.21  32.55  23.48  27.52  29.12  77     0   300  2.8
  9  4130 K4  1895  3228 K6  2635  2007 K4   481  9302 16631  4.7  4.4  4.06  0.18  28.73  21.18  24.78  26.32  80     0   199  3.2
 10  4122 K4  1287  4255 K6  2246  1708 K4   399  7725 15667  4.0  3.6  3.01  0.14  25.82  18.14  21.73  23.45  79    11   124  3.3
 11  3602 K4   865  4758 K6  2081  1286 K4   309  6248 14807  3.1  3.0  1.98  0.10  22.58  12.30  17.23  19.64  78    51    24  2.9
 12  2931 K4   948  4262 K6  2556  1094 K4   336  5508 14374  4.2  3.9  1.95  0.08  18.92   8.42  13.54  15.92  75   149     4  2.8
 13  4808 K4  1242  4723 K6   861  1895 K4   612  8785 16527  3.4  3.2  2.88  0.14  25.55  15.77  20.46  22.45  76   581  1441  3.1
 2000
  1  3102 K4   995  4362 K6  2540  1155 K4   345  5918 14683  4.1  3.9  1.57  0.07  18.46   7.35  12.65  15.01  74   173     4  3.4
  2  4524 K4   987  6030 K6  2234  1327 K4   407  7248 15530  2.5  2.2  1.51  0.08  20.31   7.73  13.71  16.40  74   129     4  2.9
  3  5037 K4  1520  5289 K6  2926  1801 K4   502  8895 16534  3.3  3.1  1.85  0.10  24.10  12.58  18.24  20.45  74    33    33  3.5
  4  6263 K4  1636  5998 K6  2583  2076 K4   511 10300 17485  2.8  2.5  1.96  0.14  24.50  12.73  18.60  20.78  71    32    40  3.6
  5  7081 K4   919  6324 K6  1689  2418 K4   473 11150 18240  2.5  2.2  2.88  0.18  30.16  18.71  24.36  26.37  71     0   189  3.3
  6  5844 K4  1258  4359 K6  1967  2685 K4   348 11443 18571  3.9  2.9  4.19  0.20  31.03  21.00  25.80  27.52  77     0   231  2.7
  7  6166 K4  1381  4900 K6  1872  2480 K4   339 11231 18291  3.5  2.8  4.61  0.22  32.71  22.35  27.12  28.80  76     0   285  3.1
  8  6030 K4   818  4897 K6  1486  2478 K4   371 10501 17534  3.1  2.6  4.48  0.21  32.13  22.38  26.82  28.64  78     0   277  2.5
  9  3996 K4  1492  2848 K6  1985  2123 K4   401  9268 16608  5.8  5.2  4.53  0.18  29.10  22.17  25.37  26.71  82     0   219  3.0
 10  4378 K4  1035  4858 K6  2142  1638 K4   359  7686 15648  3.0  2.8  2.31  0.14  25.13  15.39  20.02  22.36  75    12    71  3.0
 11  3379 K4  1099  4338 K6  2404  1231 K4   316  6219 14791  3.6  3.0  2.11  0.10  21.50  10.15  15.52  18.01  75   102    27  2.7
 12  2904 K4   953  4125 K6  2432  1088 K4   309  5503 14373  4.7  4.6  1.55  0.08  16.21   5.51  10.40  12.66  77   238     6  3.3
 13  4892 K4  1387  4860 K6   970  1875 K4   580  8780 16524  3.6  3.2  2.79  0.14  25.45  14.84  19.88  21.98  75   717  1387  3.1
 2001
  1  3266 K4   962  4786 K6  2391  1101 K4   305  5943 14703  3.9  3.5  1.46  0.07  16.90   4.60  10.23  12.89  71   239     4  3.0
  2  3621 K4  1485  4006 K6  3104  1462 K4   439  7264 15546  5.3  5.0  2.22  0.08  21.39  11.18  16.01  18.26  80    83    26  2.9
  3  4529 K4  1594  4337 K6  2826  1875 K4   522  8886 16531  4.7  4.2  2.02  0.10  21.68  11.72  16.50  18.27  69    85    35  4.1
  4  6252 K4  1420  5765 K6  2484  2225 K4   579 10295 17487  3.0  2.5  2.19  0.14  25.91  13.86  19.90  22.39  67    24    71  3.3
  5  6798 K4  1246  5850 K6  1969  2458 K4   401 11149 18241  2.5  2.3  2.75  0.18  29.07  17.40  23.09  25.05  75     0   152  3.3
  6  5705 K4  1521  3977 K6  1954  2737 K4   328 11444 18572  4.3  3.3  4.06  0.20  31.00  21.83  25.78  27.21  82     0   243  3.0
  7  6025 K4   921  4310 K6  1453  2733 K4   294 11234 18293  4.5  3.7  4.77  0.22  31.52  23.38  26.94  28.28  81     0   283  3.2
  8  5925 K4  1050  4846 K6  1636  2400 K4   364 10506 17540  3.4  2.8  4.62  0.21  31.68  22.71  26.77  28.51  83     0   275  2.8
  9  4410 K4  1365  3381 K6  2071  2167 K4   373  9275 16610  5.3  4.6  4.17  0.18  27.80  20.86  23.80  25.17  85     0   180  3.3
 10  4148 K4  1047  4031 K6  2114  1838 K4   411  7696 15648  4.0  3.6  2.51  0.14  25.19  16.47  20.67  22.49  76    27   105  3.8
 11  3401 K4   968  4305 K6  2250  1316 K4   368  6226 14793  3.4  3.1  2.16  0.10  23.70  14.19  18.59  20.81  81    25    43  3.3
 12  2791 K4   865  3685 K6  2321  1198 K4   291  5504 14373  4.5  4.4  1.97  0.08  21.13  12.19  16.42  18.40  78    93    41  3.1
 13  4739 K4  1349  4440 K6   759  1959 K4   585  8785 16528  4.1  3.6  2.91  0.14  25.58  15.87  20.39  22.31  77   576  1456  3.2
 2002
  1  2958 K4  1156  3977 K6  2709  1127 K4   378  5935 14697  4.8  4.6  2.24  0.07  19.40   8.54  13.58  15.53  78   151    16  3.3
  2  3815 K4  1499  4568 K6  3052  1383 K4   408  7250 15541  4.6  4.1  1.88  0.08  18.61   8.67  13.52  15.27  72   136     4  3.5
  3  5339 K4  1415  5724 K6  2505  1792 K4   474  8872 16522  3.2  3.0  2.37  0.10  23.46  12.31  17.97  20.16  76    65    52  3.3
  4  5956 K4  1506  5273 K6  2640  2315 K4   475 10285 17477  3.8  3.6  3.20  0.14  26.70  17.73  22.23  23.91  76     7   124  3.2
  5  6606 K4  1481  5625 K6  2046  2471 K4   444 11143 18233  3.3  3.2  3.00  0.18  28.11  18.39  23.39  24.95  75     1   154  3.6
  6  5476 K4  1626  3536 K6  2181  2772 K4   528 11443 18569  6.0  5.2  4.53  0.20  30.31  21.88  25.83  27.16  80     0   233  2.9
  7  6169 K4   865  4660 K6  1362  2668 K4   341 11238 18298  3.3  2.9  4.89  0.22  32.23  22.55  26.81  28.52  79     0   281  2.4
  8  5319 K4  1438  4058 K6  1989  2374 K4   347 10514 17549  4.4  3.9  4.75  0.21  30.71  22.25  26.16  27.66  81     0   253  2.4
  9  4877 K4  1220  4038 K6  2043  2254 K4   428  9288 16619  4.7  4.2  4.70  0.18  30.23  23.29  26.54  28.03  82     0   253  3.1
 10  4130 K4  1115  4078 K6  2102  1799 K4   357  7710 15656  4.6  4.3  3.94  0.14  27.18  19.75  23.02  24.64  85     1   160  2.3
 11  3267 K4  1064  4012 K6  2423  1338 K4   394  6236 14799  3.8  3.4  2.33  0.10  21.17  10.30  15.54  17.66  78   103    25  2.8
 12  2681 K4  1131  3669 K6  2823  1093 K4   352  5506 14376  4.9  4.5  1.87  0.08  17.58   6.48  11.79  14.10  80   195     0  2.9
 13  4716 K4  1316  4435 K6   742  1949 K4   605  8785 16528  4.3  3.9  3.31  0.14  25.47  16.01  20.53  22.30  78   661  1555  3.0
 2003
  1  3379 K4   984  5029 K6  2430  1073 K4   285  5927 14690  2.1  2.0  1.35  0.07  14.88   3.35   8.84  11.28  66   286     0  3.5
  2  3483 K4  1418  3851 K6  2870  1454 K4   390  7236 15525  4.2  4.1  2.10  0.08  19.36   8.15  13.45  15.78  78   135     7  3.0
  3  4112 K4  1941  3623 K6  3010  1847 K4   466  8858 16510  4.9  4.7  2.89  0.10  22.85  14.27  18.31  19.90  83    40    47  3.0
  4  5867 K4  1553  5125 K6  2625  2293 K4   559 10274 17464  3.1  2.8  2.48  0.14  25.23  14.33  19.80  21.90  75    26    69  2.8
  5  6553 K4  1340  5321 K6  2210  2595 K4   443 11138 18230  2.6  2.5  3.51  0.18  30.39  20.46  25.22  26.98  73     0   220  2.9
  6  5479 K4  1682  3743 K6  2437  2667 K4   410 11442 18569  2.7  2.3  4.52  0.20  30.63  22.16  25.89  27.27  80     0   242  2.6
  7  5199 K4  1294  3418 K6  1724  2674 K4   362 11242 18302  1.9  1.7  4.88  0.22  31.52  22.94  26.34  27.70  81     0   276  2.3
  8  5412 K4   990  3977 K6  1700  2524 K4   366 10523 17556  2.5  2.1  4.90  0.21  31.23  23.25  26.54  28.04  82     0   276  2.1
  9  4611 K4  1241  3687 K6  2179  2228 K4   428  9301 16631  4.7  4.2  4.21  0.18  29.11  21.49  25.06  26.66  78     0   209  2.8
 10  3814 K4  1339  3708 K6  2595  1689 K4   403  7724 15666  4.2  3.9  3.18  0.14  26.43  17.87  21.94  23.88  78     0   118  2.5
 11  3441 K4   918  4432 K6  1925  1302 K4   322  6247 14807  3.7  3.5  2.65  0.10  24.17  13.82  18.59  20.88  79    45    65  3.1
 12  3028 K4   871  4529 K6  2469  1076 K4   344  5508 14374  3.6  3.5  1.57  0.08  17.52   5.53  11.50  14.15  74   211     0  3.0
 13  4532 K4  1150  4204 K6   660  1952 K4   622  8785 16527  3.3  3.1  3.19  0.14  25.28  15.64  20.12  22.04  77   743  1531  2.8
 2004
  1  3362 K4   912  4862 K6  2349  1130 K4   349  5919 14684  4.0  3.7  1.75  0.07  18.12   5.83  11.66  14.38  70   206     9  3.0
  2  3331 K4  1737  3697 K6  3241  1342 K4   333  7250 15533  6.7  6.6  2.33  0.08  16.52   8.17  12.17  13.64  81   179     6  3.8
  3  5425 K4  1257  5825 K6  2401  1804 K4   433  8897 16535  3.4  3.3  2.03  0.10  22.94  11.61  17.32  19.57  68    60    27  3.2
  4  6365 K4  1299  6126 K6  2520  2135 K4   578 10301 17485  2.7  2.4  2.06  0.14  24.87  12.80  19.07  21.36  65    36    51  3.3
  5  6830 K4  1273  6051 K6  2078  2496 K4   450 11151 18241  2.3  2.2  3.17  0.18  29.52  18.87  24.09  25.95  69     3   184  3.3
  6  6074 K4  1355  4657 K6  1933  2582 K4   286 11443 18571  4.3  3.6  4.83  0.20  31.87  22.43  26.60  28.13  76     0   265  2.6
  7  5918 K4  1335  4531 K6  1865  2489 K4   331 11231 18291  3.8  3.0  4.88  0.22  32.35  23.31  27.27  28.67  76     0   295  2.4
  8  4900 K4  1245  3347 K6  1627  2455 K4   371 10500 17534  4.9  4.2  5.10  0.21  31.16  23.55  26.64  27.94  78     0   280  2.2
  9  3848 K4  1531  2686 K6  2165  2105 K4   539  9266 16607  6.3  5.7  4.59  0.18  29.49  23.80  26.39  27.34  78     0   250  4.9
 10  4146 K4   980  4163 K6  1978  1806 K4   411  7684 15645  3.7  3.4  3.38  0.14  27.74  18.64  23.20  25.10  74     2   152  2.1
 11  3333 K4   986  4130 K6  2238  1312 K4   311  6217 14791  4.1  3.9  2.49  0.10  24.20  14.15  19.06  21.22  73    32    57  3.0
 12  2857 K4   911  4053 K6  2419  1126 K4   318  5503 14373  3.9  3.5  1.95  0.08  18.10   7.52  12.68  14.98  71   189    18  3.0
 13  4699 K4  1388  4511 K6  1074  1898 K4   559  8780 16524  4.2  3.8  3.21  0.14  25.57  15.89  20.51  22.36  73   708  1595  3.1
 2005
  1  3146 K4  1112  4637 K6  2721  1035 K4   304  5944 14703  5.0  4.9  2.15  0.07  19.63   9.61  14.10  15.95  72   131    16  3.4
  2  3459 K4  1384  3866 K6  2981  1478 K4   458  7265 15546  4.9  4.7  2.28  0.08  19.69   9.47  14.49  16.59  69   117    12  3.7
  3  4435 K4  2099  4614 K6  3559  1630 K4   519  8888 16532  4.4  4.0  2.14  0.10  21.52  11.16  16.36  18.15  63    93    31  3.7
  4  6204 K4  1593  5856 K6  2656  2120 K4   526 10296 17489  2.8  2.5  2.00  0.14  24.12  13.22  18.75  20.78  62    33    43  3.6
  5  6287 K4  2073  5427 K6  2682  2362 K4   413 11150 18242  3.3  3.1  3.05  0.18  27.72  17.66  22.76  24.50  69     1   136  2.7
  6  5559 K4  1726  3679 K6  2518  2753 K4   417 11444 18572  5.5  4.7  4.68  0.20  30.52  23.38  26.70  27.87  75     0   259  3.1
  7  6138 K4  1363  4939 K6  1911  2470 K4   339 11233 18293  3.3  2.7  4.93  0.22  32.99  24.66  28.42  29.81  74     0   325  2.6
  8  5484 K4   897  4062 K6  1317  2548 K4   263 10504 17537  4.1  3.4  5.30  0.21  33.05  25.20  28.64  30.01  75     0   335  2.2
  9  4877 K4  1377  4335 K6  2269  2104 K4   389  9274 16608  3.6  3.4  4.08  0.18  31.28  23.50  27.24  28.94  71     0   272  3.2
 10  3709 K4  1276  3575 K6  2461  1747 K4   476  7694 15647  4.7  4.5  3.39  0.14  26.40  18.73  22.30  23.95  74    21   152  3.1
 11  3296 K4  1037  4023 K6  2376  1333 K4   367  6225 14792  4.2  4.0  2.40  0.10  24.26  13.92  18.87  21.16  71    30    53  3.1
 12  2844 K4  1061  4206 K6  2606  1021 K4   289  5504 14373  4.4  4.1  1.85  0.08  18.37   7.63  13.03  15.25  69   166     1  3.4
 13  4620 K4  1300  4435 K6   697  1884 K4   594  8785 16528  4.2  3.8  3.19  0.14  25.79  16.51  20.97  22.75  70   591  1634  3.1
 2006
  1  3331 K4   851  4784 K6  2369  1160 K4   322  5936 14698  3.1  2.8  1.94  0.07  20.77   9.79  15.12  17.63  68   113    19  3.4
  2  3743 K4  1549  4630 K6  3168  1321 K4   393  7252 15542  3.3  3.1  1.85  0.08  19.33   7.64  13.38  15.78  66   142     7  3.1
  3  5428 K4  1235  5928 K6  2275  1802 K4   425  8874 16522  1.6  1.5  1.89  0.10  22.92  11.14  17.11  19.38  62    80    40  3.4
  4  6372 K4  1259  6112 K6  2329  2165 K4   515 10286 17479  2.4  2.3  2.41  0.14  27.70  16.97  22.15  24.29  64     2   122  3.8
  5  6622 K4  1461  5606 K6  2412  2472 K4   450 11144 18233  1.9  1.7  2.90  0.18  30.95  19.16  24.82  26.73  60     0   209  3.3
  6  6131 K4  1362  4680 K6  1931  2734 K4   425 11443 18569  3.4  2.9  3.92  0.20  31.73  22.36  26.82  28.35  68     0   261  3.1
  7  6404 K4  1252  5229 K6  1775  2517 K4   326 11237 18298  1.9  1.6  4.37  0.22  32.98  23.20  27.87  29.59  70     0   303  2.6
  8  5815 K4  1317  4887 K6  1826  2307 K4   305 10513 17547  2.5  2.3  4.96  0.21  33.25  24.10  28.38  29.98  71     0   321  2.6
  9  4956 K4  1071  4398 K6  1884  2119 K4   338  9286 16618  3.1  2.7  4.12  0.18  30.79  21.93  26.17  28.10  71     0   241  2.3
 10  4190 K4  1050  4181 K6  2213  1818 K4   434  7708 15656  2.7  2.5  2.94  0.14  26.89  15.95  21.47  23.78  67    15   111  2.6
 11  3245 K4  1041  4019 K6  2277  1313 K4   345  6235 14799  3.5  3.3  2.11  0.10  21.76  11.56  16.60  18.58  72    78    28  3.5
 12  2633 K4   990  3430 K6  2482  1164 K4   312  5506 14376  4.5  4.4  2.69  0.08  21.37  11.84  16.42  18.49  78    81    28  2.9
 13  4906 K4  1421  4824 K6   792  1908 K4   562  8785 16528  2.8  2.6  3.01  0.14  26.70  16.30  21.36  23.39  68   513  1689  3.1
 2007
  1  2942 K4  1113  3845 K6  2698  1199 K4   357  5928 14691  4.2  3.9  2.46  0.07  19.44   9.93  14.63  16.34  72   137    24  3.3
  2  4238 K4  1032  5074 K6  2427  1471 K4   392  7238 15526  2.4  2.3  1.79  0.08  18.96   6.91  13.08  15.51  63   154     3  3.3
  3  5192 K4  1522  5574 K6  2814  1771 K4   477  8860 16511  2.9  2.6  2.16  0.10  22.81  11.23  16.98  19.39  71    58    17  2.9
  4  6224 K4  1609  5932 K6  2473  2091 K4   440 10275 17466  2.1  1.8  2.15  0.14  25.07  12.69  19.18  21.30  60    40    56  3.4
  5  6546 K4  1183  5228 K6  1912  2667 K4   454 11138 18231  3.3  3.1  2.76  0.18  27.14  17.23  22.38  24.00  70     0   119  3.5
  6  6143 K4  1658  4789 K6  2367  2599 K4   377 11442 18568  3.1  2.6  4.08  0.20  30.02  21.45  25.67  27.10  76     0   222  3.0
  7  5580 K4  1220  3985 K6  1603  2579 K4   207 11241 18301  2.5  2.2  4.89  0.22  31.75  23.45  27.15  28.39  76     0   287  2.5
  8  6034 K4  1236  5002 K6  1878  2355 K4   334 10522 17555  2.1  1.6  4.82  0.21  32.66  23.87  28.02  29.64  75     0   308  2.0
  9  4571 K4  1489  3865 K6  2060  2080 K4   340  9299 16628  3.7  3.4  4.39  0.18  30.02  22.64  26.13  27.63  78     0   240  3.0
 10  3393 K4  1544  3011 K6  2509  1659 K4   404  7722 15666  5.1  4.9  4.11  0.14  27.34  21.04  23.89  25.01  78     0   182  3.2
 11  3363 K4  1178  4382 K6  2570  1222 K4   286  6245 14806  3.0  2.9  2.25  0.10  21.78  10.95  16.12  18.49  73    71    12  2.6
 12  3009 K4   861  4358 K6  2389  1091 K4   336  5507 14373  3.6  3.4  2.38  0.08  21.48  10.35  15.65  18.14  80    90    15  2.3
 13  4769 K4  1356  4587 K6   834  1899 K4   578  8785 16527  3.2  2.9  3.19  0.14  25.71  15.98  20.74  22.58  73   550  1487  2.9
 2008
  1  2881 K4  1174  3917 K6  2922  1137 K4   312  5920 14685  4.1  3.9  2.07  0.07  17.24   7.42  12.31  14.52  74   189     3  3.2
  2  4153 K4  1237  5256 K6  2825  1398 K4   430  7252 15533  2.4  2.2  1.94  0.08  21.11   8.41  14.76  17.50  71   117    13  2.7
  3  4987 K4  1710  5135 K6  2912  1822 K4   477  8899 16536  3.0  2.8  1.94  0.10  21.67  10.65  16.32  18.28  72    82    15  3.4
  4  5880 K4  1757  5386 K6  2660  2185 K4   376 10302 17487  3.3  3.0  2.46  0.14  24.49  14.26  19.32  21.24  70    26    58  3.2
  5  6529 K4  1517  5476 K6  2442  2460 K4   451 11151 18241  2.7  2.6  2.91  0.18  28.67  18.22  23.47  25.20  68     2   160  3.6
  6  5892 K4  1352  4540 K6  1902  2555 K4   298 11443 18571  1.7  1.3  4.27  0.20  31.50  21.18  25.82  27.42  75     0   240  2.4
  7  5659 K4  1292  4020 K6  1724  2632 K4   364 11230 18290  2.4  2.1  4.82  0.22  31.32  22.87  26.47  27.82  77     0   272  2.2
  8  4815 K4  1689  3261 K6  2261  2357 K4   413 10498 17533  3.7  3.3  5.07  0.21  30.86  23.74  26.78  27.90  79     0   278  3.4
  9  4837 K4  1352  4065 K6  2374  2192 K4   508  9264 16607  4.1  3.6  3.95  0.18  29.50  22.67  25.84  27.26  74     0   233  3.2
 10  4060 K4  1178  4185 K6  2106  1690 K4   372  7683 15644  3.5  3.2  2.73  0.14  25.40  16.27  20.65  22.58  71    26   104  3.2
 11  3363 K4   938  4252 K6  2248  1304 K4   357  6216 14791  3.6  3.3  1.95  0.10  20.35   9.34  14.72  17.28  72   122    17  3.0
 12  3077 K4   728  4478 K6  2148  1125 K4   283  5503 14373  4.3  4.1  2.09  0.08  21.48   9.84  15.32  17.92  73   103    20  2.7
 13  4678 K4  1192  4497 K6   686  1905 K4   564  8780 16524  3.2  2.9  3.02  0.14  25.30  15.41  20.15  22.08  73   666  1413  3.0
 2009
  1  3112 K4  1015  4250 K6  2601  1175 K4   357  5945 14705  3.0  2.8  1.81  0.07  18.15   6.04  12.05  14.47  69   197     3  2.8
  2  4313 K4  1013  5490 K6  2238  1430 K4   423  7267 15548  1.9  1.8  1.48  0.08  18.53   5.54  12.25  15.06  65   180     3  3.0
  3  4971 K4  1269  5051 K6  2528  1914 K4   484  8890 16534  3.3  2.9  2.22  0.10  22.18  11.25  16.61  18.67  72    76    26  3.4
  4  5938 K4  1859  5470 K6  2961  2093 K4   551 10298 17489  2.6  2.3  2.13  0.14  24.94  14.27  19.82  21.78  67    18    56  3.6
  5  5515 K4  2042  4043 K6  2568  2524 K4   570 11150 18243  4.2  3.9  3.72  0.18  28.05  19.46  23.59  24.88  79     0   168  3.0
  6  6168 K4  1507  4815 K6  2181  2618 K4   323 11444 18573  1.9  1.6  4.31  0.20  32.32  23.39  27.36  28.79  75     0   286  2.6
  7  5683 K4  1371  4038 K6  1905  2631 K4   396 11233 18293  2.3  1.9  4.64  0.22  31.87  23.40  27.01  28.33  78     0   288  2.5
  8  5299 K4  1314  3913 K6  1871  2448 K4   349 10503 17536  1.9  1.6  4.80  0.21  31.60  23.59  27.04  28.50  81     0   287  1.9
  9  4712 K4  1192  3791 K6  2108  2273 K4   454  9272 16607  3.5  3.1  4.42  0.18  29.75  22.79  26.10  27.64  79     0   238  2.5
 10  3884 K4  1225  3611 K6  2292  1816 K4   344  7692 15646  3.7  3.6  3.84  0.14  27.95  19.09  23.34  25.22  79    13   174  2.7
 11  3096 K4  1153  3625 K6  2450  1332 K4   358  6224 14791  3.4  3.3  2.29  0.10  22.19  12.57  17.06  19.22  79    48    19  2.7
 12  2288 K4  1012  2527 K6  2402  1202 K4   311  5504 14373  5.2  5.0  2.57  0.08  18.48  10.31  14.36  15.69  78   146    24  3.4
 13  4582 K4  1255  4219 K6   861  1955 K4   560  8785 16528  3.1  2.8  3.19  0.14  25.50  15.97  20.55  22.35  75   677  1573  2.8
 2010
  1  3029 K4  1119  4278 K6  2704  1124 K4   356  5937 14699  2.8  2.8  1.48  0.07  14.77   3.71   9.20  11.26  66   282     0  3.3
  2  3669 K4  1586  4562 K6  3018  1257 K4   313  7253 15542  3.2  3.1  1.45  0.08  15.01   4.47   9.75  11.74  67   241     1  3.4
  3  4610 K4  1748  4584 K6  3014  1863 K4   596  8875 16525  3.1  3.0  1.58  0.10  19.48   8.78  14.15  16.19  66   133     3  3.3
  4  6038 K4  1610  5880 K6  2756  2048 K4   605 10287 17482  2.2  1.9  2.15  0.14  25.31  13.83  19.81  22.05  70    11    48  3.3
  5  6777 K4  1198  6120 K6  2062  2366 K4   459 11145 18234  2.4  2.2  3.63  0.18  29.63  19.70  24.74  26.38  74     0   196  2.9
  6  6466 K4  1197  5480 K6  1883  2385 K4   328 11443 18570  1.6  1.2  4.76  0.20  33.28  22.52  27.38  29.19  74     0   287  2.1
  7  6313 K4  1091  5253 K6  1836  2413 K4   358 11237 18298  2.3  2.0  4.79  0.22  33.50  23.65  28.28  29.87  73     0   318  2.6
  8  5337 K4  1422  4062 K6  1984  2448 K4   310 10512 17546  2.4  2.1  5.36  0.21  31.90  23.40  27.26  28.90  79     0   289  2.5
  9  4751 K4  1344  4150 K6  2157  2044 K4   359  9285 16616  4.7  4.4  4.03  0.18  30.08  20.64  24.80  26.92  81     0   211  3.1
 10  4883 K4   780  6083 K6  1710  1442 K4   354  7706 15655  4.0  3.6  2.33  0.14  25.44  17.41  21.14  22.86  81    11   107  3.3
 11  3657 K4   986  5308 K6  2403  1086 K4   286  6234 14799  3.1  3.0  2.01  0.10  21.00  11.66  16.35  18.13  83    83    23  3.3
 12  3117 K4   992  5123 K6  2592   889 K4   274  5506 14375  4.2  3.9  1.22  0.08  18.28   8.65  12.87  15.11  84   153     2  3.5
 13  4887 K4  1325  5074 K6   740  1780 K4   588  8785 16529  3.0  2.8  2.90  0.14  24.81  14.87  19.64  21.55  75   914  1484  3.1
