702647 HEALY RIVER AIRPORT    AK  -9  N63 53  W149  1   396   967
 1991-2010
 MO AVGLO FL SDGLO AVDIR FL SDDIR AVDIF FL SDDIF AVETR AETRN  TOT  OPQ   H2O   TAU  MAX_T  MIN_T  AVG_T  AVGDT  RH  HTDD  CLDD AVWS
  1   185 J8    17   663 J8   246   135 J8    12   526  7845  5.6  4.8  0.40  0.06 -12.22 -22.90 -17.72 -17.40  57  1113     0  2.2
  2   791 J8    70  1552 J8   513   502 J8    44  1853 11993  6.0  5.0  0.43  0.08  -6.01 -16.86 -11.67 -10.79  60   841     0  2.8
  3  2186 J8   174  3340 J8   808  1130 J8    98  4314 16242  5.5  4.4  0.40  0.10  -2.30 -14.55  -8.65  -6.61  57   829     0  2.7
  4  3857 J8   264  4506 J8   970  1887 J8   175  7388 20418  6.3  4.4  0.57  0.12   5.17  -5.37   0.22   1.63  56   553     0  3.3
  5  4844 J8   355  4643 J8   837  2483 J8   158 10086 24436  7.2  5.3  0.89  0.12  12.90   1.46   7.73   8.89  56   346     0  3.1
  6  5284 J8   246  4588 J8   595  2882 J8   168 11411 27095  7.5  5.7  1.39  0.12  19.39   8.58  14.37  14.70  58   135     5  2.8
  7  4681 J8   257  3760 J8   629  2740 J8   132 10660 25456  8.2  6.5  1.70  0.10  19.54  10.31  15.01  15.59  68   110     5  2.6
  8  3421 J8   384  3083 J8  1024  2002 J8   123  8251 21482  8.0  6.7  1.54  0.08  16.89   7.95  12.41  13.44  70   188     4  2.5
  9  2123 J8   215  2589 J8   842  1219 J8    90  5254 17402  7.6  6.4  1.06  0.06  10.44   1.73   6.10   7.46  68   367     0  2.7
 10  1044 J8    94  1794 J8   554   648 J8    51  2538 13247  7.3  6.3  0.67  0.04  -0.06  -8.20  -4.17  -3.29  70   696     0  2.2
 11   323 J8    30  1031 J8   456   219 J8    27   806  8982  6.5  5.7  0.50  0.04  -5.98 -15.30 -11.17 -11.05  65   869     0  2.1
 12    73 J8     9   474 J8   181    54 J8     4   233  6120  6.1  5.2  0.43  0.05  -9.89 -20.96 -16.10 -16.38  63  1047     0  2.1
 13  2401 J8    73  2669 J8   291  1325 J8    53  5277 16727  6.8  5.5  0.83  0.08   3.99  -6.18  -1.14  -0.32  62  7094    15  2.6
 1991
  1   159 J8   110   560 J8   825   117 J8    61   521  7821  6.2  5.8  0.45  0.05 -10.25 -21.78 -16.52 -16.37  64  1065     0  2.7
  2   735 J8   386  1385 J8  1487   479 J8   222  1831 11944  6.6  5.5  0.56  0.07  -8.74 -19.22 -14.43 -14.08  59   905     0  3.0
  3  1982 J8   855  2939 J8  2752  1059 J8   479  4270 16179  6.0  5.0  0.45  0.09  -2.14 -13.65  -8.06  -6.21  67   813     0  3.8
  4  3654 J8  1115  4120 J8  2539  1870 J8   456  7342 20355  6.1  4.7  0.59  0.11   6.42  -3.05   2.03   3.48  53   499     0  4.4
  5  5027 J8  1279  5222 J8  2974  2352 J8   597 10053 24380  6.5  5.1  0.91  0.11  13.45   2.57   8.60   9.77  48   320     0  4.6
  6  5565 J8  1894  6021 J8  4302  2404 J8   631 11406 27081  6.2  5.0  1.59  0.11  20.41   9.50  15.31  15.65  52   122    21  4.1
  7  4620 J8  1316  3566 J8  2749  2715 J8   506 10686 25506  8.6  7.0  1.69  0.09  17.93   9.04  13.48  14.04  69   151     1  2.9
  8  3481 J8  1035  3099 J8  2818  2062 J8   560  8294 21542  7.7  6.5  1.51  0.10  14.94   5.73  10.45  11.56  68   248     0  3.2
  9  2077 J8   901  2411 J8  2480  1184 J8   336  5299 17465  7.5  6.2  1.14  0.11  13.14   4.52   8.89  10.25  60   285     0  4.6
 10   858 J8   350  1032 J8  1339   627 J8   219  2572 13313  6.6  5.7  0.64  0.12   1.81  -7.03  -2.25  -0.96  73   649     0  3.9
 11   289 J8   178   568 J8   808   216 J8    98   822  9040  5.8  5.0  0.51  0.14 -10.10 -19.00 -15.45 -15.39  70   986     0  1.7
 12    53 J8    24    83 J8   186    49 J8    18   234  6133  7.4  6.6  0.46  0.17  -7.68 -17.93 -13.40 -14.02  72   965     0  3.6
 13  2375 J8  2022  2584 J8  1926  1261 J8   980  5278 16730  6.8  5.7  0.87  0.11   4.10  -5.86  -0.95  -0.19  63  7009    22  3.6
 1992
  1   146 J8    76   160 J8   257   133 J8    66   515  7793  5.8  5.2  0.44  0.21  -8.33 -20.10 -15.03 -15.53  66  1009     0  2.7
  2   676 J8   283   672 J8   769   539 J8   207  1851 11982  5.3  4.7  0.43  0.24 -15.39 -24.25 -20.26 -19.48  67  1106     0  1.9
  3  1901 J8   775  1782 J8  1706  1294 J8   412  4343 16284  5.6  4.9  0.44  0.28  -1.35 -13.35  -7.60  -5.56  63   796     0  4.4
  4  3498 J8  1092  2507 J8  2188  2307 J8   551  7417 20451  6.9  4.9  0.53  0.30   1.71  -9.86  -3.71  -2.14  67   672     0  3.2
  5  5177 J8  1270  4483 J8  2605  2728 J8   478 10107 24470  6.7  4.3  0.88  0.29   8.39  -2.77   3.50   4.66  63   481     0  3.9
  6  5791 J8  1255  4547 J8  2589  3186 J8   491 11413 27101  6.8  4.8  1.40  0.26  18.77   8.14  13.82  14.15  56   153     6  4.0
  7  4706 J8  1344  3220 J8  2344  2936 J8   471 10644 25423  8.3  6.2  1.68  0.23  19.67  10.82  15.14  15.73  69    99     3  2.8
  8  3262 J8  1242  2438 J8  2456  2078 J8   453  8224 21444  7.6  6.6  1.59  0.19  16.83   8.82  12.59  13.44  63   172     1  4.7
  9  1814 J8   727  1543 J8  1553  1257 J8   366  5225 17367  7.6  6.6  0.72  0.15   2.30  -6.46  -1.77  -0.42  73   612     0  2.6
 10  1000 J8   478  1590 J8  1678   626 J8   281  2515 13208  6.7  5.7  0.62  0.13  -2.65 -11.54  -6.94  -5.87  73   788     0  2.4
 11   257 J8   146   485 J8   612   204 J8    99   794  8938  6.6  5.8  0.55  0.11  -4.94 -12.84  -9.37  -9.30  69   817     0  3.2
 12    55 J8    19   169 J8   271    47 J8    14   231  6110  6.6  5.9  0.40  0.11  -8.89 -19.93 -15.34 -16.10  67  1015     0  3.2
 13  2357 J8  2070  1966 J8  1531  1445 J8  1160  5273 16714  6.7  5.5  0.81  0.21   2.18  -7.78  -2.91  -2.20  66  7720    11  3.2
 1993
  1   164 J8   101   334 J8   528   132 J8    67   534  7882  6.6  6.1  0.37  0.12  -9.87 -20.61 -15.33 -14.87  61  1041     0  4.0
  2   700 J8   295  1006 J8  1092   510 J8   194  1865 12023  6.0  5.1  0.53  0.13  -3.64 -15.81  -9.36  -8.27  66   786     0  3.6
  3  2000 J8   744  2666 J8  2352  1137 J8   384  4321 16251  6.0  5.5  0.47  0.14   1.22  -9.58  -4.39  -2.59  57   698     0  4.2
  4  4118 J8  1127  5359 J8  2964  1718 J8   564  7396 20436  4.6  3.4  0.64  0.15   8.56  -1.92   3.61   5.13  51   450     0  3.6
  5  5743 J8  1425  6805 J8  3617  2182 J8   630 10093 24450  5.2  3.4  1.09  0.15  16.43   3.01  10.21  11.48  51   267     0  3.7
  6  5511 J8  1412  4883 J8  2883  2840 J8   434 11412 27102  7.1  5.3  1.49  0.14  20.14   8.86  15.06  15.41  55   117     3  2.8
  7  5215 J8  1385  5055 J8  2995  2526 J8   487 10657 25449  6.6  5.3  1.86  0.12  21.43  10.42  16.45  17.17  62    83     9  2.5
  8  2757 J8  1085  1758 J8  2161  1937 J8   467  8244 21472  8.5  7.9  1.69  0.10  16.03   8.15  12.07  12.98  71   193     0  3.7
  9  2108 J8   822  2553 J8  2557  1193 J8   394  5247 17391  7.9  6.7  1.11  0.07   9.94   1.67   5.84   6.84  66   376     0  4.5
 10  1012 J8   506  1479 J8  1608   663 J8   282  2532 13233  7.4  6.4  0.85  0.05   3.19  -4.63  -0.76   0.02  72   590     0  2.7
 11   298 J8   162   603 J8   656   243 J8   141   803  8973  6.9  6.1  0.55  0.05  -3.45 -13.46  -9.34  -9.89  66   804     0  3.4
 12    67 J8    28   417 J8   502    50 J8    19   232  6115  5.2  4.4  0.47  0.05  -4.35 -15.73 -10.86 -11.29  64   879     0  3.3
 13  2474 J8  2168  2743 J8  2230  1261 J8   969  5278 16731  6.5  5.5  0.93  0.11   6.30  -4.13   1.10   1.85  62  6285    11  3.5
 1994
  1   190 J8   105   702 J8   563   142 J8    86   528  7852  4.8  3.6  0.46  0.07 -13.05 -21.43 -17.30 -17.32  55  1103     0  2.3
  2   922 J8   444  2723 J8  2110   388 J8   154  1849 11987  3.8  3.4  0.37  0.08 -12.56 -23.56 -18.73 -17.51  52  1019     0  1.9
  3  2030 J8   701  2501 J8  2281  1234 J8   416  4297 16217  7.2  5.4  0.40  0.10  -5.72 -15.82 -10.89  -9.38  54   902     0  3.9
  4  3845 J8   944  3973 J8  2502  2065 J8   540  7370 20398  7.1  5.0  0.60  0.12   4.90  -5.06   0.20   1.52  57   552     0  3.7
  5  4788 J8  1279  4653 J8  2914  2397 J8   483 10074 24414  6.9  5.1  0.90  0.12  14.15   2.83   8.93  10.14  50   305     0  4.5
  6  5368 J8  1611  4911 J8  3553  2774 J8   674 11409 27090  7.4  5.6  1.35  0.12  17.45   6.78  12.37  12.70  66   188     2  3.1
  7  5113 J8  1297  4806 J8  2809  2510 J8   527 10670 25480  7.5  6.0  1.76  0.10  20.96  11.18  15.96  16.61  58    75     5  3.7
  8  3793 J8  1341  4069 J8  3120  1867 J8   445  8268 21509  7.5  6.2  1.74  0.07  18.21   8.62  13.53  14.62  68   169    16  3.4
  9  2127 J8   809  2674 J8  2594  1198 J8   362  5271 17425  7.1  6.1  0.93  0.05  10.52   0.90   5.73   7.34  66   379     0  2.6
 10   981 J8   433  1490 J8  1594   661 J8   271  2551 13270  8.2  6.6  0.57  0.04  -1.53  -9.05  -5.29  -4.38  69   732     0  2.3
 11   259 J8   146   647 J8  1007   199 J8   109   812  9010  7.7  7.3  0.36  0.03  -8.65 -18.37 -14.14 -14.42  60   955     0  3.7
 12    65 J8    28   285 J8   378    53 J8    21   233  6124  7.0  5.9  0.37  0.04  -9.08 -20.49 -15.05 -15.10  53  1026     0  3.1
 13  2457 J8  2027  2786 J8  1708  1291 J8  1005  5278 16731  6.9  5.5  0.82  0.08   2.97  -6.95  -2.06  -1.27  59  7406    24  3.2
 1995
  1   184 J8   101   635 J8   703   137 J8    78   521  7824  5.5  4.5  0.44  0.05  -8.97 -19.33 -13.98 -13.91  50  1007     0  3.0
  2   739 J8   316  1384 J8  1334   481 J8   189  1833 11950  5.8  4.9  0.43  0.07  -6.56 -17.40 -12.10 -11.25  55   849     0  3.2
  3  2252 J8   739  3703 J8  2311  1078 J8   404  4273 16187  4.9  3.7  0.35  0.09  -8.03 -20.77 -14.68 -12.37  51  1015     0  1.9
  4  4169 J8  1024  5705 J8  2577  1656 J8   474  7345 20356  5.5  3.5  0.67  0.11   8.01  -1.90   3.17   4.61  56   458     0  4.1
  5  4780 J8  1599  4924 J8  3339  2237 J8   504 10056 24382  7.4  5.2  1.11  0.11  15.25   2.49   9.55  10.88  54   293     0  3.8
  6  5082 J8  1638  4401 J8  3209  2735 J8   549 11406 27085  7.6  6.2  1.57  0.11  17.85   7.70  13.10  13.43  62   167     0  2.9
  7  4905 J8  1372  4255 J8  2864  2594 J8   427 10684 25500  8.3  6.4  1.75  0.09  18.89  10.33  14.68  15.23  68   116     1  2.3
  8  3228 J8  1250  2479 J8  2443  2056 J8   460  8291 21538  8.7  7.4  1.53  0.07  15.47   6.79  11.11  12.14  73   223     0  2.3
  9  1878 J8   692  1804 J8  2018  1241 J8   250  5296 17459  8.1  7.6  1.35  0.05  14.73   6.58  10.80  12.04  60   231     0  3.9
 10   968 J8   423  1198 J8  1358   690 J8   268  2570 13307  8.6  7.3  0.69  0.03   0.01  -6.27  -3.18  -2.43  74   665     0  1.9
 11   346 J8   159  1747 J8  1442   178 J8   108   821  9035  4.1  3.6  0.37  0.03 -13.39 -21.49 -18.15 -18.05  61  1073     0  0.7
 12    69 J8    30   472 J8   599    50 J8    19   234  6133  5.5  4.9  0.38  0.03 -10.47 -20.39 -15.90 -16.27  55  1047     0  2.0
 13  2383 J8  1968  2726 J8  1790  1261 J8   980  5278 16730  6.7  5.4  0.89  0.07   3.57  -6.14  -1.30  -0.50  60  7143     1  2.7
 1996
  1   179 J8   103  1002 J8   975   104 J8    53   515  7796  3.7  3.5  0.31  0.05 -17.55 -27.08 -22.16 -21.75  47  1260     0  2.0
  2   773 J8   351  1587 J8  1362   491 J8   217  1853 11988  7.0  5.4  0.31  0.07 -10.03 -21.27 -15.94 -14.66  54   985     0  3.2
  3  2291 J8   921  4127 J8  2908   961 J8   323  4346 16285  4.1  3.4  0.43  0.09  -0.16 -13.08  -6.71  -4.41  54   774     0  3.0
  4  4384 J8  1251  6628 J8  3414  1455 J8   481  7420 20456  3.7  2.7  0.57  0.11   3.66  -9.14  -2.38  -0.71  55   632     0  2.9
  5  5062 J8  1251  5053 J8  3073  2463 J8   533 10109 24473  7.4  4.8  0.86  0.11   8.05  -2.89   3.31   4.44  62   488     0  3.4
  6  5287 J8  1657  5024 J8  3869  2689 J8   601 11414 27103  6.3  5.3  1.22  0.11  18.26   6.67  12.92  13.25  55   176     0  3.5
  7  5036 J8  1281  4714 J8  2844  2596 J8   603 10642 25420  7.5  6.0  1.65  0.09  19.08  10.25  14.73  15.32  64   114     0  3.5
  8  3450 J8  1382  3180 J8  3052  1955 J8   431  8221 21439  8.1  6.8  1.34  0.07  14.69   5.96  10.24  11.29  73   248     0  2.2
  9  2118 J8  1167  2840 J8  3373  1088 J8   353  5222 17361  7.7  6.7  0.88  0.05   8.47   0.22   4.26   5.45  70   420     0  2.1
 10  1111 J8   520  2845 J8  2659   508 J8   234  2513 13204  5.5  5.2  0.46  0.03  -5.45 -14.70 -10.70  -9.58  65   881     0  1.6
 11   339 J8   151  1595 J8  1298   190 J8   112   793  8935  4.6  4.1  0.51  0.03  -8.03 -17.83 -13.42 -13.44  56   938     0  2.0
 12    71 J8    27   616 J8   643    48 J8    17   231  6109  4.8  4.4  0.36  0.03 -12.65 -23.37 -18.89 -18.80  53  1127     0  1.7
 13  2508 J8  2051  3268 J8  1872  1212 J8  1000  5273 16714  5.9  4.9  0.74  0.07   1.53  -8.86  -3.73  -2.80  59  8042     0  2.6
 1997
  1   188 J8   105   664 J8   616   139 J8    81   535  7887  4.7  4.1  0.31  0.05 -12.99 -22.50 -18.14 -17.98  52  1118     0  2.7
  2   776 J8   347  1228 J8  1114   542 J8   225  1867 12027  7.6  6.4  0.48  0.07  -0.24 -10.65  -5.81  -5.17  57   666     0  3.7
  3  2227 J8   872  3550 J8  2768  1094 J8   416  4324 16254  4.6  3.8  0.30  0.09  -6.69 -20.35 -14.01 -11.60  48   987     0  2.1
  4  3900 J8  1254  4869 J8  3441  1798 J8   578  7399 20440  5.8  4.2  0.56  0.11   6.36  -4.07   1.24   2.54  48   516     0  3.7
  5  4462 J8  1588  4119 J8  3738  2425 J8   554 10095 24452  7.6  5.9  0.84  0.11  13.28   1.27   7.94   9.22  50   343     0  3.2
  6  5198 J8  1257  4175 J8  2685  3046 J8   438 11413 27101  8.2  6.0  1.37  0.11  21.00   8.85  15.53  15.90  55   110     8  2.6
  7  4288 J8  1038  2821 J8  2075  2915 J8   385 10654 25448  8.7  7.2  1.91  0.09  20.58  11.50  16.08  16.60  69    78     7  2.1
  8  3113 J8   896  2083 J8  1743  2166 J8   328  8241 21468  9.2  7.6  1.81  0.07  17.00   9.02  13.07  13.97  74   168     3  2.6
  9  2048 J8   934  2328 J8  2562  1228 J8   348  5243 17386  7.9  6.5  1.20  0.05  14.64   5.35   9.76  11.32  58   250     0  3.4
 10   988 J8   487  1879 J8  2329   589 J8   226  2530 13230  7.0  6.2  0.42  0.03  -5.45 -14.21  -9.96  -8.99  58   873     0  1.4
 11   317 J8   162   749 J8   684   241 J8   114   802  8970  7.9  6.3  0.49  0.03  -0.90 -10.23  -6.19  -6.41  60   717     0  3.2
 12    68 J8    30   329 J8   388    54 J8    19   232  6115  6.8  5.9  0.34  0.03 -12.60 -21.96 -18.14 -18.53  52  1104     0  1.2
 13  2298 J8  1852  2399 J8  1522  1353 J8  1089  5278 16731  7.2  5.8  0.84  0.07   4.50  -5.67  -0.72   0.07  57  6929    18  2.6
 1998
  1   191 J8    93   626 J8   659   146 J8    77   528  7856  5.4  4.5  0.40  0.05 -17.19 -27.69 -22.64 -22.15  40  1264     0  1.1
  2   798 J8   324  1329 J8  1216   555 J8   212  1851 11990  6.0  4.8  0.49  0.07  -7.44 -17.30 -12.95 -12.38  50   860     0  1.8
  3  2125 J8   538  3259 J8  2189  1169 J8   465  4300 16228  5.5  4.0  0.61  0.09   2.36 -10.02  -4.33  -2.14  50   687     0  4.0
  4  3512 J8  1057  3346 J8  2248  2048 J8   354  7374 20399  7.7  5.6  0.60  0.11   8.15  -2.07   3.14   4.52  52   459     0  4.4
  5  4567 J8  1224  3797 J8  2312  2700 J8   477 10077 24420  8.5  6.1  0.96  0.11  12.99   1.93   7.86   9.01  56   337     0  4.3
  6  4891 J8  1588  3562 J8  2962  2995 J8   450 11410 27092  8.9  6.5  1.55  0.11  17.03   7.81  12.64  12.92  69   180     3  2.7
  7  4585 J8  1489  3422 J8  3028  2801 J8   477 10668 25475  9.0  6.7  2.06  0.09  19.00  10.27  14.71  15.27  71   118     4  3.1
  8  2993 J8  1076  1983 J8  2126  2106 J8   432  8264 21499  8.9  7.7  1.72  0.07  14.59   6.47  10.41  11.29  73   243     1  3.5
  9  1820 J8   763  1645 J8  1935  1263 J8   355  5268 17419  8.0  7.1  1.28  0.05  11.27   2.64   6.92   8.36  67   341     0  2.9
 10  1200 J8   606  2583 J8  2494   589 J8   211  2549 13267  6.2  5.1  0.76  0.03   3.75  -6.09  -1.49  -0.83  60   604     0  2.8
 11   345 J8   184   985 J8  1038   238 J8   107   811  9002  7.0  5.5  0.68  0.03  -4.16 -14.24  -9.65  -9.07  61   826     0  2.3
 12    69 J8    26   421 J8   465    54 J8    22   233  6123  6.4  5.2  0.51  0.03 -11.64 -22.26 -17.78 -18.17  55  1094     0  1.4
 13  2258 J8  1809  2246 J8  1232  1389 J8  1099  5278 16731  7.3  5.7  0.97  0.07   4.06  -5.88  -1.10  -0.28  59  7012     7  2.8
 1999
  1   179 J8   103   571 J8   591   140 J8    89   522  7829  5.8  5.2  0.41  0.05 -15.61 -26.85 -21.44 -21.17  52  1226     0  2.0
  2   812 J8   366  1854 J8  1548   475 J8   202  1835 11956  5.2  4.1  0.34  0.07 -16.56 -26.56 -21.98 -20.77  56  1117     0  1.5
  3  2130 J8   719  3075 J8  2367  1205 J8   491  4276 16189  6.1  4.9  0.47  0.09  -2.78 -16.55 -10.07  -7.97  51   868     0  2.3
  4  3620 J8  1071  3817 J8  2452  1958 J8   439  7348 20360  7.4  5.3  0.64  0.11   4.04  -5.76  -0.42   0.73  52   576     0  4.1
  5  4755 J8  1434  4253 J8  2766  2635 J8   429 10058 24388  7.4  5.4  0.80  0.11  11.22  -0.57   5.86   7.01  58   403     0  2.9
  6  5287 J8  1706  4981 J8  4098  2726 J8   685 11406 27085  7.3  5.7  1.41  0.11  19.64   8.45  14.37  14.69  63   134     5  2.4
  7  4803 J8  1578  3993 J8  3135  2729 J8   475 10682 25496  7.9  6.3  1.82  0.09  19.17   9.92  14.57  15.11  73   125     8  3.0
  8  3427 J8  1123  2898 J8  2326  2105 J8   325  8288 21534  8.6  6.9  1.89  0.07  17.41   8.84  13.11  14.00  76   166     4  2.7
  9  2152 J8   826  2522 J8  2370  1270 J8   357  5292 17456  7.8  6.2  1.17  0.05  10.84   1.97   6.39   7.82  72   358     0  3.2
 10   951 J8   483  1292 J8  1724   645 J8   228  2568 13303  8.7  7.6  0.76  0.03  -3.65 -11.06  -7.63  -7.03  68   796     0  1.0
 11   335 J8   160   970 J8   850   240 J8   114   820  9031  7.0  5.5  0.62  0.03 -10.14 -19.40 -15.55 -15.79  57   993     0  1.5
 12    78 J8    28   603 J8   616    55 J8    24   234  6132  5.7  5.1  0.50  0.03 -12.91 -25.25 -20.52 -21.39  59  1160     0  1.5
 13  2377 J8  1943  2569 J8  1512  1349 J8  1047  5277 16730  7.1  5.7  0.90  0.07   1.72  -8.57  -3.61  -2.90  61  7921    17  2.3
 2000
  1   159 J8    80   432 J8   479   133 J8    73   516  7799  6.5  5.7  0.41  0.05 -13.87 -21.89 -17.95 -17.57  62  1123     0  2.8
  2   785 J8   368  1354 J8  1166   521 J8   186  1855 11991  6.5  5.3  0.53  0.07  -0.58 -11.69  -6.38  -5.70  67   709     0  3.6
  3  2001 J8   577  2601 J8  2144  1210 J8   415  4349 16287  6.1  5.1  0.52  0.09   1.28 -10.35  -4.73  -2.83  56   709     0  4.1
  4  4123 J8  1120  5339 J8  2961  1787 J8   611  7423 20466  5.7  3.7  0.57  0.11   4.19  -6.64  -0.93   0.44  58   587     0  2.8
  5  4579 J8  1255  3870 J8  3045  2654 J8   562 10111 24479  7.7  5.9  0.80  0.11   9.77  -0.20   5.09   6.09  64   420     0  2.4
  6  4945 J8  1460  3992 J8  3218  2953 J8   486 11414 27100  7.9  6.4  1.44  0.11  19.76   8.92  14.59  14.92  58   122     3  3.1
  7  4405 J8  1274  2948 J8  2515  2919 J8   443 10640 25418  9.1  7.2  1.67  0.09  17.24   8.93  13.23  13.73  78   163     0  3.0
  8  2934 J8  1127  2100 J8  2449  1985 J8   395  8218 21435  8.7  7.7  1.47  0.07  12.60   5.25   9.16  10.01  80   291     0  2.4
  9  1946 J8   691  1828 J8  1816  1321 J8   315  5219 17358  9.0  7.6  0.99  0.05   7.37   0.00   3.83   4.93  76   439     0  2.1
 10  1158 J8   532  2269 J8  2120   638 J8   211  2510 13196  7.0  5.9  0.70  0.03   1.17  -7.85  -3.65  -2.35  66   672     0  2.5
 11   346 J8   195  1233 J8  1202   216 J8   111   792  8933  6.0  5.0  0.59  0.03  -2.59 -11.07  -7.28  -7.32  66   755     0  2.8
 12    80 J8    25   588 J8   490    57 J8    17   231  6110  5.6  4.7  0.52  0.03  -1.48 -15.91  -8.80  -8.41  67   838     0  4.2
 13  2289 J8  1846  2379 J8  1468  1366 J8  1086  5273 16714  7.2  5.8  0.85  0.07   4.57  -5.21  -0.32   0.49  67  6827     3  3.0
 2001
  1   197 J8   119   459 J8   503   157 J8    83   535  7891  8.0  6.5  0.54  0.05  -0.89 -11.22  -6.10  -5.52  67   756     0  3.8
  2   787 J8   354  1359 J8  1210   529 J8   215  1869 12032  6.6  5.6  0.46  0.07  -1.54 -11.72  -6.51  -5.47  67   699     0  3.4
  3  2300 J8   710  3483 J8  2456  1191 J8   421  4327 16259  5.8  4.2  0.44  0.09  -3.42 -14.94  -9.59  -7.88  64   853     0  2.4
  4  3714 J8  1125  3864 J8  2350  1999 J8   493  7402 20442  7.0  5.0  0.58  0.11   4.87  -4.75   0.30   1.48  63   548     0  3.5
  5  4322 J8  1453  3557 J8  2621  2546 J8   466 10097 24454  8.2  6.2  0.78  0.11   9.68  -1.46   4.67   5.72  66   441     0  2.7
  6  5234 J8  1277  4489 J8  2851  2904 J8   537 11413 27101  7.6  5.8  1.48  0.11  19.84   8.77  14.85  15.22  56   123     2  2.6
  7  4379 J8  1321  2977 J8  2724  2892 J8   598 10652 25444  9.0  7.0  1.76  0.09  16.80   9.33  13.21  13.70  75   163     0  2.9
  8  3215 J8  1062  2380 J8  1955  2118 J8   412  8238 21464  8.7  7.5  1.72  0.07  17.48   8.85  13.21  14.22  71   160     0  3.4
  9  2146 J8   566  2498 J8  1784  1314 J8   318  5240 17382  7.3  6.3  1.23  0.05  13.59   3.03   8.08   9.91  61   301     0  3.3
 10   935 J8   419  1138 J8  1092   690 J8   240  2528 13225  8.4  7.2  0.68  0.03  -2.16  -9.89  -5.92  -4.85  71   755     0  3.1
 11   340 J8   167  1562 J8  1251   196 J8   107   801  8965  4.5  3.9  0.54  0.03 -11.03 -20.51 -16.33 -15.59  72  1023     0  2.2
 12    83 J8    27   663 J8   594    57 J8    20   232  6115  5.3  4.0  0.40  0.03 -13.68 -25.20 -19.60 -19.17  68  1171     0  2.9
 13  2304 J8  1839  2369 J8  1332  1383 J8  1078  5278 16731  7.2  5.8  0.88  0.07   4.13  -5.81  -0.81   0.15  67  6992     2  3.0
 2002
  1   191 J8   123   435 J8   538   153 J8    85   529  7862  7.5  6.0  0.48  0.05  -6.08 -17.03 -11.56 -11.04  68   926     0  3.4
  2   867 J8   336  1732 J8  1237   547 J8   211  1853 11995  6.1  4.7  0.35  0.07  -4.55 -15.04  -9.92  -8.53  65   788     0  3.9
  3  2503 J8   736  4830 J8  2577   991 J8   431  4303 16231  3.8  2.8  0.28  0.09  -1.50 -15.22  -8.86  -6.38  59   827     0  1.9
  4  3584 J8   979  3785 J8  3027  1976 J8   660  7377 20401  6.8  5.5  0.54  0.11   1.33  -9.98  -3.85  -2.29  64   680     0  2.7
  5  5231 J8  1560  5722 J8  3779  2276 J8   617 10079 24426  5.9  4.5  0.76  0.11  14.96   2.63   9.26  10.36  52   302     6  2.0
  6  5184 J8  1457  4262 J8  3188  2962 J8   460 11410 27092  8.1  6.2  1.24  0.11  17.93   7.86  13.10  13.46  63   163     0  2.2
  7  4645 J8  1379  3748 J8  3001  2771 J8   541 10666 25467  8.2  6.5  1.58  0.09  19.28   9.55  14.72  15.41  67   124     3  1.5
  8  3420 J8  1337  3010 J8  3052  2030 J8   430  8261 21495  8.5  6.9  1.38  0.07  15.55   6.95  11.18  12.16  75   225     6  0.9
  9  2168 J8   843  2536 J8  2360  1254 J8   318  5265 17416  8.4  6.8  1.11  0.05  11.53   4.19   7.83   8.95  72   314     0  2.0
 10  1051 J8   448  1527 J8  1439   714 J8   258  2546 13263  7.7  6.3  0.86  0.03   6.07  -1.44   2.38   2.95  68   496     0  2.5
 11   303 J8   153   516 J8   580   253 J8   126   810  8995  8.1  7.2  0.71  0.03   2.90  -5.72  -1.87  -1.74  68   592     0  2.3
 12    77 J8    31   388 J8   473    62 J8    26   233  6122  7.5  6.6  0.51  0.03  -3.63 -12.12  -8.33  -8.51  69   812     0  1.7
 13  2435 J8  1957  2708 J8  1811  1333 J8  1036  5278 16730  7.2  5.8  0.82  0.07   6.15  -3.78   1.17   2.07  66  6249    15  2.3
 2003
  1   193 J8   108   847 J8   834   128 J8    60   523  7836  5.3  4.4  0.49  0.05  -7.14 -19.68 -13.57 -13.18  64   984     0  1.4
  2   863 J8   366  1833 J8  1526   511 J8   193  1837 11960  6.0  4.4  0.57  0.07  -1.57 -11.22  -6.34  -4.97  66   692     0  3.9
  3  2271 J8   626  3465 J8  2030  1185 J8   426  4279 16191  5.8  4.1  0.34  0.09  -4.57 -17.45 -11.23  -8.99  61   910     0  1.6
  4  3918 J8  1017  4790 J8  2924  1854 J8   580  7352 20368  6.0  4.4  0.54  0.11   7.04  -5.31   0.96   2.61  58   524     0  2.4
  5  4466 J8  1115  3583 J8  2729  2669 J8   499 10061 24391  7.9  6.2  0.75  0.11  12.16   1.24   7.29   8.39  60   360     0  1.8
  6  5562 J8  1199  5148 J8  3244  2898 J8   638 11407 27085  7.0  5.4  1.17  0.11  19.69   8.64  14.44  14.79  52   125     1  2.4
  7  4357 J8  1415  3328 J8  3077  2695 J8   545 10680 25493  8.1  6.7  1.66  0.09  19.55  10.34  15.14  15.63  67   114     9  1.6
  8  3478 J8  1042  2952 J8  2684  2148 J8   410  8284 21529  8.0  6.7  1.37  0.07  16.86   8.36  12.76  13.79  67   180     3  2.1
  9  2447 J8   801  3803 J8  2952  1153 J8   414  5289 17453  6.5  5.1  0.90  0.05   9.17  -1.02   4.02   5.72  66   428     0  1.2
 10  1084 J8   415  1684 J8  1499   715 J8   278  2565 13299  8.3  7.0  0.85  0.03   4.30  -2.55   0.99   1.69  71   541     0  1.6
 11   317 J8   174   678 J8   850   246 J8   133   819  9028  7.9  7.2  0.53  0.03  -5.15 -13.40  -9.29  -8.82  67   828     0  2.2
 12    80 J8    30   560 J8   604    57 J8    16   234  6132  6.0  4.8  0.42  0.03 -11.44 -22.26 -17.37 -17.34  57  1091     0  1.4
 13  2420 J8  1913  2723 J8  1575  1355 J8  1061  5277 16731  6.9  5.5  0.80  0.07   4.91  -5.36  -0.18   0.78  63  6777    12  2.0
 2004
  1   205 J8   117  1021 J8   824   126 J8    65   517  7802  4.4  3.7  0.27  0.05 -17.32 -28.42 -22.75 -21.77  58  1277     0  1.1
  2   823 J8   344  1383 J8  1221   553 J8   163  1857 11994  7.3  5.7  0.48  0.07  -4.73 -15.47 -10.11  -9.08  58   824     0  2.2
  3  2193 J8   836  2986 J8  2435  1212 J8   369  4352 16292  6.4  4.9  0.38  0.09  -6.15 -18.12 -12.32 -10.52  55   944     0  2.1
  4  3909 J8  1071  4587 J8  2839  1942 J8   504  7426 20474  7.0  4.6  0.65  0.11   6.99  -2.35   2.30   3.57  53   480     0  2.8
  5  4592 J8  1414  3843 J8  2856  2612 J8   516 10114 24483  8.0  6.2  1.11  0.11  14.82   3.71   9.65  10.69  63   281     0  2.5
  6  5639 J8  1538  5444 J8  3862  2803 J8   722 11414 27102  6.9  5.3  1.54  0.11  21.77  11.16  16.97  17.29  55    76    20  2.5
  7  4613 J8  1066  3303 J8  2122  2932 J8   439 10637 25413  8.5  6.8  1.72  0.09  22.07  11.95  16.95  17.63  61    60    19  2.7
  8  4438 J8  1172  6058 J8  3025  1652 J8   491  8214 21430  5.8  4.3  1.64  0.07  22.13  10.08  16.09  17.47  59    91    22  1.9
  9  2033 J8   840  2350 J8  2465  1224 J8   312  5215 17351  8.2  6.8  0.79  0.05   7.72  -2.08   2.60   4.20  69   465     0  1.8
 10  1046 J8   445  1457 J8  1264   717 J8   242  2508 13190  8.5  7.5  0.69  0.03   3.97  -4.12   0.04   0.87  71   571     0  2.6
 11   310 J8   156   689 J8   827   240 J8   112   791  8931  8.3  7.3  0.52  0.03  -1.25 -10.60  -5.84  -5.30  64   728     0  3.3
 12    75 J8    30   414 J8   375    59 J8    22   231  6110  7.5  6.0  0.43  0.03  -6.93 -20.11 -14.78 -15.51  64   987     0  1.9
 13  2490 J8  2036  2795 J8  1895  1339 J8  1049  5273 16714  7.2  5.8  0.85  0.07   5.26  -5.37  -0.10   0.79  61  6785    61  2.3
 2005
  1   201 J8   122   883 J8   917   129 J8    73   536  7897  4.9  4.3  0.41  0.05 -14.33 -25.59 -20.07 -19.32  61  1187     0  1.6
  2   763 J8   391  1455 J8  1480   499 J8   246  1871 12037  6.6  5.4  0.39  0.07  -4.78 -16.36 -11.13  -9.94  64   809     0  2.4
  3  1947 J8   710  2432 J8  2389  1198 J8   352  4330 16269  7.2  5.9  0.46  0.09  -0.02  -9.95  -5.03  -3.55  62   723     0  3.3
  4  4113 J8  1190  5360 J8  3297  1772 J8   571  7405 20444  5.5  3.9  0.54  0.11   4.71  -6.95  -0.48   1.20  58   584     0  2.5
  5  5127 J8  1254  5335 J8  3111  2422 J8   529 10100 24459  7.5  4.8  1.02  0.11  14.93   4.32  10.19  11.37  55   270     0  3.4
  6  5320 J8  1360  4667 J8  2881  2873 J8   530 11413 27100  7.6  5.7  1.39  0.11  18.34   8.39  13.69  13.97  63   149     0  2.0
  7  4606 J8  1254  3808 J8  2731  2661 J8   471 10650 25438  7.7  6.7  1.48  0.09  19.48   9.92  14.74  15.40  70   113     1  1.7
  8  3888 J8  1419  4441 J8  3749  1827 J8   543  8235 21457  6.8  5.5  1.39  0.07  18.84   7.99  13.34  14.73  73   159     7  1.4
  9  1903 J8   753  1650 J8  1990  1324 J8   297  5237 17377  8.8  7.4  1.19  0.05  10.83   3.39   7.36   8.34  78   337     0  2.7
 10   931 J8   478  1236 J8  1748   654 J8   194  2525 13221  8.5  7.7  0.64  0.03  -0.24  -7.17  -3.60  -2.97  79   683     0  1.6
 11   325 J8   217  1245 J8  1496   188 J8    90   800  8963  6.7  6.4  0.36  0.03 -16.04 -25.16 -20.90 -20.08  73  1168     0  0.3
 12    70 J8    20   352 J8   374    56 J8    15   232  6114  7.0  5.8  0.58  0.03  -1.40 -14.12  -8.76  -9.08  70   809     0  2.5
 13  2433 J8  2041  2739 J8  1857  1300 J8  1014  5278 16731  7.1  5.8  0.82  0.07   4.19  -5.94  -0.89   0.00  67  6991     8  2.1
 2006
  1   204 J8   106   892 J8   766   137 J8    62   530  7867  4.0  3.3  0.30  0.05 -11.86 -26.41 -18.94 -18.21  61  1162     0  0.1
  2   699 J8   301  1108 J8  1386   506 J8   162  1855 12002  6.8  6.0  0.39  0.07  -1.57 -13.71  -7.63  -6.80  63   727     0  4.5
  3  2324 J8   707  3965 J8  2694  1114 J8   480  4306 16235  4.6  3.8  0.35  0.09  -1.37 -12.97  -7.36  -5.54  61   791     0  2.2
  4  4085 J8   987  5144 J8  2710  1870 J8   436  7380 20406  6.7  3.6  0.47  0.11   4.51  -6.34  -0.25   1.24  54   577     0  2.7
  5  4849 J8  1445  4923 J8  3476  2356 J8   623 10081 24428  7.1  5.1  0.89  0.11  16.25   4.14  10.68  11.94  51   252     0  2.8
  6  5022 J8  1411  3650 J8  2936  3083 J8   490 11410 27095  8.3  6.2  1.32  0.11  18.42   8.15  13.64  13.95  63   151     0  3.7
  7  4441 J8  1518  3689 J8  3471  2624 J8   556 10664 25461  8.2  6.7  1.60  0.09  19.29   9.82  14.76  15.29  71   118     1  2.0
  8  3039 J8  1173  2288 J8  2335  2010 J8   394  8258 21490  8.5  7.4  1.36  0.07  17.29   7.25  12.21  13.38  72   188     0  2.4
  9  2138 J8   965  2825 J8  2906  1158 J8   344  5261 17411  7.1  6.1  1.17  0.05  12.42   3.23   8.11   9.55  65   315     0  3.0
 10  1062 J8   382  1765 J8  1654   677 J8   257  2544 13260  8.0  6.5  0.74  0.03   6.45  -1.13   2.51   2.95  65   486     0  3.8
 11   366 J8   185  1966 J8  1417   176 J8    91   809  8990  4.1  3.9  0.24  0.03  -4.63 -16.27 -10.53 -10.12  62   863     0  1.1
 12    80 J8    29   615 J8   563    55 J8    16   233  6121  5.8  4.6  0.41  0.03 -11.14 -22.42 -16.96 -17.32  60  1088     0  1.7
 13  2359 J8  1892  2736 J8  1541  1314 J8  1049  5278 16730  6.6  5.3  0.77  0.07   5.34  -5.56   0.02   0.86  62  6719     1  2.5
 2007
  1   195 J8   116   608 J8   669   145 J8    84   524  7839  6.8  5.4  0.38  0.05 -15.21 -25.53 -20.81 -21.21  57  1200     0  2.8
  2   935 J8   434  2800 J8  1943   400 J8   147  1839 11962  3.5  3.1  0.32  0.07  -3.25 -17.11  -9.95  -9.26  65   798     0  0.8
  3  2442 J8   829  4824 J8  2459   922 J8   328  4282 16195  3.1  2.7  0.21  0.09  -5.64 -20.05 -12.41 -10.36  68   966     0  0.8
  4  3816 J8  1170  4540 J8  2678  1847 J8   475  7355 20372  6.3  4.2  0.56  0.11   5.55  -6.26   0.11   1.66  55   561     0  3.6
  5  5084 J8  1018  4911 J8  2590  2598 J8   546 10063 24395  7.5  5.2  0.89  0.11  13.51   2.82   8.69   9.86  58   315     0  2.9
  6  5306 J8  1387  4592 J8  3093  2935 J8   463 11407 27085  7.5  5.3  1.33  0.11  20.23   9.84  15.29  15.60  57   100     1  2.5
  7  4504 J8  1178  3521 J8  2867  2755 J8   543 10678 25492  8.1  6.7  1.74  0.09  18.92   9.84  14.50  15.10  65   123     1  1.8
  8  3695 J8  1080  3712 J8  2735  2011 J8   490  8281 21524  7.1  6.4  1.56  0.07  16.78   8.76  12.73  13.59  72   174     1  2.4
  9  2330 J8   722  2908 J8  2331  1307 J8   397  5286 17445  7.6  6.1  1.06  0.05  11.85   3.71   7.94   9.19  63   317     0  3.0
 10  1055 J8   444  1936 J8  2003   641 J8   259  2563 13294  7.1  6.2  0.57  0.03  -0.45 -10.04  -5.29  -4.27  68   731     0  1.1
 11   339 J8   161   882 J8   776   253 J8   129   818  9024  7.3  6.1  0.55  0.03  -0.90 -10.23  -6.19  -6.41  60   717     0  3.1
 12    80 J8    37   549 J8   625    57 J8    22   234  6131  6.5  5.6  0.37  0.03 -12.60 -21.96 -18.14 -18.53  52  1104     0  1.7
 13  2482 J8  1957  2982 J8  1653  1323 J8  1072  5277 16730  6.5  5.3  0.80  0.07   4.07  -6.35  -1.13  -0.42  62  7105     3  2.2
 2008
  1   174 J8   102   465 J8   518   137 J8    73   518  7804  6.7  5.8  0.34  0.05 -13.82 -23.94 -19.14 -19.19  46  1154     0  1.9
  2   839 J8   369  1915 J8  1500   506 J8   251  1859 12000  5.6  4.5  0.33  0.07  -0.59 -12.22  -6.61  -5.98  67   717     0  2.0
  3  2226 J8   910  3215 J8  2348  1154 J8   325  4355 16299  5.6  4.6  0.45  0.09  -3.87 -15.66  -9.62  -7.55  58   871     0  2.6
  4  3365 J8  1182  3112 J8  2592  2025 J8   521  7430 20476  7.8  6.0  0.58  0.11   1.96  -6.69  -1.85  -0.80  64   621     0  2.4
  5  5043 J8  1295  5328 J8  2960  2406 J8   502 10116 24488  6.7  4.9  0.79  0.11   8.92  -1.95   4.20   5.30  62   460     0  3.0
  6  5411 J8  1463  4760 J8  3313  2904 J8   554 11414 27103  7.8  5.5  1.30  0.11  18.95   8.34  13.99  14.30  56   142     2  2.3
  7  4753 J8  1386  3787 J8  2862  2764 J8   480 10635 25409  8.3  6.5  1.54  0.09  20.33  10.57  15.39  15.98  63    90     1  2.2
  8  3602 J8  1082  3498 J8  2795  2037 J8   507  8211 21427  7.7  6.4  1.22  0.07  18.65   9.41  13.99  15.08  67   145    12  1.1
  9  2246 J8   874  2781 J8  2491  1271 J8   390  5212 17347  7.6  6.3  1.03  0.05   7.72  -2.08   2.60   4.20  69   465     0  2.3
 10  1152 J8   402  2578 J8  1969   618 J8   295  2506 13187  6.0  5.4  0.46  0.03  -5.84 -14.11  -9.98  -9.22  77   877     0  0.9
 11   354 J8   187  1338 J8  1202   216 J8   101   790  8926  6.1  5.2  0.41  0.03  -4.73 -14.94 -10.79 -11.06  66   845     0  1.1
 12    77 J8    27   656 J8   619    52 J8    18   231  6108  5.5  4.8  0.41  0.03 -11.37 -21.83 -17.65 -18.22  69  1083     0  1.3
 13  2437 J8  1966  2786 J8  1507  1341 J8  1053  5273 16715  6.8  5.5  0.74  0.07   3.03  -7.09  -2.12  -1.43  64  7471    14  1.9
 2009
  1   203 J8   113   949 J8   757   134 J8    81   537  7901  4.4  3.9  0.36  0.05 -20.65 -30.73 -25.90 -25.62  48  1365     0  1.7
  2   731 J8   324  1209 J8  1172   513 J8   196  1873 12040  6.8  5.9  0.40  0.07  -7.44 -17.30 -12.95 -12.39  50   860     0  2.9
  3  2129 J8   760  2934 J8  2306  1166 J8   373  4333 16275  5.8  5.1  0.38  0.09   2.59  -9.69  -4.16  -2.01  52   678     0  2.4
  4  3895 J8  1051  4596 J8  2801  1912 J8   495  7409 20447  6.4  4.5  0.48  0.11   5.54  -4.18   1.06   2.29  53   530     0  3.4
  5  4906 J8  1325  4865 J8  3354  2482 J8   621 10102 24464  6.9  5.3  0.79  0.11  16.11   3.47  10.36  11.55  49   265     0  1.6
  6  4957 J8  1377  4097 J8  2938  2917 J8   520 11413 27102  7.6  6.1  1.26  0.11  22.91  10.31  17.50  17.92  48    74    22  2.2
  7  4892 J8  1272  4449 J8  2975  2690 J8   448 10648 25432  7.5  5.9  1.58  0.09  22.07  11.95  16.95  17.61  61    60    19  3.1
  8  3694 J8  1453  3929 J8  3364  1889 J8   471  8231 21452  7.6  6.0  1.36  0.07  19.47   8.80  14.19  15.47  64   138     8  1.3
  9  2245 J8   982  2978 J8  2775  1187 J8   359  5234 17373  7.0  6.0  1.04  0.05   9.20   0.82   4.95   6.21  71   400     0  1.9
 10  1150 J8   431  2498 J8  2080   619 J8   267  2523 13218  5.7  5.1  0.86  0.03  -2.16  -9.89  -5.92  -4.85  71   755     0  1.8
 11   348 J8   204  1482 J8  1489   193 J8    98   799  8957  5.8  5.6  0.35  0.03 -11.03 -20.51 -16.33 -15.59  72  1023     0  1.8
 12    78 J8    28   460 J8   473    60 J8    24   232  6114  5.9  5.0  0.53  0.03 -13.79 -25.80 -19.91 -19.70  67  1182     0  2.1
 13  2436 J8  1949  2871 J8  1550  1314 J8  1040  5278 16731  6.4  5.4  0.78  0.07   3.57  -6.90  -1.68  -0.76  59  7329    50  2.2
 2010
  1   205 J8   119  1007 J8   881   125 J8    66   531  7870  5.2  3.9  0.40  0.05  -9.48 -20.22 -15.00 -14.40  61  1029     0  0.4
  2   804 J8   323  1712 J8  1354   499 J8   200  1857 12006  5.8  4.8  0.43  0.07  -8.35 -19.22 -14.34 -14.09  42   899     0  1.9
  3  2443 J8   714  4459 J8  2384  1032 J8   322  4309 16238  4.8  3.4  0.35  0.09  -0.08 -13.47  -6.89  -4.42  44   778     0  1.2
  4  3915 J8   919  4686 J8  2583  1871 J8   522  7383 20412  6.4  4.3  0.52  0.11   4.89  -5.07   0.19   1.49  57   553     0  2.7
  5  4315 J8  1386  3622 J8  2648  2520 J8   489 10084 24431  7.7  6.4  0.87  0.11  13.60   2.56   8.67   9.84  48   318     0  1.9
  6  5114 J8  1108  4149 J8  2260  3006 J8   435 11410 27095  7.8  6.0  1.33  0.11  19.48   8.48  14.28  14.57  64   136     5  1.9
  7  4758 J8  1432  3791 J8  3351  2767 J8   537 10662 25457  8.2  6.8  1.60  0.09  19.02  10.27  14.72  15.28  71   118     4  2.9
  8  3519 J8  1274  3308 J8  2914  1994 J8   409  8255 21485  7.8  6.6  1.48  0.07  17.02   8.83  12.69  13.57  63   169     1  2.0
  9  2721 J8   864  5301 J8  3471   941 J8   510  5258 17407  4.2  3.8  0.96  0.05  11.59   4.07   7.83   9.00  71   315     0  1.1
 10  1181 J8   366  2412 J8  1718   675 J8   249  2542 13257  6.8  5.6  0.61  0.03  -2.39 -11.29  -6.70  -5.65  73   780     0  1.8
 11   322 J8   163   681 J8   818   252 J8   120   808  8987  7.9  6.8  0.57  0.03  -1.29 -10.74  -6.78  -7.21  60   730     0  1.1
 12    84 J8    22   846 J8   587    52 J8    19   233  6122  4.4  3.6  0.31  0.03 -20.18 -30.21 -25.87 -26.12  76  1349     0  0.3
 13  2448 J8  1877  2998 J8  1615  1311 J8  1071  5278 16731  6.4  5.2  0.79  0.07   3.65  -6.33  -1.43  -0.68  61  7174    10  1.6
