722085 BEAUFORT MCAS          SC  -5  N32 29  W080 43    10  1012
 1991-2010
 MO AVGLO FL SDGLO AVDIR FL SDDIR AVDIF FL SDDIF AVETR AETRN  TOT  OPQ   H2O   TAU  MAX_T  MIN_T  AVG_T  AVGDT  RH  HTDD  CLDD AVWS
  1  2726 K5   316  3735 K6  1010  1085 K5   131  5576 14484  5.2  4.9  1.73  0.08  15.21   4.69   9.77  11.83  69   261     2  3.0
  2  3461 K5   439  4033 K6  1192  1363 K5   190  6941 15412  5.4  5.0  1.70  0.09  16.81   5.80  11.10  13.25  69   201     3  3.0
  3  4633 K5   398  4724 K6   862  1762 K5   205  8658 16512  5.1  4.8  1.90  0.11  20.44   9.29  14.80  16.78  68   122    14  3.4
  4  5794 K5   485  5219 K6   968  2189 K5   218 10187 17576  4.6  4.3  2.18  0.15  24.42  13.25  18.79  20.73  68    39    54  3.4
  5  6309 K5   582  5085 K6  1086  2607 K5   236 11150 18425  5.0  4.6  3.02  0.19  28.29  17.94  23.01  24.65  71     4   153  3.1
  6  6208 K5   623  4675 K6  1177  2716 K5   303 11501 18805  5.5  5.1  4.14  0.21  31.03  21.94  26.13  27.56  76     0   245  2.7
  7  6103 K5   520  4568 K6   943  2673 K5   250 11268 18507  5.6  5.1  4.64  0.22  32.72  23.61  27.70  29.09  76     0   305  2.5
  8  5429 K5   367  3969 K6   707  2550 K5   234 10451 17676  5.7  5.3  4.63  0.21  31.89  23.28  27.11  28.44  78     0   287  2.3
  9  4651 K5   417  3895 K6   844  2128 K5   202  9107 16645  5.3  5.0  3.98  0.18  29.18  20.70  24.57  26.30  77     1   199  2.6
 10  3835 K5   455  3991 K6  1009  1606 K5   139  7427 15572  4.6  4.5  2.88  0.15  24.93  14.89  19.61  21.75  76    29    78  2.5
 11  3124 K5   279  4070 K6   840  1195 K5   129  5891 14613  4.4  4.2  2.16  0.11  20.40   9.33  14.59  16.89  74   121    17  2.5
 12  2519 K5   289  3593 K6   882  1016 K5    88  5141 14133  5.1  4.8  1.83  0.09  16.10   5.51  10.55  12.74  72   238     4  2.8
 13  4566 K5   282  4296 K6   750  1907 K5   168  8608 16530  5.1  4.8  2.90  0.15  24.28  14.19  18.98  20.83  73  1015  1360  2.8
 1991
  1  2067 J5   977  1957 J6  2113  1186 J5   345  5569 14479  7.0  6.8  2.44  0.07  15.54   6.75  11.06  12.65  73   224     1  2.3
  2  3231 J5   980  3370 J6  2552  1506 J5   504  6922 15398  5.2  4.9  1.83  0.08  19.25   7.20  13.03  15.43  62   155    12  2.7
  3  4175 J5  1310  3713 J6  2696  1934 J5   491  8632 16494  5.5  5.4  1.91  0.10  21.91  11.50  16.54  18.18  63    87    36  3.8
  4  4674 J5  1251  3028 J6  2037  2570 J5   479 10167 17561  6.9  6.5  2.82  0.14  25.43  16.89  20.90  22.41  74     6    91  3.0
  5  6178 J5  1155  4784 J6  2026  2677 J5   541 11140 18412  5.2  4.5  3.89  0.18  29.55  21.52  25.22  26.57  76     0   223  2.6
  6  6558 J5   956  5115 J6  1748  2780 J5   489 11500 18803  4.7  4.2  4.19  0.20  30.74  22.29  26.25  27.61  72     0   246  2.3
  7  6251 J5   756  4643 J6  1252  2788 J5   333 11276 18517  5.6  5.2  5.07  0.22  32.74  24.27  28.24  29.49  76     0   315  1.9
  8  5659 J5   706  3817 J6  1183  2834 J5   355 10468 17692  6.1  5.7  4.76  0.25  32.09  24.06  27.50  28.76  76     0   302  1.9
  9  4942 J5   928  3812 J6  1483  2379 J5   361  9132 16662  5.2  4.5  3.99  0.25  30.48  21.37  25.35  27.18  68     0   228  2.3
 10  3752 J5   886  3097 J6  2035  1971 J5   439  7453 15591  4.3  4.2  2.74  0.25  25.52  14.44  19.70  22.15  73    22    73  2.5
 11  2851 J5   749  2984 J6  1751  1403 J5   316  5910 14626  4.1  3.8  2.22  0.24  18.89   7.66  12.99  15.33  70   159     7  2.0
 12  2341 J5   748  2621 J6  1608  1167 J5   251  5144 14135  4.5  4.4  2.12  0.24  18.03   7.69  12.56  14.79  62   183    13  2.7
 13  4390 J5  1570  3578 J6   932  2099 J5   653  8609 16531  5.4  5.0  3.16  0.18  25.01  15.47  19.95  21.71  70   836  1549  2.5
 1992
  1  2508 J5   737  2234 J6  1635  1446 J5   282  5561 14473  5.5  5.1  1.75  0.25  15.04   5.41  10.28  12.19  62   251     0  3.0
  2  2736 J5  1088  1820 J6  1909  1717 J5   407  6936 15406  6.2  6.2  2.02  0.27  18.33   7.68  12.79  14.94  64   160     6  2.8
  3  4671 J5   873  3732 J6  1646  2295 J5   405  8674 16519  4.9  4.4  1.68  0.28  20.54   8.43  14.56  16.69  58   129    10  2.6
  4  5398 J5  1321  3997 J6  2276  2595 J5   555 10198 17579  4.3  4.1  2.25  0.30  23.29  12.38  17.88  19.77  61    61    47  3.0
  5  5637 J5  1502  3465 J6  2284  3064 J5   557 11155 18428  5.9  5.0  2.61  0.32  27.13  16.51  21.71  23.48  63    16   124  3.0
  6  6122 J5  1332  3910 J6  1929  3113 J5   726 11500 18804  5.6  4.9  4.16  0.32  29.75  22.11  25.50  26.72  74     0   228  2.6
  7  6497 J5   737  4781 J6  1799  2922 J5   733 11263 18501  4.1  3.7  4.49  0.32  33.65  24.57  28.72  30.15  71     0   334  2.5
  8  4694 J5   872  2130 J6  1401  3142 J5   408 10442 17669  7.4  6.9  4.76  0.30  31.34  23.50  26.90  28.12  77     0   282  2.1
  9  4766 J5   826  3240 J6  1225  2557 J5   333  9094 16637  5.1  4.8  4.37  0.26  28.91  21.02  24.50  26.08  78     1   200  2.2
 10  3822 J5   916  3592 J6  1974  1762 J5   420  7411 15563  4.7  4.5  2.74  0.21  24.36  13.50  18.67  20.90  70    31    49  2.4
 11  2596 J5   918  2415 J6  1679  1399 J5   346  5879 14609  5.4  5.2  2.70  0.17  20.48  11.35  15.71  17.44  75   108    36  2.6
 12  1925 J5   876  1936 J6  2079  1078 J5   255  5140 14133  6.3  6.0  2.23  0.14  15.45   6.23  10.72  12.57  72   236     4  2.9
 13  4281 J5  1540  3104 J6   965  2257 J5   747  8604 16527  5.4  5.1  2.98  0.26  24.02  14.39  18.99  20.76  69   993  1319  2.6
 1993
  1  2149 J5  1078  2067 J6  2191  1179 J5   280  5587 14493  6.8  6.5  2.34  0.12  17.26   7.90  12.39  14.17  68   183     5  2.8
  2  2881 J5  1089  2153 J6  1991  1726 J5   389  6952 15423  6.7  6.2  1.45  0.12  14.68   5.51   9.98  11.77  59   231     0  3.0
  3  4506 J5  1577  4477 J6  2951  1750 J5   500  8664 16517  5.0  4.5  1.83  0.14  18.84   8.34  13.51  15.11  59   150     3  3.9
  4  5751 J5  1549  5228 J6  2575  2143 J5   485 10192 17582  4.4  3.8  1.53  0.18  22.45  10.85  16.99  19.01  55    70    20  3.4
  5  6443 J5   869  4785 J6  1640  2866 J5   521 11153 18429  5.1  4.5  2.62  0.21  28.02  17.65  22.92  24.66  62     0   140  2.3
  6  6613 J5  1300  5523 J6  2572  2529 J5   690 11502 18805  4.2  3.6  3.72  0.23  31.63  22.26  26.66  28.26  66     0   258  2.6
  7  6374 J5  1132  4724 J6  1864  2807 J5   439 11266 18506  4.7  4.3  4.48  0.24  35.70  25.20  29.82  31.49  63     0   376  2.3
  8  5297 J5  1102  3677 J6  2326  2730 J5   597 10448 17671  5.1  4.9  4.23  0.23  33.10  23.55  27.78  29.29  70     0   310  2.4
  9  4860 J5  1094  4064 J6  2085  2216 J5   460  9102 16639  4.5  4.3  3.88  0.19  30.40  21.62  25.55  27.37  68     1   232  2.1
 10  3010 J5  1340  2388 J6  2415  1640 J5   363  7421 15564  6.3  6.2  3.23  0.15  24.38  15.18  19.55  21.25  67    29    73  2.8
 11  2899 J5   829  3221 J6  2133  1337 J5   366  5887 14609  5.5  4.8  2.48  0.12  20.67  10.24  15.20  17.32  59   109    23  2.5
 12  2295 J5   764  2793 J6  2217  1117 J5   279  5140 14132  5.7  5.3  1.50  0.09  15.23   4.23   9.45  11.79  55   267     0  2.4
 13  4423 J5  1700  3758 J6  1221  2003 J5   635  8610 16531  5.3  4.9  2.77  0.17  24.36  14.38  19.15  20.96  63  1039  1439  2.7
 1994
  1  2407 J5   982  2748 J6  2627  1190 J5   317  5578 14485  6.0  5.6  1.65  0.08  13.98   3.10   8.35  10.34  59   303     0  2.5
  2  3245 J5  1136  3174 J6  2514  1566 J5   394  6938 15410  6.1  5.4  1.89  0.09  18.32   6.80  12.34  14.63  64   167     6  2.4
  3  4474 J5  1118  3999 J6  2301  2005 J5   468  8649 16507  5.5  5.0  1.91  0.11  22.73  10.88  16.97  18.94  59    74    27  3.3
  4  5767 J5  1153  5042 J6  2243  2316 J5   534 10180 17572  4.2  3.9  2.20  0.15  26.30  14.23  20.59  22.82  62    16    74  2.6
  5  5377 J5  1526  3560 J6  2052  2786 J5   379 11147 18423  5.8  5.7  2.91  0.18  27.46  17.15  22.20  23.77  62     5   128  3.2
  6  5318 J5  1029  2708 J6  1512  3278 J5   374 11501 18804  7.4  6.7  4.44  0.21  31.04  22.57  26.29  27.56  75     0   254  2.9
  7  5248 J5  1188  2759 J6  1652  3205 J5   431 11271 18511  6.9  6.5  4.51  0.22  31.79  24.01  27.51  28.73  71     0   297  2.3
  8  5428 J5   830  3614 J6  1566  2827 J5   467 10457 17682  5.7  5.3  4.26  0.21  31.68  22.68  26.80  28.35  69     0   274  2.4
  9  4786 J5   911  3747 J6  1894  2323 J5   447  9116 16650  5.7  5.2  3.77  0.18  28.82  19.99  24.15  26.04  70     0   182  2.4
 10  3321 J5  1112  2810 J6  2129  1727 J5   371  7436 15576  6.3  6.2  3.06  0.14  24.07  15.30  19.33  21.08  71    22    64  2.7
 11  2801 J5   898  3079 J6  1867  1289 J5   294  5898 14617  5.4  5.3  2.68  0.10  22.56  12.35  17.27  19.20  67    59    32  2.8
 12  1934 J5   799  1889 J6  1716  1127 J5   280  5142 14136  6.9  6.6  2.08  0.08  16.86   8.76  12.49  14.05  71   180     9  3.1
 13  4175 J5  1352  3261 J6   804  2137 J5   772  8609 16531  6.0  5.6  2.95  0.15  24.63  14.82  19.53  21.29  67   826  1347  2.7
 1995
  1  2549 J5   930  3027 J6  2461  1192 J5   298  5570 14480  5.3  5.2  1.49  0.07  15.54   5.20  10.31  12.46  66   248     1  2.5
  2  2839 J5  1134  2494 J6  2349  1541 J5   308  6924 15400  6.6  6.1  1.77  0.08  15.62   5.74  10.66  12.27  61   216     2  3.3
  3  4308 J5  1217  3691 J6  2182  2014 J5   444  8634 16494  5.8  5.3  2.06  0.10  20.78   9.92  15.41  17.36  73   103    10  3.3
  4  5555 J5  1114  4500 J6  2350  2439 J5   641 10169 17564  5.2  5.1  2.21  0.14  25.13  14.14  19.61  21.59  72    26    65  3.4
  5  5373 J5  1232  3274 J6  1940  2974 J5   406 11141 18415  6.5  6.1  3.02  0.18  28.83  18.55  23.61  25.18  74     2   168  3.7
  6  5438 J5  1476  3330 J6  2378  3003 J5   526 11500 18804  6.7  6.4  3.92  0.20  29.75  21.10  25.06  26.41  81     0   213  3.1
  7  5594 J5   912  3247 J6  1443  3138 J5   358 11275 18514  6.6  6.2  4.52  0.22  32.45  23.57  27.61  28.98  79     0   300  2.7
  8  5178 J5  1418  3650 J6  2338  2599 J5   517 10467 17689  5.4  4.9  4.68  0.20  30.90  23.68  27.10  28.23  81     0   278  3.3
  9  3755 J5  1267  2020 J6  1410  2417 J5   433  9130 16662  7.4  6.9  4.21  0.18  27.09  20.44  23.38  24.61  84     4   167  2.8
 10  3365 J5  1074  2957 J6  2135  1710 J5   409  7451 15591  6.0  5.6  3.60  0.14  25.33  16.76  20.78  22.59  79    23   107  3.2
 11  2996 J5   881  3880 J6  2470  1206 J5   349  5909 14625  4.2  3.9  1.90  0.10  17.74   6.17  11.94  14.37  76   204    12  2.7
 12  2417 J5   822  3180 J6  2417  1083 J5   332  5144 14135  5.1  4.5  1.82  0.08  14.24   3.76   8.52  10.74  75   290     1  2.6
 13  4114 J5  1267  3271 J6   642  2110 J5   754  8609 16531  5.9  5.5  2.93  0.14  23.62  14.09  18.67  20.40  75  1115  1325  3.0
 1996
  1  2711 J5   804  3393 J6  2152  1191 J5   318  5562 14473  5.0  4.7  1.55  0.07  14.85   2.91   8.74  10.71  73   293     0  3.6
  2  3309 J5  1166  3330 J6  2556  1531 J5   483  6938 15409  6.0  5.4  1.56  0.08  16.99   5.41  10.64  12.90  68   209     3  3.4
  3  4285 J5  1500  3960 J6  2817  1870 J5   480  8675 16520  5.6  5.3  1.66  0.10  17.39   6.51  11.82  13.79  67   200     3  4.0
  4  5496 J5  1226  4317 J6  1907  2455 J5   468 10199 17582  5.1  4.8  1.87  0.14  23.54  12.20  17.82  19.84  67    59    46  4.0
  5  5660 J5  1148  3850 J6  2117  2876 J5   522 11156 18428  5.4  5.2  3.04  0.18  29.25  18.41  23.72  25.38  75     5   176  3.4
  6  5768 J5  1125  3491 J6  1705  3188 J5   441 11500 18804  5.6  5.1  3.94  0.20  30.97  20.92  25.68  27.23  77     0   228  2.9
  7  4853 J5  1452  2599 J6  1973  2877 J5   468 11263 18501  7.5  6.9  4.51  0.22  32.15  23.55  27.28  28.49  79     0   295  3.5
  8  4578 J5  1191  2598 J6  1813  2732 J5   398 10441 17667  6.5  6.0  4.25  0.20  30.16  22.15  25.49  26.83  83     0   243  2.2
  9  4396 J5  1104  3140 J6  1853  2326 J5   471  9092 16637  5.7  5.4  3.81  0.17  29.04  19.93  24.25  26.10  80     0   185  2.8
 10  3800 J5  1226  4035 J6  2459  1521 J5   369  7409 15562  4.5  4.3  2.83  0.14  24.21  13.97  18.75  20.96  79    29    53  2.7
 11  2812 J5   851  3143 J6  2451  1318 J5   373  5878 14607  5.2  4.8  2.06  0.10  18.59   7.22  12.82  14.81  73   172     9  3.1
 12  2414 J5   715  3009 J6  2294  1160 J5   325  5140 14132  5.3  5.0  1.71  0.08  17.33   5.53  11.05  13.33  75   214     0  2.7
 13  4174 J5  1174  3405 J6   552  2087 J5   739  8604 16527  5.6  5.2  2.73  0.14  23.71  13.23  18.17  20.03  75  1183  1240  3.2
 1997
  1  2331 J5   862  2410 J6  2306  1241 J5   352  5588 14493  6.0  5.7  1.89  0.07  15.47   4.93  10.03  12.18  71   252     0  3.2
  2  2903 J5  1087  2461 J6  1984  1568 J5   314  6954 15425  7.1  6.4  2.09  0.08  17.78   7.40  12.45  14.55  79   169     8  2.7
  3  4224 J5  1242  3616 J6  2363  1977 J5   438  8665 16519  5.3  5.2  2.38  0.10  23.53  12.92  18.33  20.21  73    50    47  3.8
  4  5075 J5  1282  3857 J6  2208  2451 J5   461 10193 17583  5.6  5.3  2.18  0.14  23.19  11.98  17.49  19.51  68    52    30  3.7
  5  5680 J5  1361  3831 J6  2397  2907 J5   612 11154 18431  5.9  5.3  2.84  0.18  25.89  15.88  21.05  22.47  73    12    91  3.6
  6  5197 J5  1175  2573 J6  1586  3266 J5   450 11502 18806  7.6  7.0  4.02  0.20  27.89  20.15  23.63  24.83  84     4   175  3.1
  7  5482 J5  1211  3394 J6  1945  2983 J5   411 11266 18503  6.4  5.9  4.47  0.22  32.05  22.91  26.89  28.20  82     0   284  2.7
  8  5411 J5   897  3583 J6  1743  2842 J5   446 10446 17670  5.9  5.4  4.34  0.20  31.05  21.83  25.93  27.49  80     0   251  2.6
  9  4162 J5  1402  2969 J6  2367  2240 J5   526  9101 16638  5.8  5.6  3.83  0.18  29.66  20.48  24.54  26.41  81     0   202  2.7
 10  3412 J5  1404  3139 J6  2491  1635 J5   414  7420 15564  5.5  5.3  2.72  0.14  23.77  14.50  18.94  21.02  83    49    74  2.5
 11  2781 J5   825  3071 J6  2076  1323 J5   310  5886 14608  5.6  5.2  2.00  0.10  17.92   8.02  12.72  14.83  79   165     4  2.6
 12  2215 J5   807  2826 J6  2201  1025 J5   253  5140 14131  5.9  5.6  2.05  0.08  14.63   5.47   9.96  11.85  78   257     0  3.2
 13  4073 J5  1301  3144 J6   516  2122 J5   768  8610 16531  6.0  5.7  2.90  0.14  23.57  13.87  18.50  20.29  78  1009  1165  3.0
 1998
  1  2695 K4  1240  3764 K6  2888  1045 K4   313  5580 14487  5.9  5.6  1.76  0.07  16.15   6.50  11.15  12.96  82   220     3  3.0
  2  3475 K4  1710  4421 K6  3562  1182 K4   387  6940 15410  5.7  5.2  1.58  0.08  16.59   7.18  11.81  13.56  79   183     2  3.8
  3  4749 K4  2050  5481 K6  3652  1465 K4   506  8650 16509  4.9  4.8  1.70  0.10  17.81   8.37  13.04  14.67  73   169     7  3.6
  4  5534 K4  1870  4923 K6  3201  2199 K4   672 10182 17573  5.3  5.0  2.19  0.14  23.05  13.47  18.33  19.92  77    37    34  3.8
  5  6835 K4  1234  5899 K6  2193  2540 K4   550 11148 18423  4.7  4.3  2.98  0.18  29.53  19.03  23.92  25.68  77     0   184  2.7
  6  7271 K4   880  6591 K6  1593  2325 K4   395 11501 18805  4.7  4.6  3.75  0.20  33.88  22.49  28.02  29.78  73     0   296  1.7
  7  6366 K4  1171  4968 K6  1967  2569 K4   413 11270 18511  6.8  6.2  5.08  0.22  33.65  24.04  28.14  29.48  80     0   326  3.1
  8  5619 K4  1257  4245 K6  2002  2552 K4   401 10456 17682  6.7  6.3  4.50  0.20  31.70  23.06  26.93  28.28  83     0   280  2.5
  9  4682 K4  1734  4164 K6  2754  1981 K4   438  9114 16650  5.8  5.5  4.24  0.18  29.82  21.05  25.17  27.06  83     0   213  2.5
 10  4405 K4   832  5164 K6  2056  1572 K4   463  7434 15574  3.5  3.3  2.70  0.14  26.37  15.28  20.19  22.83  80    20    98  2.3
 11  3108 K4   853  3793 K6  2168  1328 K4   311  5897 14616  6.1  5.7  2.57  0.10  23.37  12.16  17.20  19.58  83    47    30  2.1
 12  2528 K4  1121  3809 K6  2839   928 K4   261  5142 14136  5.9  5.6  2.15  0.08  18.55   8.51  13.04  15.26  80   170    21  2.8
 13  4772 K4  1603  4769 K6   903  1807 K4   623  8609 16531  5.5  5.2  2.93  0.14  25.04  15.09  19.75  21.59  79   845  1494  2.8
 1999
  1  3032 K4  1008  4603 K6  2690  1040 K4   319  5571 14480  4.5  4.2  1.64  0.07  17.69   4.98  11.10  13.74  77   218     1  2.7
  2  3968 K4  1173  5141 K6  2650  1287 K4   401  6925 15400  4.7  4.4  1.60  0.08  18.29   6.01  12.03  14.59  70   173     0  3.1
  3  4987 K4  1679  5726 K6  2901  1575 K4   410  8636 16496  4.2  4.0  1.40  0.10  18.95   6.58  12.72  15.01  67   173     1  3.5
  4  5576 K4  1849  4860 K6  3060  2218 K4   603 10170 17565  5.7  5.4  2.50  0.14  25.43  15.10  19.83  21.43  72    30    88  4.0
  5  6519 K4  1612  5552 K6  2348  2463 K4   482 11141 18416  5.8  5.4  2.63  0.18  27.33  15.93  21.44  23.42  73    11   113  2.9
  6  5608 K4  1980  3998 K6  2670  2602 K4   484 11500 18803  7.1  6.7  4.13  0.20  28.91  20.25  24.30  25.56  81     0   188  3.1
  7  6354 K4  1379  5086 K6  2161  2509 K4   368 11274 18514  7.0  6.2  4.36  0.22  32.45  23.78  27.60  28.97  80     0   303  2.0
  8  6013 K4  1223  5017 K6  1636  2247 K4   353 10465 17688  6.1  5.6  4.51  0.20  33.16  23.84  28.09  29.51  77     0   315  2.4
  9  4776 K4  1771  4383 K6  2517  1932 K4   459  9128 16661  5.4  5.2  3.80  0.18  28.61  19.17  23.64  25.57  76     2   169  3.1
 10  3764 K4  1444  4076 K6  2817  1513 K4   374  7449 15590  4.6  4.3  2.70  0.14  23.78  14.60  19.12  21.06  79    35    62  2.5
 11  3451 K4   932  4873 K6  2359  1159 K4   310  5907 14625  2.9  2.9  1.86  0.10  21.25   9.71  15.13  17.78  76    98    12  2.1
 12  2706 K4   981  4124 K6  2747   994 K4   298  5144 14134  4.6  4.2  1.58  0.08  16.08   4.84  10.49  12.97  74   244     0  2.1
 13  4730 K4  1320  4786 K6   565  1795 K4   604  8609 16531  5.2  4.9  2.73  0.14  24.33  13.73  18.79  20.80  75   984  1252  2.8
 2000
  1  2763 K4  1189  4114 K6  2960   980 K4   294  5563 14476  4.9  4.7  1.37  0.07  13.84   3.73   8.81  10.83  70   296     0  3.2
  2  4202 K4   910  5549 K6  2345  1350 K4   423  6940 15410  3.4  3.3  1.40  0.08  18.40   5.17  11.33  14.27  69   190     1  2.7
  3  5062 K4  1547  5616 K6  2924  1655 K4   444  8677 16521  4.2  4.0  1.67  0.10  21.97  10.70  16.06  18.12  72    75    13  3.3
  4  5970 K4  1799  5639 K6  2724  2087 K4   553 10200 17583  4.2  4.0  1.89  0.14  23.57  11.75  17.85  19.70  70    47    27  3.6
  5  7094 K4  1182  6471 K6  1987  2385 K4   477 11157 18429  3.4  3.1  2.82  0.18  29.91  19.06  24.14  25.83  73     0   191  3.5
  6  6645 K4  1201  5450 K6  2062  2523 K4   434 11501 18804  5.2  4.8  4.09  0.20  31.63  21.35  25.88  27.47  78     0   245  2.9
  7  6570 K4   990  5323 K6  1685  2542 K4   394 11262 18500  4.9  4.7  4.56  0.22  33.10  22.66  27.48  29.11  76     0   296  2.8
  8  5819 K4  1215  4602 K6  1999  2407 K4   361 10439 17667  5.2  4.9  4.41  0.20  31.43  22.46  26.44  27.82  79     0   267  2.4
  9  4132 K4  1537  3340 K6  2348  2024 K4   355  9090 16636  6.2  5.8  4.09  0.17  27.92  19.97  23.64  25.15  81     1   169  3.1
 10  4504 K4   940  5424 K6  1854  1477 K4   266  7407 15562  2.7  2.5  1.95  0.14  25.10  11.93  17.76  20.94  73    38    44  2.1
 11  3132 K4  1029  4032 K6  2484  1221 K4   372  5877 14607  4.9  4.5  1.98  0.10  18.94   7.94  13.28  15.47  76   162    15  2.5
 12  2499 K4  1139  3836 K6  3047   930 K4   303  5139 14132  4.9  4.8  1.42  0.08  11.17   1.05   5.74   7.71  69   379     0  3.0
 13  4866 K4  1576  4950 K6   939  1798 K4   604  8604 16527  4.5  4.3  2.64  0.14  23.92  13.15  18.20  20.20  74  1188  1268  2.9
 2001
  1  2961 K4  1002  4330 K6  2622  1070 K4   344  5589 14494  4.8  4.5  1.34  0.07  13.58   2.17   7.61  10.13  70   324     0  2.7
  2  3322 K4  1494  3725 K6  3062  1354 K4   397  6956 15425  6.2  5.8  1.99  0.08  18.26   7.86  12.77  14.84  79   154     7  2.8
  3  4294 K4  1867  4280 K6  3371  1683 K4   461  8667 16519  5.9  5.7  1.77  0.10  19.14   8.92  13.90  15.58  71   144    11  3.8
  4  6207 K4  1764  5973 K6  2728  2071 K4   482 10195 17585  4.3  4.0  2.11  0.14  24.60  12.72  18.51  20.67  72    47    57  3.3
  5  7029 K4  1002  6308 K6  1757  2432 K4   479 11155 18431  4.3  4.1  2.71  0.18  29.52  17.03  23.09  25.10  73     0   153  3.1
  6  5727 K4  1721  4052 K6  2576  2696 K4   435 11502 18806  6.5  6.0  4.06  0.20  31.18  22.06  25.97  27.47  80     0   249  2.8
  7  5755 K4  1300  4147 K6  2026  2689 K4   371 11265 18501  5.7  5.2  4.50  0.22  31.22  22.70  26.76  28.14  78     0   267  2.1
  8  5971 K4  1122  4872 K6  1929  2403 K4   394 10445 17669  4.5  4.2  4.32  0.20  32.14  22.89  27.19  28.67  77     0   285  1.8
  9  4478 K4  1119  3493 K6  2268  2216 K4   465  9099 16637  5.8  5.1  3.64  0.18  27.77  19.37  23.08  24.79  79     3   160  2.0
 10  4480 K4   987  5242 K6  2182  1563 K4   425  7418 15563  3.2  3.1  2.22  0.14  24.82  12.86  18.67  21.34  70    47    63  2.8
 11  3449 K4   927  4913 K6  2224  1154 K4   305  5885 14607  3.6  3.3  2.02  0.10  23.60  11.60  16.98  19.72  77    52    31  2.6
 12  2830 K4   876  4472 K6  2460   987 K4   253  5140 14130  4.9  4.7  1.73  0.08  19.12   8.24  13.68  15.92  75   153     9  2.6
 13  4709 K4  1405  4651 K6   855  1860 K4   635  8610 16530  5.0  4.6  2.70  0.14  24.58  14.04  19.02  21.03  75   925  1291  2.7
 2002
  1  2748 K4  1124  3940 K6  2805  1051 K4   365  5581 14488  5.0  4.8  1.91  0.07  16.62   5.62  10.68  12.99  80   230     6  2.9
  2  3861 K4  1444  4994 K6  3002  1266 K4   363  6941 15414  4.6  4.0  1.48  0.08  17.19   5.55  11.08  13.07  70   198     3  3.1
  3  4878 K4  1456  5080 K6  2721  1812 K4   578  8652 16509  5.4  5.1  2.27  0.10  21.96  10.50  16.23  18.19  76   101    36  3.3
  4  6012 K4  1685  5534 K6  2852  2187 K4   527 10183 17574  5.1  4.9  2.91  0.14  26.81  16.98  21.71  23.35  72    13   120  3.4
  5  6885 K4  1303  6111 K6  2190  2437 K4   480 11149 18424  4.0  3.9  2.97  0.18  28.62  17.23  22.84  24.57  73     9   151  3.5
  6  5856 K4  1748  4224 K6  2622  2726 K4   525 11501 18805  5.9  5.5  4.11  0.20  31.28  21.94  26.27  27.59  78     0   249  3.1
  7  6619 K4  1203  5518 K6  2000  2439 K4   397 11269 18510  4.5  4.2  4.86  0.22  33.05  24.09  28.13  29.55  78     0   317  2.7
  8  5581 K4  1685  4541 K6  2338  2285 K4   369 10454 17681  5.5  5.2  4.52  0.20  31.61  22.92  26.91  28.18  79     0   277  2.7
  9  4280 K4  1472  3164 K6  2253  2220 K4   404  9112 16648  6.5  6.3  4.48  0.18  30.16  22.90  26.21  27.60  84     0   246  3.1
 10  3387 K4  1440  2936 K6  2676  1725 K4   318  7432 15573  6.6  6.4  3.77  0.14  26.04  18.15  21.80  23.26  86     6   123  2.6
 11  3210 K4  1138  4549 K6  2585  1068 K4   267  5895 14616  4.6  4.4  2.15  0.10  19.12   8.60  13.66  15.70  79   145    10  2.5
 12  2529 K4  1063  3707 K6  2716   982 K4   284  5142 14136  5.2  4.9  1.72  0.08  14.60   4.11   9.04  11.22  75   278     0  3.0
 13  4654 K4  1527  4525 K6   978  1850 K4   622  8609 16531  5.2  5.0  3.09  0.14  24.75  14.88  19.55  21.27  78   979  1538  3.0
 2003
  1  3095 K4   978  4786 K6  2669  1005 K4   341  5572 14480  3.9  3.7  1.25  0.07  12.82   2.35   7.41   9.28  60   333     0  3.8
  2  3211 K4  1508  3830 K6  3013  1239 K4   318  6927 15402  6.1  5.8  1.86  0.08  15.81   5.77  10.48  12.36  75   211     0  3.2
  3  3753 K4  2000  3385 K6  3191  1672 K4   449  8637 16498  6.8  6.6  2.62  0.10  20.53  11.69  15.75  17.14  84    84    15  3.0
  4  5415 K4  2167  4953 K6  3358  2045 K4   522 10172 17566  4.5  4.4  2.40  0.14  23.65  13.16  18.27  20.07  76    39    42  3.1
  5  5942 K4  1573  4347 K6  2629  2772 K4   557 11142 18418  6.2  5.7  3.48  0.18  28.22  19.18  23.70  25.10  75     0   167  3.2
  6  6240 K4  1584  4736 K6  2606  2680 K4   458 11500 18803  5.4  5.0  4.27  0.20  30.60  21.77  25.86  27.31  79     0   236  2.6
  7  5660 K4  1559  4086 K6  2198  2553 K4   376 11274 18514  6.7  6.2  4.96  0.22  31.36  23.41  26.83  27.97  85     0   281  2.7
  8  5555 K4   958  4165 K6  1623  2511 K4   393 10464 17686  6.0  5.8  4.84  0.20  31.85  23.37  27.05  28.28  90     0   288  1.6
  9  4669 K4  1509  4268 K6  2410  1979 K4   392  9126 16659  5.1  5.0  3.81  0.18  28.18  20.05  23.73  25.45  84     1   175  2.3
 10  3975 K4  1302  4294 K6  2638  1588 K4   421  7447 15587  4.3  4.2  2.88  0.14  25.47  14.76  19.85  22.15  85     6    62  2.4
 11  3362 K4   926  4675 K6  2239  1162 K4   330  5906 14623  3.9  3.8  2.45  0.10  23.17  10.75  16.60  19.19  80    84    43  2.5
 12  2766 K4   984  4438 K6  2789   935 K4   302  5144 14134  4.0  3.9  1.38  0.08  14.83   2.77   8.51  11.12  72   295     0  2.9
 13  4470 K4  1250  4330 K6   440  1845 K4   676  8609 16531  5.3  5.0  3.02  0.14  23.87  14.09  18.67  20.45  79  1054  1306  2.8
 2004
  1  3000 K4  1043  4528 K6  2760  1032 K4   336  5564 14477  4.8  4.5  1.53  0.07  14.45   2.80   8.24  10.53  65   304     3  3.2
  2  3445 K4  1621  4324 K6  3285  1224 K4   360  6942 15411  7.0  6.5  1.96  0.08  13.91   4.28   9.12  10.67  74   268     0  3.7
  3  5274 K4  1441  5950 K6  2671  1703 K4   463  8679 16523  4.2  3.9  1.92  0.10  21.78   9.35  15.54  17.99  66   101    15  3.6
  4  6506 K4  1266  6454 K6  2504  2034 K4   557 10202 17584  3.4  3.2  2.05  0.14  24.67  12.33  18.47  20.61  69    43    48  3.6
  5  6903 K4  1330  6254 K6  2359  2423 K4   562 11157 18430  3.5  3.4  3.33  0.18  29.07  19.10  24.13  25.67  74     4   183  3.0
  6  6177 K4  1578  4755 K6  2368  2616 K4   339 11501 18804  6.8  6.3  4.74  0.20  31.31  22.57  26.63  27.96  79     0   258  2.9
  7  6346 K4  1036  5061 K6  1722  2538 K4   414 11261 18499  5.1  4.7  4.81  0.22  32.35  23.31  27.38  28.72  80     0   295  2.5
  8  5046 K4  1412  3551 K6  2156  2474 K4   386 10438 17666  6.0  5.7  4.67  0.20  30.49  22.15  25.73  26.96  82     0   248  2.6
  9  3949 K4  1563  2958 K6  2549  2100 K4   475  9088 16634  6.3  5.9  4.36  0.17  28.24  21.05  24.35  25.72  82     0   190  4.1
 10  3747 K4  1272  3702 K6  2474  1690 K4   413  7406 15562  5.0  4.8  3.26  0.14  24.90  16.54  20.64  22.37  82    11    85  2.3
 11  3310 K4  1044  4544 K6  2605  1163 K4   339  5876 14606  4.7  4.6  2.35  0.10  21.22  10.48  15.62  17.81  76   105    30  2.6
 12  2905 K4   759  4661 K6  2233   971 K4   305  5139 14132  4.8  4.5  1.62  0.08  15.73   4.19   9.64  12.33  69   269     9  3.0
 13  4717 K4  1494  4729 K6  1076  1831 K4   620  8604 16527  5.1  4.8  3.05  0.14  24.01  14.01  18.79  20.61  75  1104  1363  3.1
 2005
  1  3172 K4   980  5057 K6  2736   935 K4   346  5590 14495  5.5  5.3  1.93  0.07  15.94   5.49  10.28  12.21  69   240     4  3.3
  2  3316 K4  1531  3915 K6  3195  1306 K4   421  6957 15425  6.5  6.2  1.95  0.08  16.74   5.70  10.84  13.00  72   201     2  3.1
  3  4436 K4  1837  4720 K6  3494  1601 K4   580  8669 16522  5.5  5.4  1.90  0.10  19.05   7.48  13.28  15.21  65   162     5  4.1
  4  5961 K4  1991  5892 K6  3304  1873 K4   477 10196 17586  4.2  3.9  1.92  0.14  23.11  11.06  17.10  19.02  65    57    20  3.9
  5  6482 K4  1861  5588 K6  2733  2419 K4   572 11156 18431  4.8  4.7  2.89  0.18  26.67  16.28  21.38  22.89  75     7   105  3.0
  6  5646 K4  1689  3951 K6  2618  2768 K4   450 11502 18806  6.3  6.0  4.48  0.20  29.36  22.25  25.55  26.62  82     0   224  2.8
  7  6483 K4  1267  5382 K6  1991  2423 K4   365 11264 18501  5.1  4.6  5.08  0.22  32.88  24.28  28.19  29.54  79     0   318  2.2
  8  5233 K4  1222  3727 K6  1946  2555 K4   408 10444 17668  5.9  5.5  5.26  0.20  31.95  24.12  27.51  28.74  82     0   301  1.9
  9  5104 K4  1196  4714 K6  1902  2073 K4   345  9097 16635  4.6  4.4  3.99  0.18  30.82  21.76  25.90  27.82  76     0   239  2.9
 10  3772 K4  1322  4087 K6  2712  1563 K4   489  7416 15561  4.7  4.5  2.97  0.14  24.59  15.36  19.71  21.71  78    48    99  2.9
 11  3386 K4  1008  4743 K6  2419  1147 K4   310  5884 14605  4.2  3.9  2.17  0.10  21.26   9.22  15.25  17.76  80   109    16  2.6
 12  2896 K4   928  4797 K6  2559   884 K4   297  5140 14130  5.0  4.8  1.63  0.08  15.35   3.92   9.45  11.64  76   269     0  3.1
 13  4657 K4  1329  4714 K6   695  1796 K4   654  8610 16531  5.2  4.9  3.01  0.14  23.98  13.91  18.70  20.51  75  1095  1333  3.0
 2006
  1  3060 K4  1063  4830 K6  2780   961 K4   306  5582 14488  4.7  4.4  1.91  0.07  17.39   6.57  12.01  14.21  73   197     0  2.9
  2  3602 K4  1560  4644 K6  3284  1204 K4   410  6943 15416  5.6  5.2  1.77  0.08  15.99   4.54  10.31  12.64  70   226     0  2.9
  3  4958 K4  1471  5484 K6  2896  1665 K4   542  8654 16510  4.8  4.2  1.79  0.10  19.84   8.59  14.12  16.40  64   140    12  3.2
  4  6524 K4  1212  6520 K6  2440  2020 K4   558 10185 17576  4.8  4.6  2.26  0.14  26.56  14.40  20.21  22.47  66    19    84  3.2
  5  6501 K4  1692  5699 K6  2640  2338 K4   424 11149 18424  5.8  5.5  2.84  0.18  28.00  17.55  22.67  24.34  65     4   142  3.2
  6  7048 K4  1301  6184 K6  1952  2437 K4   453 11501 18805  4.8  4.6  3.81  0.20  31.32  21.88  26.51  28.07  68     0   248  2.7
  7  6709 K4   951  5719 K6  1593  2435 K4   394 11269 18509  5.8  5.5  4.29  0.22  33.12  22.87  27.62  29.17  73     0   300  2.4
  8  5677 K4  1470  4578 K6  2106  2355 K4   389 10453 17680  6.8  6.4  5.03  0.20  32.29  23.14  27.08  28.40  82     0   291  2.2
  9  5200 K4  1085  5126 K6  1849  1929 K4   388  9111 16645  4.8  4.2  3.76  0.18  28.75  20.17  24.26  25.80  72     0   184  2.5
 10  3952 K4  1379  4395 K6  2647  1519 K4   373  7431 15573  4.7  4.4  2.70  0.14  24.34  13.78  18.87  21.09  72    45    68  1.9
 11  3256 K4  1162  4579 K6  2481  1091 K4   288  5894 14614  4.6  4.4  1.93  0.10  19.83   8.53  13.68  16.06  74   128     4  2.6
 12  2699 K4   895  3944 K6  2700  1049 K4   363  5142 14136  4.8  4.5  2.24  0.08  18.68   7.94  13.03  15.44  76   161     6  2.3
 13  4932 K4  1575  5142 K6   782  1750 K4   577  8609 16531  5.2  4.8  2.86  0.14  24.68  14.16  19.20  21.17  71   921  1338  2.7
 2007
  1  2643 K4  1164  3683 K6  2990  1058 K4   349  5573 14481  5.0  4.5  2.07  0.07  16.31   6.52  11.28  13.15  70   217     2  2.9
  2  3956 K4  1424  5224 K6  2937  1216 K4   385  6929 15405  3.8  3.4  1.56  0.08  15.74   4.33   9.92  12.05  64   232     0  2.8
  3  5125 K4  1272  5522 K6  2650  1827 K4   601  8639 16498  4.9  4.7  2.15  0.10  22.20   9.37  15.80  18.35  69    94    15  2.7
  4  6370 K4  1283  6106 K6  2588  2140 K4   579 10173 17566  3.7  3.4  2.07  0.14  24.54  11.72  18.08  20.27  59    60    54  3.3
  5  6779 K4  1387  5907 K6  2340  2491 K4   538 11143 18418  4.1  4.0  2.71  0.18  27.68  16.39  21.99  23.91  68     2   117  3.1
  6  6286 K4  1848  5172 K6  2623  2482 K4   501 11500 18803  5.4  5.0  4.02  0.20  30.43  21.25  25.62  27.00  74     0   225  2.7
  7  5993 K4  1532  4618 K6  2405  2563 K4   475 11273 18513  5.6  5.1  4.71  0.22  31.69  22.58  26.71  28.12  73     0   273  2.3
  8  5650 K4  1598  4491 K6  2247  2331 K4   434 10463 17686  4.7  4.3  5.00  0.20  33.35  24.30  28.36  29.64  75     0   325  1.8
  9  5014 K4  1504  4885 K6  2407  1885 K4   408  9124 16656  5.6  5.4  3.91  0.18  29.45  21.24  24.91  26.71  75     0   210  2.6
 10  3695 K4  1467  3745 K6  2805  1607 K4   427  7445 15584  5.1  5.0  3.54  0.14  26.31  17.85  21.80  23.51  76     8   125  2.6
 11  3627 K4   943  5439 K6  2165  1012 K4   233  5905 14622  2.9  2.7  1.96  0.10  20.49   8.45  14.14  16.72  67   123     8  2.5
 12  2736 K4   817  4059 K6  2263  1035 K4   270  5144 14134  4.6  4.3  2.22  0.08  19.57   7.99  13.47  15.83  75   145     4  2.4
 13  4823 K4  1449  4904 K6   803  1804 K4   608  8609 16531  4.6  4.3  2.99  0.14  24.81  14.33  19.34  21.27  70   881  1358  2.6
 2008
  1  2944 K4  1150  4517 K6  2813   978 K4   305  5565 14477  4.9  4.8  1.72  0.07  14.59   4.44   9.16  11.42  68   275     2  2.7
  2  4042 K4  1307  5618 K6  2856  1176 K4   399  6944 15412  3.8  3.3  1.71  0.08  19.24   6.95  12.90  15.30  68   156     4  2.9
  3  5157 K4  1516  5749 K6  3094  1650 K4   565  8681 16526  4.0  3.8  1.74  0.10  21.09   9.19  15.03  17.06  67   111    13  3.5
  4  5643 K4  1935  5041 K6  2898  2132 K4   490 10203 17584  5.1  4.6  2.37  0.14  24.20  13.40  18.56  20.36  70    39    53  3.1
  5  6834 K4  1508  6156 K6  2427  2333 K4   437 11158 18430  3.4  3.2  2.82  0.18  28.33  17.51  22.96  24.73  68     0   143  3.0
  6  7074 K4   993  6222 K6  1824  2384 K4   433 11501 18804  3.5  3.4  3.96  0.20  32.98  22.79  27.39  29.02  72     0   287  2.6
  7  5917 K4  1029  4334 K6  1632  2719 K4   400 11260 18498  4.3  3.9  4.61  0.22  32.36  23.22  27.22  28.66  76     0   293  2.2
  8  5402 K4  1550  4121 K6  2307  2391 K4   474 10437 17663  5.1  4.7  4.68  0.20  31.71  23.79  27.30  28.47  77     0   292  2.7
  9  4856 K4  1550  4547 K6  2471  1910 K4   357  9086 16631  4.4  4.2  3.82  0.17  29.01  21.01  24.70  26.40  76     0   201  2.9
 10  4027 K4  1476  4818 K6  2809  1391 K4   358  7404 15561  3.6  3.5  2.40  0.14  24.03  13.41  18.16  20.48  73    55    67  2.7
 11  3081 K4  1286  4471 K6  2922   981 K4   232  5875 14606  3.3  3.1  1.86  0.10  18.05   7.41  12.61  14.85  71   174     6  2.7
 12  2604 K4   925  3870 K6  2598  1012 K4   278  5139 14132  4.5  4.3  2.02  0.08  18.90   8.01  13.17  15.55  74   162    11  2.7
 13  4798 K4  1482  4955 K6   797  1755 K4   637  8604 16527  4.2  3.9  2.81  0.14  24.54  14.26  19.10  21.02  72   973  1371  2.8
 2009
  1  2709 K4  1149  3865 K6  2916  1023 K4   305  5591 14496  4.6  4.2  1.68  0.07  14.82   4.64   9.67  11.58  68   267     1  2.9
  2  3958 K4  1308  5367 K6  2923  1205 K4   434  6959 15427  3.4  3.3  1.32  0.08  16.14   4.21  10.10  12.53  62   228     0  2.9
  3  4759 K4  1850  5259 K6  3545  1573 K4   495  8671 16524  4.7  4.6  2.08  0.10  20.31   9.25  14.55  16.62  72   120    10  3.0
  4  6007 K4  1943  5751 K6  3032  1976 K4   574 10198 17586  3.8  3.6  2.03  0.14  23.76  13.25  18.53  20.33  69    35    40  3.3
  5  5581 K4  1953  4170 K6  2695  2585 K4   509 11157 18432  5.6  5.3  3.71  0.18  27.77  19.10  23.23  24.50  75     8   166  3.1
  6  6706 K4  1103  5445 K6  1893  2577 K4   435 11502 18806  4.1  3.8  4.16  0.20  32.36  23.25  27.44  28.87  73     0   284  2.3
  7  6291 K4  1303  5122 K6  2229  2432 K4   491 11264 18499  4.1  3.7  4.32  0.22  33.05  23.18  27.56  29.08  71     0   303  2.6
  8  5391 K4  1576  4224 K6  2366  2346 K4   471 10442 17666  4.0  3.6  4.50  0.20  33.25  23.61  28.01  29.48  74     0   313  1.9
  9  5084 K4  1224  4798 K6  2354  2007 K4   453  9095 16632  4.0  3.8  4.09  0.18  29.87  20.89  24.97  26.75  73     0   211  2.5
 10  3649 K4  1466  3622 K6  2667  1606 K4   384  7414 15561  5.0  4.9  3.42  0.14  24.65  14.70  19.46  21.29  78    38    80  2.3
 11  2984 K4  1279  3980 K6  2848  1105 K4   299  5883 14605  4.1  3.7  2.10  0.10  19.93  10.08  14.62  16.73  77   105     5  2.4
 12  2331 K4  1071  3128 K6  2566  1016 K4   278  5140 14130  5.4  5.1  2.13  0.08  15.33   6.25  10.67  12.16  73   237     4  3.1
 13  4621 K4  1470  4561 K6   838  1787 K4   613  8610 16531  4.4  4.1  2.96  0.14  24.27  14.37  19.07  20.83  72  1039  1418  2.7
 2010
  1  2983 K4  1208  4846 K6  3059   887 K4   320  5583 14488  4.1  3.9  1.35  0.07  12.36   1.80   6.76   8.88  65   349     0  3.0
  2  3713 K4  1633  5108 K6  3392  1091 K4   381  6945 15419  4.1  3.9  1.29  0.08  12.86   2.62   7.48   9.65  64   296     0  3.4
  3  4580 K4  1886  5047 K6  3273  1520 K4   417  8656 16512  4.6  4.5  1.52  0.10  18.42   7.34  12.80  14.94  65   169     0  3.1
  4  6443 K4  1534  6762 K6  2550  1834 K4   508 10186 17578  2.1  2.0  1.88  0.14  25.11  13.08  19.15  21.36  67    17    40  2.9
  5  6458 K4  1748  5686 K6  2564  2369 K4   505 11150 18426  3.9  3.8  3.50  0.18  28.93  19.80  24.22  25.68  73     0   187  2.6
  6  6862 K4  1118  6076 K6  1827  2340 K4   418 11501 18805  3.0  2.8  4.86  0.20  33.67  23.63  28.19  29.80  72     0   310  2.1
  7  6702 K4  1177  5853 K6  1859  2325 K4   324 11268 18509  3.7  3.3  4.61  0.22  33.58  24.01  28.28  29.79  74     0   324  2.4
  8  5386 K4  1403  4177 K6  2083  2434 K4   408 10452 17677  4.4  4.3  5.05  0.20  32.55  24.60  28.16  29.37  78     0   318  2.1
  9  5125 K4  1510  5062 K6  2408  1852 K4   462  9109 16642  2.9  2.8  3.71  0.18  30.61  20.48  25.17  27.40  76     0   216  1.9
 10  4861 K4   664  6293 K6  1508  1344 K4   303  7429 15571  1.9  1.8  2.20  0.14  26.57  15.01  20.35  23.08  67     8    84  2.4
 11  3384 K4  1093  5014 K6  2562  1025 K4   264  5893 14614  3.2  3.0  1.86  0.10  20.98   8.63  14.42  17.12  70   114     8  2.2
 12  2814 K4   970  4754 K6  2537   851 K4   249  5142 14136  3.9  3.7  1.24  0.08  12.31   0.73   6.33   8.61  58   366     0  3.1
 13  4943 K4  1477  5390 K6   744  1656 K4   616  8609 16531  3.5  3.3  2.76  0.14  24.00  13.48  18.44  20.47  69  1319  1487  2.6
