703260 KING SALMON ARPT       AK  -9  N58 41  W156 39    15  1011
 1991-2010
 MO AVGLO FL SDGLO AVDIR FL SDDIR AVDIF FL SDDIF AVETR AETRN  TOT  OPQ   H2O   TAU  MAX_T  MIN_T  AVG_T  AVGDT  RH  HTDD  CLDD AVWS
  1   464 J7    33   905 J8   262   336 J7    20  1232 10021  6.8  6.3  0.68  0.07  -5.49 -13.24  -9.15  -8.12  81   858     0  4.3
  2  1133 J7   105  1497 J7   493   760 J7    60  2718 13003  6.9  6.2  0.70  0.09  -2.33 -10.65  -6.21  -4.89  79   702     0  4.4
  3  2450 J7   275  2651 J7   874  1450 J7   103  5159 16319  6.4  5.8  0.63  0.12  -0.74  -9.81  -5.12  -3.58  72   732     0  4.6
  4  3628 J7   332  2469 J7   675  2413 J7   117  7995 19586  7.4  6.9  0.86  0.14   6.07  -3.04   1.57   2.89  73   504     0  4.6
  5  4438 J7   540  2871 J7  1003  2824 J7   135 10343 22474  7.7  7.1  1.17  0.14  12.14   1.65   7.03   8.23  69   354     0  4.4
  6  4236 J7   409  2396 J7   790  2824 J7   179 11433 24046  8.3  7.8  1.66  0.14  15.92   5.88  10.97  11.87  74   223     0  3.9
  7  3565 J7   402  1734 J7   646  2570 J7   115 10807 23068  8.7  8.5  2.11  0.11  17.31   8.81  12.95  13.76  80   164     0  3.8
  8  2989 J7   295  1746 J7   453  2104 J7    97  8738 20327  8.5  8.2  2.05  0.09  16.79   8.37  12.53  13.65  82   179     0  3.8
  9  2206 J7   222  1829 J7   557  1466 J7    86  6025 17177  8.0  7.6  1.55  0.07  12.87   4.60   8.66  10.09  81   288     0  4.1
 10  1268 J7   120  1708 J8   476   788 J7    44  3405 13911  7.3  6.8  1.01  0.05   5.42  -2.78   1.40   2.93  80   527     0  4.1
 11   536 J7    63  1080 J8   432   356 J7    29  1562 10751  7.1  6.7  0.79  0.04  -0.82  -8.62  -4.43  -3.25  82   692     0  4.2
 12   296 J7    36   765 J8   275   215 J7    15   845  8904  6.9  6.4  0.69  0.05  -4.44 -12.63  -8.25  -7.35  81   833     0  4.1
 13  2267 J7   144  1804 J7   286  1509 J7    55  5855 16632  7.5  7.0  1.16  0.09   6.06  -2.62   1.83   3.02  78  6056     1  4.2
 1991
  1   461 I5   222  1057 I7  1144   306 I5   114  1225 10006  6.5  5.7  0.75  0.06  -5.08 -10.98  -7.87  -6.82  88   817     0  5.0
  2  1111 I5   529  1735 I6  1871   672 I5   194  2695 12967  6.1  5.4  0.63  0.08  -5.46 -14.18  -9.39  -7.83  81   788     0  4.9
  3  2042 I5   935  2036 I6  2412  1271 I5   398  5117 16266  7.6  7.0  0.76  0.11   0.64  -7.71  -3.22  -1.99  83   678     0  4.8
  4  3442 I5  1040  2255 I6  2309  2339 I5   557  7954 19536  8.0  7.2  0.83  0.13   6.19  -1.42   2.28   3.40  76   478     0  4.3
  5  3787 I5  1653  2060 I6  2955  2592 I5   424 10315 22435  8.3  7.8  1.14  0.13  11.20   2.48   6.98   7.96  71   356     0  4.7
  6  3391 I5  1505  1518 I6  2199  2421 I5   342 11429 24041  9.2  8.8  1.77  0.13  14.24   5.80   9.79  10.49  78   249     0  4.4
  7  3143 I5  1225  1345 I6  1704  2366 I5   351 10829 23100  8.8  8.7  1.99  0.11  16.68   8.58  12.42  13.20  82   177     0  4.5
  8  2913 I5  1106  1906 I6  2590  1950 I5   500  8776 20374  8.2  8.0  1.91  0.12  15.95   7.99  11.87  12.99  79   197     0  4.1
  9  1687 I5   760   772 I6  1206  1359 I5   332  6067 17227  9.0  8.7  1.69  0.12  13.30   7.29  10.30  11.24  79   241     0  6.5
 10  1128 I5   585  1341 I6  1621   717 I5   184  3439 13962  7.1  6.6  1.11  0.13   6.87  -1.04   2.93   4.42  78   478     0  5.5
 11   424 I5   203   430 I6   605   345 I5   134  1580 10791  7.8  7.2  0.96  0.15  -1.52  -8.11  -4.62  -3.52  82   694     0  5.9
 12   221 I5    65   172 I7   285   201 I5    46   848  8912  8.1  7.5  0.72  0.18  -4.63 -13.91  -8.85  -8.28  90   856     0  4.6
 13  1979 I5  1315  1386 I6   669  1378 I5   921  5856 16635  7.9  7.4  1.19  0.12   5.70  -2.10   1.88   2.94  81  6009     0  4.9
 1992
  1   403 I5   176   285 I7   409   355 I5   129  1218  9983  7.2  6.3  0.68  0.22  -3.77 -11.98  -7.53  -7.16  84   812     0  5.2
  2  1048 I5   411   958 I6   955   795 I5   290  2715 12996  6.2  5.5  0.51  0.26 -11.22 -20.84 -15.33 -13.78  87   997     0  3.9
  3  2222 I5  1002  1603 I6  2061  1547 I5   442  5186 16349  7.0  6.5  0.65  0.30  -1.15  -9.93  -5.35  -3.88  78   740     0  5.0
  4  4203 I5  1245  3207 I6  2205  2553 I5   529  8021 19612  5.8  5.1  0.71  0.32   4.99  -4.57   0.36   1.80  68   544     0  4.8
  5  5553 I5  1589  4792 I6  3150  2769 I5   702 10359 22495  5.2  4.5  1.07  0.30  11.73  -0.05   6.22   7.60  62   387     0  4.6
  6  4037 I5  1199  1454 I6  1259  3123 I5   521 11435 24048  8.6  8.1  1.69  0.28  15.59   6.91  11.20  11.99  71   212     0  4.8
  7  3272 I5  1265  1224 I6  1561  2544 I5   454 10794 23047  8.8  8.6  2.16  0.24  17.13   8.72  12.76  13.61  81   167     0  3.8
  8  2683 I5  1127  1100 I6  1488  2083 I5   467  8715 20301  9.0  8.5  2.02  0.20  16.04   8.14  12.21  13.20  81   194     0  4.6
  9  2543 I5   807  2586 I6  1906  1435 I5   326  5998 17149  6.9  6.3  1.19  0.16   9.55   0.42   4.98   6.51  71   400     0  4.5
 10  1187 I5   512  1632 I6  1655   718 I5   225  3382 13881  6.5  5.8  0.94  0.13   3.74  -4.12  -0.13   1.34  79   574     0  5.1
 11   423 I5   223   530 I6   791   326 I5   117  1549 10727  7.7  7.2  0.83  0.11  -0.62  -8.81  -4.15  -2.92  87   691     0  4.7
 12   215 I5    86   339 I7   616   177 I5    41   843  8898  7.9  7.3  0.84  0.11  -3.19 -10.95  -7.04  -6.52  90   787     0  4.2
 13  2316 I5  1723  1643 I6  1315  1535 I5  1058  5851 16624  7.2  6.6  1.11  0.22   4.90  -3.92   0.68   1.82  78  6506     0  4.6
 1993
  1   427 I5   215   787 I7  1083   301 I5    63  1242 10048  6.4  6.1  0.69  0.12  -5.71 -13.37  -9.55  -8.83  85   864     0  5.2
  2   977 I5   252  1147 I6  1114   716 I5   190  2731 13029  6.3  5.9  0.83  0.14  -1.41  -8.88  -4.85  -3.87  80   657     0  5.3
  3  2247 I5   886  1922 I6  2040  1499 I5   413  5166 16330  6.8  6.4  0.75  0.16   3.05  -4.06  -0.66   0.62  73   584     0  5.4
  4  3517 I5  1120  2042 I6  1783  2460 I5   446  8003 19595  7.5  7.1  0.99  0.17   9.57   0.26   4.72   6.17  71   402     0  4.9
  5  4441 I5  1755  2857 I6  2980  2762 I5   560 10348 22481  7.5  7.1  1.37  0.17  14.54   3.05   8.89  10.13  70   296     0  4.8
  6  4351 I5  1444  2425 I6  2204  2850 I5   418 11434 24047  8.1  7.8  1.52  0.16  16.57   6.56  11.64  12.56  69   203     0  5.0
  7  4009 I5  1626  2650 I6  2844  2438 I5   376 10804 23066  7.8  7.6  2.16  0.14  19.71   8.83  14.04  15.10  76   126     0  4.3
  8  2806 I5  1201  1612 I6  2033  1966 I5   370  8732 20319  8.4  8.3  2.31  0.11  16.88   9.55  13.33  14.36  81   159     0  4.6
  9  1916 I5   658  1190 I6  1480  1426 I5   299  6018 17168  8.2  8.1  1.71  0.08  12.89   5.43   9.34  10.51  80   275     0  5.8
 10  1144 I5   553  1218 I6  1587   785 I5   236  3399 13900  7.5  7.2  1.25  0.06   7.48  -0.65   3.42   4.94  86   462     0  3.5
 11   442 I5   233   644 I6  1039   333 I5   126  1558 10741  7.7  7.5  0.94  0.05   2.33  -4.91  -0.96  -0.27  84   589     0  5.2
 12   242 I5    70   417 I7   607   198 I5    39   845  8902  7.9  7.6  0.83  0.06  -0.22  -7.53  -3.52  -3.38  86   688     0  4.7
 13  2210 I5  1589  1576 I6   806  1478 I5  1002  5857 16636  7.5  7.2  1.28  0.12   7.97  -0.48   3.82   4.84  78  5306     1  4.9
 1994
  1   411 I5   183   591 I7   732   325 I5   138  1234 10025  7.5  7.2  0.87  0.07  -2.14  -9.78  -5.64  -4.98  87   753     0  4.1
  2  1342 I5   549  2450 I6  1767   700 I5   257  2714 12998  4.4  4.0  0.58  0.10  -5.90 -13.77  -9.77  -8.21  81   789     0  4.6
  3  2288 I5   862  2658 I6  2634  1301 I5   390  5143 16301  6.0  5.6  0.67  0.12  -2.28 -11.27  -6.71  -5.34  75   778     0  5.6
  4  3214 I5  1064  2061 I6  2353  2219 I5   490  7980 19567  7.8  7.6  0.91  0.14   6.14  -2.05   1.93   3.17  79   488     0  4.7
  5  4144 I5  1333  2095 I6  1965  2929 I5   431 10332 22461  8.3  8.0  1.20  0.14  11.99   2.89   7.43   8.45  70   338     0  5.3
  6  4205 I5  1420  2592 I6  2272  2631 I5   455 11432 24047  8.2  7.9  1.65  0.14  15.95   5.62  10.70  11.61  76   226     0  4.7
  7  3221 I5  1178  1140 I6  1566  2557 I5   439 10816 23082  9.1  8.9  2.25  0.11  16.68   9.30  12.83  13.55  82   167     1  4.2
  8  2935 I5  1040  1708 I6  1937  2056 I5   445  8753 20345  8.5  8.1  2.21  0.09  17.18   9.14  13.02  14.05  82   161     1  4.9
  9  2218 I5   880  2144 I6  2687  1360 I5   345  6041 17194  8.0  7.4  1.51  0.06  12.85   5.43   8.82  10.16  82   276     0  4.9
 10  1260 I5   511  1800 I6  2041   750 I5   246  3418 13930  7.4  6.7  0.88  0.04   3.10  -5.45  -0.83   0.56  81   605     0  4.9
 11   550 I5   231  1489 I6  1456   314 I5   127  1569 10766  6.0  5.8  0.75  0.04  -2.68 -11.17  -6.35  -5.15  85   758     0  5.4
 12   269 I5   100   608 I7   828   204 I5    58   846  8906  7.2  6.6  0.67  0.04  -5.85 -13.75  -9.24  -8.28  88   872     0  4.7
 13  2171 I5  1404  1778 I6   706  1445 I5   998  5856 16635  7.4  7.0  1.18  0.09   5.42  -2.91   1.35   2.47  81  6210     2  4.8
 1995
  1   432 I5   160   845 I7   991   314 I5    82  1226 10007  6.6  6.1  0.70  0.06  -3.78 -10.07  -6.82  -5.73  88   783     0  4.0
  2  1130 I5   521  1982 I6  2240   640 I5   215  2697 12967  6.4  6.1  0.74  0.08  -1.26  -8.62  -4.81  -3.46  78   652     0  4.5
  3  2913 I5   697  4158 I6  2251  1362 I5   567  5120 16270  3.9  3.1  0.50  0.11  -3.35 -12.89  -8.28  -6.29  69   820     0  4.9
  4  3349 I5  1262  2233 I6  2316  2227 I5   356  7957 19541  8.1  7.7  1.01  0.13   8.92   0.04   3.94   5.33  76   415     0  4.6
  5  4041 I5  1497  2327 I6  2432  2709 I5   418 10317 22440  8.4  8.1  1.25  0.13  12.56   3.24   7.93   8.99  69   323     0  5.2
  6  4586 I5  1683  3275 I6  3191  2669 I5   525 11429 24042  8.0  7.3  1.70  0.13  17.23   6.20  12.03  13.04  70   198     0  3.9
  7  3674 I5  1282  1842 I6  1835  2595 I5   423 10827 23098  8.9  8.5  2.15  0.11  18.02   9.71  13.60  14.35  80   138     0  3.6
  8  2781 I5  1061  1555 I6  2000  1999 I5   358  8773 20370  8.7  8.5  1.98  0.08  16.28   9.06  12.46  13.36  83   175     0  3.6
  9  1923 I5   796  1224 I6  1888  1381 I5   263  6064 17224  8.7  8.5  1.94  0.06  15.06   7.54  11.34  12.52  82   211     0  4.1
 10  1264 I5   611  1662 I6  1861   773 I5   228  3437 13960  7.2  7.0  1.08  0.04   6.09  -2.33   2.01   3.55  81   510     0  3.9
 11   613 I5   260  1895 I6  1639   308 I5   113  1579 10790  4.8  4.5  0.58  0.03  -3.41 -11.61  -7.52  -5.84  83   775     0  3.8
 12   298 I5   118   803 I7  1045   209 I5    52   848  8912  6.6  6.2  0.86  0.04   0.30  -7.88  -3.59  -2.43  82   686     0  4.2
 13  2250 I5  1500  1983 I6   961  1432 I5   979  5856 16635  7.2  6.8  1.21  0.08   6.89  -1.47   2.69   3.95  78  5687     0  4.2
 1996
  1   442 I5   137  1036 I7  1172   309 I5   113  1219  9986  6.2  6.0  0.61  0.06  -5.80 -13.00  -9.21  -7.87  84   860     0  4.0
  2  1134 I5   412  1666 I6  1505   722 I5   242  2717 12998  6.8  6.3  0.62  0.08  -5.22 -14.69  -9.61  -7.90  77   820     0  5.1
  3  2616 I5   909  3396 I6  2482  1343 I5   430  5189 16353  5.1  4.8  0.77  0.11   5.73  -4.40   0.19   2.21  72   548     0  4.1
  4  3773 I5  1044  2758 I6  2213  2400 I5   536  8024 19617  7.4  7.1  0.85  0.13   6.01  -2.98   1.47   2.81  68   504     0  4.7
  5  5458 I5  1448  4883 I6  2905  2656 I5   588 10361 22499  7.0  5.5  1.16  0.13  13.93   1.96   7.79   9.22  68   322     0  3.9
  6  4624 I5  1816  3363 I6  3280  2594 I5   454 11435 24049  7.6  7.0  1.54  0.13  16.03   5.74  11.26  12.23  74   223     0  3.9
  7  3833 J6  1551  2101 J7  2243  2585 J6   449 10792 23046  8.5  8.3  2.01  0.11  17.06   8.50  12.81  13.61  77   172     0  3.8
  8  2887 J5  1271  1761 J7  2295  1983 J5   428  8712 20298  8.3  8.1  1.96  0.08  15.36   7.61  11.45  12.41  85   212     0  3.7
  9  2441 J5   819  2434 J7  2313  1487 J5   413  5995 17146  7.2  6.8  1.32  0.06  10.72   1.94   6.24   7.80  80   360     0  3.4
 10  1498 J5   665  2594 J7  2299   728 J5   217  3380 13878  6.0  5.6  0.79  0.04   3.46  -6.44  -1.61   0.29  71   614     0  3.8
 11   575 J5   221  1331 J7  1328   355 J5   102  1547 10724  6.1  5.5  0.88  0.03  -0.18  -7.06  -3.57  -2.03  77   659     0  3.7
 12   310 J5    89  1037 J7   869   202 J5    41   843  8897  4.9  4.6  0.49  0.04  -9.15 -19.43 -14.02 -12.75  78  1011     0  3.4
 13  2466 J5  1717  2363 J7  1134  1447 J5   970  5851 16624  6.8  6.3  1.08  0.08   5.66  -3.52   1.10   2.50  76  6306     0  4.0
 1997
  1   494 J5   167  1037 J7  1075   356 J5   148  1243 10048  6.2  5.6  0.61  0.06  -7.08 -14.18 -10.39  -9.44  73   898     0  5.4
  2  1019 J5   305   816 J6   950   818 J5   199  2733 13032  8.0  7.5  0.88  0.08   2.86  -4.79  -0.84   0.34  80   540     0  4.4
  3  2844 J5  1039  3989 J6  2803  1291 J5   392  5169 16333  4.3  3.7  0.50  0.11  -0.92 -11.52  -6.14  -4.21  64   761     0  4.2
  4  4390 J5  1269  3988 J6  3090  2392 J5   718  8006 19599  5.8  5.3  0.83  0.13   8.41  -2.26   3.18   4.91  61   458     0  4.5
  5  5302 J5  1314  4222 J6  3072  2838 J5   717 10350 22483  6.6  6.2  1.21  0.13  14.26   3.01   9.00  10.30  64   301     0  4.6
  6  4920 J5  1541  3623 J6  3073  2749 J5   583 11435 24047  7.2  6.8  1.65  0.13  18.25   6.13  12.55  13.65  69   184     0  3.6
  7  4360 J5  1578  3208 J6  2702  2474 J5   405 10802 23065  7.9  7.5  2.28  0.11  20.47  10.23  15.24  16.23  75    93     1  3.5
  8  3389 J5  1210  2415 J6  2269  2102 J5   365  8729 20316  7.9  7.5  2.22  0.08  18.32   9.66  13.98  15.17  78   135     0  4.1
  9  2236 J5   783  1840 J6  1670  1485 J5   326  6015 17163  7.9  7.4  1.68  0.06  14.34   5.89  10.00  11.50  83   246     0  3.6
 10  1574 J5   530  3116 J6  1862   699 J5   257  3396 13898  4.2  3.9  0.69  0.04   2.77  -7.63  -2.66  -0.34  71   644     0  4.2
 11   548 J5   236   961 J6  1099   382 J5   133  1557 10739  7.4  7.2  0.78  0.03   1.17  -7.28  -2.52  -1.61  85   642     0  4.2
 12   318 J5    88   996 J7   955   212 J5    68   845  8901  6.0  5.3  0.44  0.04  -8.76 -17.84 -12.91 -11.82  80   980     0  3.8
 13  2616 J5  1839  2518 J6  1334  1483 J5   992  5857 16635  6.6  6.2  1.15  0.08   7.01  -2.55   2.37   3.72  74  5881     1  4.2
 1998
  1   437 J5   134   755 J7   924   338 J5   121  1235 10028  7.3  6.7  0.65  0.06  -6.81 -14.48 -10.26  -9.44  79   898     0  3.8
  2  1233 J5   528  2019 J6  1875   721 J5   259  2716 13002  6.0  5.4  0.67  0.08  -1.39  -9.58  -5.15  -3.77  80   667     0  4.0
  3  2196 J5   701  1553 J6  1579  1612 J5   339  5146 16305  8.6  7.3  0.88  0.11   3.90  -2.85   0.77   1.79  75   552     0  5.2
  4  3823 J5  1231  2648 J6  2281  2457 J5   454  7983 19573  7.5  6.9  0.85  0.13   6.89  -1.42   2.82   4.04  71   468     0  5.7
  5  3480 J5  1198  1194 J6  1443  2785 J5   523 10334 22463  9.2  8.9  1.17  0.13   9.01   2.16   5.54   6.16  78   395     0  5.4
  6  4056 J7  1398  2210 J8  2276  2721 J7   379 11432 24047  8.8  8.2  1.71  0.13  15.41   6.10  10.73  11.54  74   227     0  3.8
  7  3456 J8   829  1206 J8  1165  2787 J8   425 10814 23079  9.0  8.8  2.00  0.11  17.25   9.05  13.07  13.80  79   160     0  3.7
  8  2853 J8   971  1333 J8  1428  2212 J8   410  8750 20341  8.9  8.5  1.77  0.08  14.36   7.19  10.89  11.81  80   234     0  4.9
  9  2295 J8   674  1803 J8  1459  1567 J8   309  6038 17192  8.3  7.6  1.44  0.06  12.36   4.47   8.53   9.79  82   297     0  4.2
 10  1260 J8   669  1516 J8  2038   804 J8   222  3415 13925  7.8  7.4  0.88  0.04   5.38  -1.85   1.81   3.05  81   513     0  3.9
 11   476 J8   196   660 J8   815   370 J8   131  1567 10764  8.3  7.9  0.83  0.03   1.14  -5.13  -1.74  -0.80  86   610     0  3.1
 12   311 J8    89   904 J8   919   215 J8    51   846  8906  6.5  6.2  0.51  0.04  -8.25 -16.33 -11.55 -10.19  76   949     0  3.3
 13  2156 J7  1387  1483 J7   604  1549 J7  1026  5856 16635  8.0  7.5  1.11  0.08   5.77  -1.89   2.12   3.15  78  5972     0  4.2
 1999
  1   491 J8   226  1106 J8  1123   331 J8    94  1227 10010  6.3  6.0  0.56  0.06  -7.03 -16.18 -11.45 -10.18  77   928     0  4.5
  2  1031 J8   358  1578 J8  1591   676 J8   220  2699 12971  5.9  5.7  0.38  0.08 -11.29 -19.35 -15.29 -13.58  76   942     0  3.7
  3  2220 J8   737  2143 J8  2038  1449 J8   429  5123 16276  7.1  6.6  0.49  0.11  -4.80 -15.00  -9.54  -7.83  74   875     0  4.2
  4  3256 J8  1314  1648 J8  1847  2450 J8   598  7960 19545  8.2  7.9  0.80  0.13   3.64  -3.85  -0.03   0.81  73   553     0  5.3
  5  4104 J8  1569  2493 J8  2801  2733 J8   502 10319 22442  8.0  7.5  0.89  0.13   9.01  -0.42   4.31   5.30  72   435     0  4.4
  6  4055 J8  1087  1657 J8  1632  3093 J8   479 11429 24043  9.2  8.4  1.76  0.13  14.54   6.17  10.29  10.99  76   239     0  3.9
  7  3331 J8  1266  1311 J8  1617  2556 J8   481 10825 23096  9.1  8.7  2.15  0.11  16.46   8.35  12.18  12.94  81   184     0  4.1
  8  2866 J8   944  1386 J8  1565  2168 J8   335  8770 20366  8.7  8.5  1.99  0.08  16.34   8.05  11.92  13.03  82   190     0  3.8
  9  2058 J8   638  1379 J8  1608  1504 J8   323  6061 17221  8.4  8.2  1.43  0.06  13.04   4.36   8.53  10.09  83   289     0  4.0
 10  1354 J8   426  2012 J8  1656   802 J8   226  3435 13952  7.4  6.6  0.79  0.04   2.67  -6.55  -1.89   0.12  79   628     0  3.2
 11   569 J8   289  1083 J8  1117   376 J8   127  1578 10786  7.3  6.9  0.64  0.03  -3.07 -11.69  -6.86  -5.44  78   771     0  4.0
 12   290 J8    86   627 J8   638   221 J8    46   847  8911  7.6  7.0  0.51  0.04 -11.25 -22.53 -16.22 -15.24  80  1092     0  3.5
 13  2135 J8  1388  1535 J8   509  1530 J8  1042  5856 16635  7.8  7.3  1.03  0.08   3.19  -5.72  -1.17   0.08  78  7127     0  4.1
 2000
  1   477 J8   198   972 J8  1060   340 J8   118  1220  9988  7.2  6.3  0.51  0.06 -11.03 -19.50 -15.17 -14.36  78  1041     0  4.1
  2  1039 J8   388   982 J8   972   793 J8   201  2719 13001  8.4  7.4  0.71  0.08   2.77  -4.56  -0.17   0.84  80   558     0  4.0
  3  2130 J8   856  1516 J8  1800  1549 J8   386  5192 16357  8.1  7.3  0.69  0.11   2.44  -4.16  -0.82   0.16  74   595     0  4.7
  4  3456 J8  1090  1939 J8  1772  2475 J8   451  8027 19620  7.9  7.4  0.78  0.13   6.46  -3.43   1.61   3.09  75   505     0  3.5
  5  4350 J8   975  2454 J8  1947  3031 J8   411 10363 22500  7.4  7.0  0.94  0.13  11.41   0.05   5.95   7.35  70   391     0  3.5
  6  4048 J8  1194  1905 J8  1900  2944 J8   355 11435 24050  8.5  8.2  1.44  0.13  15.06   5.36  10.46  11.35  72   244     0  3.9
  7  3607 J8  1168  1653 J8  1717  2693 J8   367 10790 23043  8.8  8.5  1.80  0.11  16.09   8.18  11.95  12.71  82   192     0  3.7
  8  3121 J8  1181  1920 J8  2119  2155 J8   343  8709 20293  8.5  8.1  1.83  0.08  16.51   7.99  12.16  13.30  81   188     0  4.3
  9  2310 J8   914  2471 J8  2558  1358 J8   356  5992 17140  7.2  6.6  1.24  0.06  11.93   3.44   7.53   8.99  80   319     0  4.2
 10  1165 J8   498  1350 J8  1506   788 J8   202  3377 13875  8.1  7.4  0.94  0.04   5.38  -2.52   1.53   2.99  85   524     0  3.8
 11   534 J8   209   823 J8   763   402 J8   147  1546 10718  8.1  7.8  0.83  0.03   3.30  -2.34   0.65   1.35  82   535     0  4.8
 12   279 J8    80   518 J8   571   226 J8    41   843  8898  8.1  7.4  0.82  0.04   3.75  -1.41   1.47   2.25  76   532     0  6.1
 13  2210 J8  1487  1542 J8   631  1563 J8  1061  5851 16623  8.0  7.5  1.04  0.08   7.01  -1.08   3.10   4.17  78  5624     0  4.2
 2001
  1   466 J8   179   708 J8   730   361 J8   106  1244 10052  7.9  7.2  0.62  0.06  -0.28  -7.10  -3.18  -2.46  81   683     0  4.7
  2  1138 J8   500  1332 J8  1454   793 J8   266  2735 13033  7.6  6.7  0.68  0.08   2.43  -6.33  -1.54  -0.08  82   568     0  4.0
  3  2250 J8  1005  2110 J8  2692  1438 J8   430  5172 16336  7.1  6.7  0.67  0.11   0.15  -7.47  -3.37  -2.05  73   682     0  4.9
  4  3283 J8  1023  1431 J8  1321  2588 J8   623  8009 19604  8.6  8.2  0.75  0.13   5.91  -1.93   2.06   3.20  76   490     0  4.7
  5  4605 J8  1154  3008 J8  2076  2919 J8   301 10352 22485  7.4  7.1  0.93  0.13  10.18  -1.06   4.96   6.30  64   427     0  4.1
  6  4819 J8  1286  3428 J8  2495  2821 J8   382 11435 24047  7.4  7.2  1.64  0.13  17.45   5.65  11.50  12.65  73   203     0  3.7
  7  3077 J8  1061  1088 J8  1256  2466 J8   472 10801 23061  9.2  9.2  2.00  0.11  15.99   8.76  12.43  13.08  83   185     0  4.0
  8  3282 J8  1143  2108 J8  1948  2192 J8   420  8726 20311  8.6  8.0  2.03  0.08  17.29   8.77  12.91  14.06  83   164     0  3.5
  9  2263 J8   710  1747 J8  1751  1544 J8   282  6012 17160  8.4  7.8  1.45  0.06  13.25   4.90   8.97  10.44  82   278     0  3.7
 10  1124 J8   316  1057 J8   988   850 J8   208  3394 13894  7.9  7.8  0.77  0.04   2.05  -6.76  -2.03  -0.55  80   641     0  4.1
 11   599 J8   222  1237 J8  1147   394 J8   139  1556 10736  7.2  6.9  0.75  0.03  -2.72 -11.50  -6.68  -5.22  81   763     0  3.7
 12   313 J8   106  1026 J8  1039   205 J8    47   844  8901  6.3  5.7  0.55  0.04  -8.40 -18.62 -13.87 -12.51  81   987     0  3.4
 13  2268 J8  1570  1690 J8   836  1548 J8  1020  5857 16635  7.8  7.4  1.07  0.08   6.11  -2.72   1.85   3.07  78  6071     0  4.0
 2002
  1   436 J8   201   587 J8   874   347 J8   116  1236 10029  8.2  7.8  0.91  0.06  -1.02  -8.51  -4.49  -4.00  83   716     0  4.2
  2  1118 J8   431  1070 J8   947   843 J8   222  2718 13007  8.3  7.3  0.67  0.08  -2.74 -11.33  -6.11  -4.99  80   710     0  4.9
  3  2547 J8   798  3124 J8  2512  1417 J8   439  5149 16308  5.9  5.5  0.64  0.11   1.08  -6.74  -2.92  -1.39  73   656     0  3.9
  4  4078 J8  1105  3576 J8  2826  2364 J8   726  7986 19575  6.3  5.5  0.91  0.13   5.77  -4.43   0.77   2.31  74   530     0  4.7
  5  4480 J8  1504  3004 J8  2727  2825 J8   579 10336 22464  7.6  7.0  1.23  0.13  13.67   1.66   8.01   9.41  71   331     0  3.5
  6  4607 J8  1432  2924 J8  2946  2905 J8   530 11432 24047  7.7  7.3  1.62  0.13  16.81   5.45  11.37  12.43  75   216     0  3.5
  7  3495 J8  1166  1615 J8  1754  2582 J8   384 10812 23072  8.7  8.7  2.12  0.11  17.21   9.02  13.06  13.87  81   162     1  3.7
  8  3074 J8  1209  1928 J8  2362  2120 J8   361  8747 20337  8.2  8.1  2.09  0.08  17.40   8.16  12.80  14.09  85   172     0  3.1
  9  2312 J8   739  1732 J8  1750  1590 J8   322  6035 17190  8.2  7.9  1.62  0.06  12.98   5.33   9.09  10.43  84   275     0  4.6
 10  1302 J8   448  1666 J8  1306   833 J8   209  3413 13922  7.8  7.5  1.46  0.04   9.82   2.42   6.27   7.61  82   379     0  4.8
 11   492 J8   205   620 J8   702   389 J8   140  1566 10763  7.9  7.8  1.08  0.03   4.48  -1.47   1.71   2.70  85   505     0  4.3
 12   330 J8    79   913 J8   755   232 J8    50   846  8906  7.6  6.9  0.77  0.04  -2.47  -9.43  -5.50  -4.61  84   753     0  2.9
 13  2356 J8  1604  1897 J8  1034  1537 J8  1004  5856 16635  7.7  7.3  1.26  0.08   7.75  -0.82   3.67   4.82  80  5405     1  4.0
 2003
  1   448 J8   160   640 J8   736   360 J8   104  1228 10016  7.7  7.4  0.93  0.06   2.23  -5.91  -1.69  -0.54  78   625     0  4.7
  2  1019 J8   386   923 J8   857   792 J8   224  2701 12976  8.8  7.9  1.10  0.08   5.10  -1.05   1.95   3.13  84   457     0  4.0
  3  2638 J8   851  3185 J8  2307  1462 J8   435  5126 16279  5.2  4.7  0.54  0.11  -1.06 -12.37  -6.31  -4.25  65   776     0  4.9
  4  3573 J8  1057  2144 J8  1812  2524 J8   469  7963 19548  7.6  7.2  0.95  0.13   8.48  -2.32   3.04   4.58  74   457     0  4.7
  5  4723 J8  1584  3354 J8  2825  2831 J8   514 10321 22443  7.4  6.5  1.08  0.13  12.44   1.20   7.06   8.31  70   357     0  4.2
  6  3767 J8   851  1484 J8  1210  2924 J8   413 11430 24043  8.9  8.5  1.79  0.13  15.70   6.61  11.11  11.91  78   215     0  3.3
  7  3763 J8  1337  2009 J8  2013  2608 J8   343 10824 23094  8.5  8.2  2.28  0.11  18.03   9.31  13.51  14.25  81   146     1  3.8
  8  3176 J8  1240  2043 J8  2162  2122 J8   396  8768 20363  8.3  8.1  2.17  0.08  18.02   9.19  13.54  14.76  83   150     4  3.4
  9  2657 J8   783  2892 J8  2301  1481 J8   378  6058 17216  6.5  6.2  1.29  0.06  13.72   1.77   7.75   9.99  74   318     0  3.3
 10  1299 J8   454  1800 J8  1644   812 J8   264  3432 13950  7.7  7.2  1.24  0.04   6.81  -1.14   3.05   4.48  83   480     0  4.0
 11   522 J8   207  1128 J8  1225   345 J8   116  1577 10784  7.1  6.6  1.00  0.03   1.01  -7.10  -2.48  -1.54  85   641     0  4.2
 12   336 J8    93  1076 J8   907   219 J8    45   847  8911  6.1  5.8  0.62  0.04  -6.36 -15.98 -10.86  -9.54  79   915     0  3.5
 13  2327 J8  1534  1890 J8   896  1540 J8  1031  5856 16635  7.5  7.0  1.25  0.08   7.84  -1.48   3.31   4.63  78  5537     5  4.0
 2004
  1   523 J8   156  1334 J8   957   342 J8   121  1221  9993  5.0  4.5  0.52  0.06  -7.71 -16.53 -12.18 -10.55  78   944     0  4.0
  2  1150 J8   385  1082 J8   964   874 J8   251  2721 13002  8.2  7.2  0.85  0.08   1.56  -5.46  -1.95  -1.13  79   588     0  4.5
  3  2739 J8  1064  3172 J8  2447  1478 J8   343  5195 16360  5.8  5.3  0.55  0.11  -2.11 -10.54  -6.17  -4.75  71   764     0  5.1
  4  3626 J8   965  2163 J8  1730  2588 J8   426  8030 19623  8.1  7.2  0.98  0.13   7.29  -2.38   2.52   4.00  74   476     0  4.9
  5  4043 J8  1089  1993 J8  1920  2942 J8   496 10365 22502  8.6  8.1  1.65  0.13  13.60   3.83   8.46   9.58  78   298     0  3.8
  6  4219 J8  1034  2100 J8  1832  3033 J8   390 11435 24051  8.4  8.1  1.97  0.13  17.52   7.22  12.49  13.42  75   179     0  3.7
  7  4118 J8  1285  2455 J8  2282  2705 J8   439 10788 23038  8.2  7.8  2.30  0.11  19.96   9.61  14.90  15.94  81   111     1  3.1
  8  3254 J8   829  1929 J8  1611  2256 J8   370  8706 20291  8.2  8.1  2.35  0.08  19.86   9.74  14.77  16.11  81   111     2  3.2
  9  2224 J8   708  1745 J8  1426  1531 J8   326  5989 17137  8.3  7.9  1.52  0.06  12.12   3.24   7.66   9.11  83   319     0  3.3
 10  1313 J8   493  1713 J8  1430   841 J8   256  3375 13870  7.8  7.1  1.20  0.04   8.15   0.77   4.40   5.77  82   430     0  4.3
 11   529 J8   274  1077 J8  1280   340 J8    95  1545 10716  7.8  7.2  0.92  0.03   2.75  -5.16  -0.85   0.24  84   586     0  4.5
 12   296 J8   106   761 J8   797   212 J8    44   843  8898  7.6  6.8  0.79  0.04  -0.78  -8.25  -4.29  -3.78  83   708     0  3.9
 13  2336 J8  1522  1794 J8   669  1595 J8  1074  5851 16624  7.7  7.1  1.30  0.08   7.68  -1.16   3.31   4.50  79  5515     3  4.0
 2005
  1   499 J8   179   884 J8   864   368 J8    99  1245 10054  6.8  6.2  0.87  0.06  -1.13  -8.58  -4.62  -3.63  81   719     0  4.2
  2  1265 J8   508  1913 J8  1467   780 J8   246  2737 13038  6.2  5.8  0.68  0.08  -0.49  -8.66  -4.63  -3.20  74   641     0  4.2
  3  2532 J8   692  2405 J8  1642  1619 J8   348  5175 16341  7.0  6.6  0.73  0.11   3.04  -6.35  -1.44   0.22  73   620     0  4.2
  4  4048 J8  1163  3423 J8  2499  2403 J8   552  8012 19609  6.2  5.9  0.86  0.13   5.74  -6.79  -0.21   1.83  70   566     0  3.4
  5  4304 J8  1017  2356 J8  1857  2984 J8   460 10354 22493  8.2  7.6  1.37  0.13  13.67   3.28   8.57   9.74  72   305     0  3.7
  6  4836 J8  1631  3774 J8  3088  2674 J8   420 11435 24047  7.4  6.8  1.76  0.13  17.72   6.41  12.25  13.38  72   188     0  3.4
  7  3531 J8   920  1480 J8  1303  2682 J8   295 10799 23057  8.8  8.7  2.15  0.11  18.13   9.51  13.60  14.40  80   140     0  3.3
  8  3432 J8  1108  2464 J8  2264  2217 J8   426  8723 20309  7.7  7.5  2.07  0.08  18.79   8.23  13.53  14.97  81   149     0  3.4
  9  2006 J8   698  1191 J8  1581  1520 J8   235  6009 17156  8.9  8.5  1.76  0.06  13.09   5.81   9.43  10.61  84   266     0  4.4
 10  1321 J8   497  1705 J8  1407   832 J8   217  3392 13890  7.8  7.6  0.90  0.04   5.51  -2.18   1.77   3.23  79   517     0  3.6
 11   560 J8   280  1163 J8  1241   358 J8   106  1555 10735  7.4  6.9  0.61  0.03  -7.16 -16.14 -11.60 -10.27  79   899     0  3.1
 12   292 J8    65   528 J8   463   236 J8    45   844  8901  7.9  7.1  0.97  0.04   1.02  -6.23  -2.43  -1.50  81   649     0  4.0
 13  2386 J8  1615  1941 J8   989  1556 J8  1019  5857 16636  7.5  7.1  1.23  0.08   7.33  -1.81   2.85   4.15  77  5659     0  3.7
 2006
  1   501 J8   247  1154 J8  1082   327 J8   105  1237 10032  6.5  6.1  0.52  0.06 -13.34 -21.45 -17.24 -15.69  79  1108     0  2.6
  2  1145 J8   503  1598 J8  1581   734 J8   189  2720 13009  7.1  6.5  0.67  0.08  -0.74  -9.50  -4.67  -3.70  77   657     0  5.5
  3  2587 J8   955  3047 J8  2443  1457 J8   379  5152 16311  6.2  5.4  0.65  0.11  -1.83 -13.71  -7.22  -5.08  73   809     0  3.5
  4  3361 J8  1142  2134 J8  2001  2320 J8   491  7989 19579  7.5  7.4  0.76  0.13   2.75  -5.07  -0.86   0.18  74   585     0  4.2
  5  4598 J8  1610  3301 J8  3279  2768 J8   580 10338 22469  7.4  6.7  1.17  0.13  13.02   1.07   7.37   8.76  68   350     0  4.3
  6  4316 J8  1539  2776 J8  2535  2696 J8   351 11432 24046  7.9  7.5  1.70  0.13  16.13   5.10  10.66  11.70  72   231     0  3.9
  7  3712 J8  1229  1994 J8  1819  2616 J8   453 10810 23070  8.4  8.2  2.06  0.11  16.54   8.16  12.31  13.14  78   185     0  4.0
  8  2476 J8   668   952 J8   875  2038 J8   374  8744 20334  9.1  8.9  2.09  0.08  14.56   7.99  11.15  12.05  87   219     0  3.7
  9  2225 J8   758  1721 J8  1553  1515 J8   365  6032 17184  8.1  7.8  1.68  0.06  13.79   4.42   9.01  10.55  84   277     0  3.1
 10  1281 J8   414  1685 J8  1777   828 J8   241  3411 13919  7.7  7.4  1.22  0.04   7.76   0.70   4.24   5.49  83   437     0  4.4
 11   684 J8   262  2139 J8  1424   326 J8   108  1565 10758  4.9  4.7  0.53  0.03  -4.72 -13.63  -9.28  -7.60  71   825     0  4.0
 12   329 J8    69   833 J8   501   240 J8    48   846  8903  7.0  6.2  0.56  0.04  -6.81 -16.86 -11.58 -10.56  81   935     0  2.6
 13  2268 J8  1498  1944 J8   792  1489 J8   983  5856 16635  7.3  6.9  1.13  0.08   4.76  -4.40   0.33   1.60  77  6617     0  3.8
 2007
  1   486 J8   171  1062 J8   931   339 J8   109  1229 10016  6.7  6.1  0.64  0.06  -6.90 -16.60 -11.31  -9.77  77   932     0  3.9
  2  1291 J8   461  2123 J8  1559   770 J8   234  2703 12983  5.8  5.5  0.73  0.08  -1.24 -10.60  -5.88  -3.91  74   679     0  3.5
  3  2984 J8   762  4369 J8  2090  1354 J8   415  5129 16284  3.3  2.9  0.30  0.11  -8.37 -20.67 -14.42 -12.10  59  1018     0  4.2
  4  3640 J8  1050  2281 J8  1705  2523 J8   335  7966 19551  8.0  7.4  0.95  0.13   8.06  -1.06   3.40   4.66  68   445     0  4.3
  5  4092 J8  1029  1942 J8  1455  3050 J8   463 10323 22447  8.3  8.0  1.23  0.13  10.97   1.36   6.19   7.33  72   377     0  3.4
  6  3954 J8  1034  1651 J8  1141  2989 J8   487 11430 24042  8.9  8.5  1.67  0.13  14.71   5.52  10.01  10.76  77   246     0  3.3
  7  3555 J8  1181  1632 J8  1545  2622 J8   476 10822 23093  9.1  8.7  2.14  0.11  16.85   8.77  12.65  13.43  80   171     0  3.0
  8  3397 J8  1054  2408 J8  1970  2180 J8   378  8765 20361  8.0  7.8  2.19  0.08  18.50   8.80  13.50  14.81  79   147     2  3.1
  9  2134 J8   574  1382 J8  1035  1583 J8   265  6055 17212  8.9  8.1  1.73  0.06  12.94   6.69   9.82  10.81  84   255     0  4.5
 10  1339 J8   553  1864 J8  1704   794 J8   219  3430 13947  7.6  6.9  0.94  0.04   5.03  -1.96   1.52   2.78  78   521     0  3.5
 11   548 J8   209   832 J8   755   407 J8   124  1576 10781  7.7  7.6  0.92  0.03   2.71  -3.23  -0.03   0.76  80   558     0  4.6
 12   318 J8   107   901 J8   822   223 J8    64   847  8909  6.8  6.4  0.63  0.04  -3.41 -11.43  -7.10  -6.36  77   798     0  4.6
 13  2311 J8  1454  1871 J8   943  1570 J8  1069  5856 16635  7.4  7.0  1.17  0.08   5.82  -2.87   1.53   2.77  75  6149     2  3.8
 2008
  1   479 J8   144  1088 J8  1042   337 J8   120  1222  9995  6.4  6.2  0.60  0.06  -9.17 -18.83 -13.66 -12.28  77  1002     0  3.1
  2  1302 J8   455  2144 J8  1641   780 J8   288  2723 13008  5.6  4.8  0.56  0.08  -8.07 -17.61 -12.38 -11.29  72   904     0  4.6
  3  2263 J8   841  1806 J8  1844  1567 J8   352  5198 16363  8.4  7.5  0.72  0.11  -1.17  -8.40  -4.50  -3.51  73   717     0  3.6
  4  3648 J8  1387  3170 J8  3093  2184 J8   558  8033 19628  6.4  6.3  0.76  0.13   2.76  -6.59  -1.56  -0.36  69   607     0  3.9
  5  4187 J8  1306  2182 J8  1970  2985 J8   511 10367 22504  8.6  7.9  1.17  0.13  10.28   1.30   5.91   6.95  68   389     0  4.8
  6  3947 J8  1215  1902 J8  1874  2871 J8   462 11435 24050  9.0  8.3  1.57  0.13  13.09   4.94   8.79   9.50  73   279     0  4.2
  7  3435 J8  1109  1418 J8  1555  2675 J8   503 10786 23036  8.8  8.6  2.02  0.11  15.36   7.47  11.39  12.21  76   214     0  4.3
  8  3149 J8   939  1854 J8  1505  2206 J8   333  8703 20285  8.6  8.2  1.80  0.08  17.21   6.94  12.12  13.46  76   194     0  2.7
  9  2104 J8   690  1712 J8  1827  1436 J8   319  5986 17134  8.7  7.7  1.61  0.06  12.13   5.41   8.55   9.80  83   287     0  3.2
 10  1263 J8   360  1876 J8  1626   794 J8   211  3372 13867  6.8  6.4  0.81  0.04   2.60  -6.45  -1.66  -0.16  77   628     0  3.6
 11   534 J8   201  1051 J8   973   365 J8   119  1544 10714  7.1  6.5  0.59  0.03  -5.12 -13.78  -8.79  -7.64  79   833     0  3.6
 12   286 J8    84   690 J8   831   217 J8    51   843  8898  7.0  6.6  0.84  0.04  -2.96  -9.28  -5.73  -4.94  79   758     0  4.3
 13  2216 J8  1434  1741 J8   645  1535 J8  1033  5851 16624  7.6  7.1  1.09  0.08   3.91  -4.57  -0.13   0.98  75  6813     0  3.8
 2009
  1   487 J8   217  1307 J8  1365   308 J8   118  1246 10056  6.4  5.6  0.66  0.06  -8.25 -15.26 -11.50 -10.35  78   933     0  4.3
  2  1135 J8   500  1436 J8  1546   777 J8   243  2739 13039  7.5  6.8  0.69  0.08  -3.43 -14.30  -8.57  -7.50  78   761     0  4.1
  3  2445 J8   916  2586 J8  2340  1484 J8   446  5178 16344  7.2  6.3  0.68  0.11  -4.23 -11.47  -7.62  -6.88  74   812     0  5.0
  4  3514 J8  1166  2170 J8  1749  2416 J8   471  8015 19609  8.1  7.3  0.90  0.13   3.94  -3.67   0.27   1.11  77   546     0  5.2
  5  4913 J8  1484  4280 J8  3394  2605 J8   677 10356 22495  6.0  5.9  1.02  0.13  13.87   0.89   7.66   9.27  64   339     0  4.2
  6  4330 J8  1307  2460 J8  1984  2880 J8   360 11435 24047  8.2  7.5  1.53  0.13  15.70   4.91  10.36  11.27  74   241     0  3.5
  7  4050 J8  1587  2716 J8  2702  2527 J8   432 10797 23056  8.0  7.7  2.18  0.11  18.76   8.45  13.77  14.68  76   146     0  3.9
  8  2950 J8   882  1647 J8  1504  2129 J8   304  8721 20304  8.3  7.9  1.84  0.08  15.96   6.75  11.48  12.74  80   216     0  3.7
  9  2324 J8   808  2086 J8  1769  1480 J8   292  6006 17152  7.7  7.1  1.52  0.06  13.31   3.45   8.21   9.99  81   299     0  3.3
 10  1100 J8   394  1158 J8  1203   808 J8   226  3389 13885  8.0  7.5  1.33  0.04   7.39   0.17   3.92   5.34  83   451     0  4.0
 11   538 J8   286  1255 J8  1467   324 J8   126  1553 10731  7.0  6.8  0.62  0.03  -3.50 -12.91  -7.74  -6.64  81   796     0  3.8
 12   331 J8    88   900 J8   758   237 J8    61   844  8901  6.5  5.9  0.86  0.04  -0.95  -7.93  -4.36  -3.36  79   706     0  4.8
 13  2343 J8  1623  2000 J8   939  1498 J8   992  5857 16635  7.4  6.9  1.15  0.08   5.71  -3.41   1.32   2.47  77  6246     0  4.1
 2010
  1   476 J8   187   864 J8   876   354 J8   141  1238 10037  6.7  6.1  0.79  0.06  -5.96 -12.46  -9.19  -8.29  78   854     0  5.4
  2  1040 J8   371   979 J8   968   802 J8   251  2722 13012  7.5  7.0  0.73  0.08  -1.48  -8.92  -5.15  -3.91  79   659     0  4.6
  3  2302 J8   832  2243 J8  2090  1491 J8   459  5155 16317  6.7  6.5  0.54  0.11  -3.46 -14.73  -8.64  -7.12  73   850     0  3.8
  4  3362 J8  1230  2103 J8  2362  2373 J8   581  7992 19582  7.9  7.3  0.75  0.13   3.49  -4.82  -0.42   0.70  76   570     0  4.2
  5  4150 J8  1409  2629 J8  2645  2756 J8   426 10340 22472  7.8  7.3  1.07  0.13  11.41   1.16   6.29   7.52  69   373     0  4.5
  6  3658 J8  1113  1393 J8  1492  2891 J8   460 11433 24045  8.9  8.5  1.58  0.13  14.72   5.19  10.10  10.94  75   251     0  3.9
  7  2648 J8   838   594 J8   891  2325 J8   395 10809 23069  9.5  9.4  2.07  0.11  13.82   7.78  10.56  11.04  87   233     0  3.6
  8  2354 J8   753   890 J8  1416  1950 J8   361  8741 20331  9.2  8.9  2.14  0.08  14.95   8.39  11.53  12.33  88   206     0  3.7
  9  2237 J8   892  2528 J8  2832  1273 J8   398  6029 17181  7.2  7.1  1.61  0.06  14.10   4.71   9.18  10.89  78   268     0  3.5
 10  1182 J8   490  1388 J8  1525   799 J8   193  3408 13916  7.5  7.1  0.99  0.04   6.34  -2.54   1.84   3.65  82   509     0  3.3
 11   554 J8   236  1242 J8  1167   353 J8   120  1564 10755  6.2  6.0  0.79  0.03  -0.65  -9.38  -5.21  -3.53  82   700     0  3.3
 12   333 J8   104  1250 J8  1085   204 J8    60   846  8903  5.2  4.7  0.52  0.04 -10.43 -17.13 -13.79 -13.17  76   995     0  4.6
 13  2025 J8  1304  1509 J8   692  1464 J8   976  5856 16635  7.5  7.1  1.13  0.08   4.74  -3.56   0.59   1.76  79  6470     0  4.0
