722026 HOMESTEAD AFB          FL  -5  N25 29  W080 23     5  1012
 1991-2010
 MO AVGLO FL SDGLO AVDIR FL SDDIR AVDIF FL SDDIF AVETR AETRN  TOT  OPQ   H2O   TAU  MAX_T  MIN_T  AVG_T  AVGDT  RH  HTDD  CLDD AVWS
  1  3734 K5   356  4865 K6  1177  1285 K5   213  6711 15138  4.9  4.7  2.58  0.08  24.02  14.85  19.27  21.48  77    37    72  3.2
  2  4466 K5   423  5071 K6  1069  1566 K5   221  7911 15792  4.8  4.5  2.55  0.09  24.98  16.04  20.42  22.35  77    19    80  3.3
  3  5438 K5   366  5426 K6   842  1932 K5   162  9325 16550  4.9  4.5  2.64  0.12  26.28  17.77  21.93  23.71  74     9   123  3.7
  4  6206 K5   589  5512 K6  1212  2254 K5   299 10465 17273  4.7  4.3  2.82  0.16  27.68  19.84  23.75  25.33  72     1   164  3.7
  5  6355 K5   425  5077 K6   742  2547 K5   200 11084 17840  5.0  4.5  3.49  0.19  29.58  22.23  25.80  27.13  75     0   235  3.4
  6  5813 K5   542  4033 K6   964  2736 K5   329 11268 18083  6.3  5.5  4.58  0.22  31.12  23.93  27.25  28.39  80     0   276  2.6
  7  6049 K5   364  4418 K6   718  2680 K5   260 11119 17859  5.6  4.9  4.57  0.23  31.84  24.67  28.03  29.20  79     0   308  2.4
  8  5702 K5   364  4260 K6   784  2505 K5   297 10598 17272  5.6  5.0  4.76  0.22  31.91  24.80  28.05  29.34  79     0   311  2.4
  9  4992 K5   251  3976 K6   631  2222 K5   265  9633 16560  5.9  5.0  4.85  0.20  31.06  24.49  27.47  28.79  81     0   283  2.7
 10  4508 K5   371  4355 K6   892  1819 K5   194  8293 15831  5.3  4.7  4.08  0.15  29.33  22.83  25.88  27.34  79     0   241  3.3
 11  3786 K5   354  4350 K6  1036  1466 K5   194  6978 15189  5.0  4.6  3.17  0.12  26.84  19.21  22.85  24.48  77     2   143  3.4
 12  3414 K5   285  4325 K6   944  1293 K5   169  6312 14878  5.1  4.7  2.77  0.09  24.80  16.36  20.40  22.36  79    24    93  3.1
 13  5039 K5   254  4639 K6   718  2025 K5   203  9141 16522  5.2  4.7  3.57  0.16  28.29  20.58  24.26  25.83  78    92  2329  3.1
 1991
  1  3445 J5   732  3914 J7  1986  1427 J5   374  6705 15135  4.8  4.4  3.21  0.07  26.66  20.02  23.26  24.84  70     0   156  2.7
  2  4451 J5   774  4893 J7  2069  1634 J5   448  7895 15782  4.0  3.7  2.66  0.08  25.41  16.84  21.06  22.79  71    16    95  3.2
  3  5295 J5   990  5195 J7  2186  1932 J5   515  9304 16538  4.3  3.9  2.68  0.11  27.18  19.40  23.29  24.96  71     4   158  3.3
  4  5577 J5  1296  4431 J7  2391  2463 J5   523 10450 17261  4.5  4.1  3.20  0.15  28.95  22.63  25.59  26.83  75     0   224  3.4
  5  5828 J5  1533  4307 J7  2617  2632 J5   587 11077 17833  5.2  4.9  3.85  0.19  29.74  24.35  27.05  27.91  74     0   270  3.2
  6  5703 J5  1036  3418 J7  1792  3138 J5   447 11267 18082  6.5  5.4  4.57  0.21  31.34  24.59  27.44  28.43  79     0   289  1.8
  7  5876 J5   940  3754 J7  1592  3043 J5   472 11124 17866  6.1  4.9  4.57  0.23  32.02  25.62  28.56  29.62  77     0   325  1.5
  8  5735 J5   983  3746 J7  1600  2895 J5   444 10610 17282  5.0  4.4  4.68  0.26  32.30  25.16  28.44  29.72  77     0   322  1.5
  9  4986 J5   866  3400 J7  1567  2607 J5   452  9652 16572  5.7  4.6  4.72  0.27  31.26  24.76  27.78  29.04  78     0   290  1.6
 10  4297 J5   896  3191 J7  1601  2212 J5   413  8315 15846  5.9  4.7  4.53  0.26  29.10  23.40  26.08  27.33  78     0   245  2.6
 11  3415 J5   665  2534 J7  1512  1977 J5   350  6995 15198  5.8  5.0  3.36  0.25  26.56  19.61  22.91  24.27  74     4   146  3.0
 12  3082 J5   637  2643 J7  1544  1702 J5   297  6314 14879  4.9  4.3  3.04  0.25  26.04  18.67  22.05  23.71  76     0   125  2.7
 13  4808 J5  1039  3786 J7   822  2305 J5   576  9142 16523  5.2  4.5  3.76  0.19  28.88  22.09  25.29  26.62  75    25  2646  2.5
 1992
  1  2946 J5   816  2175 J7  1723  1778 J5   279  6697 15129  5.5  5.2  2.97  0.26  23.94  15.66  19.75  21.57  74    22    67  2.7
  2  3927 J5   898  2891 J7  1770  2185 J5   400  7907 15788  5.0  4.7  2.62  0.27  25.50  17.27  21.24  22.94  76     5    94  2.7
  3  4864 J5  1261  3778 J7  2228  2300 J5   435  9337 16556  4.9  4.7  2.72  0.27  26.25  17.80  22.07  23.66  69     3   118  3.2
  4  5429 J5  1167  3063 J7  1678  3105 J5   409 10471 17278  5.7  5.2  3.06  0.30  26.72  19.91  23.33  24.55  70     1   151  3.7
  5  6670 J5   613  4777 J7  1553  3030 J5   623 11086 17841  3.3  2.9  2.75  0.32  29.12  20.20  24.86  26.53  67     0   196  2.9
  6  5549 J5   918  2624 J7  1345  3497 J5   417 11267 18081  7.5  6.2  5.02  0.33  31.30  23.99  27.18  28.27  82     0   279  1.8
  7  6507 J5   848  4784 J7  1506  2867 J5   486 11116 17855  4.0  3.5  3.96  0.33  32.12  25.39  28.80  29.96  76     0   323  1.8
  8  5297 J6   953  2861 J7  1376  3104 J6   386 10593 17269  6.2  5.3  4.41  0.31  31.72  24.93  28.12  29.35  78     0   310  1.9
  9  4815 J5  1028  3124 J7  1806  2592 J5   389  9623 16554  5.9  5.1  4.62  0.27  31.12  24.72  27.71  28.93  74     0   288  2.5
 10  4555 J5   826  4060 J7  1617  1990 J5   396  8281 15828  4.5  3.8  3.61  0.21  29.49  21.89  25.38  27.22  71     0   228  3.3
 11  3374 J6   898  3060 J7  2175  1711 J6   410  6968 15187  5.6  5.1  3.92  0.17  27.66  21.27  24.15  25.52  78     3   187  4.2
 12  3096 J6   745  3232 J7  1733  1466 J6   248  6310 14880  5.1  4.9  2.42  0.14  24.63  15.80  19.86  22.14  73    17    75  2.7
 13  4752 J5  1235  3369 J7   818  2469 J5   657  9138 16520  5.3  4.7  3.51  0.26  28.30  20.73  24.37  25.89  74    51  2316  2.8
 1993
  1  3190 J6   795  3015 J7  1840  1613 J6   309  6720 15143  5.8  5.6  3.20  0.12  26.06  18.19  21.63  23.64  79     3   121  3.3
  2  3779 J5   809  3181 J7  1943  1964 J5   395  7921 15798  6.0  5.5  2.46  0.12  24.76  15.48  19.87  21.94  70     8    58  3.4
  3  4746 J5  1227  3813 J7  2338  2179 J5   450  9330 16557  6.3  5.7  2.62  0.14  25.35  17.22  21.01  22.86  69    12   103  3.5
  4  5786 J5  1179  4392 J7  1874  2559 J5   469 10468 17281  5.9  5.1  2.23  0.18  27.20  19.06  23.06  24.79  60     0   144  3.6
  5  6439 J5   986  4987 J7  1983  2701 J5   575 11086 17844  5.0  4.4  3.34  0.22  29.26  21.79  25.42  26.86  66     0   223  3.5
  6  5912 J5  1018  3615 J7  1781  3188 J5   545 11268 18084  6.0  5.1  4.11  0.24  31.96  24.56  27.89  29.16  72     0   298  2.8
  7  5718 J5   934  3622 J7  1511  2977 J5   405 11118 17859  5.7  5.0  4.25  0.25  33.80  25.24  29.21  30.67  70     0   347  1.9
  8  5514 J5  1117  3505 J7  1956  2918 J5   455 10595 17269  6.0  5.3  4.05  0.24  33.49  25.69  28.99  30.44  73     0   349  2.1
  9  5313 J5   873  4069 J7  1809  2455 J5   504  9629 16557  5.7  4.5  4.58  0.20  32.86  25.50  28.88  30.43  74     0   326  2.4
 10  4174 J5   904  3326 J7  1795  2095 J5   447  8289 15824  6.6  5.5  4.55  0.16  31.07  23.59  26.94  28.58  77     0   279  2.6
 11  3519 J6   859  3617 J7  1824  1575 J6   304  6975 15185  5.5  5.1  3.42  0.12  28.15  20.16  24.06  25.66  76     1   176  3.0
 12  3557 J6   594  4749 J7  1782  1216 J6   341  6311 14875  3.9  3.6  2.70  0.09  24.79  15.54  20.08  22.30  76    24    81  2.7
 13  4804 J5  1117  3824 J7   613  2287 J5   619  9143 16523  5.7  5.0  3.46  0.17  29.06  21.00  24.75  26.44  72    48  2504  2.9
 1994
  1  3391 J6   811  3645 J7  2183  1524 J6   412  6713 15140  5.5  5.1  2.87  0.08  24.36  16.08  19.83  22.08  82    13    72  3.2
  2  4061 J5  1276  4332 J7  2696  1566 J5   421  7909 15791  5.3  4.8  3.01  0.09  25.80  18.20  21.53  23.25  80    11   114  3.0
  3  5356 J5  1266  5443 J7  2459  1814 J5   490  9318 16544  4.2  4.0  2.85  0.11  27.43  17.93  22.32  24.42  77     2   136  3.1
  4  5557 J6  1221  4387 J7  2393  2420 J6   567 10460 17268  5.4  5.0  3.22  0.15  29.37  21.32  24.87  26.61  76     0   211  3.3
  5  5664 J5  1384  3884 J7  2347  2748 J5   544 11082 17838  6.4  5.8  3.85  0.19  30.85  22.12  26.29  27.93  72     0   253  2.5
  6  5298 J5  1133  2884 J7  1913  3106 J5   564 11268 18083  7.1  6.5  4.43  0.22  32.48  25.07  28.37  29.66  75     0   313  2.3
  7  6575 J6   780  5428 J7  1515  2558 J6   425 11121 17861  3.8  3.4  4.22  0.23  31.97  25.14  28.41  29.57  76     0   317  2.9
  8  5506 J5  1324  3819 J7  2229  2668 J5   583 10602 17276  6.2  5.3  4.49  0.22  31.66  24.73  27.86  29.19  77     0   306  1.9
  9  4888 J6  1114  3425 J7  1915  2496 J6   351  9639 16564  6.5  5.6  4.77  0.19  30.67  24.47  27.32  28.61  81     0   277  1.9
 10  4618 J5   871  4565 J7  1703  1807 J5   352  8301 15833  4.2  3.7  3.88  0.15  29.74  22.83  26.02  27.57  77     0   247  1.6
 11  3319 J5  1010  3378 J7  2400  1520 J5   378  6984 15191  5.0  4.8  3.51  0.11  27.72  21.33  24.42  25.79  80     0   186  2.4
 12  3279 J5   729  3918 J7  1917  1315 J5   320  6312 14879  4.9  4.6  2.91  0.08  25.85  18.56  21.89  23.61  80     4   124  2.2
 13  4793 J6  1071  4092 J7   783  2128 J6   599  9142 16522  5.4  4.9  3.67  0.15  28.99  21.48  24.93  26.52  78    30  2556  2.5
 1995
  1  3466 J6   933  4025 J7  2409  1420 J6   411  6706 15136  5.4  5.0  2.48  0.07  23.44  14.41  18.85  21.13  74    34    52  2.3
  2  4630 J5   808  5526 J7  1978  1492 J5   434  7897 15784  3.3  3.1  2.31  0.08  24.30  14.50  19.48  21.71  75    34    64  2.4
  3  5417 J5   869  5359 J7  1743  1843 J5   442  9306 16538  4.7  4.1  2.56  0.11  26.39  18.26  22.26  23.88  75     0   124  2.8
  4  5721 J5  1485  4738 J7  2509  2347 J5   526 10451 17262  4.8  4.2  3.00  0.15  28.44  20.76  24.43  25.98  75     0   188  2.2
  5  6597 J5  1066  5422 J7  1962  2514 J5   492 11078 17833  4.0  3.6  3.47  0.19  30.98  23.61  27.27  28.69  73     0   278  1.9
  6  5880 J5  1280  3995 J7  2381  2877 J5   571 11267 18082  6.4  5.6  4.56  0.21  30.84  23.49  26.99  28.05  80     0   265  1.7
  7  5808 J5  1176  3620 J7  2105  3065 J5   563 11123 17866  6.2  5.0  4.62  0.23  32.52  24.35  27.90  29.10  78     0   313  1.9
  8  5676 J5  1125  3961 J7  2119  2690 J5   520 10609 17282  5.6  5.0  4.64  0.22  32.99  24.90  28.49  29.89  80     0   329  1.8
  9  5001 J5   957  3521 J7  1970  2549 J5   543  9650 16572  5.7  4.9  4.83  0.19  31.75  24.24  27.50  28.84  81     0   290  1.6
 10  4048 J5  1043  3339 J7  2013  2007 J5   389  8313 15845  6.3  5.4  4.92  0.14  29.99  24.69  27.01  28.18  81     0   279  2.6
 11  3811 J5   844  4319 J7  1973  1438 J5   293  6994 15198  4.8  4.5  3.05  0.11  26.42  18.98  22.70  24.22  71     3   134  2.6
 12  3110 J5   754  3473 J7  1935  1397 J5   307  6314 14878  5.3  4.7  2.88  0.08  23.50  14.87  18.80  20.89  78    53    80  2.4
 13  4931 J5  1106  4275 J7   799  2137 J5   614  9142 16523  5.2  4.6  3.61  0.15  28.46  20.59  24.31  25.88  77   124  2396  2.2
 1996
  1  3663 J5   845  4386 J7  2038  1386 J5   325  6698 15131  4.4  4.2  2.40  0.07  24.49  12.87  19.08  21.61  77    63    74  2.7
  2  4783 J5   883  5916 J7  2058  1363 J5   389  7909 15789  3.0  2.7  1.96  0.08  24.05  12.22  18.27  20.91  73    56    50  2.3
  3  5164 J5  1401  4808 J7  2383  1991 J5   372  9338 16557  4.6  4.3  2.52  0.11  24.63  15.64  20.13  22.05  75    30    86  3.4
  4  5837 J5  1516  4969 J7  2475  2242 J5   429 10472 17279  4.5  4.3  2.61  0.15  27.59  19.70  23.50  25.18  73     0   160  2.9
  5  5773 J5  1266  4242 J7  2112  2599 J5   534 11086 17843  5.9  5.3  3.83  0.19  29.98  22.60  25.81  27.08  78     0   247  2.5
  6  5664 J5  1315  3511 J7  2274  3000 J5   597 11267 18082  6.5  5.6  4.55  0.21  31.11  23.04  26.66  28.00  81     0   262  1.8
  7  5786 J7   911  3450 J7  1386  3146 J7   392 11116 17855  6.1  4.9  4.24  0.23  32.39  25.19  28.59  29.85  76     0   324  2.2
  8  5680 J7  1062  4000 J7  1993  2717 J7   514 10592 17265  4.9  4.5  4.36  0.22  31.68  24.16  27.44  28.90  78     0   297  2.1
  9  4685 J5   861  2978 J7  1515  2595 J5   384  9622 16554  6.3  5.7  4.46  0.18  31.77  23.85  27.08  28.80  79     0   284  1.7
 10  3675 J5  1028  2659 J7  1911  2046 J5   399  8279 15826  7.1  6.3  4.11  0.14  28.21  22.13  24.89  26.15  79     0   212  2.7
 11  3183 J5   857  2635 J7  1749  1753 J5   337  6967 15186  6.0  5.7  3.11  0.10  26.91  19.42  22.85  24.43  73     0   145  3.7
 12  3047 J5   696  3087 J7  1851  1503 J5   306  6310 14880  5.6  5.3  2.70  0.08  25.32  15.80  20.16  22.41  78    19    88  2.1
 13  4745 J6  1082  3887 J7  1018  2195 J6   621  9138 16521  5.4  4.9  3.40  0.15  28.18  19.72  23.71  25.45  77   168  2230  2.5
 1997
  1  3363 J5   854  3751 J7  2069  1472 J5   321  6721 15146  5.2  5.0  2.54  0.07  24.81  15.69  19.97  22.29  77    30    90  2.4
  2  3820 J5  1016  3417 J7  2200  1860 J5   374  7923 15801  5.5  5.4  2.88  0.08  27.54  20.17  23.53  25.20  79     2   157  3.3
  3  4650 J5  1004  3703 J7  1831  2233 J5   380  9331 16558  5.6  5.3  2.84  0.11  28.87  21.03  24.66  26.33  75     0   205  3.7
  4  4936 J5  1147  2969 J7  1861  2787 J5   406 10469 17281  6.8  6.4  3.46  0.15  28.57  20.89  24.58  26.11  73     0   192  4.1
  5  5404 J5  1034  3125 J7  1626  3034 J5   304 11087 17845  6.9  6.3  3.69  0.19  30.48  23.44  26.76  27.95  76     0   268  3.5
  6  5571 J5  1197  3197 J7  1673  3122 J5   482 11268 18083  7.2  6.1  4.45  0.21  32.27  24.04  27.74  29.05  76     0   295  3.1
  7  5191 J5   893  2613 J7  1558  3201 J5   481 11118 17858  6.9  6.4  4.55  0.23  32.84  24.26  28.00  29.43  75     0   317  2.8
  8  4920 J5   915  2460 J7  1423  3083 J5   369 10594 17269  7.0  6.3  4.44  0.22  32.90  25.13  28.40  29.69  78     0   331  2.6
  9  4487 J5  1008  2577 J7  1519  2644 J5   371  9627 16556  7.7  6.5  4.92  0.19  30.93  24.01  27.17  28.48  83     0   274  2.9
 10  4129 J5   943  3259 J7  1768  2091 J5   338  8287 15824  5.9  5.3  3.37  0.14  29.39  22.48  25.85  27.34  76     0   236  4.0
 11  3049 J5   938  2427 J7  1899  1725 J5   299  6973 15184  7.3  6.5  3.88  0.11  27.00  19.47  22.97  24.64  80     1   148  3.6
 12  2870 J5   822  2769 J7  2150  1509 J5   332  6310 14876  6.3  5.9  3.05  0.08  24.52  15.78  20.05  21.94  83    31    87  3.2
 13  4366 J5   918  3022 J7   462  2397 J5   658  9143 16523  6.5  5.9  3.67  0.15  29.18  21.37  24.97  26.54  78    64  2599  3.3
 1998
  1  3605 K4   983  4321 K6  2576  1431 K4   489  6714 15140  7.4  7.1  2.97  0.07  24.39  17.39  20.82  22.51  83    17    96  3.9
  2  4174 K4  1387  4386 K6  2806  1687 K4   558  7911 15792  5.7  5.4  2.54  0.08  24.64  16.04  20.42  22.22  82    24    80  4.3
  3  5689 K4  1315  6078 K6  2574  1814 K4   573  9319 16546  5.8  5.5  2.63  0.11  24.68  16.90  20.82  22.29  75    19    95  4.4
  4  6649 K4   876  6194 K6  1813  2279 K4   589 10461 17268  4.7  4.2  2.40  0.15  27.67  19.83  23.95  25.59  72     0   163  3.8
  5  6587 K4  1524  5605 K6  2658  2365 K4   632 11083 17838  5.2  4.8  3.20  0.19  30.24  21.52  25.79  27.52  81     0   234  2.9
  6  6775 K4   991  5705 K6  1678  2411 K4   386 11268 18082  5.9  5.4  4.08  0.21  32.87  24.82  28.65  30.08  83     0   316  2.7
  7  6462 K4  1234  5141 K6  1933  2544 K4   379 11120 17861  6.7  6.1  4.51  0.23  32.81  25.52  28.85  30.08  80     0   336  2.8
  8  6182 K4  1021  5179 K6  1594  2302 K4   388 10601 17276  6.8  5.9  4.83  0.22  32.55  25.61  28.83  30.14  79     0   333  2.7
  9  4869 K4  1558  3938 K6  2322  2104 K4   527  9638 16564  7.7  6.5  4.80  0.19  31.27  25.28  28.11  29.35  81     0   298  3.5
 10  4869 K4   794  5040 K6  1676  1748 K4   355  8299 15832  6.2  5.4  3.92  0.14  30.16  23.71  26.48  28.07  76     0   267  4.1
 11  3993 K4  1051  5044 K6  2276  1311 K4   347  6983 15191  5.2  5.0  3.06  0.11  27.82  20.83  24.28  25.79  80     0   180  3.5
 12  3846 K4   677  5650 K6  1816  1092 K4   334  6312 14878  4.5  4.0  2.86  0.08  26.61  18.94  22.70  24.54  79    10   148  3.4
 13  5308 K4  1216  5190 K6   705  1924 K4   479  9142 16522  6.0  5.4  3.48  0.15  28.81  21.37  24.98  26.52  79    69  2545  3.5
 1999
  1  3835 K4  1087  5447 K6  2463  1126 K4   411  6706 15136  5.2  4.9  2.49  0.07  25.37  17.17  21.03  23.01  78    18   109  4.0
  2  5081 K4   683  6381 K6  1744  1365 K4   463  7898 15784  4.0  3.6  2.15  0.08  25.36  14.78  20.02  22.37  75    15    63  3.1
  3  5944 K4   979  6482 K6  1999  1789 K4   532  9307 16538  4.3  4.1  1.93  0.11  25.58  15.32  20.60  22.80  72     9    74  3.6
  4  6895 K4  1035  6869 K6  1697  1950 K4   420 10452 17262  4.7  4.4  2.79  0.15  28.87  19.47  24.36  26.21  74     0   175  3.4
  5  6317 K4  1471  5318 K6  2074  2362 K4   464 11078 17834  5.1  4.8  3.16  0.19  29.98  20.56  25.12  26.83  72     0   215  3.2
  6  5207 K4  1500  3386 K6  1868  2633 K4   482 11267 18082  8.0  7.2  4.69  0.21  30.30  23.40  26.42  27.39  82     0   256  3.0
  7  6460 K4  1297  5224 K6  1850  2476 K4   310 11123 17864  6.3  5.6  4.19  0.23  32.03  25.38  28.38  29.60  74     0   322  2.6
  8  5283 K4  1564  3955 K6  2027  2379 K4   412 10608 17281  6.9  5.9  4.79  0.22  32.45  25.10  28.29  29.53  78     0   324  2.4
  9  4783 K4  1654  4007 K6  2432  2017 K4   459  9649 16571  6.8  5.8  4.66  0.19  31.11  24.16  27.25  28.74  80     0   279  3.0
 10  4303 K4  1342  4185 K6  2506  1754 K4   490  8312 15844  6.4  5.8  4.12  0.14  28.71  22.60  25.62  26.94  80     0   227  4.6
 11  3958 K4   833  4798 K6  2058  1423 K4   405  6993 15197  5.0  4.5  3.02  0.11  26.12  18.59  22.19  23.83  78     3   124  5.0
 12  3600 K4   750  4798 K6  2280  1273 K4   438  6314 14878  5.7  5.1  2.35  0.08  24.40  15.86  19.87  22.00  81    24    80  3.3
 13  5139 K4  1095  5071 K6  1100  1879 K4   510  9142 16523  5.7  5.1  3.36  0.15  28.36  20.20  24.10  25.77  77    69  2249  3.4
 2000
  1  4253 K4   575  6334 K6  1628  1073 K4   360  6699 15132  4.0  3.8  2.10  0.07  23.60  14.22  19.03  21.43  78    34    52  3.9
  2  4827 K4  1301  6141 K6  2502  1289 K4   401  7910 15790  4.4  4.3  2.21  0.08  24.00  15.20  19.59  21.47  78    19    55  4.2
  3  5642 K4   981  5707 K6  1947  1955 K4   452  9340 16558  5.5  5.1  2.64  0.11  26.65  18.13  22.34  24.26  77     0   126  3.8
  4  6398 K4  1466  5977 K6  2393  2135 K4   513 10473 17279  4.6  4.3  2.51  0.15  27.34  18.17  22.71  24.49  74     0   133  4.1
  5  6755 K4  1032  5724 K6  1750  2455 K4   431 11087 17844  5.4  4.9  3.14  0.19  28.90  21.81  25.33  26.73  75     0   218  3.5
  6  6326 K4  1286  4917 K6  1917  2546 K4   384 11267 18082  7.0  5.8  4.40  0.21  30.10  23.70  26.80  27.89  80     0   257  3.1
  7  6014 K4  1130  4416 K6  1731  2657 K4   373 11116 17855  7.2  6.3  4.82  0.23  31.33  23.87  27.20  28.47  82     0   287  2.2
  8  5735 K4  1313  4457 K6  1826  2374 K4   316 10591 17263  6.8  6.1  4.69  0.22  31.14  24.05  27.36  28.64  81     0   287  3.0
  9  5438 K4  1020  4857 K6  1669  2042 K4   342  9620 16554  7.3  6.4  5.04  0.18  31.17  24.53  27.59  29.07  82     0   286  2.5
 10  4560 K4  1138  4667 K6  2108  1695 K4   457  8278 15826  5.1  4.4  3.43  0.14  28.29  20.81  24.27  26.03  78     0   193  3.9
 11  3978 K4  1107  4965 K6  2273  1343 K4   306  6966 15185  5.5  5.3  2.82  0.10  26.50  17.00  21.68  23.76  78     5   107  3.2
 12  3290 K4  1012  4059 K6  2349  1296 K4   360  6310 14880  6.6  5.9  2.75  0.08  23.72  15.52  19.61  21.36  80    34    74  3.9
 13  5268 K4  1081  5185 K6   757  1905 K4   554  9138 16520  5.8  5.2  3.38  0.15  27.73  19.75  23.63  25.30  79    91  2075  3.4
 2001
  1  4193 K4   753  6312 K6  1775  1008 K4   348  6722 15146  4.7  4.5  1.98  0.07  22.06  10.35  16.00  18.89  70    93    28  3.3
  2  4980 K4   724  6158 K6  1685  1468 K4   424  7925 15802  5.2  4.8  2.70  0.08  26.08  18.84  22.31  23.99  73     2   117  3.8
  3  5852 K4   877  6408 K6  1928  1794 K4   531  9333 16558  5.2  4.9  2.69  0.11  26.58  16.90  21.66  23.76  71     9   115  3.4
  4  6379 K4  1323  5926 K6  2350  2165 K4   571 10471 17282  5.2  4.8  2.76  0.15  27.03  19.58  23.35  24.87  67     0   149  4.6
  5  6029 K4  1670  4631 K6  2554  2549 K4   555 11087 17845  7.3  6.5  3.54  0.19  27.74  20.84  24.26  25.47  72     0   185  4.5
  6  6248 K4  1317  4948 K6  1835  2437 K4   328 11269 18083  7.0  6.2  4.36  0.21  31.07  23.80  27.25  28.40  76     0   273  3.1
  7  6017 K4  1455  4555 K6  2198  2518 K4   416 11117 17857  7.2  6.2  4.73  0.23  30.97  23.47  27.34  28.55  77     0   276  2.9
  8  5733 K4  1664  4593 K6  2087  2212 K4   363 10593 17267  7.0  6.3  4.91  0.22  31.34  24.61  28.04  29.24  78     0   299  2.7
  9  4709 K4  1710  3950 K6  2538  2018 K4   341  9626 16555  7.4  6.2  4.91  0.19  30.24  23.67  26.64  27.94  85     0   259  2.7
 10  4378 K4  1316  4092 K6  2446  1821 K4   379  8285 15824  7.5  6.4  4.13  0.14  28.81  23.00  25.68  26.94  81     0   235  4.3
 11  4074 K4   770  5023 K6  1754  1375 K4   347  6972 15184  5.4  4.6  2.84  0.11  26.50  19.30  22.54  24.16  80     0   137  3.6
 12  3547 K4   882  4713 K6  2138  1223 K4   345  6310 14876  5.8  5.2  2.91  0.08  25.97  19.16  22.22  23.98  81     8   139  3.4
 13  5178 K4   978  5109 K6   867  1882 K4   522  9143 16523  6.2  5.6  3.54  0.15  27.86  20.29  23.94  25.52  76   113  2212  3.5
 2002
  1  4003 K4   877  5704 K6  2206  1171 K4   447  6715 15140  4.8  4.6  2.63  0.07  24.90  16.14  20.25  22.49  83    32   100  3.2
  2  4263 K4  1299  4733 K6  2648  1593 K4   473  7912 15794  6.8  6.4  3.02  0.08  24.89  16.39  20.49  22.22  80    10    75  3.3
  3  5631 K4  1499  6002 K6  2450  1748 K4   340  9321 16548  5.3  5.2  2.97  0.11  26.90  19.58  23.24  24.71  80     2   155  4.0
  4  7046 K4   678  7055 K6  1332  1918 K4   402 10462 17268  4.9  4.7  3.17  0.15  28.43  21.62  24.88  26.42  73     0   201  4.1
  5  6575 K4  1512  5650 K6  2156  2343 K4   384 11083 17838  6.0  5.4  3.59  0.19  29.36  23.35  26.23  27.33  77     0   249  4.3
  6  4711 K4  1820  2742 K6  2210  2566 K4   447 11268 18082  8.6  7.1  4.96  0.21  29.60  23.52  26.43  27.36  86     0   247  2.9
  7  5681 K4  1473  4094 K6  2021  2540 K4   247 11120 17861  7.0  6.0  4.86  0.23  30.84  24.35  27.38  28.38  83     0   287  2.5
  8  5991 K4  1146  4824 K6  1825  2329 K4   285 10600 17274  6.8  6.0  4.84  0.22  31.49  24.41  27.74  29.06  81     0   298  2.8
  9  5129 K4  1220  4256 K6  2089  2193 K4   392  9637 16563  7.2  6.4  5.19  0.19  30.77  25.08  27.74  28.93  83     0   288  3.2
 10  5097 K4   846  5699 K6  1586  1606 K4   404  8298 15830  4.7  4.3  4.27  0.14  30.00  23.13  26.44  28.17  83     0   255  2.8
 11  4016 K4   963  4951 K6  2101  1358 K4   328  6982 15189  5.2  5.0  3.17  0.11  26.80  17.78  22.12  24.08  80     6   125  3.1
 12  3548 K4   705  4635 K6  2124  1267 K4   388  6312 14878  5.9  5.4  2.93  0.08  25.62  16.13  20.84  22.97  81    18    97  3.4
 13  5141 K4  1087  5029 K6  1101  1886 K4   500  9142 16522  6.1  5.5  3.80  0.15  28.30  20.96  24.48  26.01  81    69  2377  3.3
 2003
  1  3959 K4   947  5706 K6  2450  1099 K4   450  6707 15136  5.1  4.9  2.13  0.07  22.42  10.74  16.26  19.28  76    73    19  3.3
  2  4702 K4   870  5555 K6  2052  1582 K4   480  7900 15784  5.1  4.9  2.90  0.08  26.71  16.94  21.76  24.00  82     4   102  3.5
  3  5560 K4   893  5401 K6  1858  2117 K4   432  9309 16539  6.0  5.6  3.32  0.11  29.52  20.28  24.80  26.72  82     4   207  2.8
  4  6163 K4  1433  5350 K6  2128  2328 K4   508 10454 17262  5.9  5.3  3.04  0.15  27.47  19.17  23.43  24.98  78     2   152  3.3
  5  6559 K4  1194  5353 K6  1929  2493 K4   428 11079 17834  6.3  5.6  4.06  0.19  30.30  23.29  26.64  27.92  84     0   262  2.9
  6  5532 K4  1463  3691 K6  2099  2763 K4   394 11267 18083  7.9  7.1  4.92  0.21  30.70  24.27  27.32  28.30  85     0   275  2.7
  7  6466 K4   959  5121 K6  1445  2518 K4   266 11123 17864  7.0  6.2  4.53  0.23  31.55  25.26  28.36  29.44  82     0   312  2.9
  8  5522 K4  1409  4164 K6  1796  2344 K4   421 10607 17279  7.4  6.4  5.07  0.22  31.58  24.86  27.94  29.07  85     0   307  2.7
  9  4939 K4  1464  4157 K6  2212  2047 K4   473  9647 16569  7.1  6.5  5.00  0.19  31.04  24.17  27.32  28.79  87     0   278  2.6
 10  4745 K4  1110  4986 K6  2132  1684 K4   372  8310 15844  5.4  5.0  3.97  0.14  29.77  22.72  26.15  27.83  82     0   245  3.1
 11  4009 K4   953  5057 K6  1965  1364 K4   342  6991 15196  5.4  5.2  3.41  0.11  27.63  21.03  24.48  25.77  77     2   182  3.9
 12  3557 K4   917  4833 K6  2295  1172 K4   358  6314 14877  5.7  5.4  2.41  0.08  23.61  15.09  19.45  21.25  75    34    66  3.5
 13  5143 K4   994  4948 K6   629  1959 K4   564  9142 16522  6.2  5.7  3.73  0.15  28.53  20.65  24.49  26.11  81   120  2408  3.1
 2004
  1  3985 K4   976  5863 K6  2415  1058 K4   350  6700 15132  4.7  4.4  2.47  0.07  23.67  13.70  18.56  21.01  79    31    42  3.1
  2  4885 K4   756  5894 K6  1890  1495 K4   468  7912 15791  5.6  5.4  2.64  0.08  25.21  16.28  20.64  22.55  81    16    86  3.5
  3  5706 K4  1082  5988 K6  2188  1860 K4   547  9341 16559  5.1  4.5  2.37  0.11  25.65  18.00  21.73  23.40  74     3   111  5.3
  4  6669 K4  1180  6507 K6  2074  2058 K4   497 10474 17280  5.1  4.8  2.74  0.15  26.60  17.83  22.33  24.11  73     3   119  4.6
  5  7077 K4   768  6216 K6  1659  2404 K4   514 11087 17844  4.9  4.5  3.20  0.19  28.29  22.39  25.24  26.34  76     0   217  6.1
  6  6837 K4   891  5832 K6  1436  2412 K4   290 11267 18082  6.1  5.3  4.50  0.21  30.97  24.23  27.56  28.83  82     0   278  3.1
  7  6302 K4  1246  4965 K6  1763  2521 K4   311 11115 17854  6.4  5.4  4.71  0.23  30.91  24.20  27.23  28.34  84     0   286  2.3
  8  5774 K4  1146  4452 K6  1920  2405 K4   420 10590 17262  6.9  6.0  5.16  0.22  31.26  24.26  27.41  28.69  87     0   292  2.5
  9  5132 K4  1507  4482 K6  2420  2031 K4   363  9619 16552  6.8  5.8  4.94  0.18  30.51  24.52  27.16  28.33  86     0   276  4.3
 10  4929 K4   833  5376 K6  1745  1652 K4   363  8276 15824  5.4  4.6  3.83  0.14  28.75  22.22  25.25  26.81  82     0   222  3.3
 11  4094 K4   816  5236 K6  1853  1319 K4   320  6965 15184  4.8  4.6  2.88  0.10  26.70  19.33  22.90  24.48  80     0   141  3.3
 12  3529 K4   805  4619 K6  1979  1265 K4   323  6310 14880  6.1  5.6  2.66  0.08  24.13  15.55  19.71  21.60  81    30    76  3.2
 13  5410 K4  1180  5452 K6   702  1873 K4   511  9138 16520  5.7  5.1  3.51  0.15  27.72  20.21  23.81  25.37  81    82  2146  3.7
 2005
  1  4185 K4   598  6269 K6  1819  1035 K4   350  6723 15146  4.7  4.6  2.44  0.07  23.81  15.13  19.21  21.41  81    33    69  3.6
  2  4712 K4  1120  5815 K6  2609  1372 K4   528  7926 15802  5.0  4.7  2.60  0.08  24.34  14.85  19.54  21.71  81    20    55  3.0
  3  5463 K4  1655  5657 K6  2686  1835 K4   616  9334 16558  5.8  5.4  2.80  0.11  26.49  17.19  21.61  23.51  80    15   123  3.0
  4  6651 K4  1323  6503 K6  2287  2001 K4   526 10472 17283  4.1  3.9  2.51  0.15  27.06  19.88  23.52  25.01  72     0   154  3.7
  5  6653 K4  1339  5669 K6  2141  2419 K4   489 11088 17846  5.4  4.9  3.46  0.19  28.35  21.54  25.02  26.12  82     0   205  3.3
  6  5226 K4  1749  3501 K6  2261  2542 K4   429 11269 18083  7.6  6.8  4.97  0.21  29.64  22.31  25.73  26.76  89     0   229  2.8
  7  6288 K4  1265  4828 K6  1878  2573 K4   348 11117 17856  6.1  5.4  4.86  0.23  31.98  24.78  28.25  29.36  83     0   311  3.0
  8  6182 K4  1307  5215 K6  1716  2251 K4   324 10593 17267  6.2  5.6  5.16  0.22  31.12  24.05  27.61  28.86  77     0   287  2.5
  9  5521 K4  1117  4954 K6  1776  2084 K4   424  9625 16553  6.0  5.0  5.01  0.19  30.72  24.34  27.17  28.33  84     0   276  2.7
 10  4268 K4  1299  3929 K6  2238  1870 K4   413  8284 15823  6.8  5.9  4.39  0.14  29.16  23.32  26.21  27.43  81     0   245  3.5
 11  4077 K4   992  5176 K6  2270  1321 K4   380  6971 15183  5.0  4.5  3.25  0.11  26.15  18.53  22.18  23.73  77     4   124  3.0
 12  3653 K4   707  5016 K6  2093  1205 K4   393  6310 14876  5.0  4.6  2.65  0.08  23.69  14.73  19.02  20.98  79    35    62  2.6
 13  5240 K4  1058  5211 K6   873  1876 K4   535  9143 16523  5.7  5.1  3.68  0.15  27.71  20.05  23.76  25.27  80   107  2142  3.0
 2006
  1  4001 K4   770  5776 K6  2183  1145 K4   436  6716 15141  4.9  4.6  2.40  0.07  24.15  15.49  19.65  21.54  76    15    61  3.6
  2  4726 K4  1153  5734 K6  2513  1422 K4   521  7914 15794  5.0  4.6  2.22  0.08  25.26  17.16  21.01  22.54  79     3    84  2.8
  3  5936 K4   853  6442 K6  1850  1829 K4   494  9322 16549  4.4  4.0  2.27  0.11  26.47  17.43  21.78  23.60  72    12   124  3.4
  4  6790 K4   778  6515 K6  1584  2111 K4   482 10463 17269  4.6  4.3  2.64  0.15  27.67  19.14  23.72  25.40  75     3   155  3.2
  5  6379 K4  1626  5335 K6  2656  2382 K4   577 11084 17840  4.9  4.3  3.44  0.19  29.63  22.52  26.06  27.18  75     0   240  2.4
  6  5955 K4  1512  4614 K6  2035  2424 K4   388 11268 18082  6.3  5.5  4.54  0.21  30.23  22.80  26.34  27.36  84     0   246  2.6
  7  5591 K4  1610  4065 K6  2143  2504 K4   347 11119 17860  7.3  6.4  4.76  0.23  30.06  22.90  26.40  27.34  87     0   253  2.6
  8  5558 K4  1630  4287 K6  1999  2413 K4   455 10599 17274  6.2  5.3  4.87  0.22  30.91  23.41  26.75  27.94  85     0   274  2.6
  9  5038 K4  1320  4520 K6  1984  1901 K4   291  9635 16563  6.0  4.6  4.88  0.19  30.39  23.59  26.96  28.19  85     0   260  2.1
 10  4908 K4   972  5347 K6  1832  1614 K4   325  8296 15829  5.5  4.9  3.94  0.14  28.90  22.08  25.26  26.83  82     0   222  3.1
 11  3652 K4  1037  4081 K6  2480  1509 K4   467  6981 15188  6.1  5.6  3.07  0.11  26.24  18.71  22.28  23.90  80     1   125  3.0
 12  3388 K4   976  4336 K6  2346  1273 K4   330  6312 14878  7.1  6.6  3.64  0.08  25.82  17.60  21.75  23.60  86     8   113  3.8
 13  5160 K4  1076  5088 K6   889  1877 K4   487  9142 16522  5.7  5.1  3.56  0.15  27.98  20.24  24.00  25.45  81    41  2155  2.9
 2007
  1  3871 K4   816  5332 K6  2263  1237 K4   447  6708 15137  5.6  5.2  2.95  0.07  22.84  12.64  17.77  19.69  82    75    57  3.1
  2  3849 K4  1482  4011 K6  2739  1605 K4   452  7901 15785  6.3  6.0  2.93  0.08  24.32  15.14  19.93  21.81  80    22    62  2.9
  3  5701 K4  1162  5988 K6  2251  1817 K4   538  9310 16540  4.7  4.3  2.61  0.11  25.99  18.55  22.12  23.74  76     0   122  4.6
  4  6442 K4  1369  6177 K6  2206  2000 K4   494 10455 17263  3.4  3.0  2.83  0.15  27.16  18.67  22.97  24.60  71     1   139  3.6
  5  6411 K4  1230  5124 K6  1988  2553 K4   492 11080 17835  3.3  2.9  3.49  0.19  28.47  21.44  24.88  26.10  74     0   205  4.9
  6  5499 K4  1714  3937 K6  2309  2505 K4   476 11267 18082  4.7  4.3  4.60  0.21  30.36  23.38  26.62  27.71  80     0   256  2.8
  7  6004 K4  1207  4718 K6  1674  2416 K4   337 11122 17864  4.9  4.4  4.81  0.23  31.40  24.14  27.52  28.62  80     0   293  2.0
  8  6199 K4  1193  5320 K6  1687  2234 K4   339 10606 17278  3.4  3.2  4.61  0.22  31.90  25.53  28.55  29.80  76     0   322  2.6
  9  5079 K4  1512  4439 K6  2086  1993 K4   367  9646 16569  2.3  2.2  4.85  0.19  30.91  24.14  27.16  28.59  80     0   276  2.8
 10  4266 K4  1339  4017 K6  2174  1760 K4   363  8309 15843  4.4  3.8  4.76  0.14  29.51  24.76  27.00  27.99  81     0   273  4.5
 11  4322 K4   628  5782 K6  1659  1272 K4   392  6990 15195  4.0  3.7  3.04  0.11  26.73  18.95  22.63  24.34  74     1   136  3.5
 12  3680 K4   763  5217 K6  1951  1185 K4   336  6314 14878  3.9  3.7  3.14  0.08  26.52  18.52  22.30  24.25  80     5   134  3.1
 13  5110 K4  1064  5005 K6   781  1881 K4   490  9142 16523  4.2  3.9  3.72  0.15  28.01  20.49  24.12  25.60  78   104  2275  3.4
 2008
  1  3592 K4   985  4600 K6  2409  1301 K4   429  6701 15133  5.5  5.0  2.85  0.07  24.30  15.48  19.79  21.80  77    24    72  3.5
  2  4455 K4  1258  5238 K6  2568  1504 K4   497  7913 15791  3.6  3.5  2.96  0.08  26.19  18.15  22.06  23.74  79     8   120  3.3
  3  5334 K4  1362  5163 K6  2491  2023 K4   547  9343 16560  3.7  3.4  3.01  0.11  26.30  18.50  22.42  23.95  74     5   131  4.0
  4  6677 K4  1109  6463 K6  1859  2043 K4   443 10475 17281  3.2  3.0  2.88  0.15  27.30  19.67  23.49  25.01  71     3   158  3.9
  5  6834 K4   719  5837 K6  1310  2489 K4   425 11088 17844  2.8  2.6  3.38  0.19  29.96  22.00  25.91  27.41  73     0   237  3.9
  6  5933 K4  1431  4345 K6  2030  2570 K4   344 11267 18084  5.1  4.6  4.36  0.21  30.68  24.31  27.39  28.41  78     0   275  2.9
  7  6244 K4  1438  4906 K6  2047  2491 K4   361 11115 17853  3.6  3.2  4.55  0.23  31.12  24.24  27.50  28.64  78     0   290  2.3
  8  5521 K4  1664  4404 K6  2219  2245 K4   370 10589 17261  3.3  2.8  4.96  0.22  31.48  24.63  27.82  29.03  80     0   301  2.9
  9  4969 K4  1635  4265 K6  2405  1974 K4   355  9618 16552  4.2  3.7  4.75  0.18  30.26  25.14  27.48  28.56  80     0   281  4.0
 10  4512 K4  1240  4535 K6  2220  1718 K4   372  8275 15824  4.3  3.7  4.00  0.14  28.23  22.11  25.07  26.33  77     5   216  3.9
 11  4001 K4   764  5043 K6  1907  1414 K4   448  6964 15184  2.9  2.7  2.65  0.10  25.44  16.39  20.61  22.59  76     6    84  3.3
 12  3513 K4   855  4800 K6  2217  1237 K4   370  6310 14880  3.8  3.4  2.55  0.08  24.61  17.00  20.63  22.54  80     9    85  3.3
 13  5132 K4  1148  4967 K6   651  1918 K4   479  9138 16521  3.8  3.5  3.58  0.15  27.99  20.63  24.18  25.67  77    59  2251  3.4
 2009
  1  3995 K4   804  5687 K6  2140  1157 K4   419  6724 15146  2.7  2.5  2.27  0.07  23.60  13.83  18.44  20.99  76    33    45  3.3
  2  4959 K4   996  6276 K6  2185  1392 K4   486  7928 15804  3.2  3.0  2.07  0.08  23.55  14.11  18.74  20.85  72    30    44  3.5
  3  5514 K4   932  5564 K6  1785  1969 K4   502  9336 16559  4.4  4.0  2.54  0.11  25.12  17.87  21.37  22.84  72    12   110  4.0
  4  6769 K4   913  6640 K6  1799  2065 K4   551 10473 17284  2.8  2.5  2.64  0.15  27.71  19.88  23.73  25.34  70     3   167  4.2
  5  6343 K4  1376  5312 K6  1998  2413 K4   401 11088 17846  3.6  3.1  3.56  0.19  30.11  21.89  25.64  27.02  78     0   238  2.7
  6  5855 K4  1356  4303 K6  1930  2591 K4   378 11269 18084  2.5  2.2  4.69  0.21  32.18  23.40  27.17  28.62  80     0   284  2.3
  7  6022 K4  1401  4507 K6  2041  2514 K4   400 11116 17856  2.0  1.8  4.73  0.23  32.29  24.58  28.15  29.42  79     0   313  2.0
  8  6472 K4   720  5593 K6  1079  2272 K4   240 10592 17267  1.9  1.7  4.84  0.22  32.05  25.58  28.68  29.91  78     0   325  2.6
  9  4892 K4  1318  4041 K6  1981  2088 K4   365  9623 16552  2.3  2.1  5.22  0.19  31.24  24.71  27.46  28.74  81     0   289  2.1
 10  5013 K4   696  5378 K6  1531  1728 K4   365  8282 15822  2.1  2.0  4.17  0.14  30.25  23.28  26.57  28.18  79     0   262  2.7
 11  3911 K4   912  4630 K6  2228  1423 K4   434  6970 15183  2.4  2.3  3.06  0.11  27.18  19.03  22.76  24.53  76     5   148  3.1
 12  3164 K4  1004  3771 K6  2259  1354 K4   345  6310 14876  3.1  2.8  3.21  0.08  25.46  18.00  21.66  23.24  82    15   120  3.2
 13  5243 K4  1129  5142 K6   892  1914 K4   494  9143 16523  2.8  2.5  3.58  0.15  28.40  20.51  24.20  25.81  77    98  2346  3.0
 2010
  1  3733 K4   987  5033 K6  2460  1236 K4   451  6717 15142  2.6  2.4  2.21  0.07  21.49  11.76  16.30  18.47  72   105    52  3.6
  2  4256 K4  1358  4932 K6  2735  1472 K4   468  7915 15794  3.1  3.0  2.26  0.08  21.67  12.15  16.95  18.82  74    72    32  3.6
  3  5300 K4  1532  5548 K6  2815  1797 K4   592  9324 16550  2.7  2.5  2.18  0.11  23.53  13.41  18.45  20.48  73    39    43  3.7
  4  5742 K4  1765  5108 K6  2719  2112 K4   477 10464 17272  2.8  2.6  2.75  0.15  26.47  19.64  23.12  24.45  75     0   142  4.1
  5  6213 K4  1439  5015 K6  2236  2459 K4   510 11084 17843  2.9  2.8  3.75  0.19  29.80  23.34  26.39  27.61  79     0   255  3.3
  6  6573 K4  1011  5503 K6  1577  2389 K4   370 11268 18083  2.2  2.0  4.79  0.21  32.48  25.97  29.03  30.15  77     0   327  2.8
  7  5964 K4  1427  4556 K6  2108  2469 K4   321 11119 17859  2.0  1.8  4.93  0.23  31.93  25.59  28.58  29.56  78     0   323  3.1
  8  5570 K4  1595  4413 K6  2358  2259 K4   453 10598 17271  2.0  1.8  5.32  0.22  32.17  25.15  28.36  29.63  81     0   320  2.1
  9  5157 K4  1416  4558 K6  2205  2009 K4   450  9634 16561  2.3  2.1  4.88  0.19  31.16  25.02  27.89  29.14  80     0   293  3.4
 10  4820 K4  1300  5444 K6  2258  1483 K4   354  8295 15829  2.2  2.0  3.66  0.14  29.12  21.92  25.37  26.94  76     0   223  3.4
 11  3958 K4  1131  5237 K6  2394  1195 K4   294  6980 15188  2.4  2.1  2.84  0.11  26.49  18.50  22.30  24.05  76     4   129  3.1
 12  3924 K4   777  6179 K6  2046   911 K4   322  6312 14878  2.4  2.3  1.72  0.08  21.22  10.05  15.34  17.90  70    98    14  3.4
 13  5101 K4   962  5127 K6   501  1816 K4   544  9143 16523  2.5  2.3  3.44  0.15  27.29  19.38  23.17  24.77  76   318  2154  3.3
