722066 MAYPORT NS             FL  -5  N30 24  W081 25     5  1012
 1991-2010
 MO AVGLO FL SDGLO AVDIR FL SDDIR AVDIF FL SDDIF AVETR AETRN  TOT  OPQ   H2O   TAU  MAX_T  MIN_T  AVG_T  AVGDT  RH  HTDD  CLDD AVWS
  1  2962 K5   371  3924 K6  1081  1155 K5   125  5920 14690  5.4  5.1  1.96  0.08  17.52   8.73  13.01  14.61  72   168     7  3.3
  2  3636 K5   528  4121 K6  1316  1426 K5   193  7240 15531  5.5  5.2  1.95  0.09  18.50   9.69  13.93  15.55  71   129     9  3.5
  3  4785 K5   581  4831 K6  1245  1782 K5   220  8871 16524  5.0  4.7  2.10  0.11  21.36  12.77  16.94  18.41  69    70    31  3.9
  4  5910 K5   543  5318 K6  1091  2191 K5   227 10285 17481  4.8  4.5  2.33  0.15  24.49  15.92  20.19  21.70  68    20    76  3.8
  5  6387 K5   607  5213 K6  1158  2528 K5   288 11145 18242  5.1  4.8  3.10  0.19  28.35  20.25  24.12  25.37  70     1   186  3.9
  6  6013 K5   556  4341 K6  1090  2726 K5   308 11445 18578  6.1  5.6  4.23  0.21  30.74  23.20  26.56  27.74  73     0   259  3.6
  7  5998 K5   570  4366 K6  1044  2689 K5   299 11237 18304  5.7  5.3  4.63  0.23  32.21  24.11  27.71  29.00  73     0   305  3.2
  8  5490 K5   513  4046 K6   986  2518 K5   281 10510 17549  6.0  5.6  4.76  0.22  31.42  24.30  27.47  28.63  77     0   295  3.2
  9  4636 K5   428  3642 K6   841  2213 K5   214  9278 16618  6.0  5.7  4.25  0.19  29.68  23.42  26.37  27.53  75     0   247  4.0
 10  3954 K5   428  3862 K6  1008  1729 K5   159  7696 15653  5.3  5.0  3.17  0.15  26.38  19.60  22.94  24.16  72     7   151  3.9
 11  3232 K5   337  3926 K6   971  1303 K5   150  6222 14793  4.9  4.6  2.41  0.11  22.12  14.00  18.03  19.51  72    55    47  3.5
 12  2687 K5   326  3594 K6   977  1116 K5   108  5494 14369  5.5  5.1  2.11  0.09  18.28  10.08  14.11  15.62  74   142    13  3.2
 13  4641 K5   338  4265 K6   871  1948 K5   192  8778 16528  5.4  5.1  3.08  0.15  25.09  17.17  20.95  22.32  72   591  1626  3.6
 1991
  1  2193 J5   946  1961 J6  1801  1265 J5   260  5913 14687  7.4  7.1  2.50  0.07  18.44  11.25  14.78  16.00  69   121    13  3.2
  2  3413 J5  1252  3600 J6  2784  1463 J5   416  7222 15523  5.5  5.1  2.15  0.08  19.47  11.11  15.12  16.83  65    95    10  3.1
  3  4079 J5  1550  3567 J6  2942  1884 J5   485  8846 16508  5.5  5.3  2.38  0.10  22.75  13.63  17.88  19.25  61    54    49  4.0
  4  4904 J5  1345  3416 J6  2251  2495 J5   425 10267 17468  6.0  5.6  2.98  0.14  25.89  19.07  22.11  23.31  72     4   128  2.9
  5  6100 J5  1432  5021 J6  2607  2398 J5   646 11136 18230  4.8  4.3  3.88  0.18  29.69  22.57  25.89  27.04  71     0   242  3.3
  6  6216 J5  1314  4401 J6  2005  2889 J5   573 11444 18576  5.3  4.9  4.35  0.20  30.86  23.26  26.66  27.89  67     0   262  3.2
  7  6116 J5   991  4206 J6  1649  2883 J5   455 11244 18313  5.8  5.3  4.87  0.22  32.65  23.74  27.40  28.72  78     0   306  2.6
  8  5446 J5   944  3455 J6  1354  2887 J5   403 10525 17564  6.1  5.7  4.75  0.25  31.41  24.09  27.25  28.49  79     0   292  2.4
  9  4891 J5  1062  3513 J6  1534  2484 J5   342  9301 16634  5.7  5.1  4.10  0.26  29.48  23.35  26.37  27.51  74     0   243  3.5
 10  3695 J5  1069  2955 J6  1935  1929 J5   367  7721 15668  5.1  4.9  3.11  0.25  25.87  19.15  22.37  23.73  70     1   131  3.5
 11  2969 J5   689  2686 J6  1566  1598 J5   304  6240 14804  5.1  4.5  2.36  0.24  20.22  12.46  16.24  17.64  64    93    33  2.7
 12  2358 J5   733  2097 J6  1515  1370 J5   319  5497 14370  5.2  4.9  2.47  0.24  19.81  11.69  15.74  17.37  67   102    22  2.9
 13  4365 J5  1458  3406 J6   896  2129 J5   618  8780 16529  5.6  5.2  3.33  0.19  25.55  17.95  21.49  22.81  70   470  1731  3.1
 1992
  1  2638 J5   894  2592 J6  1775  1357 J5   305  5905 14681  5.7  5.4  2.11  0.25  16.77   8.46  12.52  14.02  63   179     2  2.8
  2  2833 J5  1089  1689 J6  1630  1849 J5   374  7236 15525  7.0  6.8  2.30  0.27  19.00  11.16  14.70  16.12  66   109    14  2.6
  3  4104 J5  1406  2828 J6  2212  2245 J5   416  8885 16529  5.6  5.0  1.89  0.28  21.35  11.72  16.40  18.06  57    76    20  2.7
  4  5317 J5  1548  3832 J6  2278  2581 J5   522 10294 17487  4.3  4.0  2.33  0.30  22.82  14.81  18.85  20.24  61    34    48  3.0
  5  5477 J5  1504  3184 J6  2214  3083 J5   626 11149 18247  5.3  4.8  2.73  0.32  27.08  18.18  22.37  23.85  64     9   142  3.1
  6  6083 J5  1008  3572 J6  1566  3304 J5   506 11445 18576  5.3  4.7  4.31  0.33  30.65  22.87  26.06  27.19  71     0   253  2.7
  7  6736 J5   481  4903 J6  1447  3005 J5   634 11234 18299  3.3  2.9  4.17  0.33  33.98  23.91  28.41  30.10  64     0   329  2.4
  8  4840 J5  1060  2258 J6  1463  3119 J5   436 10502 17543  7.5  7.0  4.66  0.30  31.87  23.60  27.02  28.48  74     0   292  2.4
  9  4614 J5  1280  3118 J6  1867  2475 J5   485  9266 16613  5.7  5.5  4.55  0.26  29.00  23.68  26.29  27.33  72     0   240  3.2
 10  3380 J5  1069  2554 J6  1712  1895 J5   266  7681 15646  5.6  5.3  2.88  0.21  25.18  17.82  21.39  22.80  65     2   101  3.3
 11  2835 J5   901  2755 J6  1802  1450 J5   266  6210 14788  6.0  5.3  3.02  0.17  22.37  15.83  18.86  19.99  68    55    78  3.3
 12  2101 J5   869  2082 J6  1997  1159 J5   290  5492 14370  6.3  5.9  2.48  0.14  18.39  10.96  14.45  15.96  68   124    11  2.9
 13  4247 J5  1498  2947 J6   865  2294 J5   750  8775 16525  5.6  5.2  3.12  0.26  24.87  16.92  20.61  22.01  66   588  1531  2.9
 1993
  1  2295 J5  1049  2096 J6  1984  1297 J5   273  5930 14697  6.8  6.3  2.56  0.12  19.67  12.45  15.66  17.02  71    92    21  3.1
  2  2827 J5  1254  2188 J6  2249  1623 J5   422  7251 15538  6.9  6.4  1.71  0.12  17.05   8.96  12.88  14.27  61   150     0  3.0
  3  4384 J5  1650  4393 J6  2971  1666 J5   428  8876 16530  4.9  4.6  2.04  0.14  20.53  11.79  15.83  17.22  56    87    19  3.7
  4  5997 J5  1403  5404 J6  2498  2216 J5   570 10289 17484  4.2  3.7  1.68  0.18  23.00  13.96  18.51  20.15  50    32    37  3.1
  5  6061 J5  1371  4488 J6  2231  2745 J5   515 11148 18246  5.2  4.6  2.79  0.21  27.49  19.67  23.52  24.85  59     0   163  3.0
  6  6198 J5  1320  4633 J6  2496  2687 J5   620 11446 18579  4.4  4.2  3.78  0.23  31.53  23.10  26.85  28.30  57     0   270  3.1
  7  5931 J5  1469  4255 J6  2578  2771 J5   598 11236 18303  5.1  4.7  4.67  0.24  33.62  24.23  28.47  30.13  61     0   328  2.4
  8  5370 J5  1035  3552 J6  1705  2736 J5   434 10506 17543  5.5  5.1  4.24  0.23  32.66  24.60  28.08  29.29  79     0   319  2.0
  9  4851 J5  1057  3872 J6  2050  2293 J5   477  9273 16613  4.6  4.5  4.22  0.20  31.95  23.43  27.44  29.32  66     0   281  2.0
 10  3447 J5  1043  2661 J6  2160  1900 J5   410  7691 15646  6.6  6.0  3.51  0.16  26.63  19.60  22.96  24.09  67     6   154  2.6
 11  2538 J5  1001  2318 J6  2225  1376 J5   320  6218 14789  6.3  6.2  2.82  0.12  22.46  14.31  18.43  19.71  65    46    47  2.7
 12  2285 J5   753  2363 J6  1942  1234 J5   253  5493 14369  6.4  5.9  1.93  0.09  17.74   8.28  12.88  14.71  59   169     4  2.1
 13  4349 J5  1588  3519 J6  1147  2045 J5   604  8780 16528  5.6  5.2  3.00  0.17  25.36  17.03  20.96  22.42  63   580  1644  2.7
 1994
  1  2382 J5   958  2380 J6  2279  1270 J5   302  5922 14692  6.7  6.2  2.11  0.08  16.81   7.89  12.14  13.74  60   190     4  2.5
  2  2842 J5   994  2148 J6  1993  1691 J5   370  7237 15531  6.9  6.5  2.20  0.09  19.78  11.70  15.42  16.93  66    90    18  2.8
  3  4140 J5  1221  3174 J6  2235  2145 J5   484  8862 16519  5.6  5.2  2.15  0.11  23.87  13.72  18.62  20.51  59    35    49  3.2
  4  5346 J5  1379  4273 J6  2550  2383 J5   557 10279 17476  5.3  4.8  2.72  0.15  26.62  18.53  22.37  23.95  67     6   134  2.9
  5  5762 J5   881  3788 J6  1324  2904 J5   329 11142 18238  6.2  6.0  3.21  0.19  29.17  20.30  24.49  25.82  64     0   199  3.2
  6  5168 J5  1167  2431 J6  1814  3261 J5   443 11445 18579  7.9  7.4  4.49  0.21  32.15  23.33  27.17  28.62  63     0   282  2.5
  7  5281 J5  1269  2965 J6  1818  3060 J5   442 11240 18308  6.8  6.5  4.45  0.22  32.06  23.49  27.22  28.69  60     0   293  2.3
  8  5305 J5   632  3121 J6  1355  2985 J5   434 10515 17554  6.4  6.2  4.45  0.21  31.30  24.35  27.48  28.73  71     0   294  2.8
  9  4396 J5  1018  2697 J6  1480  2555 J5   361  9286 16624  6.6  6.1  4.09  0.18  29.99  22.93  26.29  27.60  62     0   244  3.0
 10  3440 J5   906  2451 J6  1592  1984 J5   416  7705 15659  6.5  6.1  3.41  0.14  26.57  20.57  23.38  24.41  69     0   162  3.0
 11  2727 J5   920  2454 J6  1713  1519 J5   321  6228 14797  5.9  5.6  2.84  0.11  24.09  17.31  20.73  21.95  71    13    84  3.1
 12  2178 J5   822  2114 J6  1672  1225 J5   288  5495 14369  7.1  6.7  2.23  0.08  18.28  12.51  15.33  16.32  80   107    16  3.2
 13  4081 J5  1312  2833 J6   665  2249 J5   720  8780 16529  6.5  6.1  3.19  0.15  25.89  18.05  21.72  23.11  66   442  1780  2.9
 1995
  1  2700 J5   768  2736 J6  2067  1400 J5   342  5914 14687  5.9  5.7  1.76  0.07  17.55   8.65  13.13  14.82  67   165     3  2.4
  2  3253 J5  1327  3282 J6  2962  1490 J5   520  7223 15524  6.2  5.8  1.89  0.08  18.39   9.14  13.60  15.06  65   136     8  3.0
  3  4420 J5  1107  3632 J6  1883  2090 J5   376  8848 16508  6.0  5.8  2.34  0.10  21.66  14.57  17.95  19.16  71    41    34  3.5
  4  5296 J5  1283  3864 J6  2026  2528 J5   506 10268 17469  5.4  5.2  2.46  0.14  25.52  16.91  21.29  22.84  69    10    97  3.0
  5  5591 J5   962  3328 J6  1817  3106 J5   524 11137 18232  6.2  5.9  3.21  0.18  30.29  21.95  25.92  27.22  70     0   241  2.7
  6  5286 J5  1313  2917 J6  1819  3084 J5   271 11444 18577  7.2  6.6  3.89  0.20  31.17  23.39  27.15  28.26  71     0   269  3.2
  7  5407 J5   888  2745 J6  1236  3304 J5   326 11244 18312  7.0  6.1  4.47  0.22  33.43  25.09  28.90  30.22  71     0   339  2.7
  8  5142 J5  1493  3402 J6  2585  2721 J5   587 10524 17563  5.8  5.3  4.80  0.21  32.08  25.50  28.66  29.60  75     0   324  3.9
  9  3926 J5   853  1982 J6  1075  2571 J5   337  9299 16634  7.5  7.4  4.41  0.18  29.91  23.83  26.88  27.80  76     0   256  2.9
 10  3316 J5   933  2364 J6  1797  1946 J5   395  7719 15667  7.0  6.3  3.80  0.14  28.75  22.87  25.85  26.80  66     1   233  3.4
 11  3121 J5   831  3503 J6  2345  1384 J5   392  6239 14804  5.1  4.8  2.36  0.10  21.76  11.80  16.81  18.54  68    85    39  3.0
 12  2511 J5   861  3088 J6  2442  1150 J5   343  5497 14370  5.5  5.0  2.23  0.08  16.96   8.32  12.16  13.73  76   182     6  2.6
 13  4164 J5  1156  3070 J6   546  2231 J5   758  8780 16529  6.2  5.8  3.13  0.14  25.62  17.67  21.52  22.84  71   621  1849  3.0
 1996
  1  2955 J5   790  3708 J6  2202  1234 J5   356  5906 14681  5.1  4.8  1.78  0.07  17.55   6.74  12.10  13.94  74   194     2  3.9
  2  3577 J5  1099  3596 J6  2565  1634 J5   468  7237 15525  5.5  5.2  1.82  0.08  19.39   8.01  13.56  15.53  70   151    17  3.9
  3  4291 J5  1600  3899 J6  2866  1820 J5   491  8887 16532  5.4  5.1  2.00  0.10  19.00   9.79  14.32  15.80  71   138    16  4.9
  4  5249 J5  1350  3813 J6  2053  2549 J5   351 10296 17489  5.6  5.1  2.19  0.14  23.50  13.89  18.78  20.48  73    40    51  4.1
  5  5918 J5  1195  4232 J6  2135  2780 J5   536 11150 18247  5.3  5.2  3.14  0.18  28.55  19.95  24.26  25.65  77     1   185  3.9
  6  5520 J5  1011  3195 J6  1493  3110 J5   387 11445 18576  7.0  6.5  4.11  0.20  30.11  22.72  25.94  27.07  78     0   242  4.0
  7  4720 J5  1286  2231 J6  1786  3091 J5   476 11233 18298  6.8  6.3  4.24  0.22  31.95  24.00  27.73  28.96  76     0   299  4.1
  8  4337 J5  1245  2169 J6  1747  2794 J5   463 10500 17543  7.1  6.6  4.46  0.21  30.54  23.16  26.52  27.75  81     0   264  3.5
  9  4426 J5   957  3036 J6  1644  2421 J5   375  9264 16610  5.4  5.1  3.96  0.18  29.58  22.08  25.65  27.16  77     0   225  3.5
 10  3857 J5   916  3720 J6  2032  1687 J5   414  7679 15645  5.2  4.8  3.21  0.14  25.50  19.01  22.23  23.36  77     6   127  4.6
 11  2844 J5   751  2755 J6  2002  1510 J5   336  6209 14787  5.6  5.3  2.39  0.10  21.26  13.55  17.47  18.59  75    60    33  5.0
 12  2741 J5   632  3468 J6  1971  1211 J5   276  5492 14370  5.1  4.4  2.05  0.08  18.30   9.86  13.99  15.54  80   136     4  3.5
 13  4203 J5  1052  3319 J6   657  2153 J5   712  8775 16525  5.8  5.4  2.95  0.14  24.60  16.06  20.21  21.65  76   727  1466  4.1
 1997
  1  2741 J5   913  3146 J6  2298  1260 J5   351  5931 14697  6.0  5.6  2.06  0.07  17.87   9.34  13.35  15.12  83   152     5  3.8
  2  2971 J5   866  2305 J6  1922  1744 J5   366  7252 15538  6.7  6.4  2.34  0.08  20.87  12.18  15.95  17.64  84    76    25  4.3
  3  4062 J5  1201  3019 J6  2180  2142 J5   420  8878 16530  6.3  5.7  2.67  0.10  24.14  15.92  19.98  21.34  79    17    69  4.1
  4  4927 J5  1570  3639 J6  2542  2392 J5   440 10291 17486  5.9  5.7  2.58  0.14  23.93  15.28  19.68  21.06  71    20    58  4.6
  5  5191 J5  1291  3253 J6  2197  2849 J5   583 11149 18249  6.3  6.0  3.35  0.18  27.25  19.30  23.11  24.25  75     1   154  4.3
  6  5350 J5  1306  2947 J6  1784  3101 J5   452 11446 18579  7.6  6.6  3.89  0.20  28.12  21.57  24.36  25.37  84     0   196  4.0
  7  5237 J5   945  2709 J6  1209  3159 J5   404 11236 18301  6.6  6.3  4.47  0.22  31.55  23.43  26.95  28.24  79     0   284  3.4
  8  5000 J5   879  2950 J6  1473  2837 J5   398 10505 17542  6.5  6.0  4.54  0.21  31.24  24.10  27.28  28.36  76     0   290  3.7
  9  4689 J5   974  3469 J6  1842  2382 J5   488  9272 16612  5.4  4.9  4.06  0.18  30.24  23.14  26.28  27.72  76     0   251  3.6
 10  3676 J5  1065  3033 J6  1861  1877 J5   351  7689 15646  5.8  5.3  2.94  0.14  25.69  19.56  22.66  23.70  74     9   142  4.4
 11  2925 J5   881  2954 J6  1889  1453 J5   265  6217 14788  5.3  5.0  2.51  0.10  20.57  12.18  16.65  18.17  76    80    21  3.6
 12  2478 J5   900  2949 J6  2321  1168 J5   314  5493 14369  6.1  5.4  2.51  0.08  17.62   9.58  13.47  14.81  79   160    13  3.7
 13  4104 J5  1095  3031 J6   341  2197 J5   704  8780 16528  6.2  5.7  3.16  0.14  24.92  17.13  20.81  22.15  78   513  1508  4.0
 1998
  1  3150 K4  1051  4234 K6  2560  1190 K4   431  5923 14692  5.5  5.0  2.01  0.07  18.16  10.54  14.38  15.82  80   132     8  3.9
  2  3781 K4  1570  4602 K6  3220  1288 K4   496  7239 15531  5.7  5.3  1.79  0.08  18.61  10.85  14.57  15.92  75   108     7  4.6
  3  5374 K4  1555  6096 K6  3030  1626 K4   607  8863 16519  4.2  3.8  1.89  0.10  19.18  10.91  15.15  16.62  74   124    22  4.1
  4  5910 K4  1544  5202 K6  2768  2357 K4   599 10280 17477  5.1  4.9  2.34  0.14  24.72  15.97  20.43  21.99  72    14    74  4.4
  5  6771 K4  1452  5832 K6  2504  2445 K4   605 11143 18240  4.3  3.9  2.99  0.18  29.72  20.63  24.98  26.40  73     0   212  3.6
  6  7267 K4   566  6377 K6  1237  2418 K4   348 11445 18579  4.7  4.3  3.75  0.20  34.47  24.62  29.11  30.68  68     0   336  3.9
  7  6014 K4  1481  4426 K6  1923  2619 K4   401 11239 18307  6.8  6.2  5.06  0.22  32.81  25.04  28.40  29.58  81     0   329  3.5
  8  5509 K4  1268  4198 K6  1883  2440 K4   408 10514 17553  7.0  6.6  4.68  0.21  31.28  24.85  27.60  28.67  81     0   302  3.6
  9  4063 K4  1433  2674 K6  2183  2302 K4   432  9284 16622  7.6  7.2  4.72  0.18  29.50  24.11  26.60  27.53  82     0   254  4.4
 10  4198 K4   979  4411 K6  2127  1755 K4   483  7703 15658  4.6  4.3  2.91  0.14  27.04  20.74  24.05  25.18  77     0   172  4.3
 11  3224 K4   932  3741 K6  2262  1416 K4   351  6227 14796  5.6  5.3  2.69  0.10  24.05  16.90  20.38  21.77  80    13    77  3.4
 12  2654 K4  1088  3764 K6  2766  1044 K4   313  5495 14368  5.4  4.9  2.30  0.08  20.70  13.20  16.80  18.39  82    76    33  3.2
 13  4826 K4  1515  4630 K6  1077  1909 K4   579  8780 16529  5.5  5.1  3.09  0.14  25.85  18.20  21.87  23.21  77   466  1828  3.9
 1999
  1  3352 K4   844  4887 K6  2459  1101 K4   424  5915 14687  4.4  4.2  1.81  0.07  18.60   9.78  14.09  15.91  81   135     7  3.4
  2  4059 K4  1264  5133 K6  2712  1351 K4   409  7225 15525  4.2  4.0  1.72  0.08  19.70  11.10  15.16  16.84  74    95    13  3.8
  3  5453 K4  1351  6248 K6  2718  1631 K4   576  8849 16511  3.5  3.2  1.49  0.10  20.19  11.25  15.72  17.32  66    87     6  4.3
  4  5782 K4  1927  5271 K6  3038  2065 K4   518 10270 17469  5.3  5.0  2.44  0.14  25.77  17.09  21.22  22.76  72    19   112  4.2
  5  6418 K4  1609  5400 K6  2356  2477 K4   521 11137 18233  5.6  5.1  2.66  0.18  26.58  19.05  22.81  23.96  73     9   148  4.3
  6  5368 K4  1735  3457 K6  2298  2765 K4   422 11444 18578  7.7  7.2  4.40  0.20  29.37  23.50  25.89  26.83  77     0   243  4.6
  7  6643 K4   751  5333 K6  1388  2633 K4   359 11243 18311  5.6  5.3  4.31  0.22  32.49  25.05  28.48  29.70  74     0   324  3.4
  8  6025 K4  1066  4949 K6  1687  2356 K4   325 10523 17563  5.3  4.9  4.74  0.21  31.84  24.44  27.85  28.99  77     0   304  3.5
  9  4222 K4  1868  3389 K6  2651  1963 K4   422  9297 16631  5.4  5.2  4.08  0.18  28.71  22.66  25.56  26.71  78     0   221  4.2
 10  4217 K4  1346  4638 K6  2432  1560 K4   415  7717 15667  4.6  4.4  3.01  0.14  26.81  20.25  23.40  24.47  74     7   168  4.6
 11  3780 K4   747  5394 K6  1916  1156 K4   323  6237 14803  3.3  3.3  1.99  0.10  22.76  15.05  18.77  20.20  73    26    43  3.6
 12  2950 K4   993  4399 K6  2729  1040 K4   350  5496 14370  4.9  4.7  1.95  0.08  17.95   9.58  13.81  15.55  74   146     5  3.2
 13  4856 K4  1242  4875 K6   819  1842 K4   621  8780 16529  5.0  4.7  2.88  0.14  25.06  17.40  21.06  22.44  75   524  1593  3.9
 2000
  1  3112 K4  1092  4558 K6  2871  1045 K4   356  5907 14682  4.6  4.4  1.58  0.07  17.50   8.65  12.93  14.46  73   166     3  3.8
  2  4523 K4  1014  6145 K6  2373  1260 K4   429  7239 15526  3.0  2.9  1.51  0.08  18.20   9.31  13.46  15.21  75   135     3  3.7
  3  5138 K4  1495  5582 K6  2983  1716 K4   496  8888 16533  3.9  3.8  1.86  0.10  22.68  14.32  18.08  19.55  75    27    32  4.3
  4  6329 K4  1493  6134 K6  2538  2073 K4   611 10297 17491  3.7  3.4  1.96  0.14  23.17  13.51  18.71  20.26  71    35    36  4.3
  5  7214 K4   787  6589 K6  1574  2323 K4   500 11150 18247  3.2  3.0  2.89  0.18  29.17  20.49  24.68  25.95  69     0   202  4.5
  6  6016 K4  1468  4594 K6  2279  2582 K4   353 11445 18576  5.3  4.6  4.19  0.20  30.07  23.19  26.39  27.52  74     0   249  4.1
  7  6304 K4  1330  5100 K6  1950  2468 K4   424 11232 18298  4.3  3.8  4.59  0.22  31.37  23.74  27.19  28.39  75     0   286  4.0
  8  6257 K4   881  5394 K6  1606  2293 K4   393 10499 17540  4.4  4.0  4.47  0.21  30.77  23.48  26.84  28.05  79     0   273  3.5
  9  3950 K4  1466  2693 K6  2060  2189 K4   448  9262 16610  6.5  6.0  4.55  0.18  28.67  23.35  25.68  26.50  80     0   230  4.7
 10  4562 K4   943  5265 K6  2037  1547 K4   377  7678 15643  3.4  3.3  2.32  0.14  24.15  17.84  20.98  22.17  72     8    91  4.4
 11  3380 K4  1168  4495 K6  2591  1152 K4   333  6208 14786  4.0  3.5  2.11  0.10  20.76  10.84  15.94  17.79  73   104    28  3.4
 12  2909 K4   991  4203 K6  2630  1042 K4   348  5492 14370  5.4  5.1  1.56  0.08  15.40   8.20  11.90  13.00  79   205     3  3.5
 13  4975 K4  1448  5063 K6  1054  1808 K4   582  8775 16525  4.3  4.0  2.80  0.14  24.33  16.41  20.23  21.57  75   681  1434  4.0
 2001
  1  3353 K4   973  5144 K6  2511  1014 K4   322  5932 14697  4.5  4.3  1.46  0.07  15.68   6.77  11.23  12.82  71   224     4  3.3
  2  3578 K4  1561  3948 K6  3191  1426 K4   474  7254 15539  6.2  5.8  2.22  0.08  20.10  11.92  15.63  17.21  82    84    19  3.5
  3  4524 K4  1665  4396 K6  3040  1819 K4   551  8879 16531  5.4  5.0  2.02  0.10  20.17  12.31  16.06  17.35  70    92    27  4.6
  4  6501 K4  1373  6328 K6  2467  2021 K4   555 10292 17487  4.0  3.6  2.18  0.14  24.50  15.67  20.12  21.75  68    20    73  4.1
  5  7040 K4  1146  6367 K6  1983  2299 K4   449 11149 18249  4.4  4.3  2.76  0.18  27.69  19.56  23.52  24.76  73     0   164  4.4
  6  5896 K4  1608  4279 K6  2191  2673 K4   386 11446 18579  6.5  6.0  4.09  0.20  29.94  22.53  25.92  27.03  79     0   237  3.5
  7  6142 K4   868  4568 K6  1498  2665 K4   398 11235 18301  6.7  6.2  4.79  0.22  32.15  23.90  27.50  28.74  76     0   300  3.5
  8  6111 K4  1087  5161 K6  1783  2335 K4   341 10504 17541  5.5  5.2  4.64  0.21  30.94  23.69  27.02  28.33  78     0   279  3.0
  9  4404 K4  1453  3357 K6  2147  2149 K4   445  9270 16610  7.1  6.8  4.19  0.18  27.82  21.61  24.55  25.54  79     0   192  4.1
 10  4272 K4  1039  4305 K6  2128  1768 K4   424  7687 15646  5.9  5.5  2.53  0.14  25.19  18.36  21.76  22.97  72    16   123  4.8
 11  3621 K4   850  4811 K6  2039  1254 K4   325  6216 14787  4.5  4.4  2.17  0.10  22.78  15.81  19.06  20.52  83    17    46  4.2
 12  2783 K4   884  3695 K6  2431  1196 K4   302  5493 14369  5.4  5.0  2.00  0.08  20.20  13.38  16.65  18.03  81    88    40  3.1
 13  4852 K4  1419  4697 K6   938  1885 K4   568  8780 16528  5.5  5.2  2.92  0.14  24.76  17.13  20.75  22.09  76   541  1504  3.9
 2002
  1  3026 K4  1184  4211 K6  2840  1079 K4   376  5924 14692  5.4  5.2  2.27  0.07  18.20   9.22  13.42  15.05  81   158    15  3.4
  2  3769 K4  1467  4378 K6  2920  1440 K4   428  7240 15533  5.2  4.9  1.95  0.08  18.23   9.76  14.02  15.29  71   126     4  3.8
  3  5399 K4  1455  5908 K6  2644  1717 K4   556  8865 16522  4.7  4.4  2.37  0.10  22.38  13.75  18.10  19.59  77    60    52  4.1
  4  6219 K4  1583  5839 K6  2731  2149 K4   539 10282 17478  5.3  5.1  3.15  0.14  25.88  19.12  22.39  23.51  76     2   127  4.1
  5  6781 K4  1570  5973 K6  2228  2331 K4   458 11144 18240  4.9  4.8  2.99  0.18  27.86  20.63  24.09  25.13  73     0   183  5.1
  6  5481 K4  1686  3490 K6  2345  2809 K4   554 11445 18579  7.1  6.6  4.54  0.20  29.34  23.39  25.99  26.91  81     0   241  4.1
  7  6541 K4   943  5305 K6  1507  2480 K4   363 11239 18306  5.2  4.9  4.89  0.22  31.50  23.82  27.18  28.54  77     0   289  3.2
  8  5391 K4  1341  4171 K6  1960  2354 K4   355 10513 17551  6.3  6.0  4.72  0.21  30.56  23.91  26.92  27.95  77     0   276  3.7
  9  4925 K4  1186  4083 K6  1964  2249 K4   397  9283 16621  6.0  5.8  4.69  0.18  30.22  24.48  27.14  28.26  78     0   271  4.7
 10  4137 K4  1166  4098 K6  2246  1773 K4   399  7701 15656  5.8  5.5  3.92  0.14  27.19  21.10  24.04  25.01  81     0   180  3.3
 11  3324 K4  1039  4188 K6  2576  1297 K4   440  6226 14796  4.9  4.6  2.41  0.10  21.16  11.48  16.48  18.15  74    91    31  3.0
 12  2733 K4  1144  3895 K6  2850  1034 K4   366  5494 14368  5.8  5.1  1.91  0.08  16.98   8.65  12.82  14.22  71   171     0  3.5
 13  4811 K4  1390  4628 K6   875  1893 K4   587  8780 16528  5.6  5.3  3.32  0.14  24.96  17.44  21.05  22.30  76   608  1670  3.8
 2003
  1  3438 K4   963  5271 K6  2527  1002 K4   346  5916 14688  3.5  3.3  1.40  0.07  15.49   5.27  10.35  12.21  66   246     0  3.6
  2  3451 K4  1471  3805 K6  3091  1423 K4   455  7227 15526  5.8  5.5  2.14  0.08  18.05   9.49  13.36  14.83  78   133     6  3.6
  3  4111 K4  1996  3628 K6  3151  1838 K4   497  8851 16511  6.6  6.3  2.89  0.10  21.66  14.66  17.76  18.83  84    44    38  3.5
  4  6123 K4  1568  5663 K6  2673  2159 K4   575 10271 17470  4.4  4.2  2.48  0.14  23.61  15.58  19.59  21.07  78    25    63  3.9
  5  6684 K4  1217  5475 K6  2038  2632 K4   416 11138 18234  5.1  4.8  3.51  0.18  29.47  21.16  24.99  26.20  74     0   217  3.7
  6  5706 K4  1699  4120 K6  2566  2560 K4   453 11444 18578  6.1  5.4  4.49  0.20  30.13  23.13  26.22  27.32  80     0   249  3.4
  7  5419 K4  1360  3765 K6  1970  2610 K4   385 11243 18310  6.8  6.1  4.85  0.22  31.64  24.15  27.14  28.32  75     0   297  3.1
  8  5648 K4  1058  4430 K6  1837  2415 K4   370 10521 17561  5.5  5.1  4.89  0.21  31.20  24.46  27.35  28.55  79     0   295  2.9
  9  4744 K4  1291  3883 K6  2184  2199 K4   386  9296 16630  6.0  5.7  4.27  0.18  29.90  23.07  26.36  27.60  74     0   245  4.1
 10  4006 K4  1310  4111 K6  2627  1645 K4   450  7715 15666  4.9  4.7  3.20  0.14  27.43  20.24  23.73  25.26  73     0   171  3.9
 11  3539 K4  1023  4886 K6  2290  1142 K4   317  6236 14803  4.0  3.9  2.70  0.10  25.23  16.70  20.93  22.65  72    26   105  3.7
 12  3078 K4   860  4740 K6  2488  1027 K4   359  5496 14370  5.3  5.1  1.65  0.08  18.07   8.62  13.40  15.04  66   158     4  3.3
 13  4662 K4  1218  4481 K6   711  1888 K4   628  8780 16529  5.3  5.0  3.21  0.14  25.16  17.21  20.93  22.32  75   632  1688  3.6
 2004
  1  3405 K4   922  5156 K6  2481  1047 K4   374  5908 14683  5.2  5.0  1.81  0.07  18.34   8.54  13.29  15.34  65   160     8  3.4
  2  3570 K4  1658  4311 K6  3275  1284 K4   391  7241 15529  6.6  6.2  2.36  0.08  17.53  10.66  13.85  15.05  77   130     7  4.4
  3  5582 K4  1114  6172 K6  2301  1736 K4   490  8890 16533  4.7  4.5  2.03  0.10  23.56  14.40  18.56  20.31  67    32    52  4.2
  4  6559 K4  1209  6516 K6  2453  2011 K4   594 10298 17492  4.3  4.0  2.05  0.14  25.24  14.99  20.26  22.09  65    23    77  3.1
  5  7117 K4  1249  6576 K6  2206  2281 K4   503 11151 18247  4.1  4.0  3.12  0.18  30.10  21.36  25.62  27.03  66     2   231  4.4
  6  6339 K4  1345  5064 K6  2015  2528 K4   355 11445 18576  6.1  5.8  4.80  0.20  32.34  24.18  27.71  29.06  76     0   298  3.4
  7  6304 K4  1347  5134 K6  1975  2374 K4   358 11232 18297  4.8  4.4  4.86  0.22  33.13  24.49  28.50  29.89  74     0   325  3.2
  8  5050 K4  1398  3659 K6  1922  2354 K4   422 10498 17539  6.1  5.6  5.09  0.21  30.65  23.63  26.70  27.79  81     0   273  3.8
  9  4055 K4  1628  3062 K6  2324  2014 K4   478  9260 16608  6.8  6.4  4.58  0.18  28.58  23.44  25.82  26.65  85     0   230  7.3
 10  4407 K4   906  4760 K6  1940  1660 K4   407  7676 15642  4.4  4.2  3.37  0.14  26.41  19.29  22.82  24.22  78     0   140  3.9
 11  3520 K4   957  4608 K6  2271  1230 K4   311  6207 14785  5.2  5.1  2.53  0.10  24.33  15.88  20.01  21.51  76    26    79  4.6
 12  2916 K4   949  4361 K6  2506  1047 K4   347  5492 14370  5.2  4.9  2.02  0.08  17.61   8.82  13.33  15.01  79   174    16  3.4
 13  4902 K4  1446  4948 K6  1079  1797 K4   542  8775 16525  5.3  5.0  3.22  0.14  25.65  17.47  21.37  22.83  74   548  1737  4.1
 2005
  1  3160 K4  1112  4718 K6  2677  1019 K4   324  5933 14698  5.4  5.2  2.19  0.07  18.29  10.26  14.03  15.32  81   137    11  4.1
  2  3583 K4  1434  4238 K6  3133  1355 K4   503  7256 15541  6.3  6.2  2.30  0.08  17.54   8.91  13.11  14.75  77   148     5  3.9
  3  4532 K4  2145  4960 K6  3777  1471 K4   549  8881 16534  5.3  5.1  2.17  0.10  19.42  11.61  15.52  16.87  69   105    18  4.0
  4  6377 K4  1560  6289 K6  2636  1971 K4   533 10294 17487  4.4  4.2  2.00  0.14  22.25  14.06  18.20  19.63  70    35    30  4.4
  5  6474 K4  2144  5863 K6  2902  2153 K4   364 11150 18251  5.1  4.9  3.04  0.18  26.47  18.36  22.45  23.74  75     3   130  3.6
  6  5814 K4  1694  4057 K6  2624  2734 K4   477 11446 18580  7.0  6.6  4.66  0.20  29.65  23.53  26.39  27.37  81     0   248  4.2
  7  6596 K4  1246  5567 K6  1903  2361 K4   357 11234 18301  5.3  5.0  4.87  0.22  32.09  24.65  28.14  29.37  78     0   311  3.5
  8  5945 K4  1050  4797 K6  1669  2412 K4   369 10503 17539  6.0  5.7  5.24  0.21  32.24  25.28  28.38  29.54  78     0   323  3.4
  9  5151 K4  1269  4736 K6  2287  2024 K4   341  9268 16609  4.9  4.7  4.08  0.18  30.93  24.50  27.48  28.76  71     0   282  4.9
 10  3868 K4  1280  3922 K6  2465  1648 K4   531  7686 15644  5.3  5.2  3.46  0.14  25.11  18.16  21.56  22.89  80    34   137  4.3
 11  3368 K4  1134  4340 K6  2598  1215 K4   358  6214 14786  5.0  4.9  2.45  0.10  22.26  14.60  18.28  19.74  77    40    43  3.4
 12  2880 K4  1085  4364 K6  2784   992 K4   312  5493 14369  5.1  4.6  1.91  0.08  17.62   8.48  13.02  14.68  74   164     0  3.3
 13  4812 K4  1408  4821 K6   739  1779 K4   580  8780 16528  5.4  5.2  3.20  0.14  24.49  16.87  20.55  21.89  76   666  1537  3.9
 2006
  1  3354 K4   957  5005 K6  2634  1066 K4   363  5925 14695  5.2  5.0  1.94  0.07  18.78   9.26  13.90  15.66  72   142     8  3.4
  2  3804 K4  1571  4908 K6  3280  1218 K4   420  7242 15533  4.8  4.2  1.88  0.08  17.51   8.01  12.75  14.62  71   158     2  3.5
  3  5627 K4  1180  6612 K6  2348  1521 K4   483  8867 16523  4.2  3.9  1.88  0.10  21.28  11.92  16.64  18.33  67    81    27  3.8
  4  6486 K4  1260  6440 K6  2325  2017 K4   485 10283 17481  4.8  4.3  2.36  0.14  25.71  17.52  21.36  22.88  70     3   101  4.6
  5  6812 K4  1513  6131 K6  2523  2286 K4   480 11144 18241  4.4  4.0  2.87  0.18  29.07  19.81  23.98  25.46  65     0   190  3.7
  6  6554 K4  1369  5480 K6  2070  2410 K4   375 11445 18579  5.7  5.2  3.85  0.20  29.86  22.48  25.82  26.87  74     0   235  4.1
  7  6584 K4  1337  5611 K6  1884  2362 K4   316 11238 18306  5.6  5.2  4.29  0.22  32.32  23.73  27.71  29.02  72     0   301  3.8
  8  6002 K4  1352  5200 K6  2048  2212 K4   356 10511 17549  5.9  5.5  4.95  0.21  32.26  24.39  27.94  29.15  74     0   310  3.1
  9  5047 K4  1330  4672 K6  2385  1988 K4   412  9281 16620  5.3  5.2  4.00  0.18  29.98  23.24  26.41  27.64  70     0   248  3.7
 10  4207 K4  1079  4381 K6  2369  1718 K4   438  7700 15654  5.3  5.0  2.95  0.14  26.82  18.95  22.91  24.21  65     9   150  3.6
 11  3301 K4  1024  4255 K6  2347  1273 K4   406  6225 14795  4.9  4.5  2.12  0.10  20.48  12.30  16.42  18.00  75    84    26  3.7
 12  2633 K4  1025  3469 K6  2646  1137 K4   321  5494 14367  5.9  5.6  2.66  0.08  20.20  12.99  16.54  17.87  78    77    24  3.2
 13  5034 K4  1509  5180 K6   934  1767 K4   508  8780 16529  5.2  4.8  2.98  0.14  25.36  17.05  21.03  22.48  71   555  1623  3.7
 2007
  1  2958 K4  1091  3814 K6  2764  1216 K4   367  5917 14689  6.3  6.1  2.43  0.07  18.29  10.71  14.50  15.66  73   135    16  3.3
  2  4369 K4  1010  5545 K6  2551  1343 K4   478  7229 15526  5.0  4.7  1.82  0.08  18.13   8.41  13.28  15.07  64   144     2  3.0
  3  5483 K4  1550  6336 K6  2893  1539 K4   482  8853 16511  4.2  3.9  2.15  0.10  21.74  13.54  17.57  19.04  72    52    30  3.4
  4  6458 K4  1483  6418 K6  2455  1936 K4   491 10272 17472  5.2  4.9  2.13  0.14  24.27  14.86  19.67  21.18  60    32    69  3.8
  5  6721 K4  1147  5685 K6  1966  2501 K4   494 11139 18234  4.5  4.4  2.72  0.18  26.67  20.28  23.34  24.26  68     0   159  4.8
  6  6422 K4  1616  5313 K6  2332  2425 K4   410 11444 18579  6.1  5.7  4.00  0.20  29.50  22.86  26.07  27.06  75     0   236  3.9
  7  5653 K4  1245  4004 K6  1671  2596 K4   337 11242 18309  6.5  6.2  4.85  0.22  31.07  23.85  27.12  28.14  75     0   283  3.4
  8  6171 K4  1229  5278 K6  1828  2248 K4   321 10520 17559  4.9  4.7  4.80  0.21  32.37  25.01  28.38  29.65  74     0   321  2.9
  9  4955 K4  1472  4523 K6  2258  1935 K4   335  9294 16628  6.2  5.8  4.30  0.18  29.59  24.08  26.65  27.73  76     0   255  4.9
 10  3500 K4  1636  3304 K6  2673  1559 K4   355  7714 15665  6.9  6.7  4.01  0.14  26.83  22.01  24.26  24.92  75     0   189  4.8
 11  3381 K4  1210  4497 K6  2611  1166 K4   299  6235 14803  3.6  3.2  2.27  0.10  21.17  13.21  17.16  18.54  69    52    17  3.4
 12  3024 K4   859  4500 K6  2373  1057 K4   324  5496 14370  3.7  3.7  2.37  0.08  20.65  12.00  16.31  17.94  78    80    18  2.7
 13  4925 K4  1428  4935 K6   986  1793 K4   554  8780 16529  5.3  5.0  3.15  0.14  25.02  17.57  21.19  22.43  72   494  1596  3.7
 2008
  1  2883 K4  1127  3910 K6  2890  1140 K4   379  5909 14683  5.3  5.1  2.09  0.07  16.85   8.50  12.70  14.32  71   180     5  3.3
  2  4276 K4  1210  5613 K6  2763  1277 K4   441  7242 15531  3.6  3.4  1.93  0.08  20.16   9.83  15.22  17.24  69   110    13  3.0
  3  5123 K4  1774  5609 K6  3167  1619 K4   507  8892 16536  3.9  3.6  1.89  0.10  21.55  12.63  17.28  18.71  66    62    24  4.2
  4  6063 K4  1810  5796 K6  2852  2031 K4   444 10300 17493  4.0  3.8  2.42  0.14  24.17  15.98  19.86  21.25  67    19    72  3.9
  5  6868 K4  1357  6017 K6  2307  2392 K4   454 11152 18248  4.0  3.9  2.87  0.18  28.56  20.47  24.28  25.51  64     0   192  4.4
  6  6341 K4  1303  5173 K6  1956  2467 K4   353 11445 18576  4.4  4.2  4.16  0.20  31.18  22.61  26.35  27.68  72     0   257  3.3
  7  5936 K4  1231  4380 K6  1780  2603 K4   376 11231 18297  4.9  4.3  4.72  0.22  30.55  23.48  26.51  27.59  76     0   269  2.9
  8  4905 K4  1761  3491 K6  2361  2284 K4   445 10497 17538  6.9  6.5  5.00  0.21  30.36  24.02  26.82  27.78  77     0   275  4.3
  9  5084 K4  1362  4579 K6  2258  2028 K4   405  9259 16607  6.3  5.9  3.91  0.18  29.63  23.91  26.51  27.61  70     0   253  4.7
 10  4081 K4  1201  4365 K6  2249  1604 K4   392  7674 15642  4.6  4.2  2.68  0.14  25.41  18.28  21.76  23.05  66    20   129  4.4
 11  3385 K4  1006  4436 K6  2535  1207 K4   407  6206 14785  4.4  3.9  1.98  0.10  20.05  11.47  15.60  17.31  68    99    21  3.4
 12  3114 K4   771  4657 K6  2258  1081 K4   318  5492 14370  5.2  5.1  2.12  0.08  20.32  11.89  16.05  17.62  74    92    23  3.0
 13  4838 K4  1315  4836 K6   797  1811 K4   558  8775 16525  4.8  4.5  2.98  0.14  24.90  16.92  20.74  22.14  70   582  1533  3.7
 2009
  1  3078 K4  1047  4367 K6  2758  1091 K4   391  5934 14700  4.6  4.1  1.83  0.07  17.66   7.66  12.62  14.39  67   179     4  3.0
  2  4466 K4  1078  6031 K6  2445  1221 K4   440  7258 15543  4.2  4.0  1.50  0.08  18.00   7.76  13.14  15.12  62   159     7  3.2
  3  5152 K4  1355  5486 K6  2913  1738 K4   573  8883 16534  4.9  4.6  2.22  0.10  21.39  13.33  17.21  18.57  69    59    29  4.5
  4  6163 K4  1821  5986 K6  2937  1962 K4   514 10295 17490  4.5  4.2  2.10  0.14  24.92  16.05  20.51  22.02  63    13    77  4.3
  5  5760 K4  2199  4541 K6  2917  2375 K4   569 11151 18251  7.0  6.6  3.74  0.18  26.79  19.27  22.83  23.87  80     1   147  4.5
  6  6444 K4  1437  5327 K6  2171  2447 K4   315 11446 18579  6.3  5.6  4.26  0.20  31.69  23.70  27.21  28.46  72     0   281  3.1
  7  5764 K4  1680  4325 K6  2252  2451 K4   404 11234 18299  6.3  5.8  4.57  0.22  31.04  23.33  26.63  27.84  76     0   275  3.0
  8  5607 K4  1315  4492 K6  1957  2296 K4   320 10502 17539  5.9  5.4  4.70  0.21  30.55  23.97  26.81  27.91  78     0   277  2.7
  9  5079 K4  1168  4519 K6  2135  2090 K4   403  9267 16608  6.3  6.0  4.39  0.18  29.36  23.93  26.60  27.61  72     0   249  4.1
 10  3886 K4  1281  3726 K6  2439  1745 K4   400  7684 15642  5.7  5.2  3.81  0.14  27.42  20.36  23.86  25.17  73    13   185  3.3
 11  3173 K4  1241  4066 K6  2687  1212 K4   352  6213 14786  5.9  5.7  2.33  0.10  21.80  14.67  18.12  19.45  72    38    35  3.3
 12  2258 K4   967  2519 K6  2295  1196 K4   314  5493 14369  7.5  7.1  2.60  0.08  18.02  10.79  14.44  15.37  75   141    20  3.7
 13  4736 K4  1356  4615 K6   991  1819 K4   529  8780 16528  5.8  5.4  3.17  0.14  24.89  17.07  20.83  22.15  71   604  1586  3.5
 2010
  1  3077 K4  1219  4594 K6  3035  1002 K4   389  5926 14695  4.3  4.1  1.52  0.07  13.88   4.64   9.08  10.63  65   281     0  3.3
  2  3766 K4  1630  4955 K6  3251  1149 K4   350  7244 15534  4.6  4.5  1.45  0.08  14.26   5.51   9.89  11.45  64   237     0  3.2
  3  4731 K4  1755  5068 K6  3132  1671 K4   626  8869 16524  4.8  4.6  1.59  0.10  18.69   9.59  14.13  15.68  64   132     2  3.6
  4  6200 K4  1560  6244 K6  2648  1928 K4   541 10284 17481  3.9  3.8  2.04  0.14  24.31  15.58  19.89  21.52  69     6    55  4.1
  5  6972 K4  1105  6514 K6  1937  2205 K4   417 11145 18242  5.2  5.0  3.55  0.18  29.27  21.89  25.24  26.39  69     0   225  4.2
  6  6782 K4  1372  5983 K6  2079  2273 K4   342 11445 18579  4.7  4.3  4.67  0.20  32.63  23.95  27.86  29.36  69     0   299  2.9
  7  6638 K4  1160  5783 K6  1960  2283 K4   370 11238 18306  4.8  4.4  4.64  0.22  32.85  25.15  28.64  29.92  69     0   331  3.3
  8  5736 K4  1609  4795 K6  2318  2273 K4   371 10510 17547  6.2  5.8  5.29  0.21  32.29  25.49  28.45  29.55  73     0   327  3.5
  9  5243 K4  1303  4977 K6  2063  1942 K4   359  9279 16617  5.3  4.9  3.93  0.18  30.47  23.63  26.77  28.13  70     0   262  3.3
 10  4918 K4   796  6217 K6  1621  1387 K4   280  7698 15652  2.9  2.7  2.37  0.14  27.53  17.80  22.76  24.82  61     0   134  3.0
 11  3681 K4   964  5387 K6  2365  1060 K4   263  6223 14793  3.9  3.6  2.06  0.10  22.82  13.62  18.22  20.06  66    46    43  3.3
 12  3150 K4   967  5154 K6  2476   901 K4   251  5494 14367  4.0  3.7  1.31  0.08  14.85   3.75   9.13  11.16  57   280     0  3.2
 13  5074 K4  1420  5473 K6   647  1673 K4   547  8780 16528  4.6  4.3  2.87  0.14  24.49  15.88  20.00  21.56  66   982  1677  3.4
