702310 MCGRATH ARPT           AK  -9  N62 57  W155 36   105  1000
 1991-2010
 MO AVGLO FL SDGLO AVDIR FL SDDIR AVDIF FL SDDIF AVETR AETRN  TOT  OPQ   H2O   TAU  MAX_T  MIN_T  AVG_T  AVGDT  RH  HTDD  CLDD AVWS
  1   229 J7    21   751 J8   298   163 J7    10   641  8332  6.3  5.5  0.50  0.06 -17.17 -25.94 -21.43 -20.51  79  1236     0  1.3
  2   824 J7    97  1563 J7   592   514 J7    49  2007 12207  6.7  5.8  0.55  0.08 -10.18 -21.32 -15.50 -13.75  76   963     0  1.5
  3  2229 J7   237  3386 J7   991  1122 J7   118  4469 16260  5.7  4.6  0.51  0.09  -4.91 -18.61 -11.32  -9.08  64   933     0  2.2
  4  3987 J7   344  4287 J7   918  2069 J7   138  7500 20246  6.6  5.0  0.72  0.11   5.52  -6.19   0.11   1.62  61   560     0  2.5
  5  4955 J7   336  4579 J7   837  2552 J7   155 10130 24001  7.3  5.6  1.10  0.11  14.26   2.81   9.01  10.00  58   304     0  2.7
  6  5201 J7   359  4257 J7   822  2865 J7   152 11404 26344  7.8  6.2  1.70  0.11  19.86   8.70  14.67  15.25  64   125     3  2.4
  7  4561 J7   345  3486 J7   695  2693 J7   100 10679 24902  8.2  6.9  2.11  0.09  20.38  10.68  15.63  16.27  73    93     6  2.2
  8  3212 J7   305  2527 J7   708  2029 J7    82  8338 21235  8.3  7.4  1.92  0.07  17.21   8.04  12.61  13.68  79   178     2  2.1
  9  2261 J7   257  2373 J7   884  1399 J7   100  5394 17354  7.7  6.9  1.34  0.05  11.83   2.71   7.09   8.61  77   332     0  2.1
 10   930 J7   112  1433 J8   611   596 J7    44  2692 13382  7.8  7.1  0.83  0.04   0.26  -6.83  -3.21  -2.04  81   670     0  1.9
 11   339 J7    53   947 J8   499   231 J7    19   932  9365  7.0  6.2  0.61  0.04 -10.14 -17.92 -13.80 -12.77  80   971     0  1.4
 12   104 J7    12   527 J8   239    78 J7     6   326  6770  6.9  6.0  0.52  0.04 -16.06 -24.83 -20.24 -19.72  79  1202     0  0.9
 13  2403 J7    88  2510 J7   263  1359 J7    49  5376 16700  7.2  6.1  1.03  0.07   2.57  -7.39  -2.20  -1.04  73  7567    11  1.9
 1991
  1   222 I5   128   800 I7  1038   151 I5    59   636  8308  6.4  5.5  0.59  0.04 -15.06 -23.50 -19.01 -18.53  76  1166     0  2.9
  2   848 I5   409  1834 I6  1757   495 I5   210  1984 12165  6.2  5.0  0.58  0.06 -12.74 -23.23 -17.81 -16.47  70  1017     0  2.6
  3  1913 I5   987  2648 I6  2909  1049 I5   333  4426 16196  6.8  5.8  0.65  0.08  -3.66 -16.88  -9.81  -7.66  74   887     0  3.3
  4  4140 I5   982  5142 I6  3089  1911 I5   723  7456 20184  5.4  4.1  0.69  0.10   6.70  -7.20   0.34   2.13  59   557     0  2.9
  5  5273 I5  1222  5296 I6  2752  2491 I5   476 10098 23949  6.5  4.8  1.04  0.10  14.08   2.56   8.79   9.85  58   310     0  3.4
  6  5829 I5  1416  5893 I6  2919  2598 I5   367 11400 26334  7.0  4.8  1.74  0.10  21.20   8.94  15.71  16.39  59   113    15  3.3
  7  4742 I5  1346  3899 I6  2733  2645 I5   367 10705 24951  7.8  6.5  1.92  0.08  18.89   9.47  14.26  14.87  74   134     5  3.1
  8  3334 I5  1022  2873 I6  2587  1974 I5   430  8380 21293  7.7  6.9  1.81  0.10  16.58   7.22  11.67  12.81  78   199     0  2.9
  9  2354 I5   930  2238 I6  2112  1449 I5   290  5438 17413  8.0  6.9  1.50  0.11  13.99   4.74   9.21  10.73  77   269     0  2.9
 10   896 I5   445  1173 I6  1471   601 I5   200  2727 13440  7.4  6.6  0.90  0.12   1.19  -5.43  -1.99  -0.80  82   634     0  2.6
 11   370 I5   193   955 I7   889   241 I5    89   949  9422  4.4  3.6  0.61  0.14 -11.85 -20.37 -15.98 -14.57  74  1033     0  2.5
 12    86 I5    20   137 I7   220    79 I5    19   327  6780  6.6  5.4  0.49  0.17 -16.92 -26.59 -21.61 -20.93  77  1243     0  1.2
 13  2501 I5  2098  2741 I6  1928  1307 I5   995  5377 16703  6.7  5.5  1.04  0.10   2.70  -7.52  -2.19  -1.01  72  7562    21  2.8
 1992
  1   201 I5   104   247 I7   365   173 I5    75   629  8284  6.3  5.3  0.51  0.20 -15.18 -23.82 -19.31 -18.66  79  1173     0  1.9
  2   726 I5   329   858 I6  1019   543 I5   203  2004 12199  5.3  4.8  0.45  0.24 -14.97 -25.18 -20.03 -18.27  72  1114     0  2.4
  3  1941 I5   822  1723 I6  2056  1322 I5   325  4498 16298  6.5  5.5  0.56  0.27  -4.56 -17.52 -10.75  -8.77  70   910     0  2.6
  4  4027 I5  1124  3687 I6  2495  2285 I5   663  7529 20280  5.3  4.3  0.61  0.29   3.12  -8.52  -2.15  -0.78  60   631     0  3.2
  5  4889 I5  1595  4209 I6  3375  2610 I5   562 10150 24030  5.6  4.6  0.96  0.28   9.64  -0.99   4.88   5.69  57   434     0  3.9
  6  5274 I5  1215  3533 I6  2537  3216 I5   485 11407 26348  7.3  6.0  1.63  0.25  19.66   8.58  14.49  15.06  61   126     0  3.1
  7  4546 I5  1388  3125 I6  2858  2764 I5   514 10664 24874  7.9  6.8  2.26  0.22  20.82  10.98  15.88  16.54  77    81     5  2.6
  8  2744 I5   958  1155 I6  1260  2134 I5   473  8312 21199  9.2  8.4  1.97  0.18  16.58   8.91  12.63  13.41  81   173     0  2.7
  9  2046 I5   781  2064 I6  2204  1284 I5   356  5365 17320  7.0  6.5  0.97  0.15   4.52  -2.81   0.87   2.00  76   524     0  3.1
 10   921 I5   428  1583 I6  1759   555 I5   216  2669 13346  6.0  5.5  0.71  0.12  -3.05 -11.51  -7.04  -5.53  79   794     0  2.5
 11   267 I5   161   343 I7   615   222 I5   108   921  9329  8.1  7.1  0.68  0.11  -7.35 -14.92 -10.73 -10.00  84   884     0  2.0
 12    77 I5    21   153 I7   258    68 I5    14   324  6761  7.2  6.6  0.55  0.10 -15.06 -24.78 -19.78 -19.20  76  1186     0  1.5
 13  2305 I5  1950  1890 I6  1437  1431 I5  1131  5373 16689  6.8  5.9  0.99  0.20   1.18  -8.46  -3.42  -2.38  73  8030     5  2.6
 1993
  1   211 I5   139   524 I7   829   153 I5    71   649  8370  6.4  6.0  0.56  0.11 -14.12 -22.38 -18.28 -17.99  82  1134     0  3.1
  2   723 I5   285  1037 I6  1214   523 I5   195  2019 12234  7.0  6.2  0.73  0.12  -9.70 -20.16 -14.40 -12.71  83   931     0  1.7
  3  1997 I5   669  2238 I6  1838  1260 I5   453  4477 16272  6.3  4.9  0.60  0.13  -0.40 -14.21  -6.86  -4.64  67   795     0  2.6
  4  4535 I5   823  5306 I6  2205  2143 I5   540  7508 20258  5.1  2.9  0.77  0.14   9.49  -3.91   3.10   4.94  59   466     0  2.5
  5  5309 I5  1573  5504 I6  3281  2366 I5   452 10136 24011  6.2  4.6  1.25  0.14  16.27   4.19  10.71  11.80  59   251     0  3.1
  6  5793 I5  1173  5142 I6  2605  2863 I5   407 11406 26347  7.1  5.4  1.61  0.13  20.48   8.30  14.82  15.41  64   118     0  2.9
  7  5354 I5  1265  5069 I6  2904  2566 I5   530 10676 24897  6.9  5.6  2.22  0.11  22.86  11.39  17.51  18.35  67    54    17  2.7
  8  2973 I5  1125  2113 I6  2572  1956 I5   418  8332 21225  8.7  7.7  2.07  0.09  16.60   8.76  12.74  13.57  80   175     0  3.1
  9  1731 I5   619  1275 I6  1922  1282 I5   311  5387 17343  8.4  7.8  1.44  0.07   9.20   2.61   6.00   6.79  83   373     0  3.7
 10   776 I5   475   839 I6  1310   563 I5   209  2686 13373  8.7  7.9  1.04  0.05   1.63  -2.82  -0.69  -0.09  88   587     0  2.9
 11   257 I5   149   465 I7   740   206 I5    91   929  9355  8.0  7.2  0.69  0.04  -7.77 -14.17 -10.79 -10.16  83   879     0  2.6
 12    91 I5    32   223 I7   320    79 I5    24   325  6766  8.3  7.2  0.65  0.05 -10.99 -18.48 -14.01 -13.67  82  1025     0  1.8
 13  2479 I5  2222  2478 I6  2139  1330 I5  1021  5378 16704  7.3  6.1  1.13  0.10   4.46  -5.07  -0.01   0.97  75  6788    17  2.7
 1994
  1   197 I5   102   462 I7   599   161 I5    90   643  8340  6.7  6.0  0.62  0.06 -14.65 -21.90 -18.06 -17.07  79  1135     0  2.0
  2  1024 I5   476  2843 I6  2131   429 I5   141  2003 12198  3.9  3.3  0.44  0.08 -10.48 -20.86 -15.51 -13.70  65   952     0  3.4
  3  2010 I5   822  2679 I6  2501  1116 I5   288  4453 16238  6.6  5.5  0.57  0.09  -7.74 -19.68 -13.38 -11.54  67   993     0  2.8
  4  4061 I5  1002  4270 I6  2560  2141 I5   586  7484 20225  6.7  4.9  0.76  0.11   5.44  -5.86   0.06   1.49  62   556     0  3.2
  5  5125 I5   912  4541 I6  1842  2692 I5   329 10118 23981  7.7  5.6  1.09  0.11  15.67   3.50  10.20  11.25  55   271     0  3.6
  6  5287 I5  1491  4408 I6  2834  2822 I5   484 11403 26342  8.0  6.3  1.63  0.11  18.65   8.02  13.65  14.19  67   151     1  3.3
  7  4390 I5  1401  3159 I6  2689  2650 I5   428 10689 24921  8.4  7.2  2.17  0.09  19.97  10.70  15.37  15.99  74    97     4  3.0
  8  3294 I5  1247  2926 I6  2831  1901 I5   422  8354 21259  8.1  6.9  2.13  0.07  17.01   8.42  12.79  13.74  80   177     2  3.4
  9  2443 I5   757  3068 I6  2831  1347 I5   478  5411 17376  7.1  6.0  1.31  0.05  11.72   1.65   6.46   8.27  73   349     0  2.8
 10   847 I5   378  1040 I6  1434   607 I5   183  2705 13402  8.0  7.5  0.75  0.03  -1.61  -9.94  -5.31  -4.09  76   747     0  2.8
 11   268 I5    83   567 I7   888   219 I5    88   939  9384  7.6  7.3  0.53  0.03 -11.28 -20.40 -15.35 -14.55  80  1025     0  2.9
 12    89 I5    38   364 I7   701    71 I5    25   326  6776  7.8  7.4  0.49  0.03 -16.87 -25.55 -20.78 -19.90  76  1226     0  2.1
 13  2420 I5  1965  2527 I6  1555  1346 I5  1060  5377 16703  7.2  6.2  1.04  0.07   2.15  -7.66  -2.49  -1.33  71  7679     8  2.9
 1995
  1   217 I5   102   514 I7   679   171 I5    63   636  8311  7.1  6.2  0.57  0.04 -16.21 -24.98 -20.28 -19.57  79  1207     0  1.3
  2   833 I5   402  1933 I6  2002   448 I5   178  1986 12169  5.6  5.1  0.55  0.06  -9.11 -20.12 -13.94 -12.31  72   922     0  2.5
  3  2566 I5   911  5063 I6  2720   903 I5   380  4429 16201  3.2  2.4  0.40  0.08  -7.44 -23.34 -14.63 -12.05  60  1045     0  3.0
  4  4022 I5  1059  4712 I6  2846  1892 I5   504  7459 20191  6.3  4.8  0.85  0.10   8.63  -2.72   3.22   4.90  62   461     0  3.0
  5  4509 I5  1238  3568 I6  2312  2520 I5   329 10100 23953  8.0  6.9  1.28  0.10  15.87   4.78  10.43  11.28  63   248     0  3.1
  6  4964 I5  1458  4025 I6  2925  2755 I5   421 11400 26337  7.6  6.6  1.71  0.10  18.20   8.20  13.61  14.13  67   154     0  3.0
  7  4426 I5  1440  3691 I6  2814  2460 I5   318 10703 24943  7.6  6.9  2.19  0.08  19.86  10.16  14.75  15.41  77   104     1  2.4
  8  3007 I5  1106  2287 I6  2917  1952 I5   427  8377 21288  8.4  7.8  1.86  0.06  16.27   7.95  11.98  13.02  83   193     0  2.0
  9  2113 I5   733  1772 I6  1822  1476 I5   365  5435 17409  8.4  7.6  1.72  0.04  14.31   5.27   9.66  11.13  79   256     0  1.9
 10   944 I5   449  1354 I6  1664   618 I5   248  2724 13440  8.1  7.3  0.87  0.03   0.11  -6.81  -3.24  -2.17  83   672     0  1.6
 11   420 I5   194  2010 I7  1669   196 I5   106   948  9417  4.1  3.6  0.45  0.03 -12.21 -20.91 -16.74 -15.16  76  1047     0  1.3
 12   117 I5    44   912 I7   891    70 I5    24   327  6779  5.1  4.4  0.55  0.03 -17.72 -25.06 -21.07 -20.36  76  1231     0  1.1
 13  2345 I5  1826  2653 I6  1507  1288 I5  1005  5377 16703  6.6  5.8  1.08  0.06   2.55  -7.30  -2.19  -0.98  73  7541     1  2.2
 1996
  1   223 I5    89   875 I7   769   159 I5    85   630  8287  5.0  4.2  0.41  0.04 -20.55 -28.33 -24.49 -23.21  77  1326     0  1.3
  2   777 I5   329  1640 I6  1683   480 I5   194  2006 12201  5.7  5.2  0.48  0.06 -12.95 -25.22 -18.67 -16.69  75  1085     0  2.0
  3  2219 I5  1023  3697 I6  3062   990 I5   288  4501 16300  4.8  4.3  0.53  0.08  -0.67 -13.29  -6.50  -4.66  65   785     0  2.6
  4  4130 I5  1319  5073 I6  3274  1895 I5   634  7532 20285  5.7  4.3  0.63  0.10   4.03  -8.78  -1.72  -0.07  56   621     0  2.7
  5  5131 I5  1689  5455 I6  3984  2238 I5   651 10152 24034  6.5  5.0  1.08  0.10  14.66   2.83   9.24  10.29  57   297     0  2.6
  6  5167 I5  1794  4533 I6  3919  2626 I5   613 11407 26349  7.0  6.4  1.53  0.10  19.25   7.74  13.76  14.31  62   146     1  3.1
  7  4181 J6  1543  2667 J7  2556  2689 J6   460 10662 24869  8.6  7.7  2.10  0.08  20.61  11.23  15.72  16.28  73    82     7  2.7
  8  3245 J6  1268  2798 J7  3058  1927 J6   548  8309 21195  8.1  7.3  1.71  0.06  15.40   6.51  10.91  11.94  81   229     0  2.8
  9  2291 J5  1172  2551 J6  2981  1296 J5   294  5362 17315  7.4  6.7  0.99  0.04   9.70   0.09   4.74   6.35  72   403     0  2.7
 10  1136 J5   622  2680 J6  2710   511 J5   227  2667 13341  5.6  5.1  0.52  0.03  -2.97 -13.17  -7.85  -6.02  71   818     0  2.6
 11   305 J5   158   748 J7   957   224 J5    87   919  9326  6.6  6.1  0.65  0.03 -12.72 -22.02 -16.73 -15.17  80  1071     0  1.2
 12   120 J6    36   867 J7   688    76 J6    26   324  6759  4.5  3.8  0.38  0.03 -22.94 -31.27 -27.24 -26.42  75  1408     0  0.8
 13  2410 I5  1921  2799 I6  1627  1259 I5   984  5373 16688  6.3  5.5  0.92  0.06   0.91  -9.47  -4.07  -2.75  71  8271     9  2.3
 1997
  1   243 J5   127  1066 J7  1012   150 J5    68   650  8374  5.3  4.4  0.43  0.04 -19.84 -29.64 -24.74 -23.72  78  1335     0  1.2
  2   769 J5   264   996 J6  1096   574 J5   171  2021 12238  8.0  6.7  0.71  0.06  -5.25 -15.67 -10.18  -8.34  80   806     0  1.5
  3  2725 J5   952  5528 J6  2852   879 J5   285  4480 16277  2.8  2.3  0.33  0.08  -6.23 -22.73 -13.97 -11.15  57  1017     0  2.5
  4  4360 J5  1307  5568 J6  3457  1846 J5   555  7512 20263  4.9  3.5  0.65  0.10   8.07  -5.61   1.94   3.84  52   513     0  2.3
  5  5308 J5  1613  5625 J6  3824  2348 J5   557 10138 24014  6.4  4.9  1.01  0.10  15.63   3.05  10.10  11.21  55   279     0  2.6
  6  5917 J5  1333  5881 J6  3043  2637 J5   547 11406 26348  6.9  5.0  1.65  0.10  22.68   9.75  16.65  17.37  59    76    13  2.2
  7  5197 J5  1201  4655 J6  2791  2603 J5   565 10674 24893  7.6  6.3  2.06  0.08  23.73  10.93  17.73  18.64  65    48    17  1.5
  8  3058 J5  1225  2179 J6  2394  1997 J5   382  8328 21221  8.7  7.8  2.12  0.06  18.23  10.16  14.23  15.14  76   135     7  2.5
  9  2104 J5   593  1931 J6  2028  1434 J5   338  5383 17339  7.8  7.1  1.48  0.04  14.96   4.22   9.33  11.31  77   262     0  2.4
 10  1148 J5   480  2794 J6  2294   518 J5   235  2684 13369  5.4  4.9  0.48  0.03  -2.87 -12.56  -7.64  -5.71  74   807     0  2.7
 11   307 J5   185   597 J7   943   237 J5   107   928  9352  8.1  7.5  0.64  0.03  -6.48 -13.56  -9.66  -8.64  84   850     0  1.8
 12   102 J6    42   531 J7   667    75 J6    27   325  6767  6.8  5.8  0.39  0.03 -16.85 -27.02 -21.44 -21.21  80  1248     0  1.3
 13  2603 J5  2157  3113 J6  2180  1275 J5   984  5377 16705  6.6  5.5  1.00  0.06   3.81  -7.39  -1.47  -0.11  70  7378    37  2.0
 1998
  1   229 J5   102   845 J7   853   164 J5    88   644  8343  5.6  4.8  0.47  0.04 -20.44 -28.14 -24.23 -22.68  74  1321     0  1.3
  2   893 J5   390  1741 J6  1731   536 J5   168  2005 12201  5.8  4.9  0.50  0.06 -10.84 -23.28 -17.23 -14.91  76   991     0  1.3
  3  2069 J5   604  2769 J6  2376  1202 J5   382  4456 16242  6.6  5.0  0.62  0.08   0.57 -13.88  -6.65  -3.96  66   775     0  2.0
  4  3668 J5  1191  3040 J6  2433  2305 J5   461  7487 20228  8.2  6.3  0.73  0.10   7.74  -1.81   3.06   4.25  63   461     0  3.0
  5  4138 J5  1620  2905 J6  3046  2601 J5   492 10121 23986  8.8  7.2  1.09  0.10  12.79   2.82   8.10   8.89  62   326     0  3.4
  6  5130 J5  1436  3880 J6  2645  2891 J5   449 11403 26344  8.5  6.9  1.56  0.10  19.57   8.34  14.18  14.78  64   138     6  2.4
  7  4101 J7  1391  2604 J8  2535  2729 J7   479 10687 24918  9.0  7.5  2.11  0.08  19.29  10.47  14.87  15.44  80   107     0  1.9
  8  2711 J8   965  1524 J8  1994  2010 J8   337  8351 21252  9.2  8.4  1.68  0.06  13.69   6.81  10.33  11.02  82   250     0  2.5
  9  2223 J8   797  2102 J8  2155  1456 J8   356  5408 17371  8.1  7.3  1.26  0.04  11.89   3.82   7.71   8.91  83   314     0  2.2
 10  1024 J8   704  1839 J8  2504   555 J8   158  2703 13399  7.3  6.8  0.70  0.03   1.48  -5.39  -1.91  -0.81  82   629     0  1.8
 11   318 J8   180   594 J8   795   248 J8   105   938  9381  8.5  7.3  0.62  0.03 -11.14 -17.35 -14.07 -13.16  88   977     0  0.1
 12   109 J8    31   682 J8   668    76 J8    25   326  6776  6.7  5.5  0.40  0.03 -18.10 -26.23 -22.01 -21.88  80  1255     0  0.7
 13  2218 J7  1739  2044 J7  1033  1398 J7  1076  5377 16703  7.7  6.5  0.98  0.06   2.21  -6.98  -2.32  -1.17  75  7544     6  1.9
 1999
  1   260 J8   149  1275 J8  1140   143 J8    64   637  8315  4.5  3.9  0.35  0.04 -21.04 -31.25 -26.32 -25.63  86  1379     0  1.1
  2   834 J8   314  1777 J8  1560   511 J8   215  1988 12172  5.6  4.8  0.28  0.06 -20.03 -32.83 -26.56 -24.35  86  1253     0  0.7
  3  2068 J8   610  3183 J8  2607  1098 J8   400  4432 16206  5.4  4.4  0.40  0.08  -6.15 -21.29 -13.33 -10.72  68   994     0  1.7
  4  3306 J8  1237  2610 J8  2619  2133 J8   447  7462 20195  7.9  6.7  0.67  0.10   3.91  -6.52  -1.16   0.09  67   589     0  2.3
  5  4687 J8  1455  4091 J8  3390  2557 J8   502 10103 23957  7.4  6.1  0.88  0.10  12.42   1.74   7.64   8.62  57   349     0  2.4
  6  4845 J8  1413  3749 J8  2991  2801 J8   499 11400 26336  8.0  6.9  1.76  0.10  19.75   8.78  14.53  15.09  70   124     2  1.8
  7  4589 J8  1769  3808 J8  3488  2565 J8   530 10701 24940  8.2  6.9  2.03  0.08  19.07  10.25  14.92  15.44  76   117     3  2.0
  8  3147 J8  1086  2506 J8  2664  2004 J8   463  8374 21284  8.2  7.5  1.87  0.06  17.85   8.32  13.15  14.30  79   163     0  1.7
  9  2306 J8   963  2638 J8  2439  1328 J8   265  5432 17406  7.4  6.7  1.22  0.04  12.63   2.65   7.46   9.07  77   321     0  2.0
 10   814 J8   408  1111 J8  1590   567 J8   154  2722 13434  8.0  7.6  0.65  0.03  -2.41  -8.89  -5.41  -4.24  84   743     0  1.4
 11   394 J8   206  1298 J8  1059   243 J8   111   947  9411  6.0  5.1  0.44  0.03 -14.06 -22.14 -18.13 -16.52  79  1093     0  0.8
 12   107 J8    38   575 J8   578    79 J8    36   327  6780  6.4  5.5  0.35  0.03 -21.37 -30.24 -25.39 -24.71  85  1368     0  1.1
 13  2280 J8  1813  2385 J8  1177  1336 J8  1034  5377 16703  6.9  6.0  0.91  0.06   0.05 -10.12  -4.88  -3.63  76  8492     5  1.6
 2000
  1   220 J8   103   758 J8   773   161 J8    86   631  8290  6.8  5.8  0.40  0.04 -17.25 -26.31 -21.47 -20.67  90  1243     0  1.8
  2   759 J8   397   953 J8  1043   564 J8   180  2008 12205  7.7  7.0  0.61  0.06  -5.60 -17.11 -10.78  -8.95  85   861     0  0.6
  3  2160 J8   779  3036 J8  2412  1181 J8   359  4504 16305  6.2  4.9  0.60  0.08  -2.24 -16.46  -8.89  -6.73  70   858     0  1.4
  4  4418 J8  1202  5645 J8  3075  1891 J8   607  7535 20290  5.0  3.8  0.65  0.10   4.91  -7.00  -0.36   1.18  57   581     0  2.5
  5  5219 J8  1168  5390 J8  3267  2483 J8   698 10154 24039  6.7  4.9  0.91  0.10  11.24   0.66   6.26   7.28  57   384     0  2.4
  6  5191 J8  1016  4343 J8  2369  2891 J8   393 11407 26349  7.8  6.3  1.63  0.10  21.13   8.24  15.46  16.19  57   112     3  1.9
  7  4336 J8  1285  2961 J8  2362  2748 J8   357 10660 24865  8.6  7.3  1.86  0.08  18.34   9.67  14.05  14.59  78   136     2  1.7
  8  2934 J8   853  1656 J8  2008  2203 J8   403  8305 21190  8.8  8.3  1.57  0.06  14.32   7.00  10.68  11.49  84   238     0  2.1
  9  2215 J8   693  2508 J8  2491  1375 J8   452  5359 17311  7.4  6.8  1.02  0.04   9.52   1.14   5.19   6.68  83   390     0  2.0
 10  1023 J8   568  1974 J8  2271   556 J8   200  2665 13337  7.3  6.6  0.74  0.03  -0.81  -8.69  -4.83  -3.62  86   716     0  1.4
 11   326 J8   167   877 J8   918   231 J8   112   918  9321  7.5  6.6  0.71  0.03  -7.22 -14.25 -10.55  -9.73  87   872     0  1.0
 12   104 J8    37   529 J8   672    77 J8    20   324  6760  6.8  5.8  0.69  0.03 -10.90 -19.96 -15.81 -16.10  85  1047     0  0.5
 13  2409 J8  1974  2553 J8  1785  1363 J8  1053  5373 16689  7.2  6.2  0.95  0.06   2.95  -6.92  -1.75  -0.70  77  7437     5  1.6
 2001
  1   202 J8   108   314 J8   328   174 J8    81   651  8375  8.5  7.5  0.58  0.04  -8.23 -15.94 -11.68 -10.99  84   943     0  0.9
  2   762 J8   456  1344 J8  1824   477 J8   186  2023 12241  8.1  7.2  0.55  0.06  -6.06 -15.99 -10.50  -9.32  84   822     0  1.0
  3  2234 J8   885  3301 J8  2573  1124 J8   326  4483 16281  6.4  5.2  0.51  0.08  -5.13 -17.55 -11.01  -9.05  65   920     0  1.9
  4  3546 J8  1351  3215 J8  2900  2089 J8   429  7515 20267  8.0  6.5  0.68  0.10   4.06  -5.07  -0.15   0.80  72   565     0  2.2
  5  4696 J8  1541  4202 J8  3129  2513 J8   397 10141 24019  7.3  5.9  0.82  0.10   9.77  -0.97   5.04   5.87  57   432     0  2.7
  6  5491 J8  1271  5107 J8  2951  2817 J8   521 11406 26349  6.9  5.2  1.65  0.10  20.96   8.98  15.80  16.42  57   106     5  2.4
  7  4093 J8  1389  2645 J8  2376  2657 J8   356 10672 24889  9.1  7.7  1.96  0.08  17.76  10.38  14.10  14.55  81   132     0  1.8
  8  3336 J8  1056  2682 J8  2260  2073 J8   344  8325 21217  8.3  7.0  1.96  0.06  17.71   8.38  12.98  14.01  84   164     0  2.2
  9  2513 J8   651  2843 J8  2069  1506 J8   459  5380 17335  6.8  6.2  1.30  0.04  13.97   2.55   7.88   9.95  79   302     0  1.6
 10   904 J8   316  1234 J8  1250   629 J8   181  2682 13364  8.9  7.8  0.69  0.03  -2.11  -9.02  -5.12  -4.13  84   741     0  2.0
 11   411 J8   201  1603 J8  1251   231 J8   118   927  9347  4.8  3.9  0.53  0.03 -15.90 -24.13 -20.08 -18.49  81  1150     0  0.7
 12   116 J8    46   879 J8   889    71 J8    19   325  6767  6.0  5.1  0.37  0.03 -20.31 -29.50 -24.74 -24.05  84  1340     0  0.6
 13  2359 J8  1879  2447 J8  1419  1364 J8  1040  5377 16704  7.4  6.3  0.97  0.06   2.21  -7.32  -2.29  -1.20  76  7617     5  1.7
 2002
  1   222 J8   136   537 J8   876   167 J8    80   645  8347  8.2  7.7  0.65  0.04 -10.78 -19.34 -14.44 -13.55  84  1035     0  1.3
  2   743 J8   388  1111 J8  1229   520 J8   192  2007 12213  8.5  7.6  0.52  0.06  -9.11 -19.71 -13.77 -12.14  79   917     0  1.1
  3  2381 J8   780  4035 J8  2880  1080 J8   467  4459 16247  4.9  4.1  0.49  0.08  -2.00 -17.56  -8.98  -6.16  66   871     0  1.6
  4  3846 J8  1008  4191 J8  3037  2020 J8   688  7490 20234  6.3  4.9  0.75  0.10   2.47  -9.54  -2.72  -1.26  67   656     0  2.8
  5  5240 J8  1641  5658 J8  3703  2285 J8   582 10123 23991  6.3  5.1  1.10  0.10  15.43   3.72  10.14  11.13  60   272     0  2.3
  6  5279 J8  1086  4381 J8  2605  2928 J8   410 11403 26344  7.7  6.4  1.67  0.10  20.07   8.31  14.83  15.41  66   125     1  2.2
  7  4831 J8  1181  3985 J8  2541  2749 J8   497 10685 24914  8.0  6.3  2.08  0.08  20.57  10.79  15.78  16.46  78    86     3  2.1
  8  3650 J8  1480  3591 J8  3468  1912 J8   451  8348 21249  7.2  6.7  1.79  0.06  17.53   6.22  12.12  13.38  76   202     2  1.7
  9  2054 J8   770  1669 J8  2117  1456 J8   338  5404 17366  8.4  7.7  1.53  0.04  11.91   4.56   8.09   9.21  82   303     0  2.2
 10   879 J8   425   996 J8  1270   646 J8   194  2701 13396  8.4  7.4  1.15  0.03   3.44  -3.38   0.04   1.21  85   567     0  1.6
 11   365 J8   183  1037 J8  1065   245 J8   110   936  9379  8.1  6.7  0.92  0.03  -3.10 -10.20  -6.50  -6.19  83   749     0  1.3
 12    96 J8    35   430 J8   567    75 J8    26   326  6774  7.7  7.0  0.67  0.03 -11.78 -18.04 -14.92 -14.48  81  1030     0  0.4
 13  2465 J8  2028  2635 J8  1836  1340 J8  1027  5377 16705  7.5  6.5  1.11  0.06   4.55  -5.35  -0.03   1.08  76  6814     7  1.7
 2003
  1   230 J8   124   665 J8   637   171 J8    91   638  8318  6.2  5.5  0.63  0.04 -15.87 -25.41 -20.75 -19.56  76  1208     0  0.2
  2   643 J8   370  1031 J8  1741   439 J8   161  1990 12177  8.5  7.7  0.84  0.06  -4.95 -12.86  -8.75  -7.51  82   763     0  1.3
  3  2139 J8   761  3231 J8  2605  1122 J8   421  4435 16212  5.6  4.7  0.44  0.08  -5.60 -16.27 -10.66  -9.13  61   907     0  3.2
  4  4097 J8  1107  4562 J8  3009  2080 J8   642  7465 20200  6.8  4.9  0.78  0.10   5.64  -5.23   0.57   1.91  68   544     0  2.4
  5  4615 J8  1178  3799 J8  2425  2631 J8   398 10105 23960  8.0  6.5  1.00  0.10  12.26   1.92   7.54   8.39  75   348     0  2.7
  6  5117 J8  1449  4073 J8  3024  2916 J8   537 11400 26338  7.8  6.4  1.74  0.10  19.75   9.07  14.80  15.31  67   118     0  2.1
  7  4678 J8  1221  3669 J8  2559  2713 J8   394 10699 24938  8.3  6.7  2.17  0.08  20.17  10.83  15.70  16.19  68    94     7  2.8
  8  3324 J8  1348  2769 J8  2888  2037 J8   436  8371 21279  8.4  7.3  2.04  0.06  17.98   8.28  13.20  14.33  78   162     1  1.9
  9  2670 J8  1030  4030 J8  3352  1238 J8   505  5429 17399  5.9  5.1  1.12  0.04  10.80   0.04   5.47   7.25  68   387     0  2.3
 10   899 J8   393  1063 J8  1311   646 J8   178  2719 13430  8.7  7.7  1.12  0.03   3.82  -2.97   0.45   1.45  85   555     0  1.6
 11   312 J8   137   714 J8   992   237 J8   102   946  9408  7.8  7.3  0.76  0.03  -6.27 -13.79  -9.91  -9.23  83   851     0  1.7
 12   118 J8    42   711 J8   676    81 J8    25   327  6779  6.8  5.7  0.48  0.03 -18.73 -27.35 -23.18 -22.69  75  1283     0  0.6
 13  2404 J8  1930  2526 J8  1558  1359 J8  1070  5377 16703  7.4  6.3  1.09  0.06   3.25  -6.15  -1.29  -0.27  74  7220     8  1.9
 2004
  1   245 J8   131  1099 J8  1056   151 J8    61   632  8295  4.9  4.2  0.34  0.04 -20.69 -30.58 -25.70 -24.06  71  1363     0  0.7
  2   754 J8   326   847 J8   916   587 J8   219  2010 12208  8.3  7.5  0.66  0.06  -9.08 -19.32 -13.85 -12.47  75   943     0  1.0
  3  2348 J8  1016  3616 J8  2776  1103 J8   332  4507 16310  5.5  4.7  0.49  0.08  -6.60 -19.59 -12.69 -10.77  61   974     0  2.1
  4  3841 J8  1111  3738 J8  2849  2177 J8   519  7538 20294  7.9  5.8  0.88  0.10   7.54  -3.25   2.41   3.87  63   486     0  2.3
  5  4685 J8  1290  3790 J8  2831  2726 J8   493 10156 24041  8.6  6.1  1.54  0.10  15.77   6.44  11.21  11.89  67   224     0  2.2
  6  5141 J8  1400  4168 J8  2916  2836 J8   471 11407 26349  8.4  6.4  2.18  0.10  21.69  11.64  16.85  17.34  68    65    15  1.9
  7  4452 J8  1361  3287 J8  2677  2706 J8   404 10658 24862  8.2  7.1  2.29  0.08  22.49  11.92  17.42  18.16  71    44     9  1.9
  8  3201 J8   884  2463 J8  2170  2094 J8   439  8302 21186  8.2  7.5  2.32  0.06  21.35  10.34  15.78  17.08  75    90    13  1.5
  9  2394 J8  1012  2676 J8  2662  1407 J8   398  5356 17306  7.6  6.6  1.07  0.04   9.04  -0.48   4.07   5.61  75   422     0  1.9
 10   886 J8   477  1030 J8  1377   637 J8   196  2662 13334  8.7  8.0  0.99  0.03   3.50  -2.49   0.48   1.35  85   553     0  1.9
 11   275 J8   153   316 J8   449   236 J8   111   917  9318  9.0  8.3  0.73  0.03  -6.09 -12.76  -9.12  -8.37  85   833     0  1.4
 12    99 J8    39   284 J8   365    85 J8    34   324  6760  8.2  7.0  0.58  0.03 -13.58 -22.83 -17.58 -16.88  80  1133     0  0.7
 13  2360 J8  1885  2276 J8  1471  1395 J8  1070  5372 16689  7.8  6.6  1.17  0.06   3.78  -5.91  -0.89   0.23  73  7129    37  1.6
 2005
  1   273 J8   164  1124 J8  1237   160 J8    58   652  8379  5.5  4.9  0.55  0.04 -16.83 -26.98 -21.92 -21.19  82  1247     0  0.6
  2   908 J8   438  1828 J8  1523   540 J8   198  2025 12245  6.5  5.4  0.56  0.06 -11.48 -24.34 -18.21 -16.19  80  1015     0  0.9
  3  2219 J8   619  2964 J8  1786  1270 J8   374  4486 16285  7.1  5.1  0.61  0.08  -2.71 -14.94  -8.39  -6.40  71   842     0  1.9
  4  4499 J8   985  5574 J8  2650  2026 J8   567  7518 20271  5.4  3.4  0.64  0.10   4.12 -10.63  -2.52  -0.45  60   648     0  2.2
  5  5122 J8  1012  4894 J8  2553  2574 J8   553 10143 24025  7.7  5.3  1.32  0.10  18.05   5.14  12.03  13.19  58   209     0  2.2
  6  5412 J8  1283  4821 J8  2929  2842 J8   505 11406 26347  7.4  5.7  1.81  0.10  21.24   9.15  15.76  16.40  62    99     5  1.9
  7  5009 J8  1078  4392 J8  2664  2727 J8   507 10670 24887  7.7  6.0  2.01  0.08  22.59  10.95  16.91  17.71  65    52     4  2.2
  8  3300 J8  1334  2561 J8  2701  2107 J8   523  8322 21211  8.3  7.4  1.90  0.06  19.30   8.42  14.01  15.26  73   141     2  1.8
  9  1915 J8   717  1195 J8  1527  1481 J8   281  5377 17330  9.3  8.5  1.63  0.04  11.54   5.78   8.56   9.35  80   290     0  2.4
 10   902 J8   391  1148 J8  1317   647 J8   224  2679 13357  8.3  7.8  0.86  0.03   1.35  -4.16  -1.56  -0.66  79   612     0  1.8
 11   381 J8   207  1392 J8  1370   219 J8   102   926  9343  6.2  5.2  0.39  0.03 -17.04 -25.25 -20.98 -19.76  74  1184     0  1.5
 12   100 J8    37   392 J8   433    81 J8    24   325  6768  8.3  6.8  0.77  0.03 -10.90 -18.61 -14.73 -14.59  81  1026     0  0.4
 13  2503 J8  2067  2690 J8  1796  1389 J8  1049  5377 16704  7.3  6.0  1.09  0.06   3.27  -7.12  -1.75  -0.61  72  7364    11  1.6
 2006
  1   244 J8   121   905 J8   879   164 J8    69   645  8350  5.5  4.5  0.37  0.04 -26.63 -33.70 -30.30 -28.85  77  1503     0  0.1
  2   854 J8   415  1497 J8  1348   548 J8   157  2009 12217  7.3  6.0  0.56  0.06  -6.30 -16.70 -10.91  -9.75  74   835     0  2.1
  3  2296 J8   924  3414 J8  2479  1157 J8   372  4462 16250  6.2  4.8  0.47  0.08  -7.25 -20.80 -13.59 -11.46  60  1003     0  1.8
  4  4283 J8  1055  4812 J8  2834  2112 J8   548  7493 20238  7.2  5.0  0.61  0.10   2.14  -8.79  -2.68  -1.34  58   650     0  2.5
  5  5069 J8  1257  4817 J8  3095  2610 J8   638 10125 23995  7.0  5.5  1.11  0.10  14.79   2.71   9.58  10.72  52   297     0  2.5
  6  5125 J8  1475  4217 J8  3016  2822 J8   528 11404 26344  7.8  6.3  1.72  0.10  18.62   7.79  13.45  13.99  61   154     0  2.2
  7  4631 J8  1181  3488 J8  2340  2798 J8   341 10683 24908  8.2  6.8  2.14  0.08  20.34  10.78  15.67  16.31  70    88     2  1.9
  8  3023 J8   892  1956 J8  1530  2111 J8   412  8345 21242  8.9  8.0  1.86  0.06  15.40   7.94  11.51  12.40  80   206     0  1.3
  9  2444 J8   874  2431 J8  2203  1531 J8   349  5401 17362  7.7  6.7  1.56  0.04  14.59   3.79   8.94  10.87  75   274     0  1.2
 10   818 J8   332   804 J8   997   631 J8   192  2698 13391  9.0  8.2  1.08  0.03   4.47  -1.20   1.63   2.37  82   518     0  2.0
 11   406 J8   218  1742 J8  1525   202 J8    95   935  9378  4.8  4.4  0.39  0.03 -12.87 -21.39 -16.97 -15.70  73  1064     0  1.4
 12   102 J8    43   441 J8   584    78 J8    21   326  6774  7.7  6.7  0.50  0.03 -15.88 -25.16 -20.46 -20.35  80  1204     0  0.3
 13  2441 J8  1960  2544 J8  1566  1397 J8  1068  5377 16704  7.3  6.1  1.03  0.06   1.78  -7.89  -2.84  -1.73  70  7796     2  1.6
 2007
  1   212 J8   106   437 J8   481   178 J8    95   639  8323  7.8  6.9  0.55  0.04 -15.90 -25.74 -20.35 -19.63  81  1214     0  0.5
  2   952 J8   466  2347 J8  2039   480 J8   182  1992 12180  5.1  4.2  0.48  0.06 -11.32 -25.73 -18.86 -16.35  69  1032     0  0.6
  3  2609 J8   666  5091 J8  2160   984 J8   385  4438 16216  2.8  2.3  0.25  0.08 -11.90 -27.54 -19.26 -16.47  52  1179     0  2.4
  4  3928 J8  1204  3857 J8  2556  2192 J8   362  7468 20205  7.7  5.4  0.84  0.10  10.18  -2.59   4.16   5.82  56   436     0  1.8
  5  4823 J8  1112  3848 J8  2263  2785 J8   377 10107 23963  8.3  6.1  1.23  0.10  15.46   3.92  10.05  11.02  58   268     0  2.0
  6  4807 J8  1051  3240 J8  1989  3076 J8   326 11400 26340  8.6  7.0  1.72  0.10  18.96   8.66  14.29  14.81  62   136     1  1.9
  7  4332 J8  1256  2960 J8  2332  2791 J8   322 10697 24936  8.8  7.3  2.29  0.08  20.62  11.55  15.93  16.55  75    75     5  1.3
  8  3389 J8  1010  3032 J8  2691  2018 J8   428  8367 21277  7.9  6.8  2.18  0.06  19.93   9.55  14.43  15.74  77   115     4  1.3
  9  2166 J8   952  1664 J8  1843  1505 J8   395  5425 17396  9.1  7.9  1.54  0.04  12.47   5.52   8.73   9.85  80   280     0  1.5
 10   734 J8   428   589 J8  1181   588 J8   190  2717 13427  9.4  9.0  0.79  0.03  -1.26  -6.17  -3.61  -2.92  80   683     0  1.3
 11   308 J8   131   489 J8   500   257 J8   107   945  9406  8.8  7.7  0.76  0.03  -6.11 -12.93  -9.14  -8.59  80   835     0  0.7
 12   114 J8    48   494 J8   602    90 J8    36   327  6779  7.7  6.8  0.48  0.03 -13.48 -22.80 -17.88 -17.46  76  1131     0  0.9
 13  2364 J8  1860  2337 J8  1590  1412 J8  1123  5377 16704  7.6  6.5  1.09  0.06   3.14  -7.02  -1.79  -0.64  70  7384    10  1.3
 2008
  1   223 J8   107   529 J8   603   176 J8    80   633  8299  8.2  6.9  0.46  0.04 -15.68 -24.80 -19.94 -19.65  74  1196     0  1.2
  2   982 J8   477  2729 J8  2072   450 J8   206  2012 12211  5.3  4.5  0.41  0.06 -13.77 -26.71 -20.17 -17.91  68  1118     0  1.7
  3  1890 J8   751  2108 J8  2222  1217 J8   320  4510 16316  8.1  6.7  0.63  0.08  -4.25 -15.60  -9.44  -7.51  66   876     0  1.4
  4  3447 J8  1470  3457 J8  3659  1936 J8   540  7542 20298  7.5  6.2  0.67  0.10   1.71  -9.13  -3.24  -1.91  60   661     0  2.1
  5  4670 J8  1174  3592 J8  2322  2795 J8   378 10159 24044  8.1  6.3  1.06  0.10  13.49   2.40   8.38   9.42  55   322     0  2.3
  6  4849 J8  1502  3589 J8  2582  2896 J8   407 11407 26350  8.4  6.7  1.72  0.10  17.86   8.16  13.37  13.85  64   160     0  1.8
  7  4329 J8  1373  3313 J8  2719  2641 J8   432 10656 24860  8.5  7.0  2.02  0.08  18.23   9.58  14.11  14.71  68   142     5  2.3
  8  3831 J8   920  3672 J8  2271  2115 J8   457  8299 21184  8.0  6.5  1.71  0.06  18.01   6.30  12.15  13.59  72   191     0  1.3
  9  2187 J8   751  1920 J8  1735  1490 J8   336  5352 17301  8.4  7.5  1.42  0.04  12.40   3.60   7.71   9.16  76   310     0  1.1
 10  1070 J8   383  2285 J8  2071   567 J8   240  2660 13329  6.9  6.1  0.58  0.03  -4.73 -14.10  -9.38  -7.65  74   860     0  1.0
 11   359 J8   167   835 J8   795   266 J8   118   916  9314  7.8  6.9  0.48  0.03 -12.14 -21.52 -16.32 -15.29  76  1055     0  0.9
 12   103 J8    34   523 J8   620    77 J8    23   324  6759  7.0  6.3  0.59  0.03 -13.86 -23.72 -18.51 -17.70  75  1151     0  0.9
 13  2328 J8  1815  2379 J8  1218  1386 J8  1074  5372 16689  7.7  6.5  0.98  0.06   1.44  -8.79  -3.44  -2.24  69  8042     5  1.5
 2009
  1   240 J8   116   937 J8   869   171 J8    96   653  8385  5.9  4.9  0.48  0.04 -19.55 -28.41 -23.99 -22.70  81  1312     0  1.1
  2   800 J8   353  1189 J8  1111   563 J8   202  2027 12249  8.3  7.0  0.59  0.06 -10.79 -20.89 -15.18 -14.18  72   957     0  1.5
  3  2368 J8   805  3511 J8  2286  1226 J8   448  4489 16289  6.6  4.7  0.51  0.08  -8.32 -20.85 -13.66 -11.73  62  1020     0  2.3
  4  3659 J8  1273  3501 J8  3168  2081 J8   526  7521 20275  7.2  6.0  0.74  0.10   4.58  -6.57  -0.72   0.76  60   580     0  2.2
  5  5372 J8  1196  5558 J8  3078  2521 J8   653 10145 24029  6.4  4.9  1.00  0.10  14.84   2.30   9.10  10.31  53   302     0  2.4
  6  4859 J8  1194  3447 J8  2193  3026 J8   446 11407 26347  8.5  6.9  1.66  0.10  18.65   8.57  13.80  14.31  64   142     0  2.2
  7  4725 J8  1348  3745 J8  2695  2742 J8   464 10668 24881  7.9  6.7  2.14  0.08  23.16  11.09  17.55  18.28  64    57    19  1.7
  8  3780 J8  1148  3843 J8  2650  1983 J8   437  8319 21208  7.5  6.1  1.76  0.06  17.25   6.02  11.92  13.30  72   208     0  1.6
  9  2183 J8   923  1978 J8  2146  1443 J8   391  5374 17326  8.5  7.5  1.40  0.04  13.06   3.39   7.86   9.40  76   303     0  1.5
 10  1001 J8   329  1713 J8  1566   632 J8   232  2677 13353  7.3  6.5  1.16  0.03   4.48  -2.32   0.76   2.08  77   535     0  1.7
 11   403 J8   218  1621 J8  1457   212 J8   109   925  9340  5.9  4.7  0.46  0.03 -13.49 -22.08 -17.71 -16.34  75  1084     0  1.2
 12   117 J8    35   530 J8   480    90 J8    27   325  6767  6.9  6.0  0.71  0.03 -13.24 -23.65 -18.37 -17.58  75  1140     0  0.6
 13  2459 J8  1958  2631 J8  1511  1391 J8  1064  5377 16704  7.3  6.0  1.05  0.06   2.55  -7.78  -2.39  -1.17  69  7638    19  1.7
 2010
  1   257 J8   116  1107 J8   802   168 J8    94   646  8352  4.9  4.1  0.49  0.04 -18.87 -27.61 -23.36 -22.21  71  1289     0  1.3
  2   897 J8   339  1720 J8  1160   577 J8   223  2011 12220  6.3  5.0  0.56  0.06  -8.97 -20.41 -14.79 -12.57  71   925     0  1.0
  3  2425 J8   759  3886 J8  2306  1151 J8   366  4465 16255  5.6  4.2  0.46  0.08  -6.05 -22.32 -13.93 -11.10  58  1008     0  1.6
  4  3934 J8  1139  3773 J8  2488  2233 J8   572  7496 20241  8.1  5.7  0.74  0.10   6.01  -5.15   0.79   2.20  60   537     0  2.3
  5  5216 J8  1004  4840 J8  2461  2685 J8   451 10127 23999  7.7  5.3  1.14  0.10  16.97   3.48  10.82  11.95  53   251     0  2.2
  6  4537 J8  1155  2707 J8  2078  3049 J8   372 11404 26344  8.8  7.4  1.79  0.10  18.85   8.76  13.65  14.16  69   136     0  1.8
  7  4267 J8  1202  2590 J8  1963  2912 J8   414 10681 24903  8.9  7.7  2.16  0.08  18.24  10.49  14.38  14.86  74   125     2  1.8
  8  2953 J8   942  1947 J8  2279  2074 J8   401  8341 21237  8.7  8.0  2.07  0.06  17.25   9.28  13.03  13.97  80   157     0  1.5
  9  2867 J8   712  4916 J8  3038  1191 J8   556  5398 17359  4.8  4.2  1.37  0.04  14.40   2.13   7.87  10.21  69   302     0  1.8
 10   980 J8   486  1412 J8  1518   643 J8   223  2696 13388  8.3  7.3  0.83  0.03   1.55  -5.66  -2.05  -0.78  77   632     0  1.2
 11   323 J8   147   733 J8   760   249 J8   124   934  9372  7.7  7.2  0.71  0.03  -7.65 -14.27 -10.57  -9.78  82   879     0  1.0
 12   120 J8    41   889 J8   769    74 J8    27   326  6773  5.4  4.8  0.39  0.03 -21.72 -29.85 -25.31 -24.32  73  1367     0  0.8
 13  2398 J8  1840  2543 J8  1497  1417 J8  1118  5377 16704  7.1  5.9  1.06  0.06   2.50  -7.59  -2.46  -1.12  70  7607     2  1.5
