702005 SAINT MARY`S (AWOS)    AK  -9  N62  4  W163 18    95  1002
 1991-2010
 MO AVGLO FL SDGLO AVDIR FL SDDIR AVDIF FL SDDIF AVETR AETRN  TOT  OPQ   H2O   TAU  MAX_T  MIN_T  AVG_T  AVGDT  RH  HTDD  CLDD AVWS
  1   280 J8    41  1159 J8   525   165 J8    16   756  8747  4.9  4.4  0.52  0.07 -11.35 -16.89 -14.00 -13.77  74  1006     0  5.8
  2   936 J8    97  2130 J8   685   496 J8    57  2154 12395  5.4  4.6  0.58  0.09  -8.14 -14.16 -11.02 -10.52  77   832     0  6.5
  3  2379 J8   274  3955 J8  1207  1033 J8   140  4616 16277  4.7  4.1  0.53  0.11  -6.36 -12.90  -9.59  -8.93  72   867     0  5.9
  4  3837 J8   461  4688 J8  1304  1690 J8   163  7607 20095  5.4  4.7  0.70  0.13  -0.50  -7.33  -3.81  -3.05  75   667     0  5.4
  5  4794 J8   541  4997 J8  1231  2131 J8   185 10174 23632  6.1  5.3  1.07  0.13   9.02   0.64   4.88   5.66  72   419     0  4.6
  6  5243 J8   653  4999 J8  1414  2472 J8   213 11404 25747  6.4  5.5  1.60  0.13  14.96   5.83  10.55  11.23  71   238     0  4.1
  7  4456 J8   365  3948 J8   810  2333 J8   142 10701 24443  7.2  6.5  2.01  0.11  15.66   8.27  11.92  12.47  78   198     1  4.0
  8  3064 J8   559  2878 J8  1306  1728 J8   121  8420 21019  7.4  7.0  1.92  0.08  13.71   7.56  10.57  11.28  83   239     0  4.3
  9  2167 J8   249  2726 J8   834  1164 J8    90  5525 17311  7.2  6.5  1.39  0.06   9.31   3.20   6.17   7.17  82   362     0  4.4
 10  1113 J8   176  2296 J8   962   564 J8    63  2838 13502  6.5  5.8  0.86  0.05   0.72  -4.59  -1.90  -1.01  81   628     0  4.5
 11   421 J8    63  1405 J8   663   246 J8    26  1056  9695  6.2  5.5  0.67  0.04  -5.94 -11.27  -8.53  -8.13  78   808     0  5.3
 12   144 J8    18   907 J8   396    88 J8     9   422  7305  5.3  4.9  0.56  0.05 -10.05 -15.77 -12.80 -12.69  78   969     0  5.6
 13  2403 J8   167  3007 J8   568  1176 J8    67  5473 16681  6.1  5.4  1.03  0.09   1.75  -4.79  -1.46  -0.86  77  7233     1  5.0
 1991
  1   258 J8   144  1006 J8  1003   160 J8    73   750  8725  5.4  4.9  0.65  0.06 -11.59 -16.53 -14.02 -13.71  78  1004     0  7.2
  2   932 J8   433  2327 J8  1888   467 J8   185  2131 12351  5.2  4.1  0.57  0.08 -12.57 -17.51 -15.09 -14.42  88   934     0  6.7
  3  1865 J8  1014  2387 J8  2449  1043 J8   352  4573 16217  7.1  6.4  0.64  0.10  -5.70 -12.84  -9.43  -8.76  83   856     0  7.1
  4  3851 J8  1389  4655 J8  3230  1698 J8   542  7563 20038  5.7  5.0  0.69  0.12   1.86  -5.44  -1.93  -1.23  85   604     0  4.8
  5  4621 J8  1694  4638 J8  3636  2192 J8   503 10143 23585  6.4  5.7  0.98  0.12  10.78   0.92   5.96   6.71  76   387     0  4.6
  6  5217 J8  1760  4945 J8  3677  2481 J8   598 11399 25735  7.2  5.7  1.68  0.12  16.67   6.97  11.93  12.60  76   195     0  4.8
  7  4724 J8  1886  4250 J8  3706  2364 J8   569 10725 24482  7.3  6.4  1.89  0.10  18.18   8.55  13.32  14.03  77   155     1  4.4
  8  3756 J8  1029  3644 J8  2700  2000 J8   564  8461 21075  7.1  6.4  1.91  0.11  16.57   8.55  12.26  13.14  79   179     0  3.9
  9  2447 J8   829  3121 J8  1986  1250 J8   255  5569 17368  6.2  5.4  1.51  0.12  11.65   5.52   8.36   9.33  83   292     0  4.9
 10   961 J8   455  1262 J8  1101   637 J8   252  2872 13563  7.4  6.6  1.02  0.13   2.82  -1.45   0.76   1.25  84   547     0  6.1
 11   389 J8   211   603 J8   843   295 J8   107  1073  9748  6.7  5.4  0.73  0.15  -6.74 -12.59  -9.39  -8.74  72   840     0  6.2
 12   119 J8    41   199 J8   289   103 J8    24   423  7315  6.6  6.2  0.52  0.17 -10.32 -18.08 -14.60 -14.96  64  1009     0  5.7
 13  2428 J8  1920  2753 J8  1703  1224 J8   897  5474 16684  6.5  5.7  1.07  0.11   2.63  -4.50  -0.99  -0.40  79  7001     1  5.5
 1992
  1   227 J8   112   236 J8   306   198 J8    83   744  8699  6.0  4.9  0.56  0.21  -9.09 -14.99 -11.75 -11.28  71   942     0  7.2
  2   793 J8   330   739 J8   846   624 J8   229  2151 12389  7.0  6.1  0.54  0.25  -7.79 -14.90 -11.14 -10.44  74   861     0  4.3
  3  2257 J8   828  2386 J8  1992  1351 J8   281  4644 16311  4.5  3.6  0.44  0.29  -5.85 -11.98  -8.70  -7.97  70   845     0  4.4
  4  4137 J8  1106  4639 J8  2275  1899 J8   498  7635 20128  2.8  2.5  0.68  0.31  -3.96 -11.63  -7.79  -6.95  71   784     0  4.6
  5  5005 J8  1339  4413 J8  2730  2526 J8   573 10193 23659  5.3  4.5  0.98  0.30  10.42   1.12   5.77   6.74  71   389     0  4.5
  6  5897 J8  1293  5101 J8  2378  2896 J8   524 11406 25752  4.6  3.9  1.38  0.27  17.13   6.93  12.24  13.01  70   189     0  3.6
  7  5060 J8  1527  4374 J8  2577  2573 J8   452 10686 24418  6.1  5.3  1.91  0.23  17.36   8.71  12.96  13.68  76   164     0  3.6
  8  3009 J8  1516  2329 J8  2422  1817 J8   503  8394 20988  7.5  6.7  1.79  0.19  15.29   9.05  11.97  12.67  85   191     0  4.1
  9  2156 J8   811  2486 J8  1936  1216 J8   372  5497 17277  6.4  5.6  1.05  0.16   4.59  -0.82   2.01   2.83  82   493     0  4.9
 10  1193 J8   411  2442 J8  1392   592 J8   182  2815 13464  3.5  2.9  0.86  0.13  -1.58  -7.19  -4.56  -3.53  78   704     0  5.1
 11   403 J8   226   868 J8   988   272 J8    88  1044  9658  6.2  5.5  0.62  0.11  -6.86 -12.36  -9.72  -9.65  82   838     0  4.8
 12   124 J8    37   218 J8   242   108 J8    31   420  7297  6.7  5.5  0.56  0.11 -10.60 -17.24 -13.76 -13.57  80  1000     0  4.6
 13  2522 J8  2074  2519 J8  1775  1339 J8   997  5469 16670  5.5  4.7  0.95  0.21   1.59  -5.44  -1.87  -1.21  76  7399     0  4.6
 1993
  1   237 J8   121   361 J8   454   197 J8    90   765  8779  7.7  6.4  0.45  0.12 -14.29 -19.62 -16.78 -16.77  83  1094     0  6.0
  2   841 J8   339  1038 J8   817   611 J8   224  2166 12422  7.7  6.1  0.63  0.13  -6.06 -12.07  -8.73  -8.31  74   767     0  8.7
  3  2076 J8   936  2224 J8  1964  1275 J8   451  4623 16288  7.0  5.7  0.60  0.15  -4.57 -10.00  -7.26  -6.75  76   794     0  6.8
  4  3600 J8  1240  3629 J8  2420  1879 J8   347  7615 20105  6.6  5.6  0.70  0.16   1.62  -3.38  -0.84  -0.28  78   576     0  5.1
  5  4139 J8  1598  3224 J8  2594  2349 J8   528 10180 23640  7.5  6.6  1.22  0.16   8.79   1.00   5.00   5.68  73   416     0  5.2
  6  5004 J8  1564  3945 J8  2926  2702 J8   492 11406 25752  7.5  6.2  1.46  0.15  14.27   6.17  10.16  10.77  70   243     0  4.2
  7  4240 J8  1737  3476 J8  3268  2326 J8   512 10698 24434  7.7  6.9  2.08  0.13  16.77   9.91  13.27  13.85  75   164     9  4.4
  8  2956 J8  1228  2458 J8  2719  1781 J8   497  8414 21007  8.2  7.3  1.96  0.10  13.12   7.51  10.24  10.91  83   248     0  5.5
  9  1636 J8   643  1104 J8  1395  1216 J8   322  5518 17300  9.2  8.6  1.30  0.08   7.82   2.54   5.12   5.71  82   394     0  5.5
 10   806 J8   412   842 J8  1096   589 J8   176  2832 13489  8.6  7.8  0.92  0.06   1.74  -1.95  -0.04   0.49  82   572     0  5.2
 11   276 J8   128   307 J8   449   240 J8    91  1053  9684  8.9  8.2  0.72  0.05  -4.24  -8.96  -6.50  -6.23  82   748     0  7.2
 12   107 J8    32   263 J8   289    90 J8    20   421  7304  8.0  7.5  0.62  0.05  -7.63 -12.10  -9.80  -9.93  81   874     0  6.5
 13  2160 J8  1767  1906 J8  1411  1271 J8   928  5474 16684  7.9  6.9  1.06  0.11   2.28  -3.41  -0.51  -0.07  78  6892     9  5.9
 1994
  1   221 J8   118   348 J8   419   183 J8    82   758  8755  8.6  7.7  0.57  0.07 -12.37 -18.08 -15.07 -14.80  74  1040     0  5.0
  2   809 J8   457  1132 J8  1182   544 J8   224  2150 12385  7.9  6.6  0.57  0.09 -10.39 -15.60 -12.89 -12.21  70   877     0  6.6
  3  2150 J8   740  2884 J8  2031  1173 J8   368  4600 16256  6.6  5.4  0.46  0.11 -11.81 -18.70 -15.41 -14.67  71  1041     0  6.3
  4  3177 J8  1137  2903 J8  2190  1809 J8   351  7590 20074  7.1  6.4  0.65  0.13  -2.72  -9.22  -5.84  -5.13  74   729     0  6.2
  5  5038 J8   937  5095 J8  1998  2248 J8   436 10162 23616  6.7  5.3  1.02  0.13  10.08   1.27   5.64   6.49  67   392     0  4.0
  6  5070 J8  1762  4381 J8  3132  2581 J8   643 11403 25746  7.6  6.5  1.52  0.13  13.97   5.29   9.73  10.39  68   261     0  4.0
  7  4005 J8  1707  2924 J8  2852  2382 J8   466 10711 24460  8.4  7.3  1.96  0.11  14.69   8.19  11.45  11.90  75   214     0  4.3
  8  2400 J8  1178  1215 J8  1960  1790 J8   474  8436 21040  9.4  8.7  2.04  0.08  11.83   7.38   9.57   9.97  82   271     0  6.2
  9  2070 J8   870  2074 J8  1951  1261 J8   346  5541 17331  8.1  7.5  1.33  0.06   8.97   2.23   5.63   6.83  75   382     0  4.0
 10   883 J8   296   891 J8   955   671 J8   191  2851 13525  8.9  8.0  0.70  0.04  -1.05  -6.59  -3.73  -2.73  73   687     0  4.2
 11   338 J8   126   552 J8   788   274 J8    97  1062  9714  8.3  7.6  0.57  0.04  -6.75 -13.76 -10.48 -10.34  82   858     0  6.8
 12   121 J8    48   437 J8   537    96 J8    33   422  7309  7.7  7.5  0.49  0.04 -12.06 -18.42 -15.09 -15.07  82  1041     0  7.7
 13  2190 J8  1807  2070 J8  1582  1251 J8   900  5474 16684  7.9  7.0  0.99  0.08   0.20  -6.33  -3.04  -2.45  74  7792     0  5.5
 1995
  1   220 J8   124   412 J8   482   180 J8    93   751  8727  7.7  6.7  0.56  0.06 -10.84 -16.26 -13.42 -13.31  84   988     0  5.7
  2   885 J8   403  1632 J8  1559   536 J8   183  2133 12357  6.7  5.8  0.61  0.08  -8.65 -14.58 -11.56 -11.05  78   838     0  7.2
  3  2434 J8   880  3900 J8  2646  1072 J8   405  4576 16221  5.2  4.4  0.56  0.10 -10.54 -16.60 -13.56 -13.07  70   989     0  5.2
  4  3230 J8  1079  3091 J8  2641  1795 J8   406  7566 20043  7.9  6.7  0.72  0.12  -0.03  -4.59  -2.15  -1.72  85   619     0  6.2
  5  4630 J8  1310  4368 J8  2513  2249 J8   424 10145 23589  7.2  6.2  1.17  0.12  10.64   1.75   6.03   6.88  77   376     0  4.7
  6  5239 J8  1648  4612 J8  2938  2559 J8   553 11400 25736  7.6  6.2  1.48  0.12  13.24   3.71   8.68   9.40  76   296     0  4.2
  7  4131 J8  1558  3340 J8  3039  2259 J8   517 10723 24479  8.3  7.5  2.01  0.10  15.05   8.24  11.46  12.00  81   207     0  3.7
  8  2497 J8  1095  1492 J8  1963  1775 J8   427  8458 21072  8.9  8.6  1.97  0.07  12.72   7.69  10.15  10.76  88   252     0  3.7
  9  2482 J8   968  3376 J8  2452  1132 J8   300  5565 17363  7.4  6.3  1.57  0.05  11.94   5.26   8.39   9.48  84   292     0  4.7
 10  1061 J8   480  1601 J8  1528   664 J8   278  2870 13556  7.6  6.3  0.77  0.04   0.74  -4.69  -2.02  -0.96  76   629     0  4.6
 11   388 J8   205   802 J8   917   282 J8   121  1072  9743  7.8  6.7  0.62  0.03  -8.13 -13.93 -10.84  -9.92  51   881     0  3.8
 12   139 J8    48   649 J8   667    99 J8    27   423  7315  6.5  5.8  0.65  0.04  -9.60 -13.75 -11.53 -11.29  77   930     0  7.5
 13  2278 J8  1773  2440 J8  1506  1217 J8   884  5474 16683  7.4  6.4  1.06  0.08   1.38  -4.81  -1.70  -1.07  77  7298     0  5.1
 1996
  1   215 J8    98   556 J8   649   166 J8    62   744  8703  7.6  7.0  0.51  0.06 -12.08 -16.69 -14.20 -13.81  77  1014     0  5.3
  2   880 J8   306  1819 J8  1264   527 J8   229  2153 12390  5.9  5.1  0.45  0.08 -12.02 -18.17 -14.80 -14.29  70   969     0  6.9
  3  2048 J8   927  2475 J8  2207  1205 J8   395  4647 16317  7.3  5.8  0.72  0.10  -6.36 -15.25 -10.83  -9.99  58   903     0  6.5
  4  4043 J8  1041  4999 J8  2749  1788 J8   493  7638 20131  5.9  4.6  0.67  0.12  -1.77  -8.41  -4.90  -4.02  70   703     0  6.2
  5  4656 J8  1605  4282 J8  3025  2414 J8   598 10195 23665  6.5  5.5  1.11  0.12   9.97   1.10   5.70   6.67  72   397     0  5.4
  6  4383 J8  1709  3315 J8  3161  2536 J8   455 11406 25752  7.8  7.2  1.40  0.12  11.76   3.78   7.89   8.45  77   317     0  4.7
  7  4225 J8  1691  3302 J8  3524  2586 J8   625 10684 24415  7.6  6.8  1.96  0.10  14.50   8.09  11.30  11.75  82   218     0  4.7
  8  3584 J8  1414  4084 J8  3553  1698 J8   465  8391 20984  6.2  5.8  1.75  0.07  13.70   5.92   9.80  10.71  80   264     0  4.5
  9  2420 J8  1109  3886 J8  3171  1028 J8   321  5493 17274  5.9  5.1  1.11  0.05   7.09   0.70   3.86   4.84  80   433     0  4.9
 10  1412 J8   558  4033 J8  2150   449 J8   227  2813 13459  4.3  4.0  0.71  0.04  -1.86  -8.03  -4.86  -3.67  79   721     0  4.4
 11   405 J8   185  1385 J8  1244   252 J8   143  1043  9656  5.9  5.2  0.75  0.03  -4.03 -10.99  -7.64  -7.24  79   775     0  4.7
 12   167 J8    43  1361 J9   727    82 J8    26   420  7297  3.4  3.1  0.52  0.04  -8.10 -14.52 -11.22 -11.09  76   919     0  5.9
 13  2370 J8  1748  2958 J8  1407  1228 J8   955  5469 16670  6.2  5.4  0.97  0.08   0.90  -6.04  -2.49  -1.81  75  7633     0  5.4
 1997
  1   323 J8   146  1488 J8  1015   175 J8    78   766  8782  3.8  3.4  0.50  0.06  -8.00 -14.47 -11.09 -10.72  80   917     0  5.9
  2  1072 J8   381  2709 J8  1732   522 J8   267  2168 12425  4.7  3.7  0.66  0.08  -4.06 -10.70  -7.34  -6.85  83   720     0  6.9
  3  2452 J8   996  4282 J8  2931   997 J8   339  4626 16293  3.8  3.5  0.44  0.10  -7.61 -14.63 -11.09 -10.43  66   913     0  5.9
  4  4099 J8  1087  5071 J8  2528  1768 J8   479  7618 20110  4.6  4.3  0.76  0.12   2.07  -4.63  -1.22  -0.40  74   588     0  5.0
  5  4939 J8  1901  5450 J8  4149  2110 J8   643 10182 23644  5.7  4.8  1.08  0.12   9.83   1.93   6.05   6.64  72   386     0  4.4
  6  5294 J8  1866  5257 J8  3646  2434 J8   575 11406 25753  5.8  5.1  1.57  0.12  16.13   6.22  11.43  12.20  73   215     0  3.5
  7  4502 J8  2022  4056 J8  3817  2307 J8   601 10696 24432  7.1  6.4  2.09  0.10  16.75   8.06  12.51  13.19  77   184     0  3.5
  8  2396 J8  1327  1284 J8  2060  1756 J8   475  8410 21005  8.8  8.6  2.19  0.07  14.55   7.89  11.27  12.09  87   220     0  4.8
  9  1963 J8   684  2177 J8  2034  1190 J8   293  5514 17296  7.6  7.0  1.62  0.05  11.08   5.04   8.01   9.05  85   308     0  4.3
 10  1385 J8   516  3953 J8  2202   459 J8   227  2830 13487  4.2  3.6  0.72  0.04  -1.09  -7.31  -4.28  -3.23  78   698     0  4.2
 11   448 J8   221  1538 J8  1438   257 J8   131  1052  9682  5.9  5.3  0.63  0.03  -3.87  -7.61  -5.53  -5.22  88   722     0  6.3
 12   149 J8    59   995 J8   937    88 J8    39   421  7304  5.4  5.0  0.39  0.04 -14.48 -19.88 -17.18 -17.17  77  1101     0  4.6
 13  2419 J8  1866  3188 J8  1673  1172 J8   875  5474 16684  5.6  5.0  1.05  0.08   2.61  -4.17  -0.71  -0.07  78  6972     0  4.9
 1998
  1   310 J8   139  1498 J8   974   168 J8   100   759  8761  4.0  3.4  0.56  0.06 -14.02 -19.34 -16.56 -16.26  71  1085     0  6.8
  2  1059 J8   373  3063 J8  1535   435 J8   179  2152 12390  3.6  3.0  0.66  0.08  -9.06 -14.22 -11.50 -10.60  75   839     0  6.0
  3  2184 J8   663  3097 J8  1911  1178 J8   419  4603 16259  6.0  5.4  0.72  0.10  -1.67  -7.18  -4.54  -3.84  77   705     0  6.8
  4  3376 J8  1414  3320 J8  3403  1846 J8   577  7593 20079  7.1  6.0  0.71  0.12   0.72  -4.99  -2.10  -1.44  82   614     0  6.3
  5  3371 J8  1513  2128 J8  2424  2221 J8   455 10164 23619  8.4  7.8  1.00  0.12   5.72  -0.55   2.52   3.03  85   488     0  5.4
  6  4952 J8  1778  4232 J8  3312  2612 J8   544 11403 25746  6.5  5.8  1.48  0.12  13.40   5.06   9.49  10.08  74   273     0  4.2
  7  4523 J8  1710  4350 J8  3558  2244 J8   525 10709 24458  6.8  6.1  2.12  0.10  15.78   9.21  12.44  12.98  82   181     0  3.7
  8  2471 J8  1031  1795 J8  2511  1699 J8   384  8433 21036  8.3  7.9  1.80  0.07  10.48   5.39   8.05   8.64  87   322     0  5.8
  9  2294 J8   986  2981 J8  2518  1153 J8   331  5538 17328  7.4  6.6  1.31  0.05   8.50   3.36   5.95   6.75  87   372     0  5.0
 10  1154 J8   558  2454 J8  2163   548 J8   225  2849 13522  6.7  5.9  0.81  0.04   1.04  -3.60  -1.08  -0.38  86   608     0  4.8
 11   429 J8   241  1430 J8  1385   252 J8   121  1061  9711  6.5  5.8  0.75  0.03  -5.35  -9.81  -7.48  -7.21  88   777     0  5.2
 12   163 J8    37  1268 J8   697    86 J8    31   422  7307  3.4  2.8  0.49  0.04 -12.43 -18.13 -14.92 -14.73  78  1042     0  4.7
 13  2191 J8  1625  2635 J8  1048  1204 J8   905  5474 16685  6.2  5.5  1.03  0.08   1.09  -4.57  -1.64  -1.08  81  7307     0  5.4
 1999
  1   303 J8   151  1288 J8   825   170 J8    69   752  8732  3.8  3.5  0.48  0.06 -16.29 -21.80 -18.97 -18.65  69  1159     0  6.9
  2   947 J8   370  2410 J8  1590   463 J8   190  2135 12365  3.9  3.6  0.40  0.08 -16.00 -21.14 -18.57 -18.10  79  1033     0  5.9
  3  2728 J8   616  5650 J8  2190   877 J8   427  4579 16224  2.4  1.9  0.51  0.10  -9.92 -16.22 -13.04 -12.17  64   973     0  5.8
  4  3089 J8  1547  3011 J8  3806  1736 J8   509  7569 20047  7.2  6.5  0.63  0.12  -2.34  -9.27  -5.37  -4.73  81   724     0  6.5
  5  4626 J8  1896  4606 J8  4004  2155 J8   473 10147 23589  6.4  5.8  0.83  0.12   5.21  -2.46   1.46   2.18  74   526     0  4.2
  6  5576 J8  1568  5263 J8  3161  2584 J8   565 11400 25736  6.9  5.7  1.61  0.12  13.98   5.71   9.96  10.56  74   255     0  4.2
  7  4034 J8  2007  3336 J8  3582  2134 J8   435 10721 24477  7.7  7.3  1.94  0.10  13.85   7.38  10.43  10.86  84   239     0  4.9
  8  3166 J8  1333  3185 J8  3221  1710 J8   499  8455 21068  7.3  6.8  1.93  0.07  13.22   7.29  10.05  10.73  85   250     0  4.3
  9  2252 J8   964  2780 J8  2649  1224 J8   410  5562 17358  7.3  6.5  1.32  0.05  10.27   3.90   6.86   7.98  84   337     0  4.4
 10  1179 J8   495  2481 J8  2030   582 J8   221  2868 13550  6.5  5.8  0.67  0.04  -1.21  -6.80  -4.08  -3.03  81   692     0  3.3
 11   431 J8   204  1694 J8  1586   229 J8   121  1071  9740  5.5  4.9  0.62  0.03  -9.93 -14.70 -12.23 -11.89  81   919     0  5.7
 12   169 J8    45  1491 J8   771    78 J8    26   423  7313  3.0  2.9  0.45  0.04 -20.84 -26.07 -23.31 -22.95  73  1295     0  4.3
 13  2375 J8  1803  3099 J8  1425  1162 J8   880  5474 16683  5.7  5.1  0.95  0.08  -1.67  -7.85  -4.73  -4.10  78  8404     0  5.0
 2000
  1   256 J8   151  1189 J8  1125   145 J8    62   745  8707  4.8  4.4  0.40  0.06 -13.51 -20.22 -16.81 -16.47  78  1091     0  5.2
  2   956 J8   471  2325 J8  1761   466 J8   181  2155 12394  5.2  4.3  0.67  0.08  -2.34  -6.91  -4.63  -4.28  82   666     0  8.3
  3  2378 J8   920  4157 J8  2706   979 J8   275  4650 16320  5.0  4.5  0.62  0.10  -4.77 -10.17  -7.21  -6.69  76   800     0  7.1
  4  4431 J8  1179  6400 J8  2931  1502 J8   366  7641 20136  3.4  3.0  0.63  0.12   0.11  -7.50  -3.61  -2.67  70   661     0  4.8
  5  4810 J8  1795  4836 J8  3789  2191 J8   672 10197 23668  6.7  5.5  0.94  0.12   5.23  -1.62   1.84   2.44  73   512     0  4.8
  6  6057 J8  1562  6775 J8  3578  2335 J8   592 11407 25752  4.7  4.1  1.57  0.12  16.21   6.83  11.59  12.31  66   204     0  3.6
  7  4322 J8  1719  3604 J8  3074  2342 J8   483 10682 24412  7.6  6.7  1.75  0.10  14.42   7.29  10.91  11.45  79   232     0  4.5
  8  2582 J8  1005  1708 J8  2042  1826 J8   365  8388 20976  8.6  8.1  1.67  0.07  11.98   6.63   9.25   9.86  86   280     0  5.4
  9  2034 J8   704  2348 J8  2482  1223 J8   434  5490 17268  7.5  6.8  1.17  0.05   7.69   2.79   5.21   5.96  85   393     0  4.6
 10  1184 J8   570  2501 J8  2093   564 J8   187  2810 13459  7.0  6.1  0.80  0.04   1.54  -3.16  -0.82  -0.13  80   593     0  5.0
 11   499 J8   237  2368 J8  1519   213 J8   123  1042  9651  3.9  3.5  0.74  0.03  -0.84  -6.75  -3.87  -3.36  76   664     0  6.4
 12   168 J8    33  1274 J9   666    91 J8    29   420  7295  3.5  3.1  0.81  0.04  -7.03 -14.28 -10.52 -10.29  78   898     0  7.8
 13  2473 J8  1997  3290 J8  1891  1156 J8   871  5469 16670  5.6  5.0  0.98  0.08   2.39  -3.92  -0.72  -0.16  77  6994     0  5.6
 2001
  1   275 J8   144  1128 J9   983   170 J8    85   766  8789  5.3  4.9  0.62  0.06  -5.92 -12.32  -9.29  -9.39  82   851     0  4.9
  2  1061 J8   490  2717 J8  1831   469 J8   165  2170 12429  4.3  3.9  0.58  0.08  -6.95 -14.04 -10.34  -9.77  81   807     0  8.7
  3  2542 J8   784  4721 J8  2444   973 J8   352  4629 16298  3.1  3.0  0.56  0.10  -6.50 -13.28  -9.83  -9.19  67   875     0  5.4
  4  4150 J8  1246  5523 J8  3217  1642 J8   567  7621 20114  4.4  3.8  0.71  0.12   0.87  -5.58  -2.14  -1.48  50   621     0  5.2
  5  5164 J8  1670  5831 J8  3719  2043 J8   564 10184 23651  5.4  4.6  0.77  0.12   4.52  -4.41   0.19   0.97  72   566     0  5.0
  6  5852 J8  2165  6923 J8  4508  2037 J8   606 11406 25752  4.6  4.1  1.58  0.12  15.15   4.54  10.16  10.98  66   255     0  4.6
  7  4812 J8  1666  4721 J8  3477  2325 J8   611 10694 24430  6.4  5.7  1.98  0.10  14.04   6.74  10.33  10.84  77   246     0  3.7
  8  3441 J8  1451  3993 J8  3610  1621 J8   455  8407 21001  6.4  6.1  1.94  0.07  13.28   7.66  10.43  11.00  85   244     0  4.3
  9  2419 J8  1025  3675 J8  3083  1088 J8   386  5511 17291  6.2  5.4  1.33  0.05   9.17   2.79   5.97   7.04  82   371     0  4.0
 10  1164 J8   458  2789 J8  2371   541 J8   262  2828 13485  5.6  5.1  0.72  0.04  -1.23  -7.88  -4.53  -3.40  77   710     0  4.9
 11   521 J8   246  2481 J8  1482   210 J8    82  1051  9679  3.0  2.9  0.63  0.03  -9.78 -14.87 -12.15 -11.37  79   920     0  5.7
 12   171 J8    51  1349 J9   934    87 J8    28   421  7303  4.0  3.3  0.42  0.04 -15.33 -21.85 -18.50 -18.44  68  1144     0  4.3
 13  2631 J8  2028  3821 J8  1801  1101 J8   811  5474 16685  4.9  4.4  0.99  0.08   0.94  -6.04  -2.48  -1.85  74  7608     0  5.1
 2002
  1   311 J8   168  1323 J9  1100   168 J8    59   760  8763  4.0  3.6  0.61  0.06 -11.61 -18.56 -14.94 -15.00  72  1036     0  6.4
  2   970 J8   344  2311 J8  1522   513 J8   234  2154 12397  4.7  4.0  0.57  0.08  -7.99 -14.53 -11.11 -10.58  79   828     0  6.9
  3  2564 J8   921  5099 J8  2789   876 J8   338  4606 16263  2.8  2.7  0.63  0.10  -3.06 -10.82  -6.81  -6.09  72   783     0  4.7
  4  4014 J8  1516  5561 J8  3577  1524 J8   549  7597 20084  4.0  3.7  0.75  0.12  -0.57  -8.56  -4.49  -3.63  72   687     0  5.2
  5  5698 J8  1954  7291 J8  4005  1771 J8   541 10167 23622  4.0  3.5  1.19  0.12  10.20   0.77   5.65   6.53  70   398     0  4.5
  6  6613 J8  1350  8326 J8  3215  2031 J8   550 11403 25748  3.8  3.1  1.60  0.12  16.85   6.10  11.91  12.74  65   208     2  4.1
  7  4238 J8  1555  3332 J8  2971  2476 J8   563 10707 24455  7.7  6.9  2.09  0.10  15.79   8.65  12.00  12.55  82   189     0  3.7
  8  4122 J8  1576  5591 J8  4215  1541 J8   583  8430 21032  4.7  4.3  1.56  0.07  15.60   5.86  10.84  12.20  73   239     4  3.9
  9  1879 J8   659  2010 J8  2226  1224 J8   346  5535 17323  7.6  7.0  1.50  0.05   9.44   4.03   6.68   7.62  84   348     0  4.8
 10  1368 J8   602  3777 J8  2444   468 J8   216  2846 13519  4.7  4.0  1.08  0.04   3.08  -2.75   0.12   1.12  79   563     0  5.8
 11   499 J8   246  2228 J8  1641   208 J8    65  1060  9707  4.8  4.5  0.83  0.03  -2.33  -6.40  -4.36  -3.94  84   681     0  5.4
 12   139 J8    51   821 J8   744    88 J8    29   422  7309  5.8  5.5  0.68  0.04  -7.03 -11.24  -8.97  -8.65  83   851     0  4.7
 13  2701 J8  2195  3972 J8  2401  1074 J8   802  5474 16685  4.9  4.4  1.09  0.08   3.20  -3.95  -0.29   0.41  76  6813     6  5.0
 2003
  1   305 J8   125  1691 J8   986   143 J8    64   753  8736  3.2  2.9  0.71  0.06  -8.39 -13.58 -10.80 -10.45  63   909     0  6.8
  2   779 J8   454  1619 J8  1875   439 J8   172  2137 12368  7.0  6.5  0.75  0.08  -5.46 -10.94  -8.00  -7.49  76   743     0  5.8
  3  2559 J8   866  4889 J8  2924   936 J8   337  4582 16230  3.1  2.7  0.42  0.10  -7.84 -15.28 -11.66 -10.39  67   927     0  6.0
  4  4047 J8  1288  5182 J8  3698  1710 J8   618  7572 20051  5.4  4.3  0.76  0.12   2.38  -4.59  -1.10  -0.21  75   583     0  4.9
  5  5005 J8  1540  5482 J8  3363  2142 J8   576 10149 23591  6.0  4.9  1.01  0.12   8.39  -0.06   4.27   5.08  68   439     0  4.4
  6  5491 J8  1774  5723 J8  3619  2350 J8   587 11400 25737  5.4  4.6  1.79  0.12  16.60   7.61  12.38  13.05  70   187     0  4.0
  7  4841 J8  1822  4946 J8  3966  2255 J8   708 10720 24475  6.3  5.6  2.01  0.10  15.78   7.36  11.72  12.36  76   210     0  4.5
  8  3358 J8  1253  3372 J8  2879  1823 J8   374  8452 21062  6.7  6.2  2.03  0.07  15.03   7.80  11.45  12.27  79   217     2  3.5
  9  2482 J8  1075  4014 J8  3508  1059 J8   441  5559 17356  5.0  4.4  1.13  0.05   9.77   0.92   5.24   6.94  74   390     0  3.5
 10   960 J8   477  1415 J8  1826   616 J8   220  2865 13546  7.6  7.0  1.10  0.04   3.69  -1.26   1.24   2.02  80   531     0  4.9
 11   396 J8   164  1142 J8  1101   270 J8   125  1070  9739  6.9  6.3  0.88  0.03   4.53  -0.38   2.72   3.20  56   488     0  5.0
 12   145 J8    56   937 J8   827    84 J8    21   423  7314  5.6  5.1  0.50  0.04 -10.59 -17.32 -13.82 -13.67  84  1001     0  5.5
 13  2531 J8  1999  3368 J8  1885  1152 J8   862  5474 16684  5.7  5.0  1.09  0.08   3.66  -3.31   0.30   1.06  72  6622     2  4.9
 2004
  1   326 J8   145  1759 J8  1004   154 J8    76   746  8711  2.5  2.2  0.42  0.06 -13.06 -18.42 -15.75 -15.76  72  1056     0  6.5
  2   880 J8   344  2179 J8  1709   446 J8   154  2157 12396  5.0  4.6  0.62  0.08  -6.34 -11.40  -8.76  -8.25  81   789     0  6.3
  3  2446 J8  1167  4186 J8  2973   962 J8   278  4653 16325  4.8  4.4  0.53  0.10  -6.90 -13.68  -9.97  -9.34  76   887     0  5.3
  4  3828 J8  1108  4419 J8  2812  1825 J8   537  7644 20141  5.7  4.8  0.84  0.12   3.18  -4.11  -0.45   0.53  71   564     0  4.8
  5  4163 J8  1848  3923 J8  3659  2102 J8   540 10199 23670  7.0  6.1  1.48  0.12  10.62   3.53   7.09   7.68  75   349     0  4.9
  6  5214 J8  1862  5210 J8  3666  2379 J8   500 11407 25751  5.6  4.9  1.90  0.12  16.81   7.73  12.35  13.06  73   182     1  3.6
  7  4923 J8  1656  5435 J8  3388  2079 J8   526 10680 24407  5.9  5.3  2.19  0.10  18.65  10.55  14.46  15.07  79   116     0  3.4
  8  3477 J8  1496  4264 J8  3840  1477 J8   423  8385 20970  6.3  6.0  2.42  0.07  17.60  10.75  14.06  14.94  81   131     2  3.7
  9  2352 J8   807  3311 J8  2492  1159 J8   312  5487 17263  7.1  6.0  1.26  0.05   8.28   2.19   5.01   6.04  80   393     0  3.8
 10  1220 J8   574  2919 J8  2080   505 J8   166  2808 13454  6.4  5.5  1.07  0.04   3.60  -0.95   1.35   2.03  87   527     0  5.3
 11   471 J8   250  1742 J8  1444   241 J8   117  1041  9649  6.3  5.4  0.74  0.03  -3.10  -7.27  -4.96  -4.71  86   705     0  6.1
 12   151 J8    42   962 J8   755    92 J8    32   420  7294  5.4  4.7  0.61  0.04  -7.97 -13.23 -10.55 -10.40  81   897     0  6.4
 13  2454 J8  1843  3359 J8  1452  1118 J8   838  5469 16669  5.7  5.0  1.17  0.08   3.45  -2.86   0.33   0.91  78  6596     2  5.0
 2005
  1   321 J8   180  1546 J8  1170   155 J8    58   767  8791  3.4  3.0  0.61  0.06  -9.34 -13.39 -11.19 -11.02  70   920     0  7.3
  2  1000 J8   437  2599 J8  1665   471 J8   240  2172 12431  5.0  3.9  0.60  0.08  -9.18 -14.71 -11.95 -11.54  76   848     0  5.5
  3  2536 J8   958  4895 J8  2804   895 J8   332  4632 16301  3.8  3.4  0.58  0.10  -5.71 -11.52  -8.55  -7.91  73   835     0  5.3
  4  4594 J8  1281  7365 J8  3246  1310 J8   482  7624 20120  2.8  2.5  0.66  0.12  -3.96 -11.63  -7.79  -6.94  71   784     0  4.6
  5  5143 J8  1495  5803 J8  3348  2071 J8   560 10186 23651  5.3  4.5  1.24  0.12  10.42   1.12   5.77   6.74  71   389     0  4.5
  6  6114 J8  1418  7145 J8  3245  2235 J8   590 11406 25754  4.6  3.9  1.68  0.12  17.13   6.93  12.24  13.01  70   189     0  3.6
  7  5040 J8  1656  5357 J8  3533  2206 J8   476 10692 24424  6.1  5.3  1.93  0.10  17.36   8.71  12.96  13.68  76   164     0  3.6
  8  3093 J8  1538  3200 J8  3262  1590 J8   427  8404 20996  7.5  6.7  2.09  0.07  15.29   9.05  11.97  12.67  85   191     0  4.1
  9  1923 J8   801  2024 J8  1899  1184 J8   301  5508 17288  8.4  7.6  1.69  0.05   9.41   5.40   7.35   7.90  87   328     0  5.3
 10  1115 J8   644  2511 J8  2593   524 J8   244  2825 13479  6.3  5.7  0.79  0.04   0.98  -4.06  -1.40  -0.54  86   616     0  2.1
 11   489 J8   223  2362 J8  1521   204 J8   108  1050  9676  3.7  3.4  0.42  0.03 -11.67 -16.93 -14.22 -13.64  78   979     0  4.3
 12   164 J8    53  1371 J8   772    78 J8    22   421  7301  4.1  3.7  0.74  0.04  -7.33 -12.55  -9.80  -9.60  75   876     0  5.2
 13  2628 J8  2128  3848 J8  2157  1077 J8   812  5474 16684  5.1  4.5  1.09  0.08   1.95  -4.46  -1.22  -0.60  77  7120     0  4.6
 2006
  1   338 J8   173  1858 J8  1151   143 J8    49   761  8766  2.6  2.3  0.34  0.06  -7.48 -12.83  -9.92  -9.89  74   883     0  3.4
  2  1040 J8   426  2683 J8  1527   481 J8   215  2156 12403  4.5  3.4  0.60  0.08  -5.61 -12.39  -8.87  -8.53  78   765     0  7.6
  3  2761 J8   799  5281 J8  1887   943 J8   261  4609 16267  3.0  2.4  0.55  0.10  -4.12  -9.80  -6.93  -6.32  71   784     0  7.5
  4  3987 J8  1255  5338 J8  3118  1499 J8   380  7600 20086  5.0  4.5  0.55  0.12  -2.76 -10.44  -6.37  -5.74  75   748     0  6.4
  5  5430 J8  1941  6758 J8  4431  1856 J8   653 10169 23625  4.9  4.1  1.04  0.12  10.28   1.01   5.68   6.65  71   393     0  4.9
  6  5197 J8  1733  4667 J8  3454  2605 J8   716 11403 25747  6.9  5.7  1.66  0.12  14.87   6.24  10.56  11.16  71   233     0  4.5
  7  4434 J8  1892  4031 J8  3799  2174 J8   595 10705 24452  7.3  6.6  2.08  0.10  15.10   8.46  11.83  12.30  81   203     0  4.2
  8  3298 J8  1225  3199 J8  2713  1820 J8   404  8426 21028  7.2  6.7  1.75  0.07  12.93   6.95   9.88  10.68  84   260     0  3.7
  9  2185 J8  1121  2782 J8  2950  1135 J8   249  5532 17318  7.2  6.7  1.59  0.05  10.42   2.37   6.30   7.68  80   358     0  3.7
 10  1259 J8   458  2656 J8  1629   609 J8   224  2844 13509  6.5  5.5  1.10  0.04   1.27  -4.53  -1.65  -0.67  79   619     0  4.5
 11   455 J8   226  1725 J8  1490   242 J8   120  1059  9703  5.5  4.9  0.63  0.03  -6.52 -11.97  -9.35  -9.28  82   827     0  5.1
 12   143 J8    54   802 J8   797    93 J8    26   422  7310  5.4  4.7  0.44  0.04  -4.21  -9.01  -6.46  -6.53  83   773     0  4.7
 13  2544 J8  1923  3482 J8  1756  1133 J8   851  5474 16685  5.5  4.8  1.03  0.08   2.85  -3.83  -0.44   0.13  77  6847     0  5.0
 2007
  1   289 J8   154  1331 J8  1041   157 J8    75   754  8739  5.3  4.8  0.56  0.06 -13.85 -18.66 -16.03 -15.58  66  1072     0  5.4
  2   998 J8   474  2843 J8  1994   410 J8   130  2139 12372  3.9  3.4  0.61  0.08 -14.56 -21.36 -17.71 -17.12  69  1016     0  6.3
  3  2896 J8   666  6159 J8  1833   839 J8   364  4585 16234  1.3  1.1  0.32  0.10  -3.58  -9.44  -6.37  -5.91  76   770     0  4.6
  4  4591 J8  1115  6931 J8  2533  1440 J8   474  7575 20054  3.2  2.4  0.85  0.12   1.76  -3.44  -0.81  -0.23  78   575     0  4.7
  5  5448 J8  1529  6578 J8  3498  1996 J8   579 10152 23595  5.4  4.2  1.17  0.12   8.44   1.02   4.88   5.54  72   422     0  4.5
  6  4777 J8  1648  4164 J8  3254  2518 J8   532 11400 25741  7.2  6.4  1.63  0.12  13.73   5.27   9.58  10.18  71   265     0  3.8
  7  4652 J8  2255  4604 J8  4891  2211 J8   716 10718 24472  6.6  6.0  2.11  0.10  14.67   8.18  11.43  11.88  75   214     0  3.3
  8  2866 J8  1165  2648 J8  3043  1719 J8   380  8449 21058  7.6  7.3  2.11  0.07  12.47   7.73  10.04  10.47  83   255     0  3.6
  9  1774 J8   747  1290 J8  1620  1263 J8   280  5556 17351  9.1  8.4  1.60  0.05  10.61   4.76   7.43   8.38  86   319     0  4.5
 10   820 J8   374   864 J8  1182   608 J8   209  2863 13543  8.7  8.2  0.85  0.04  -0.16  -5.38  -2.51  -1.81  82   654     0  3.8
 11   373 J8   199   785 J8  1100   273 J8   127  1069  9735  8.1  7.4  0.81  0.03 -10.47 -16.40 -13.56 -13.06  77   953     0  5.8
 12   138 J8    50   880 J8   938    87 J8    34   423  7314  6.2  5.9  0.50  0.04  -6.35 -12.86  -9.30  -9.17  83   866     0  4.8
 13  2468 J8  1994  3256 J8  2359  1127 J8   850  5474 16684  6.0  5.5  1.09  0.08   1.06  -5.05  -1.91  -1.37  77  7381     0  4.6
 2008
  1   247 J8   110   865 J8   860   172 J8    84   747  8713  6.5  5.5  0.47  0.06  -7.49 -12.99 -10.07  -9.66  63   886     0  4.9
  2  1062 J8   462  2997 J8  1859   442 J8   185  2159 12399  3.4  2.9  0.33  0.08  -6.33 -14.48  -9.94  -9.56  72   833     0  5.6
  3  2062 J8  1149  2844 J8  3010  1059 J8   293  4656 16330  6.8  6.0  0.55  0.10  -9.03 -16.47 -12.56 -11.98  73   963     0  5.3
  4  3416 J8  1468  3491 J8  3091  1834 J8   517  7647 20142  6.9  5.8  0.70  0.12  -4.33 -10.57  -7.18  -6.65  82   773     0  5.5
  5  4130 J8  1886  4096 J8  3944  2019 J8   430 10201 23674  6.5  6.0  1.10  0.12  10.40   1.68   6.05   6.87  61   381     0  4.5
  6  4182 J8  1465  2856 J8  2731  2696 J8   600 11407 25750  8.2  7.2  1.70  0.12  14.18   5.41  10.05  10.67  72   256     0  3.6
  7  4078 J8  1831  3232 J8  3332  2447 J8   622 10678 24404  7.6  6.8  1.92  0.10  15.97   7.83  11.73  12.34  75   199     0  4.7
  8  3675 J8  1508  4544 J8  3589  1578 J8   367  8382 20967  5.6  5.4  1.65  0.07  11.18   6.05   8.57   9.13  83   301     0  3.1
  9  1987 J8   896  2232 J8  2552  1162 J8   359  5484 17258  7.6  7.1  1.48  0.05  11.57   4.65   8.03   9.21  84   307     0  3.2
 10  1126 J8   512  2535 J8  2349   544 J8   251  2806 13449  6.1  5.2  0.63  0.04  -2.77  -9.10  -5.83  -4.64  79   752     0  3.7
 11   373 J8   175  1218 J8  1285   239 J8   124  1039  9646  6.5  5.9  0.48  0.03  -7.46 -13.90 -10.64 -10.35  80   870     0  2.7
 12   131 J8    54   841 J8   881    79 J8    16   420  7294  6.3  6.0  0.67  0.04  -8.00 -13.71 -10.77 -10.84  82   905     0  6.2
 13  2206 J8  1618  2646 J8  1192  1189 J8   918  5469 16669  6.5  5.8  0.97  0.08   1.49  -5.47  -1.88  -1.29  76  7427     0  4.4
 2009
  1   311 J8   158  1636 J8  1103   149 J8    69   768  8793  3.8  3.4  0.47  0.06 -15.80 -22.39 -19.23 -19.11  69  1160     0  4.9
  2   823 J8   449  1324 J8  1681   543 J8   257  2174 12436  7.6  6.8  0.59  0.08  -2.13  -8.17  -5.04  -4.87  81   657     0  6.0
  3  2122 J8  1096  3057 J8  2927  1054 J8   336  4635 16306  6.3  5.5  0.48  0.10  -4.83 -10.47  -7.54  -7.10  76   805     0  6.6
  4  3822 J8  1494  4849 J8  3835  1601 J8   629  7627 20124  5.5  5.1  0.73  0.12  -1.70 -10.76  -5.99  -5.01  70   737     0  6.1
  5  5074 J8  1946  6104 J8  4294  1859 J8   573 10188 23656  4.7  4.2  0.89  0.12  10.14   2.33   6.25   6.97  73   375     0  4.4
  6  4227 J8  1687  3236 J8  3544  2541 J8   576 11406 25754  7.7  6.9  1.61  0.12  10.85   3.34   7.16   7.69  77   337     0  4.3
  7  4517 J8  1689  3863 J8  3641  2480 J8   612 10690 24421  7.4  6.5  2.05  0.10  13.50   6.82  10.08  10.50  79   253     0  3.7
  8  3231 J8  1369  3166 J8  3405  1786 J8   517  8401 20994  7.1  6.6  1.79  0.07  12.12   6.74   9.42  10.02  86   276     0  4.1
  9  2341 J8   937  2946 J8  2764  1219 J8   388  5505 17283  7.2  6.4  1.40  0.05   8.53   0.99   4.68   6.06  79   407     0  3.4
 10  1029 J8   456  2089 J8  2108   562 J8   249  2823 13477  6.8  6.1  1.04  0.04   3.49  -1.02   1.22   1.92  86   530     0  4.8
 11   479 J8   248  2006 J8  1537   223 J8    92  1048  9673  5.0  4.5  0.47  0.03  -3.56  -8.57  -5.81  -5.60  86   732     0  4.3
 12   140 J8    48   922 J8   883    84 J8    31   421  7301  4.8  4.4  0.76  0.04  -9.72 -13.96 -11.71 -11.50  77   935     0  6.0
 13  2343 J8  1790  2933 J8  1497  1175 J8   881  5474 16685  6.2  5.5  1.02  0.08   1.74  -4.59  -1.38  -0.83  78  7205     0  4.9
 2010
  1   310 J8   136  1660 J8   974   154 J8    88   761  8768  2.6  2.4  0.43  0.06 -12.03 -16.63 -14.14 -13.73  77  1012     0  5.0
  2   938 J8   429  2129 J8  1547   507 J8   202  2158 12411  4.5  3.9  0.56  0.08  -9.28 -15.33 -12.46 -12.19  76   858     0  4.8
  3  2513 J8   967  4523 J8  2855   966 J8   359  4612 16271  4.1  3.6  0.36  0.10  -6.82 -13.67 -10.47 -10.08  75   886     0  4.9
  4  3251 J8  1457  3380 J8  3457  1692 J8   518  7603 20092  7.2  6.7  0.67  0.12  -0.47  -7.94  -4.06  -3.15  83   676     0  5.0
  5  4789 J8  1771  5028 J8  3749  2097 J8   544 10171 23630  5.7  5.1  1.13  0.12  10.32   1.28   5.75   6.62  67   388     0  3.7
  6  4513 J8  2014  3907 J8  3977  2335 J8   603 11403 25748  7.5  6.7  1.61  0.12  16.15   6.79  11.58  12.30  66   206     0  4.6
  7  3814 J8  1646  2422 J8  2635  2485 J8   518 10703 24448  8.9  7.9  2.10  0.10  15.00   8.41  11.71  12.20  74   206     0  3.5
  8  1903 J8   349   397 J8   552  1762 J8   237  8423 21025  9.4  9.3  2.04  0.07  15.32   9.25  12.06  12.72  85   187     0  3.7
  9  2238 J8   985  3911 J8  3756   900 J8   372  5529 17317  5.8  5.6  1.52  0.05   9.38   5.49   7.33   7.86  87   327     0  4.4
 10   986 J8   480  1911 J8  2040   548 J8   250  2842 13506  7.3  7.0  0.89  0.04   1.33  -4.16  -1.26  -0.37  87   612     0  4.0
 11   351 J8   172   870 J8  1156   249 J8   108  1058  9701  8.1  7.4  0.71  0.03 -11.65 -17.24 -14.55 -14.13  78   983     0  4.2
 12   142 J8    54  1107 J8   966    75 J8    18   422  7311  4.9  4.4  0.46  0.04 -11.46 -17.29 -14.26 -13.97  74  1014     0  4.2
 13  2146 J8  1657  2604 J8  1517  1147 J8   883  5474 16686  6.3  5.8  1.04  0.08   1.32  -5.09  -1.90  -1.33  77  7356     0  4.3
