722045 VERO BEACH MUNICIPAL A FL  -5  N27 39  W080 25     7  1012
 1991-2010
 MO AVGLO FL SDGLO AVDIR FL SDDIR AVDIF FL SDDIF AVETR AETRN  TOT  OPQ   H2O   TAU  MAX_T  MIN_T  AVG_T  AVGDT  RH  HTDD  CLDD AVWS
  1  3319 K5   368  4238 K6  1154  1286 K5   166  6366 14944  4.6  4.2  2.31  0.08  22.41  11.52  16.97  19.57  76    81    39  3.8
  2  4100 K5   376  4610 K6   997  1550 K5   187  7621 15680  4.5  4.1  2.33  0.09  23.29  12.35  17.87  20.18  75    56    42  3.9
  3  5027 K5   407  4921 K6   925  1935 K5   189  9133 16539  4.4  3.9  2.45  0.12  25.08  14.57  19.92  21.99  73    30    76  4.3
  4  6012 K5   461  5269 K6   921  2293 K5   217 10394 17363  4.1  3.6  2.65  0.15  26.79  16.84  22.09  23.95  71     8   112  4.3
  5  6310 K5   340  5023 K6   646  2608 K5   178 11119 18012  4.1  3.6  3.33  0.19  29.21  20.27  24.84  26.34  74     0   199  4.0
  6  5831 K5   582  4155 K6  1027  2716 K5   265 11354 18294  5.1  4.3  4.46  0.22  31.05  22.56  26.54  27.91  79     0   254  3.4
  7  5989 K5   317  4339 K6   537  2738 K5   237 11179 18047  4.4  3.5  4.69  0.23  31.90  23.26  27.30  28.72  79     0   287  3.0
  8  5527 K5   381  4125 K6   723  2522 K5   256 10568 17390  4.6  3.8  4.85  0.22  31.84  23.30  27.24  28.76  80     0   286  3.0
  9  4783 K5   259  3664 K6   608  2312 K5   214  9485 16585  5.2  4.3  4.68  0.19  30.81  23.28  26.74  28.29  80     0   261  3.3
 10  4159 K5   374  3881 K6   870  1879 K5   146  8037 15755  4.9  4.4  3.67  0.15  28.72  20.91  24.71  26.39  77     2   203  3.8
 11  3418 K5   344  3842 K6   967  1472 K5   136  6649 15020  4.8  4.4  2.83  0.12  25.72  16.65  21.16  23.06  77    15   101  3.8
 12  2995 K5   265  3744 K6   905  1262 K5   166  5954 14660  5.1  4.6  2.52  0.09  23.39  13.56  18.43  20.72  79    51    56  3.6
 13  4789 K5   247  4318 K6   691  2048 K5   168  8988 16524  4.6  4.1  3.40  0.15  27.52  18.26  22.82  24.66  77   243  1916  3.7
 1991
  1  3298 I5   613  3860 I6  1674  1381 I5   308  6359 14940  5.4  4.4  2.84  0.07  24.69  15.22  19.83  22.18  80    31    81  3.8
  2  4090 I5  1066  4507 I6  2577  1582 I5   450  7604 15670  4.8  4.2  2.38  0.08  23.41  13.45  18.43  20.59  71    43    46  4.3
  3  4678 I5  1625  4501 I6  2933  1815 I5   509  9110 16525  4.7  4.1  2.69  0.10  25.45  14.94  20.54  22.58  73    26    83  4.4
  4  5705 I5  1107  4588 I6  1887  2446 I5   485 10378 17351  5.5  4.3  3.26  0.14  28.00  20.11  24.02  25.53  76     0   172  4.6
  5  6257 I5   998  4480 I6  1929  2849 I5   550 11112 18002  5.2  4.3  3.91  0.18  29.95  22.31  26.16  27.51  75     0   242  4.5
  6  5909 I5   938  3695 I6  1648  3079 I5   508 11353 18294  6.6  5.2  4.59  0.21  31.26  22.83  26.73  28.11  76     0   261  3.5
  7  5944 I5   860  3845 I6  1557  3020 I5   474 11185 18055  6.2  4.6  4.74  0.23  32.22  23.38  27.14  28.51  79     0   294  3.1
  8  5553 I5   844  3650 I6  1486  2927 I5   473 10581 17401  5.4  4.0  4.75  0.26  32.37  23.41  27.59  29.20  78     0   296  3.1
  9  5054 I5   633  3423 I6  1115  2657 I5   358  9505 16601  5.7  4.4  4.48  0.27  31.10  23.55  27.17  28.80  78     0   270  3.1
 10  3985 I5   839  2997 I6  1893  2141 I5   446  8060 15767  5.8  5.0  3.85  0.26  28.58  21.12  24.78  26.37  76     0   202  3.8
 11  3034 I5   728  2321 I6  1591  1791 I5   278  6667 15030  6.1  5.0  2.99  0.25  24.89  15.79  20.30  22.17  75    32    92  4.1
 12  2722 I5   615  2177 I6  1402  1645 I5   285  5957 14660  5.6  4.5  2.87  0.25  24.89  14.55  19.56  22.02  77    23    66  3.5
 13  4686 I5  1237  3670 I6   827  2278 I5   623  8989 16525  5.6  4.5  3.61  0.19  28.07  19.22  23.52  25.30  76   154  2105  3.8
 1992
  1  2790 I5   782  2234 I6  1385  1631 I5   254  6352 14935  6.0  4.9  2.56  0.26  21.95  10.55  16.25  18.96  76    90    26  3.8
  2  3339 I5   961  2250 I6  1790  1996 I5   380  7617 15677  6.9  6.0  2.54  0.27  23.86  13.68  18.60  20.67  77    38    51  3.6
  3  4689 I5  1179  3259 I6  2204  2473 I5   549  9146 16545  5.7  4.7  2.38  0.28  24.81  13.77  19.39  21.71  71    34    64  3.5
  4  5367 I5  1173  3252 I6  1744  2949 I5   510 10402 17366  5.9  4.8  2.68  0.30  25.77  17.11  21.35  23.08  70    14   107  4.4
  5  6389 I5   905  4541 I6  1772  2978 I5   519 11122 18014  4.6  3.8  2.80  0.32  28.89  17.82  23.51  25.42  68     1   157  3.7
  6  5111 I5  1186  2219 I6  1411  3386 I5   516 11353 18293  7.2  6.2  4.88  0.33  31.10  22.43  26.11  27.48  82     0   253  3.5
  7  6688 I5   632  4919 I6  1730  2974 I5   693 11176 18045  3.7  2.6  4.12  0.33  32.54  23.59  28.21  29.78  74     0   302  3.2
  8  5283 I5   634  3167 I6  1084  2921 I5   373 10561 17386  6.5  5.3  4.76  0.31  32.01  23.17  27.00  28.61  80     0   287  2.7
  9  4539 I5   979  2494 I6  1256  2780 I5   505  9474 16581  6.8  5.4  4.78  0.26  30.96  23.58  27.19  28.60  79     0   268  3.3
 10  4050 I5   927  3496 I6  2012  1953 I5   471  8024 15754  5.0  4.2  3.21  0.21  28.40  19.96  23.93  25.85  73     0   181  4.0
 11  2853 I5   834  2178 I6  1574  1698 I5   337  6639 15018  6.5  5.6  3.55  0.17  26.32  19.09  22.57  23.95  80    15   146  5.0
 12  3010 I5   628  3277 I6  1806  1417 I5   328  5953 14660  5.3  4.6  2.50  0.14  24.15  13.72  18.78  21.25  80    34    52  3.3
 13  4509 I5  1333  3107 I6   909  2430 I5   658  8985 16523  5.8  4.8  3.40  0.26  27.56  18.21  22.74  24.61  76   225  1894  3.7
 1993
  1  2664 I5   794  2249 I6  1648  1539 I5   270  6376 14951  6.4  5.5  3.11  0.12  24.52  15.90  20.09  22.12  83    22    81  3.7
  2  3610 I5  1055  3210 I6  2045  1804 I5   355  7632 15688  5.8  4.9  2.08  0.12  22.13  11.51  16.93  19.11  77    58    16  4.0
  3  4258 I5  1602  3544 I6  2963  2020 I5   531  9138 16543  5.8  5.1  2.34  0.14  23.80  13.63  18.63  20.46  75    38    50  4.5
  4  5649 I5  1289  4334 I6  2462  2553 I5   605 10398 17366  4.8  4.1  2.13  0.18  25.21  15.17  20.75  22.65  67     9    65  4.3
  5  5791 I5  1364  4013 I6  2406  2803 I5   620 11122 18016  5.7  5.0  3.21  0.22  27.74  20.34  24.20  25.37  72     0   177  4.5
  6  6053 I5  1143  4270 I6  1887  2875 I5   476 11355 18296  5.0  4.3  4.05  0.24  30.72  22.47  26.47  27.81  78     0   248  3.7
  7  5971 I5   859  3740 I6  1460  3162 I5   544 11178 18047  5.3  4.1  4.62  0.25  32.93  22.99  27.69  29.38  77     0   298  3.1
  8  5313 I5  1142  3528 I6  1913  2834 I5   469 10565 17390  5.0  4.0  4.46  0.23  32.41  22.88  27.34  29.06  79     0   289  3.3
  9  4777 I5   892  3383 I6  1663  2494 I5   453  9481 16580  5.9  5.0  4.58  0.20  31.41  22.93  27.02  28.83  78     0   265  3.3
 10  3582 I5  1044  2561 I6  2116  2044 I5   451  8032 15749  6.3  5.5  4.17  0.16  29.30  20.40  24.51  26.43  82     4   206  3.2
 11  2915 I5   948  2557 I6  1646  1598 I5   268  6646 15017  6.0  5.5  3.41  0.12  26.14  17.32  21.94  23.60  79    18   120  4.2
 12  2790 I5   795  3011 I6  2225  1370 I5   340  5953 14660  5.1  4.3  2.32  0.09  22.22   9.94  15.91  19.05  78    85    15  3.6
 13  4448 I5  1306  3367 I6   679  2258 I5   604  8990 16525  5.6  4.8  3.37  0.17  27.38  17.96  22.62  24.49  77   234  1829  3.8
 1994
  1  2656 I5   906  2347 I6  2202  1489 I5   312  6368 14946  7.0  6.4  2.51  0.08  22.76  13.44  18.06  20.14  78    50    42  4.7
  2  3597 I5   926  3126 I6  1832  1841 I5   390  7619 15679  6.1  5.5  2.61  0.09  24.80  15.87  20.27  22.09  78    18    74  4.5
  3  4833 I5  1200  4375 I6  2474  2073 I5   602  9125 16534  4.8  4.2  2.68  0.11  26.04  15.13  20.58  22.67  72    24    94  4.5
  4  5336 I5  1255  4088 I6  2336  2499 I5   642 10389 17360  5.5  4.7  3.10  0.15  27.36  19.80  23.59  25.05  76     1   158  4.4
  5  5844 I5  1182  4168 I6  1785  2794 I5   395 11117 18010  5.5  4.4  3.52  0.19  29.22  19.84  24.77  26.41  74     0   192  3.6
  6  5181 I5  1319  2849 I6  1826  3017 I5   391 11354 18295  7.2  6.2  4.74  0.22  31.42  22.88  26.59  27.96  82     0   265  2.9
  7  5767 I5   927  3693 I6  1696  3011 I5   516 11182 18050  5.7  4.5  4.36  0.23  31.80  22.58  26.98  28.56  79     0   275  2.8
  8  5240 I5   990  3270 I6  1833  2878 I5   547 10573 17394  6.2  5.3  4.56  0.22  31.12  22.53  26.56  28.07  82     0   263  2.8
  9  4164 I5  1233  2310 I6  1772  2546 I5   458  9492 16589  7.6  6.7  4.68  0.19  30.27  22.84  26.13  27.63  82     0   247  3.1
 10  4125 I5   793  3569 I6  1983  2008 I5   496  8045 15757  5.5  4.8  3.71  0.15  28.84  20.92  24.65  26.48  79     0   203  3.4
 11  3080 I5   975  3077 I6  2163  1465 I5   334  6655 15023  5.6  5.0  3.21  0.11  26.84  19.61  23.09  24.54  80     0   147  4.3
 12  2632 I5   778  2528 I6  1774  1444 I5   338  5955 14659  6.3  5.8  2.63  0.08  23.51  15.33  19.16  21.09  84    32    66  3.9
 13  4371 I5  1168  3283 I6   709  2255 I5   611  8989 16525  6.1  5.3  3.53  0.15  27.83  19.23  23.37  25.06  79   124  2026  3.7
 1995
  1  2939 I5  1072  3184 I6  2626  1390 I5   368  6360 14941  5.2  4.4  2.11  0.07  21.08  10.76  15.82  18.23  76    95    20  3.9
  2  4003 I5  1314  4768 I6  3381  1398 I5   629  7606 15671  4.2  3.7  2.21  0.08  22.48  11.08  16.93  19.25  74    76    33  4.2
  3  4299 I5  1341  3420 I6  2469  2061 I5   491  9112 16525  5.7  5.0  2.54  0.10  25.41  16.25  20.67  22.38  75     4    81  4.5
  4  5022 I5  1735  3869 I6  2774  2315 I5   519 10380 17352  5.7  4.9  2.87  0.14  27.02  18.19  23.04  24.59  75     3   131  4.4
  5  6057 I5   980  4507 I6  1562  2737 I5   445 11112 18003  4.8  3.8  3.41  0.18  30.97  21.55  26.59  28.17  73     0   246  4.2
  6  5124 I5  1600  3044 I6  2471  2897 I5   502 11353 18294  6.4  5.7  4.25  0.21  31.09  22.45  26.62  27.96  78     0   253  4.0
  7  5388 I5  1298  3277 I6  1871  2969 I5   419 11185 18054  6.2  5.2  4.56  0.22  32.06  23.28  27.50  28.91  78     0   290  3.6
  8  4895 I5  1433  2848 I6  2113  2836 I5   508 10580 17398  6.4  5.7  4.98  0.21  31.95  24.17  27.82  29.17  80     0   302  4.0
  9  4758 I5   970  3373 I6  1684  2426 I5   376  9504 16600  5.6  4.8  4.70  0.18  31.46  23.31  27.02  28.73  80     0   272  2.9
 10  3516 I5  1005  2459 I6  1723  2057 I5   401  8058 15766  6.8  5.9  4.35  0.14  29.21  23.00  25.96  27.17  79     0   241  4.0
 11  3248 I5   829  3333 I6  2183  1553 I5   442  6665 15029  5.1  4.2  2.79  0.10  24.89  14.53  19.79  22.09  74    28    70  3.6
 12  2628 I5   885  2739 I6  2160  1328 I5   307  5957 14661  5.8  5.2  2.55  0.08  21.88  11.26  16.60  19.19  77    93    38  3.5
 13  4323 I5  1065  3402 I6   683  2164 I5   628  8989 16524  5.7  4.9  3.44  0.14  27.46  18.32  22.86  24.65  77   299  1976  3.9
 1996
  1  2896 I5   961  3152 I6  2457  1376 I5   356  6353 14935  5.3  4.8  2.15  0.07  22.32  11.43  16.71  19.36  74    89    43  4.2
  2  4195 I5   929  4725 I6  2345  1597 I5   512  7619 15678  3.9  3.3  2.06  0.08  22.72   9.83  16.51  19.12  73    92    33  3.9
  3  4709 I5  1518  4240 I6  2671  1967 I5   471  9147 16545  5.0  4.4  2.18  0.11  23.68  12.74  18.33  20.36  71    67    63  4.9
  4  5652 I5  1616  4878 I6  2751  2245 I5   555 10403 17367  4.5  3.9  2.51  0.15  25.76  15.94  21.42  23.26  73    17    93  4.5
  5  5860 I5  1310  4096 I6  2338  2806 I5   651 11123 18015  5.5  4.7  3.35  0.19  28.95  20.70  24.94  26.33  77     0   201  4.0
  6  5417 I5  1365  3261 I6  1940  2988 I5   328 11353 18293  6.2  5.4  4.16  0.21  30.30  21.99  25.79  27.12  79     0   234  3.6
  7  5961 J5   888  3679 J6  1508  3154 J5   449 11176 18043  5.6  4.4  4.25  0.22  31.65  23.74  27.54  28.90  79     0   290  3.7
  8  5594 J5   835  3668 J6  1571  2850 J5   463 10560 17385  6.3  4.9  4.40  0.21  31.45  23.23  27.09  28.66  79     0   279  3.3
  9  4965 J5   661  3470 J6  1284  2583 J5   377  9473 16580  6.2  4.9  4.27  0.18  32.40  23.77  27.57  29.38  78     0   293  3.5
 10  3674 J5  1116  3129 J6  2497  1844 J5   515  8022 15753  5.7  5.3  3.60  0.14  28.68  21.06  24.81  26.45  78     0   203  4.0
 11  3038 J5   814  2659 J6  1889  1645 J5   339  6638 15017  6.1  5.3  2.62  0.10  26.23  18.00  22.03  23.64  70     7   121  4.7
 12  2635 J5   869  2720 J6  2284  1353 J5   342  5953 14660  5.9  5.1  2.39  0.08  24.32  12.87  18.63  21.37  79    37    46  3.1
 13  4550 I5  1226  3640 I6   724  2201 I5   655  8985 16523  5.5  4.7  3.16  0.14  27.37  17.94  22.61  24.50  76   310  1900  3.9
 1997
  1  3168 J5   792  3491 J6  2346  1451 J5   448  6377 14951  5.3  4.7  2.23  0.07  23.74  12.35  17.91  20.75  78    62    53  3.7
  2  3502 J5  1046  3077 J6  2156  1765 J5   365  7634 15688  6.0  5.4  2.73  0.08  26.36  16.50  21.31  23.44  79    17   103  4.3
  3  4719 J5  1014  4089 J6  1985  2043 J5   445  9139 16544  5.2  4.6  2.97  0.10  27.84  18.68  23.33  25.06  75     0   153  4.5
  4  5401 J5  1459  3975 J6  2239  2510 J5   482 10400 17367  6.0  5.0  3.00  0.14  26.80  17.20  22.31  23.95  72     4   114  4.7
  5  5810 J5  1418  4221 J6  2508  2687 J5   666 11123 18018  5.7  4.8  3.55  0.18  29.35  21.19  25.35  26.72  75     0   215  4.0
  6  5954 J5  1109  4012 J6  1827  2969 J5   430 11355 18296  6.1  5.1  4.10  0.21  31.47  22.83  26.93  28.34  79     0   265  3.7
  7  6127 J5   760  4172 J6  1587  2978 J5   507 11178 18045  5.7  4.5  4.61  0.22  33.10  23.71  28.14  29.76  79     0   312  3.0
  8  5457 J5  1058  3751 J6  1875  2737 J5   402 10564 17388  5.8  4.7  4.68  0.21  32.42  23.61  27.30  28.86  81     0   300  2.6
  9  4729 J5   883  3102 J6  1287  2544 J5   333  9479 16578  6.3  5.2  4.55  0.18  30.17  22.90  26.23  27.67  83     0   246  3.5
 10  3932 J5   910  3172 J6  1716  2025 J5   367  8030 15749  5.2  4.6  3.14  0.14  28.26  20.10  23.96  25.63  77     1   183  3.8
 11  2879 J5   963  2512 J6  2121  1565 J5   338  6644 15016  5.7  5.3  2.82  0.10  24.70  16.27  20.49  22.14  80    14    78  3.6
 12  2644 J5   994  2810 J6  2527  1297 J5   373  5953 14660  6.3  5.8  2.66  0.08  22.45  13.65  17.79  19.67  80    70    61  3.7
 13  4527 J5  1260  3532 J6   584  2214 J5   600  8990 16525  5.8  5.0  3.42  0.14  28.05  19.08  23.42  25.17  78   168  2084  3.8
 1998
  1  3150 K4  1058  3673 K6  2710  1371 K4   476  6369 14946  6.9  6.1  2.32  0.07  22.84  14.06  18.31  20.44  81    48    52  4.1
  2  3992 K4  1439  4606 K6  3182  1465 K4   571  7621 15679  5.1  4.8  2.18  0.08  22.54  12.18  17.40  19.45  78    56    29  4.9
  3  5351 K4  1380  5647 K6  2708  1818 K4   664  9126 16534  5.6  4.9  2.18  0.10  22.52  13.48  18.09  19.88  75    69    59  4.9
  4  6265 K4  1166  5526 K6  2265  2365 K4   599 10390 17361  5.2  4.6  2.47  0.14  26.87  17.23  22.00  23.83  72     4   116  4.9
  5  6727 K4  1389  5862 K6  2376  2382 K4   564 11118 18010  4.7  3.8  3.15  0.18  29.52  19.48  24.65  26.37  77     0   191  3.5
  6  6825 K4   959  5726 K6  1733  2536 K4   468 11354 18294  5.3  4.7  3.98  0.21  33.47  23.17  28.31  30.01  75     0   300  3.7
  7  6153 K4  1277  4704 K6  1933  2615 K4   369 11181 18050  6.2  5.0  4.86  0.22  32.74  23.42  27.59  29.05  81     0   302  3.2
  8  6057 K4  1016  5069 K6  1719  2371 K4   414 10572 17394  6.5  5.1  4.79  0.21  31.77  23.61  27.65  28.99  82     0   290  3.0
  9  4738 K4   969  3546 K6  1609  2322 K4   329  9491 16589  7.8  6.3  4.95  0.18  30.80  23.77  26.64  27.96  83     0   269  3.4
 10  4745 K4   710  5107 K6  1431  1768 K4   394  8044 15757  5.5  5.1  3.19  0.14  29.03  21.90  25.35  27.03  76     0   221  3.6
 11  3719 K4   921  4658 K6  2175  1390 K4   412  6654 15022  4.7  4.3  2.72  0.10  26.63  17.33  22.00  23.99  81     2   111  2.9
 12  3435 K4   544  4732 K6  1969  1270 K4   387  5955 14659  5.3  4.7  2.49  0.08  25.06  15.32  20.15  22.51  81    25    83  3.1
 13  5097 K4  1315  4905 K6   750  1973 K4   509  8990 16525  5.7  4.9  3.27  0.14  27.82  18.75  23.18  24.96  78   204  2022  3.8
 1999
  1  3461 K4   785  4609 K6  2037  1312 K4   379  6361 14942  5.1  4.9  2.04  0.07  23.45  13.58  18.72  20.97  77    46    52  3.8
  2  4527 K4  1023  5646 K6  2259  1441 K4   450  7608 15671  3.9  3.8  1.88  0.08  23.61  11.71  17.63  20.32  74    55    36  3.5
  3  5685 K4  1188  6390 K6  2388  1698 K4   549  9113 16526  3.9  3.3  1.76  0.10  24.39  11.39  18.35  21.06  67    46    32  4.1
  4  6344 K4  1365  5963 K6  2289  2091 K4   530 10381 17354  4.3  3.8  2.57  0.14  28.13  16.30  22.55  24.68  73     7   124  4.0
  5  6609 K4  1046  5575 K6  1742  2502 K4   428 11113 18005  5.0  4.2  2.82  0.18  28.35  17.84  23.43  25.22  75     5   152  3.9
  6  5234 K4  1722  3521 K6  2281  2567 K4   470 11353 18294  7.5  6.1  4.59  0.21  29.40  22.40  25.50  26.57  83     0   227  3.3
  7  6463 K4   839  5142 K6  1421  2651 K4   348 11184 18052  5.2  3.9  4.24  0.22  31.55  22.74  27.31  28.74  78     0   273  3.4
  8  5393 K4  1219  4012 K6  1635  2438 K4   326 10579 17397  6.0  5.2  4.78  0.21  32.19  23.13  26.92  28.55  82     0   289  3.2
  9  4662 K4  1370  3659 K6  2132  2190 K4   391  9502 16597  6.1  5.5  4.48  0.18  30.45  22.66  26.28  27.87  81     0   247  3.7
 10  3827 K4  1155  3314 K6  2320  1903 K4   445  8057 15765  6.0  5.6  3.45  0.14  27.87  21.29  24.46  25.71  78     1   195  4.5
 11  3927 K4   531  4891 K6  1394  1431 K4   305  6664 15028  4.8  4.6  2.20  0.10  25.30  17.07  21.19  22.83  74     5    90  4.4
 12  3088 K4  1048  4369 K6  2489  1117 K4   316  5956 14661  4.8  4.6  2.33  0.08  22.32  12.61  17.51  19.82  79    59    32  3.5
 13  4935 K4  1208  4758 K6  1013  1945 K4   538  8989 16524  5.2  4.6  3.09  0.14  27.25  17.73  22.49  24.36  77   223  1750  3.8
 2000
  1  3461 K4   954  4834 K6  2575  1204 K4   414  6354 14937  4.1  3.9  1.90  0.07  21.84  10.71  16.43  19.11  77    80    16  3.8
  2  4328 K4  1256  5222 K6  2706  1448 K4   548  7621 15679  3.9  3.7  1.88  0.08  22.59  11.72  17.21  19.54  76    58    24  3.7
  3  5417 K4  1126  5592 K6  2117  1983 K4   528  9149 16547  4.2  4.1  2.31  0.11  26.39  15.55  21.05  23.24  74     3    85  4.1
  4  6350 K4  1485  5932 K6  2380  2127 K4   527 10404 17369  4.1  3.8  2.23  0.15  26.63  15.37  21.30  23.37  71    13    93  4.2
  5  6830 K4   791  5828 K6  1447  2584 K4   425 11123 18015  3.7  3.5  2.98  0.19  29.65  20.55  25.24  26.70  68     0   210  4.4
  6  6443 K4  1364  5333 K6  2063  2472 K4   428 11353 18294  4.9  4.4  4.17  0.21  30.77  22.37  26.49  27.84  76     0   247  3.9
  7  5945 K4  1329  4479 K6  1692  2581 K4   325 11175 18043  5.1  4.4  4.84  0.22  31.81  22.71  26.68  28.12  81     0   277  3.2
  8  5870 K4  1245  4828 K6  1868  2338 K4   355 10559 17385  4.9  4.4  4.65  0.21  31.26  22.61  26.80  28.37  80     0   267  3.1
  9  4808 K4  1451  4011 K6  2176  2132 K4   329  9471 16579  5.4  4.7  4.65  0.18  30.97  23.03  26.84  28.47  81     0   260  3.4
 10  4464 K4   974  4880 K6  2002  1639 K4   370  8020 15752  4.0  3.9  2.95  0.14  27.32  19.35  23.20  25.01  74     0   155  4.1
 11  3750 K4  1011  4853 K6  2245  1299 K4   386  6636 15016  4.1  3.8  2.43  0.10  25.00  13.70  19.46  21.97  78    29    60  3.4
 12  3174 K4   760  4178 K6  2013  1270 K4   316  5952 14660  4.9  4.6  2.04  0.08  22.29  12.19  17.30  19.50  77    81    47  4.1
 13  5070 K4  1245  4998 K6   609  1923 K4   528  8985 16523  4.4  4.1  3.09  0.14  27.21  17.49  22.33  24.27  76   263  1740  3.8
 2001
  1  3661 K4   826  5144 K6  2203  1200 K4   436  6378 14952  4.3  4.1  1.76  0.07  20.74   6.90  13.75  17.14  73   154    14  3.5
  2  4683 K4   885  5794 K6  1818  1492 K4   368  7635 15690  4.4  4.0  2.48  0.08  25.75  15.21  20.43  22.72  78    15    75  3.6
  3  5030 K4  1385  4945 K6  2864  1875 K4   611  9141 16545  4.7  4.4  2.42  0.10  26.00  14.39  20.00  22.29  72    30    88  4.3
  4  6427 K4  1329  6180 K6  2343  2079 K4   562 10401 17367  4.2  3.9  2.40  0.14  26.93  16.53  22.15  24.02  69     8   110  4.1
  5  6212 K4  1366  4910 K6  2127  2572 K4   485 11123 18018  5.1  4.6  2.99  0.18  28.65  20.06  24.24  25.67  73     0   187  4.0
  6  5916 K4  1198  4536 K6  1576  2526 K4   236 11355 18296  5.3  4.5  4.30  0.21  31.40  21.97  26.31  27.83  79     0   251  2.9
  7  5538 K4  1702  4119 K6  2225  2527 K4   393 11177 18045  5.9  5.1  4.90  0.22  30.96  23.11  26.51  27.76  82     0   270  3.0
  8  5800 K4  1332  4771 K6  1963  2280 K4   335 10563 17385  3.2  2.4  4.80  0.21  31.47  22.53  26.97  28.61  81     0   269  2.3
  9  4320 K4  1473  3243 K6  2098  2187 K4   319  9478 16577  5.0  4.2  4.74  0.18  29.52  22.04  25.42  26.94  84     0   224  2.7
 10  4034 K4  1272  3443 K6  2213  1931 K4   346  8029 15748  5.7  4.9  3.61  0.14  28.15  21.15  24.55  25.86  76     4   199  4.2
 11  3629 K4   927  4415 K6  2188  1439 K4   340  6643 15016  4.0  3.8  2.60  0.10  26.04  17.29  21.63  23.62  83     0   100  3.6
 12  3128 K4   830  4150 K6  2231  1274 K4   382  5953 14660  3.7  3.6  2.43  0.08  24.54  15.65  20.05  22.31  80    31    86  3.2
 13  4865 K4  1117  4637 K6   858  1948 K4   498  8990 16525  4.6  4.1  3.29  0.14  27.51  18.07  22.67  24.56  78   242  1873  3.5
 2002
  1  3520 K4  1097  5097 K6  2498  1110 K4   367  6370 14946  3.5  3.2  2.50  0.07  22.67  10.87  16.90  19.58  82    91    42  3.0
  2  4053 K4  1143  4440 K6  2389  1638 K4   476  7622 15680  4.8  4.3  2.68  0.08  22.64  12.39  17.58  19.67  77    51    28  3.8
  3  5417 K4  1431  5742 K6  2567  1833 K4   449  9128 16535  3.2  3.0  2.74  0.10  26.22  15.90  21.37  23.35  76    11    96  4.1
  4  6489 K4  1099  6000 K6  1884  2268 K4   457 10391 17362  3.0  2.8  3.25  0.14  27.89  18.92  23.67  25.26  72     0   152  4.0
  5  6463 K4  1518  5314 K6  2404  2543 K4   557 11118 18011  3.8  3.6  3.39  0.18  29.41  21.47  25.48  26.77  74     0   220  4.5
  6  5209 K4  1460  3177 K6  2079  2762 K4   327 11354 18294  6.6  5.5  4.83  0.21  29.60  22.47  25.68  26.80  86     0   231  3.1
  7  5600 K4  1307  3909 K6  1758  2697 K4   315 11181 18049  4.5  3.7  4.96  0.22  30.42  23.17  26.51  27.65  85     0   262  2.6
  8  5817 K4  1229  4688 K6  1652  2393 K4   255 10570 17394  4.1  3.5  4.79  0.21  31.11  23.25  26.88  28.35  81     0   274  2.9
  9  5025 K4  1132  4193 K6  1925  2214 K4   350  9489 16585  4.5  3.8  5.04  0.18  31.14  24.20  27.44  28.77  81     0   280  3.4
 10  4712 K4   662  4891 K6  1336  1827 K4   322  8042 15755  3.2  3.1  4.16  0.14  30.02  20.96  25.49  27.59  78     0   222  2.8
 11  3758 K4   890  4756 K6  1970  1366 K4   346  6653 15021  3.4  3.2  3.01  0.10  25.42  13.82  19.73  22.11  75    30    69  3.2
 12  3044 K4  1002  4026 K6  2418  1206 K4   360  5955 14659  4.8  4.3  2.59  0.08  22.49  11.60  17.16  19.67  79    79    39  3.5
 13  4926 K4  1131  4686 K6   802  1988 K4   576  8990 16524  4.1  3.7  3.66  0.14  27.42  18.25  22.82  24.63  79   262  1918  3.4
 2003
  1  3836 K4   712  5671 K6  2146  1128 K4   445  6362 14942  2.9  2.6  1.79  0.07  19.89   6.39  13.13  16.64  73   163     2  3.6
  2  4360 K4  1007  5189 K6  2451  1531 K4   518  7609 15672  3.9  3.7  2.69  0.08  24.75  12.92  18.77  21.38  80    41    55  3.7
  3  4923 K4  1276  4518 K6  2217  2075 K4   459  9115 16529  5.1  4.8  3.40  0.10  27.85  18.16  22.70  24.57  83     6   151  3.4
  4  6163 K4  1443  5652 K6  2386  2167 K4   482 10382 17354  3.4  3.1  2.93  0.14  26.64  16.18  21.75  23.89  79     8   100  3.7
  5  6324 K4  1380  5220 K6  1880  2538 K4   304 11114 18005  3.0  2.7  3.95  0.18  30.41  21.05  25.73  27.31  81     0   229  3.6
  6  5831 K4  1332  4282 K6  1965  2635 K4   401 11353 18294  4.4  3.6  4.81  0.21  30.91  22.83  26.52  27.78  83     0   256  3.3
  7  6004 K4  1072  4528 K6  1701  2577 K4   335 11184 18050  4.1  3.2  4.76  0.22  31.91  22.73  27.16  28.74  83     0   279  2.8
  8  5123 K4  1291  3850 K6  1760  2324 K4   279 10578 17396  4.4  3.5  5.10  0.21  31.37  23.06  26.63  27.99  83     0   275  2.7
  9  4818 K4  1351  3950 K6  2040  2142 K4   329  9501 16596  4.5  3.8  4.82  0.18  30.11  22.85  26.10  27.58  85     0   244  2.9
 10  4287 K4   893  4142 K6  2094  1909 K4   482  8055 15764  4.0  3.6  3.73  0.14  28.92  20.25  24.77  26.73  77     0   194  3.4
 11  3538 K4   943  4263 K6  2167  1432 K4   337  6663 15027  4.4  4.2  3.16  0.10  26.67  18.14  22.39  24.15  75     9   131  3.9
 12  3193 K4   972  4497 K6  2444  1114 K4   324  5956 14661  4.2  4.1  2.20  0.08  21.97  11.00  16.53  19.02  74    81    24  3.7
 13  4866 K4  1058  4647 K6   632  1964 K4   545  8989 16524  4.0  3.6  3.61  0.14  27.62  17.96  22.68  24.65  80   309  1942  3.4
 2004
  1  3734 K4   871  5544 K6  2271  1074 K4   355  6355 14938  3.3  3.2  2.27  0.07  22.01  10.00  15.96  19.02  78    85    13  3.3
  2  4042 K4  1248  4502 K6  2618  1537 K4   448  7622 15680  5.3  5.2  2.59  0.08  23.37  12.97  18.19  20.30  79    49    44  3.7
  3  5432 K4  1132  5646 K6  2259  1934 K4   544  9151 16549  3.6  3.4  2.26  0.11  24.91  14.84  20.03  22.12  71    20    68  4.4
  4  6473 K4  1173  6172 K6  2283  2140 K4   553 10405 17370  2.8  2.5  2.37  0.15  26.19  15.15  21.07  23.22  70    17    87  4.5
  5  6968 K4   986  6146 K6  1859  2468 K4   552 11124 18016  2.4  2.2  3.07  0.19  28.88  20.59  24.90  26.37  76     0   199  4.5
  6  6561 K4   859  5424 K6  1309  2538 K4   313 11353 18293  3.4  2.8  4.71  0.21  32.03  22.75  27.22  28.94  78     0   272  3.3
  7  6010 K4  1331  4641 K6  1942  2550 K4   342 11175 18042  3.4  2.8  4.78  0.22  31.96  22.90  27.15  28.70  79     0   282  2.9
  8  5198 K4  1161  3870 K6  1721  2304 K4   355 10558 17382  5.2  4.1  5.26  0.21  31.49  23.57  26.74  28.12  83     0   285  2.6
  9  4479 K4  1609  3521 K6  2148  2138 K4   414  9470 16578  4.7  3.7  4.91  0.18  30.49  24.79  27.29  28.47  80     0   279  5.1
 10  4432 K4  1114  4552 K6  2100  1733 K4   387  8019 15751  3.8  3.6  3.50  0.14  27.93  20.60  24.26  25.87  76     1   184  3.5
 11  3478 K4   986  4216 K6  2081  1399 K4   332  6635 15015  4.5  4.4  2.84  0.10  25.91  17.37  21.75  23.52  74     2   102  3.9
 12  3052 K4  1077  4128 K6  2485  1105 K4   287  5952 14660  5.2  5.0  2.59  0.08  22.14  12.10  17.26  19.35  74    76    38  3.8
 13  4988 K4  1313  4864 K6   893  1910 K4   535  8985 16523  4.0  3.6  3.43  0.14  27.28  18.14  22.65  24.50  76   250  1853  3.8
 2005
  1  3566 K4   931  5179 K6  2353  1132 K4   391  6379 14955  4.1  4.1  2.41  0.07  22.63  12.35  17.42  19.79  76    65    39  4.0
  2  4139 K4  1158  4711 K6  2491  1564 K4   467  7637 15690  4.0  3.9  2.63  0.08  23.31  12.10  17.70  20.22  73    45    27  3.9
  3  4874 K4  1720  4930 K6  3098  1773 K4   660  9143 16547  4.3  3.9  2.60  0.10  24.04  13.61  18.75  20.74  72    51    66  4.1
  4  6388 K4   998  6040 K6  1912  2181 K4   565 10402 17368  2.7  2.5  2.25  0.14  25.91  14.43  20.66  22.90  67    11    66  4.5
  5  6125 K4  1849  4978 K6  2686  2484 K4   495 11124 18019  3.8  3.4  3.41  0.18  28.53  19.89  24.50  25.84  73     0   182  3.8
  6  4724 K4  1874  2878 K6  2500  2584 K4   494 11355 18296  6.6  5.3  4.93  0.21  29.94  23.41  26.42  27.34  83     0   250  3.3
  7  6309 K4  1167  4943 K6  1894  2660 K4   444 11177 18045  3.1  2.5  4.79  0.22  32.20  24.98  28.59  29.78  77     0   318  3.5
  8  6088 K4  1150  5172 K6  1701  2292 K4   256 10562 17383  3.4  2.9  5.16  0.21  32.76  24.20  28.34  29.79  77     0   315  3.0
  9  4821 K4  1412  4117 K6  2316  2094 K4   346  9476 16577  4.3  3.7  4.52  0.18  31.07  23.60  27.08  28.67  78     0   270  3.8
 10  4008 K4  1127  3637 K6  1988  1927 K4   430  8027 15748  4.7  4.3  4.01  0.14  28.52  21.25  24.68  26.15  77     7   210  4.0
 11  3414 K4  1063  3872 K6  2360  1466 K4   394  6642 15016  4.5  4.3  3.01  0.10  25.63  17.27  21.51  23.24  79    10   104  3.8
 12  3143 K4  1080  4409 K6  2701  1085 K4   349  5953 14660  4.1  3.9  2.46  0.08  22.18  12.12  16.87  19.40  78    69    32  3.8
 13  4800 K4  1186  4572 K6   842  1937 K4   540  8990 16525  4.1  3.7  3.51  0.14  27.23  18.27  22.71  24.49  76   257  1880  3.8
 2006
  1  3687 K4   680  5255 K6  2141  1217 K4   441  6371 14947  3.4  3.1  2.21  0.07  23.23  11.67  17.70  20.28  73    69    42  4.0
  2  4366 K4  1401  5626 K6  2835  1235 K4   418  7624 15680  3.2  3.0  2.15  0.08  22.02   9.96  16.19  18.78  74    90    24  3.7
  3  5690 K4  1127  6484 K6  2159  1696 K4   530  9130 16535  2.1  1.9  2.24  0.10  25.05  13.65  19.62  21.98  67    24    55  4.2
  4  6530 K4   942  6178 K6  2040  2149 K4   555 10393 17363  3.1  2.9  2.75  0.14  28.37  18.07  23.20  25.20  67     0   147  4.4
  5  6539 K4  1575  5626 K6  2539  2310 K4   502 11119 18012  1.6  1.5  3.22  0.18  29.93  18.38  24.37  26.26  68     0   181  3.4
  6  6132 K4  1730  4908 K6  2374  2449 K4   424 11354 18294  3.1  2.6  4.31  0.21  30.77  22.48  26.50  27.76  76     0   249  3.5
  7  5863 K4  1385  4400 K6  1982  2589 K4   367 11180 18049  2.3  1.8  4.83  0.22  30.93  23.38  27.02  28.16  78     0   274  3.0
  8  5564 K4  1278  4425 K6  1723  2379 K4   383 10569 17394  1.7  1.5  4.96  0.21  31.55  22.65  26.93  28.49  78     0   272  2.9
  9  5101 K4   904  4550 K6  1500  2107 K4   339  9488 16585  2.4  2.0  4.56  0.18  31.11  22.50  26.38  28.15  76     0   254  2.9
 10  4570 K4   937  4806 K6  1795  1787 K4   354  8040 15754  2.5  2.2  3.42  0.14  28.85  19.16  24.12  26.34  68     3   179  3.8
 11  3637 K4   812  4249 K6  2068  1478 K4   367  6652 15021  3.9  3.6  2.57  0.10  25.04  15.00  19.88  22.04  71    35    85  4.1
 12  2920 K4   829  3463 K6  1965  1334 K4   269  5955 14659  5.0  4.8  3.31  0.08  25.35  18.26  21.73  23.24  73    11   118  4.4
 13  5050 K4  1206  4997 K6   869  1894 K4   499  8990 16524  2.9  2.6  3.38  0.14  27.68  17.93  22.80  24.72  72   231  1880  3.7
 2007
  1  3362 K4   951  4380 K6  2457  1281 K4   383  6363 14942  4.6  4.2  2.93  0.07  23.74  15.22  19.60  21.56  72    46    82  4.0
  2  4109 K4  1627  5076 K6  3140  1270 K4   471  7611 15674  3.7  3.6  2.46  0.08  22.89  11.50  17.26  19.66  69    64    32  3.8
  3  5200 K4  1094  5166 K6  2221  2018 K4   549  9117 16529  3.4  3.1  2.40  0.10  25.44  15.92  20.84  22.62  64    19    92  4.5
  4  6191 K4  1612  5895 K6  2416  2065 K4   448 10383 17355  2.7  2.5  2.59  0.14  27.29  15.97  21.91  23.91  63     8   107  4.1
  5  6245 K4   980  4885 K6  1694  2715 K4   466 11114 18006  4.6  4.1  3.13  0.18  28.48  20.62  24.62  25.93  63     0   193  4.7
  6  5992 K4  1805  4630 K6  2433  2526 K4   368 11353 18294  3.1  2.8  4.29  0.21  30.47  21.91  26.27  27.61  73     0   236  3.6
  7  5924 K4  1206  4452 K6  1782  2536 K4   382 11183 18050  2.1  1.7  5.14  0.22  31.65  23.14  26.85  28.20  77     0   281  2.6
  8  6161 K4  1040  5271 K6  1625  2343 K4   332 10577 17396  1.4  1.3  4.67  0.21  32.73  23.96  28.19  29.82  76     0   310  2.6
  9  4756 K4  1215  3846 K6  1777  2234 K4   275  9499 16595  3.0  2.4  4.78  0.18  31.43  23.53  27.23  28.93  78     0   274  3.1
 10  3969 K4  1082  3412 K6  1926  1972 K4   314  8053 15762  4.4  4.0  4.52  0.14  29.39  23.82  26.42  27.57  78     0   256  4.3
 11  3734 K4   851  4703 K6  1993  1369 K4   373  6662 15027  3.2  3.0  2.83  0.10  25.67  16.08  20.88  23.00  75     7    84  3.3
 12  3140 K4   765  4074 K6  1970  1308 K4   299  5956 14661  4.4  4.0  3.04  0.08  25.09  14.97  20.13  22.43  82    22    74  2.6
 13  4898 K4  1196  4649 K6   679  1970 K4   537  8989 16524  3.4  3.1  3.56  0.14  27.85  18.89  23.35  25.10  73   167  2022  3.6
 2008
  1  3310 K4  1051  4253 K6  2605  1268 K4   420  6356 14939  5.2  4.9  2.63  0.07  22.56  12.75  17.95  20.05  75    61    40  3.5
  2  4455 K4  1004  5381 K6  2375  1501 K4   501  7624 15681  3.6  3.4  2.66  0.08  25.34  14.24  20.10  22.34  75    33    75  3.7
  3  5224 K4  1283  5218 K6  2318  1998 K4   443  9152 16549  4.1  3.9  2.60  0.11  25.07  15.20  20.42  22.29  72    18    74  4.1
  4  6221 K4  1144  5480 K6  2177  2348 K4   550 10407 17372  2.9  2.6  2.66  0.15  26.11  15.99  21.51  23.37  71    11    92  4.1
  5  6504 K4  1378  5443 K6  2089  2514 K4   462 11124 18017  2.7  2.4  3.23  0.19  28.87  19.97  24.43  25.86  73     0   189  4.3
  6  6264 K4  1069  4815 K6  1649  2599 K4   348 11353 18293  2.9  2.1  4.42  0.21  30.96  21.70  26.13  27.63  80     0   240  2.9
  7  5636 K4  1373  4089 K6  1790  2573 K4   361 11174 18041  2.5  2.1  4.89  0.22  31.24  22.31  26.22  27.68  81     0   262  2.5
  8  4793 K4  1660  3454 K6  2116  2272 K4   453 10557 17381  2.7  2.2  5.18  0.21  31.32  23.48  26.98  28.31  82     0   281  3.5
  9  5015 K4  1335  4263 K6  2060  2209 K4   406  9468 16578  4.2  3.3  4.52  0.18  30.10  23.81  26.92  28.21  79     0   259  3.8
 10  4092 K4  1133  3993 K6  2244  1773 K4   434  8017 15746  4.8  4.5  3.56  0.14  27.79  20.27  23.93  25.42  73    11   187  4.0
 11  3813 K4   790  5041 K6  2167  1278 K4   419  6634 15015  3.2  3.0  2.30  0.10  23.96  13.00  18.21  20.71  75    48    53  3.4
 12  3322 K4   755  4627 K6  2132  1175 K4   377  5952 14661  4.4  4.0  2.46  0.08  23.81  14.03  19.05  21.26  76    39    57  3.5
 13  4887 K4  1124  4671 K6   663  1959 K4   540  8985 16523  3.6  3.2  3.43  0.14  27.26  18.06  22.65  24.43  76   220  1809  3.6
 2009
  1  3771 K4   957  5773 K6  2359  1024 K4   338  6380 14955  1.9  1.7  2.04  0.07  21.81   9.05  15.43  18.75  74   104    15  3.2
  2  4689 K4   893  5901 K6  1936  1413 K4   432  7639 15691  2.8  2.5  1.98  0.08  22.09  10.32  16.39  18.99  69    79    20  3.8
  3  5023 K4  1270  5021 K6  2476  1962 K4   511  9144 16549  4.0  3.6  2.40  0.10  24.57  13.98  19.59  21.64  71    27    56  4.2
  4  6226 K4  1387  5707 K6  2302  2266 K4   544 10403 17369  2.6  2.4  2.46  0.14  26.69  16.05  21.67  23.61  70    15   106  4.4
  5  6151 K4  1577  5105 K6  2317  2396 K4   393 11124 18020  2.7  2.4  3.75  0.18  29.05  20.12  24.47  25.84  79     0   194  3.8
  6  6389 K4  1153  5221 K6  1648  2408 K4   243 11355 18295  2.3  1.8  4.51  0.21  31.70  22.43  26.65  28.10  80     0   262  3.0
  7  6217 K4  1065  5009 K6  1449  2443 K4   293 11176 18045  2.1  1.8  4.80  0.22  32.13  22.75  26.86  28.44  81     0   282  2.5
  8  5780 K4  1117  4736 K6  1429  2337 K4   266 10561 17383  2.0  1.6  4.90  0.21  31.87  23.76  27.68  29.19  81     0   294  2.7
  9  5173 K4   906  4529 K6  1567  2138 K4   327  9474 16575  3.1  2.6  4.94  0.18  31.06  23.00  26.80  28.57  81     0   261  2.4
 10  4530 K4   988  4709 K6  1811  1761 K4   339  8025 15747  2.9  2.7  4.24  0.14  30.47  20.75  25.66  27.68  77     5   231  3.1
 11  3402 K4   941  3796 K6  2130  1487 K4   370  6641 15015  4.3  4.0  2.88  0.10  26.33  16.72  21.30  23.37  77    12   108  3.5
 12  2769 K4  1005  3270 K6  2298  1278 K4   305  5953 14660  5.1  4.8  3.13  0.08  23.56  14.66  19.25  21.14  82    49    73  3.8
 13  5010 K4  1215  4898 K6   778  1909 K4   501  8990 16525  3.0  2.7  3.50  0.14  27.61  17.80  22.65  24.61  77   291  1901  3.4
 2010
  1  3440 K4  1041  4831 K6  2643  1137 K4   459  6372 14949  2.7  2.5  1.86  0.07  19.69   7.19  13.40  16.39  73   173    21  4.0
  2  3915 K4  1492  4444 K6  3001  1489 K4   530  7626 15683  3.3  3.0  1.85  0.08  19.21   7.91  13.55  15.95  73   144    11  3.8
  3  5097 K4  1736  5699 K6  3064  1588 K4   526  9131 16539  2.5  2.3  1.96  0.10  22.17  10.14  16.21  18.83  73    80    13  4.1
  4  6035 K4  1491  5672 K6  2538  2101 K4   545 10394 17364  3.1  2.9  2.57  0.14  26.34  17.06  21.84  23.69  73     2   103  4.1
  5  6487 K4  1140  5543 K6  1918  2502 K4   439 11120 18014  2.3  2.1  3.69  0.18  29.34  21.61  25.30  26.72  79     0   221  3.8
  6  6354 K4   997  5306 K6  1647  2501 K4   340 11354 18295  1.9  1.5  4.64  0.21  32.22  23.41  27.62  29.18  79     0   284  3.0
  7  6275 K4  1272  5034 K6  1910  2497 K4   340 11180 18048  2.3  1.9  4.78  0.22  32.27  24.52  28.29  29.68  78     0   312  3.3
  8  5562 K4  1364  4468 K6  2005  2377 K4   333 10568 17394  4.6  3.7  5.37  0.21  32.09  23.26  27.39  28.93  80     0   290  2.8
  9  4948 K4  1336  4305 K6  1960  2113 K4   359  9486 16583  5.7  4.4  4.61  0.18  30.27  22.84  26.13  27.63  82     0   247  3.1
 10  4654 K4   964  5339 K6  1918  1581 K4   336  8039 15752  5.8  5.0  3.02  0.14  28.84  20.92  24.65  26.49  79     0   203  3.8
 11  3524 K4   993  4491 K6  2247  1300 K4   330  6651 15021  6.1  5.0  2.67  0.10  26.84  19.61  23.09  24.54  80     0   147  4.1
 12  3440 K4  1078  5694 K6  2564   842 K4   234  5954 14658  5.6  4.5  1.50  0.08  23.51  15.33  19.16  21.09  84    32    66  3.5
 13  4977 K4  1183  5069 K6   542  1836 K4   586  8990 16525  3.8  3.2  3.21  0.14  26.90  17.82  22.22  24.09  78   432  1918  3.6
