701718 AMBLER                 AK  -9  N67  6  W157 51    88  1003
 1991-2010
 MO AVGLO FL SDGLO AVDIR FL SDDIR AVDIF FL SDDIF AVETR AETRN  TOT  OPQ   H2O   TAU  MAX_T  MIN_T  AVG_T  AVGDT  RH  HTDD  CLDD AVWS
  1    60 J8     8   552 J9   253    39 J8     4   194  5441  5.3  4.5  0.38  0.05 -17.66 -25.37 -21.35 -21.16  73  1235     0  2.6
  2   516 J8    74  1373 J8   600   318 J8    35  1342 11121  6.2  5.1  0.44  0.07 -13.33 -21.03 -17.04 -16.35  71  1003     0  3.2
  3  1904 J8   228  3804 J8  1124   840 J8   120  3779 16186  4.9  3.9  0.42  0.09 -10.50 -18.57 -14.37 -13.45  60  1019     0  3.2
  4  3574 J8   341  4698 J8  1247  1704 J8   235  7004 21145  5.9  5.0  0.61  0.10  -2.93 -11.22  -6.87  -6.02  61   762     0  3.3
  5  4888 J8   568  6019 J8  1496  2058 J8   220  9972 26564  5.6  4.8  0.97  0.11   8.78   0.22   4.70   5.11  60   429     0  3.0
  6  5687 J8   596  6790 J8  1592  2352 J8   256 11539 31675  5.7  4.7  1.59  0.10  18.40   8.17  13.55  13.55  58   157     5  2.4
  7  4820 J8   600  5569 J8  1452  2168 J8   170 10645 28795  6.3  5.4  1.94  0.09  19.06  10.28  14.88  15.08  65   123     9  2.2
  8  3291 J8   459  4213 J8  1386  1554 J8   158  7945 22511  6.6  5.9  1.68  0.07  14.77   6.93  10.91  11.63  72   233     1  2.3
  9  1897 J8   273  3047 J8  1143   959 J8   111  4754 17585  6.8  6.1  1.16  0.05   8.27   1.64   4.90   5.82  70   401     0  2.7
 10   795 J8   105  2053 J8   747   428 J8    47  2004 12674  6.7  5.9  0.71  0.04  -3.30  -8.61  -5.88  -5.11  72   753     0  2.9
 11   148 J8    18  1001 J8   397    85 J8    12   410  7228  5.3  4.8  0.53  0.04 -11.89 -17.81 -14.78 -14.46  69   995     0  2.9
 12     3 J9     1   227 J9    96     2 J9     0    13  1923  5.7  5.1  0.43  0.04 -15.71 -21.98 -18.71 -18.66  69  1152     0  3.0
 13  2299 J8   142  3279 J8   482  1042 J8    82  4967 16904  5.9  5.1  0.91  0.07  -0.50  -8.11  -4.17  -3.67  67  8263    16  2.8
 1991
  1    55 J8    67   436 J8   611    38 J8    41   191  5403  5.8  5.2  0.46  0.04 -18.26 -27.65 -23.03 -23.00  73  1280     0  2.8
  2   583 J8   343  1962 J8  1591   298 J8   167  1321 11057  4.4  3.7  0.47  0.06 -16.81 -25.87 -21.27 -19.98  72  1111     0  3.4
  3  1943 J8   827  4229 J8  2691   766 J8   313  3735 16110  4.1  3.4  0.46  0.08 -10.48 -20.90 -15.52 -14.28  63  1055     0  3.7
  4  3463 J8  1118  4157 J8  3284  1843 J8   632  6955 21069  6.4  5.4  0.60  0.09  -2.71 -11.95  -6.98  -6.00  69   770     0  2.4
  5  4801 J8  1302  5371 J8  3628  2373 J8   681  9935 26470  5.8  5.1  0.97  0.09   8.88  -1.74   3.91   4.41  67   458     0  3.1
  6  5643 J8  1837  6465 J8  4312  2398 J8   610 11533 31647  5.6  4.9  1.68  0.09  21.89  10.26  16.59  16.60  62   108    40  2.9
  7  4601 J8  1972  4572 J8  4341  2315 J8   601 10675 28889  7.2  6.2  1.69  0.08  19.20   9.18  14.80  15.05  66   136     8  3.0
  8  3792 J8  1057  4793 J8  3357  1708 J8   526  7992 22591  5.7  5.2  1.54  0.09  17.77   5.26  11.84  13.17  69   211     0  2.5
  9  1837 J8   971  2260 J8  2563  1066 J8   350  4801 17660  7.4  6.4  1.23  0.10  12.67   3.29   7.79   9.21  67   310     0  3.5
 10   694 J8   385  1317 J8  1616   447 J8   198  2037 12744  5.8  5.5  0.71  0.12  -1.90  -7.92  -4.94  -3.68  76   721     0  3.1
 11   151 J8   127   679 J8   657    93 J8    67   423  7317  1.1  1.0  0.54  0.14 -19.84 -26.65 -23.47 -22.23  68  1247     0  2.0
 12     1 J9     2    24 J9    61     1 J9     2    14  1947  5.1  4.5  0.36  0.16 -20.55 -27.40 -24.01 -24.22  71  1311     0  2.4
 13  2297 J8  2070  3022 J8  2162  1112 J8   964  4968 16909  5.4  4.7  0.89  0.10  -0.85 -10.17  -5.36  -4.58  69  8717    48  2.9
 1992
  1    46 J8    50   107 J8   193    39 J8    41   186  5354  5.2  4.6  0.38  0.19 -17.73 -24.65 -20.89 -20.53  72  1225     0  2.9
  2   473 J8   244   818 J8   934   346 J8   162  1341 11104  3.8  3.5  0.37  0.23 -22.09 -30.87 -26.32 -24.85  65  1299     0  2.2
  3  1487 J8   642  1465 J8  1730  1053 J8   316  3809 16233  6.1  5.5  0.38  0.26 -12.35 -23.38 -17.42 -16.14  70  1122     0  2.3
  4  3059 J8  1222  2571 J8  2929  1974 J8   501  7035 21190  6.4  6.0  0.52  0.29  -4.54 -14.65  -9.18  -8.11  69   838     0  2.7
  5  4392 J8  1738  4083 J8  3510  2375 J8   476  9996 26626  5.3  5.0  0.81  0.27   9.70   1.35   5.75   6.14  58   397     0  3.5
  6  5141 J8  1266  4276 J8  2802  2900 J8   384 11543 31691  5.9  5.3  1.48  0.25  18.70   8.78  13.92  13.92  57   143     5  2.7
  7  5787 J8  1373  6720 J8  3381  2385 J8   642 10626 28734  3.4  3.0  1.74  0.22  20.62  10.75  16.14  16.37  58    92    10  2.6
  8  3037 J8  1080  2572 J8  2034  1863 J8   422  7916 22464  7.2  6.6  1.57  0.18  14.01   7.35  10.68  11.26  72   237     0  2.8
  9  2210 J8   628  3706 J8  2167  1026 J8   360  4724 17542  3.3  3.1  0.62  0.15   2.23  -5.22  -1.47  -0.29  56   595     0  3.4
 10   699 J8   314  1416 J8  1322   441 J8   186  1981 12619  5.5  4.8  0.61  0.12  -6.38 -12.61  -9.38  -8.91  71   863     0  3.1
 11   128 J8   118   425 J8   648    93 J8    70   401  7173  5.8  5.3  0.48  0.11 -11.07 -18.50 -14.70 -14.44  64   993     0  3.6
 12     2 J9     3    27 J9    51     2 J9     3    12  1896  7.3  6.5  0.35  0.10 -16.50 -23.13 -19.79 -19.60  62  1182     0  4.4
 13  2205 J8  2073  2349 J8  2042  1208 J8  1048  4964 16886  5.4  4.9  0.78  0.20  -2.12 -10.40  -6.06  -5.43  65  8986    15  3.0
 1993
  1    51 J8    59    98 J9   196    44 J8    46   200  5507  7.0  6.1  0.32  0.11 -20.63 -28.00 -24.40 -24.66  85  1322     0  2.5
  2   486 J8   250   680 J8   683   376 J8   162  1353 11156  7.1  6.2  0.55  0.12 -12.81 -19.35 -15.98 -15.34  59   963     0  3.5
  3  1716 J8   709  2176 J8  1748  1062 J8   281  3787 16201  6.6  5.3  0.47  0.13  -9.07 -19.75 -14.19 -13.36  54  1015     0  2.6
  4  3571 J8  1158  4238 J8  3104  1843 J8   442  7012 21160  5.9  4.7  0.67  0.14  -0.64  -8.00  -4.45  -3.71  58   680     0  4.1
  5  4690 J8  1257  5071 J8  3738  2326 J8   770  9979 26581  6.2  5.7  1.09  0.14   8.91   1.06   5.06   5.45  58   414     0  3.5
  6  5773 J8  1374  5824 J8  3095  2734 J8   606 11541 31689  6.3  5.0  1.58  0.13  18.64   8.91  13.93  13.94  53   137     1  3.3
  7  4934 J8  1553  5182 J8  2828  2397 J8   424 10641 28784  6.1  5.3  2.07  0.11  20.84  11.21  16.28  16.52  59    90    18  2.7
  8  3117 J8  1007  3329 J8  2636  1706 J8   359  7938 22498  7.1  6.5  1.49  0.09  12.84   5.44   9.26   9.96  71   285     0  2.6
  9  1715 J8   757  1688 J8  1576  1135 J8   353  4747 17573  8.5  7.7  0.98  0.07   5.06  -0.98   2.00   2.81  76   489     0  3.2
 10   590 J8   253   852 J8  1095   456 J8   206  1998 12654  8.1  7.5  0.77  0.05  -1.88  -5.35  -3.35  -2.95  83   680     0  3.3
 11   128 J8   107   390 J8   358   104 J8    85   408  7217  7.2  6.5  0.52  0.04 -10.60 -16.55 -13.49 -13.43  77   957     0  3.7
 12     3 J9     5   110 J9   161     2 J9     3    13  1914  6.3  5.1  0.50  0.04 -11.33 -16.25 -13.60 -13.35  68   996     0  4.0
 13  2231 J8  2108  2470 J8  2159  1182 J8   998  4968 16911  6.9  6.0  0.92  0.10  -0.06  -7.30  -3.58  -3.18  67  8028    19  3.3
 1994
  1    58 J8    57   324 J9   349    45 J8    46   195  5456  6.8  5.3  0.45  0.06 -15.06 -22.06 -18.50 -18.31  61  1144     0  3.0
  2   582 J8   347  1682 J8  1432   321 J8   169  1338 11115  5.7  4.6  0.44  0.07 -15.02 -22.25 -18.29 -17.52  59  1035     0  2.5
  3  1763 J8   628  3097 J8  2412   899 J8   388  3762 16161  5.9  5.0  0.36  0.09 -17.35 -24.60 -20.76 -20.10  63  1219     0  3.3
  4  3428 J8  1098  3454 J8  2169  2029 J8   442  6985 21116  7.0  5.7  0.56  0.10  -5.88 -13.21  -9.57  -8.82  62   836     0  3.1
  5  5288 J8  1472  6505 J8  3539  2165 J8   522  9959 26527  5.2  4.1  1.04  0.10   9.70   1.35   5.75   6.15  58   397     0  3.5
  6  5762 J8  1389  6458 J8  3227  2482 J8   418 11537 31664  6.3  5.1  1.44  0.10  16.22   5.99  11.60  11.60  55   220     3  2.5
  7  4825 J8  1591  5353 J8  3665  2243 J8   466 10657 28834  6.9  5.8  2.03  0.08  18.60  11.20  14.82  15.02  71   114     7  2.3
  8  2571 J8  1205  2043 J8  2643  1663 J8   412  7963 22540  8.5  8.0  1.70  0.06  13.23   7.46  10.41  10.80  78   250     2  2.8
  9  1783 J8   719  2523 J8  2504  1016 J8   319  4772 17613  6.9  6.3  1.15  0.05   6.98   0.18   3.57   4.50  65   443     0  3.0
 10   765 J8   342  1604 J8  1527   493 J8   203  2017 12698  7.4  6.8  0.57  0.03  -5.58 -11.34  -8.46  -7.72  68   830     0  2.7
 11   151 J8   120   748 J8   775   111 J8    98   415  7261  5.9  5.3  0.40  0.03 -16.59 -23.89 -20.22 -19.80  76  1157     0  3.0
 12     3 J9     6   190 J9   314     2 J9     2    13  1932  5.7  5.2  0.36  0.03 -19.11 -25.12 -21.98 -22.01  74  1254     0  2.7
 13  2248 J8  2119  2832 J8  2228  1122 J8   946  4968 16910  6.5  5.6  0.88  0.07  -2.49  -9.69  -5.97  -5.52  66  8898    13  2.9
 1995
  1    59 J8    59   366 J9   417    46 J8    47   191  5408  6.6  5.8  0.45  0.04 -16.99 -23.28 -20.04 -19.98  80  1192     0  2.2
  2   554 J8   273  1918 J8  1518   284 J8   132  1323 11076  4.8  4.2  0.47  0.06 -11.15 -18.74 -15.12 -14.71  67   932     0  3.3
  3  1924 J8   790  3549 J8  2769   909 J8   368  3738 16121  5.5  4.3  0.42  0.08 -15.75 -24.15 -19.71 -18.81  74  1187     0  2.7
  4  3732 J8  1044  4648 J8  2829  1851 J8   476  6958 21073  6.7  4.7  0.72  0.09  -1.53  -8.80  -5.00  -4.23  70   705     0  3.4
  5  4606 J8  1649  5426 J8  3990  2045 J8   516  9938 26475  5.4  5.0  1.12  0.09  10.51   2.10   6.34   6.73  65   373     0  3.3
  6  5788 J8  1271  6622 J8  3331  2508 J8   550 11533 31648  6.0  5.2  1.41  0.09  15.31   6.23  10.99  11.00  60   227     0  2.3
  7  4811 J8  1708  5527 J8  4024  2131 J8   466 10673 28882  6.6  5.6  1.98  0.08  18.74  10.20  14.71  14.90  63   122     2  2.4
  8  3075 J8  1168  3081 J8  2707  1746 J8   443  7989 22586  7.6  7.0  1.75  0.06  15.21   6.62  10.86  11.71  72   230     0  2.1
  9  1893 J8   768  2724 J8  2429  1033 J8   295  4798 17653  7.2  6.4  1.42  0.04  11.50   4.60   8.00   8.88  72   308     0  3.0
 10   766 J8   370  1367 J8  1475   513 J8   199  2035 12740  8.1  7.1  0.73  0.03  -2.59  -7.39  -5.01  -4.10  69   723     0  3.2
 11   144 J8    86  1020 J9   891    95 J8    82   422  7307  4.4  3.9  0.53  0.02 -14.22 -21.41 -17.72 -17.18  73  1084     0  2.6
 12     3 J9     5   168 J9   235     2 J9     3    14  1947  7.4  5.3  0.46  0.03 -17.22 -22.41 -19.81 -19.70  67  1182     0  3.5
 13  2279 J8  2069  3035 J8  2157  1097 J8   919  4968 16910  6.3  5.4  0.95  0.06  -0.68  -8.04  -4.29  -3.79  69  8266     3  2.8
 1996
  1    46 J8    51   220 J9   349    38 J8    38   187  5359  8.2  7.6  0.40  0.04 -18.17 -24.44 -21.25 -21.10  74  1229     0  2.7
  2   420 J8   203   579 J8   755   345 J8   150  1342 11117  9.2  7.1  0.29  0.06 -16.17 -25.74 -20.76 -20.14  79  1139     0  3.4
  3  1602 J8   693  2128 J8  2310  1000 J8   301  3812 16241  8.2  6.7  0.51  0.08  -8.03 -15.94 -11.91 -11.02  64   940     0  3.2
  4  3376 J8  1036  3701 J8  2666  1879 J8   430  7039 21196  7.7  6.4  0.52  0.09  -5.39 -13.47  -9.25  -8.33  57   833     0  4.5
  5  3722 J8  1486  3046 J8  3090  2299 J8   393  9998 26631  8.2  7.2  1.03  0.09   9.07   0.32   5.00   5.43  62   423     0  2.6
  6  5563 J8  1438  6439 J8  3398  2447 J8   355 11543 31692  7.1  4.7  1.48  0.09  15.41   6.36  11.10  11.11  61   224     0  2.5
  7  3954 J8  1744  3090 J8  3972  2421 J8   371 10623 28721  9.3  7.5  1.90  0.08  17.21   9.45  13.36  13.51  69   155     1  2.5
  8  3404 J8  1230  4333 J8  3983  1653 J8   558  7912 22459  7.9  5.4  1.40  0.06  13.69   4.75   9.42  10.29  64   286     3  3.0
  9  2407 J8  1002  4951 J8  3247   827 J8   278  4721 17535  5.3  4.3  1.00  0.04   6.46  -1.78   2.38   3.56  63   480     0  3.8
 10   971 J8   477  3555 J8  2396   342 J8   192  1979 12616  4.1  3.7  0.53  0.03  -5.60 -12.95  -9.03  -8.11  72   856     0  3.4
 11   139 J8    99   964 J8   988    85 J8    61   400  7165  5.5  5.1  0.62  0.02 -10.34 -16.07 -13.01 -13.08  71   946     0  3.5
 12     5 J9     7   395 J9   363     2 J9     3    12  1896  4.6  2.6  0.43  0.03 -17.41 -24.35 -20.71 -20.94  55  1216     0  2.5
 13  2134 J8  1865  2784 J8  1976  1111 J8   977  4964 16886  7.1  5.7  0.84  0.06  -1.61  -9.49  -5.39  -4.90  66  8725     4  3.1
 1997
  1    59 J8    54   554 J9   455    39 J8    35   201  5513  4.7  3.6  0.41  0.04 -14.59 -24.56 -19.58 -19.54  75  1175     0  3.3
  2   524 J8   279  1145 J8  1109   366 J8   170  1355 11169  6.9  4.8  0.50  0.06  -7.45 -14.32 -10.30  -9.71  73   818     0  4.1
  3  2306 J8   706  5153 J8  1885   845 J8   358  3790 16207  4.2  1.6  0.31  0.08 -11.30 -20.24 -15.24 -14.29  63  1057     0  3.1
  4  3932 J8  1239  5402 J8  3286  1749 J8   564  7016 21165  5.6  4.1  0.69  0.09   1.52  -7.31  -2.58  -1.68  61   637     0  3.3
  5  5035 J8  1603  6000 J8  3900  2325 J8   584  9982 26589  6.3  4.5  0.99  0.09  11.19   2.67   7.09   7.54  57   353     0  3.3
  6  6393 J8  1332  8093 J8  3563  2422 J8   638 11542 31689  6.9  3.7  1.72  0.09  20.33   9.49  15.13  15.13  56   118    16  2.5
  7  5526 J8  1701  6993 J8  4483  2220 J8   783 10638 28774  6.1  4.0  1.93  0.08  18.38   9.13  14.23  14.45  66   143     1  2.6
  8  2918 J8  1238  2964 J8  2998  1700 J8   412  7935 22492  8.2  7.2  1.86  0.06  15.17   7.92  11.60  12.21  82   211     1  2.4
  9  1826 J8   789  2795 J8  2893   971 J8   321  4744 17565  7.5  6.4  1.49  0.04  10.41   3.43   6.83   7.82  73   342     0  2.8
 10  1032 J8   440  3630 J8  1872   382 J8   235  1996 12651  4.3  2.8  0.55  0.03  -7.34 -13.48 -10.28  -9.41  69   891     0  3.0
 11   165 J8   140  1229 J8  1106    87 J8    64   407  7206  5.2  4.9  0.56  0.02  -7.05 -12.02  -9.12  -8.89  36   836     0  3.5
 12     3 J9     4   296 J9   306     1 J9     2    13  1912  3.0  2.8  0.36  0.03 -17.81 -23.36 -20.55 -20.57  71  1206     0  3.0
 13  2476 J8  2279  3688 J8  2627  1092 J8   943  4968 16911  5.7  4.2  0.95  0.06   0.95  -6.89  -2.73  -2.24  65  7788    17  3.1
 1998
  1    67 J8    63   935 J8   614    37 J8    37   196  5462  2.8  2.4  0.43  0.04 -19.74 -24.94 -22.25 -21.78  65  1261     0  3.7
  2   637 J8   310  2431 J8  1475   297 J8   161  1340 11123  3.5  3.0  0.52  0.06 -13.39 -19.45 -16.18 -15.71  64   973     0  4.9
  3  1954 J8   588  3998 J8  2169   867 J8   404  3765 16167  4.0  3.5  0.63  0.08  -4.76 -11.59  -8.07  -7.13  62   822     0  3.3
  4  3728 J8  1123  4817 J8  3002  1834 J8   515  6989 21122  5.5  4.6  0.64  0.09   1.52  -4.85  -1.47  -0.98  68   600     0  3.5
  5  4917 J8  1706  5954 J8  3867  2122 J8   533  9961 26534  6.0  4.9  1.06  0.09   7.78  -0.67   3.71   4.07  62   458     0  4.0
  6  5484 J8  1839  6361 J8  4689  2486 J8   685 11538 31666  5.9  5.1  1.43  0.09  16.18   8.14  12.36  12.36  65   186     1  2.2
  7  4543 J8  1699  4665 J8  3842  2279 J8   479 10654 28831  7.2  6.4  2.29  0.08  20.13  12.47  16.17  16.31  73    69     6  2.0
  8  2484 J8   920  1977 J8  2666  1723 J8   371  7960 22534  8.4  8.0  1.75  0.06  11.71   6.01   8.99   9.49  79   293     0  2.6
  9  1718 J8   873  2483 J8  2985   965 J8   344  4769 17606  7.3  6.9  1.15  0.04   8.37   3.23   5.75   6.41  73   376     0  3.0
 10   844 J8   502  2229 J8  2236   414 J8   145  2014 12696  6.0  5.9  0.67  0.03  -0.79  -5.06  -2.89  -2.28  68   659     0  3.8
 11   146 J8   113  1064 J8  1104    81 J8    61   414  7253  5.5  5.2  0.67  0.02  -9.75 -14.13 -11.73 -11.33  69   908     0  3.3
 12     4 J9     7   325 J9   446     2 J9     3    13  1931  5.9  5.4  0.44  0.03 -17.08 -23.07 -19.82 -19.70  70  1191     0  2.2
 13  2210 J8  2005  3103 J8  2008  1092 J8   946  4968 16910  5.7  5.1  0.97  0.06   0.01  -6.16  -2.95  -2.52  68  7796     7  3.2
 1999
  1    69 J8    74   797 J8   665    36 J8    31   192  5413  3.8  3.2  0.32  0.04 -23.05 -29.67 -26.17 -25.80  73  1385     0  2.5
  2   534 J8   254  1291 J8  1022   367 J8   194  1325 11077  6.2  5.0  0.31  0.06 -20.54 -26.96 -23.64 -22.56  74  1178     0  2.6
  3  1792 J8   649  2767 J8  2014  1018 J8   382  3741 16124  7.2  5.2  0.46  0.08 -13.49 -21.24 -17.38 -16.47  55  1107     0  4.5
  4  3154 J8  1234  2417 J8  2280  2130 J8   517  6962 21080  9.0  7.8  0.60  0.09  -4.78 -13.01  -8.69  -7.88  63   817     0  4.1
  5  4807 J8  2013  5733 J8  4817  2066 J8   585  9940 26482  5.8  5.3  0.76  0.09   8.89  -0.03   4.67   5.12  54   431     0  2.4
  6  6286 J8  2044  8750 J8  5156  2026 J8   608 11534 31649  4.8  3.4  1.54  0.09  19.56   8.83  14.44  14.45  55   131     7  2.4
  7  4918 J8  2022  5512 J8  4708  2201 J8   615 10670 28875  6.4  5.7  1.77  0.08  18.39  10.03  14.30  14.45  64   139    11  2.1
  8  3203 J8  1082  4233 J8  3882  1599 J8   609  7985 22579  6.3  5.9  1.84  0.06  15.52   8.23  11.82  12.58  70   203     3  2.4
  9  2067 J8   786  3780 J8  2994   926 J8   372  4794 17647  5.8  5.4  1.19  0.04   9.67   2.29   5.84   6.93  72   370     0  2.5
 10   738 J8   348  1780 J8  2070   447 J8   236  2033 12737  7.4  6.7  0.65  0.03  -5.61 -10.39  -8.14  -7.37  62   816     0  3.0
 11   177 J8   145  1573 J8  1228    74 J8    56   421  7300  3.2  3.2  0.58  0.02 -15.60 -21.05 -18.51 -18.18  61  1100     0  2.3
 12     4 J9     7   289 J9   358     2 J9     2    14  1947  4.3  4.1  0.33  0.03 -22.77 -30.36 -26.30 -26.38  71  1392     0  2.4
 13  2312 J8  2157  3244 J8  2474  1074 J8   889  4968 16909  5.9  5.1  0.86  0.06  -2.82 -10.28  -6.48  -5.93  65  9069    21  2.8
 2000
  1    49 J8    61   513 J8   589    33 J8    35   187  5363  5.0  4.7  0.29  0.04 -18.15 -27.79 -22.17 -21.64  72  1280     0  2.5
  2   453 J8   298  1249 J8  1556   275 J8   122  1344 11119  6.3  6.2  0.52  0.06  -8.90 -14.31 -11.58 -11.16  69   868     0  4.4
  3  1949 J8   643  4616 J8  2477   714 J8   281  3815 16242  3.4  3.1  0.49  0.08  -8.99 -14.73 -11.96 -10.91  51   936     0  4.3
  4  4144 J8  1229  7108 J8  3840  1383 J8   495  7042 21201  2.6  2.4  0.47  0.09  -3.93 -12.80  -8.11  -7.09  50   801     0  3.8
  5  4562 J8  1857  5421 J8  4774  2026 J8   577 10001 26637  5.8  5.4  0.74  0.09   2.47  -5.13  -1.08  -0.66  64   609     0  2.2
  6  5983 J8  1862  7979 J8  4687  2102 J8   581 11544 31694  4.5  4.1  1.52  0.09  18.31   7.43  13.06  13.06  57   164     0  2.4
  7  4277 J8  1622  4510 J8  3636  2148 J8   413 10621 28713  6.8  6.3  1.76  0.08  16.48   7.90  12.21  12.37  68   190     0  2.4
  8  2740 J8  1236  2974 J8  3396  1553 J8   409  7909 22451  7.5  7.2  1.49  0.06  12.06   5.78   8.86   9.44  71   292     0  2.5
  9  1534 J8   714  2075 J8  2877   933 J8   295  4717 17529  7.7  7.5  0.95  0.04   5.14   0.18   2.65   3.34  74   470     0  2.4
 10   855 J8   503  2400 J8  2530   408 J8   180  1977 12615  6.1  5.7  0.64  0.03  -3.97  -8.77  -6.31  -5.59  68   766     0  3.7
 11   132 J8   121   793 J9  1053    77 J8    52   399  7156  7.1  5.7  0.59  0.02  -4.61  -9.37  -6.79  -6.56  71   760     0  3.3
 12     2 J9     2   177 J9   217     1 J9     2    12  1901  6.2  5.2  0.55  0.03  -7.46 -15.25 -11.12 -11.04  73   920     0  3.7
 13  2223 J8  2075  3318 J8  2603   971 J8   841  4964 16885  5.7  5.3  0.83  0.06  -0.13  -7.24  -3.53  -3.04  66  8056     0  3.1
 2001
  1    64 J8    63   490 J9   527    45 J8    44   201  5518  7.4  4.7  0.49  0.04 -12.74 -20.92 -16.55 -16.74  67  1090     0  2.9
  2   530 J8   325  1332 J8  1417   333 J8   162  1357 11171  7.1  5.6  0.48  0.06  -9.83 -18.80 -14.21 -13.32  66   914     0  3.8
  3  2230 J8   781  4883 J8  2293   844 J8   301  3793 16211  4.4  2.1  0.40  0.08 -12.37 -20.31 -16.23 -15.58  60  1075     0  4.0
  4  4058 J8  1201  5937 J8  3348  1665 J8   592  7019 21169  5.2  3.9  0.59  0.09  -3.91 -12.53  -7.87  -7.11  64   797     0  4.5
  5  6020 J8  1413  8716 J8  3577  1887 J8   569  9984 26594  5.2  2.8  0.67  0.09   2.64  -6.12  -1.40  -0.99  63   622     0  3.1
  6  6290 J8  1439  7912 J8  4086  2369 J8   602 11542 31690  5.7  4.1  1.49  0.09  18.48   7.87  13.46  13.47  54   155     1  2.5
  7  5576 J8  1608  7197 J8  4323  2158 J8   637 10636 28766  5.6  4.2  1.71  0.08  18.29   9.73  14.28  14.45  66   141     7  3.2
  8  4038 J8  1320  6235 J8  3656  1430 J8   490  7931 22486  6.3  4.1  1.66  0.06  17.90   8.32  13.22  14.10  68   163     1  2.6
  9  1897 J8   838  2986 J8  3111  1000 J8   370  4740 17559  7.4  6.3  1.27  0.04   9.92   4.86   7.36   8.01  74   328     0  2.4
 10   836 J8   371  2081 J8  1795   468 J8   231  1994 12651  7.9  5.5  0.65  0.03  -4.14  -9.88  -6.93  -5.98  68   785     0  3.1
 11   163 J8   133  1277 J9   970    85 J8    62   406  7201  5.6  3.2  0.45  0.02 -13.61 -20.66 -17.01 -16.55  59  1064     0  3.4
 12     3 J9     6   170 J9   319     2 J9     3    13  1912  7.5  6.3  0.32  0.03 -15.66 -22.86 -19.11 -18.79  66  1165     0  4.8
 13  2642 J8  2440  4101 J8  3066  1024 J8   859  4968 16911  6.3  4.4  0.85  0.06  -0.42  -8.44  -4.25  -3.75  65  8299     8  3.4
 2002
  1    60 J8    58   459 J9   449    43 J8    42   197  5469  5.9  4.6  0.45  0.04 -16.06 -25.58 -20.92 -20.89  74  1214     0  3.4
  2   594 J8   309  1678 J8  1342   348 J8   152  1342 11125  7.0  3.7  0.42  0.06  -8.88 -17.65 -13.34 -13.05  68   885     0  4.0
  3  1995 J8   716  4044 J8  2540   893 J8   350  3768 16169  5.5  2.8  0.48  0.08  -4.88 -12.03  -8.28  -7.42  62   830     0  3.3
  4  3330 J8  1201  4985 J8  3911  1428 J8   457  6992 21129  5.2  4.9  0.61  0.09  -4.20 -12.83  -8.35  -7.55  68   805     0  2.7
  5  5456 J8  2120  7992 J8  5417  1679 J8   520  9964 26541  4.1  4.0  0.91  0.09  10.26   1.93   6.28   6.67  53   379     0  3.4
  6  5942 J8  1801  7455 J8  4805  2331 J8   736 11538 31667  5.2  4.0  1.44  0.09  17.60   6.86  12.65  12.66  51   184     1  2.6
  7  4891 J8  1535  5663 J8  4254  2209 J8   640 10652 28822  6.5  5.2  1.87  0.08  18.86   9.52  14.42  14.67  62   147    19  1.9
  8  3950 J8  1806  6357 J8  5003  1311 J8   493  7956 22529  4.5  4.1  1.40  0.06  14.30   4.51   9.74  10.61  64   277     0  2.5
  9  1583 J8   712  2069 J8  2779   983 J8   317  4766 17600  7.6  7.5  1.40  0.04   9.17   3.53   6.21   6.98  76   359     0  2.5
 10   807 J8   348  2538 J8  2122   391 J8   203  2012 12692  6.3  5.9  0.95  0.03   1.31  -3.77  -1.37  -0.62  72   606     0  2.5
 11   140 J8   114   860 J8  1026    86 J8    69   413  7247  6.0  5.9  0.75  0.02  -5.23  -9.68  -7.29  -6.97  68   774     0  3.9
 12     2 J9     4   211 J9   300     1 J9     2    13  1931  5.7  5.5  0.59  0.03 -10.88 -16.07 -13.26 -13.22  75   986     0  3.0
 13  2396 J8  2222  3692 J8  2764   975 J8   827  4968 16910  5.8  4.8  0.94  0.06   1.78  -5.94  -1.96  -1.51  66  7447    21  3.0
 2003
  1    66 J8    68   758 J8   667    34 J8    33   192  5419  4.0  3.6  0.47  0.04 -12.50 -19.62 -15.76 -15.61  67  1066     0  3.6
  2   548 J8   351  1195 J8  1406   355 J8   153  1327 11079  8.6  5.4  0.55  0.06 -10.69 -18.34 -14.38 -13.59  72   920     0  3.1
  3  2122 J8   771  4945 J8  2476   737 J8   298  3744 16124  3.4  2.5  0.41  0.08 -12.65 -21.50 -16.92 -16.11  63  1098     0  2.1
  4  3357 J8  1240  4663 J8  4166  1556 J8   547  6965 21084  5.6  5.4  0.67  0.09  -0.40  -7.04  -3.61  -2.88  62   661     0  3.7
  5  4676 J8  1917  6053 J8  5006  1936 J8   640  9943 26488  5.3  5.0  0.85  0.09   6.49  -0.49   3.13   3.46  58   475     0  3.0
  6  6124 J8  1301  8224 J8  3446  2127 J8   500 11534 31651  4.6  4.0  1.74  0.09  19.77   9.20  14.47  14.48  59   117     2  2.4
  7  4357 J8  2097  5078 J8  5121  2060 J8   549 10668 28870  6.3  5.8  1.87  0.08  15.32   7.51  11.78  11.93  73   214     0  2.3
  8  3210 J8  1623  4215 J8  4250  1455 J8   396  7982 22571  6.3  5.9  1.86  0.06  15.23   7.23  11.26  11.95  75   220     0  1.9
  9  2125 J8   863  4362 J8  3696   826 J8   361  4791 17642  5.0  4.7  1.00  0.04   7.04  -0.39   3.25   4.37  65   450     0  3.0
 10   716 J8   427  1437 J8  2086   453 J8   203  2030 12736  7.8  7.1  1.04  0.03   1.58  -3.27  -0.81  -0.15  80   594     0  2.4
 11   126 J8   100   578 J8   882    94 J8    76   421  7296  7.3  7.2  0.64  0.02 -10.81 -15.63 -13.27 -13.38  75   947     0  1.7
 12     4 J9     8   326 J9   495     1 J9     2    14  1946  5.1  5.0  0.40  0.03 -15.97 -21.87 -18.78 -18.51  79  1155     0  2.3
 13  2286 J8  2069  3486 J8  2553   970 J8   817  4968 16909  5.8  5.1  0.96  0.06   0.20  -7.02  -3.30  -2.84  69  7917     2  2.6
 2004
  1    67 J8    69   781 J8   640    38 J8    43   188  5369  3.6  3.4  0.27  0.04 -17.45 -22.35 -19.57 -19.48  54  1185     0  3.3
  2   392 J8   225   475 J8   879   320 J8   133  1346 11121  8.9  7.8  0.43  0.06 -13.24 -19.88 -16.37 -15.65  67  1012     0  4.3
  3  1972 J8   877  4190 J8  2568   781 J8   267  3818 16247  3.8  3.5  0.42  0.08 -12.42 -19.48 -15.78 -14.85  53  1063     0  3.3
  4  3815 J8  1151  5981 J8  3641  1477 J8   539  7046 21207  4.6  4.1  0.73  0.09   1.86  -5.47  -1.79  -0.94  58   604     0  3.8
  5  4062 J8  1690  3825 J8  3877  2228 J8   475 10004 26642  7.0  6.4  1.35  0.09  11.49   3.40   7.38   7.75  67   337     0  2.8
  6  6358 J8  1622  9024 J8  4536  1923 J8   607 11544 31695  4.0  3.7  1.78  0.09  22.00  11.14  17.00  17.01  59    70    18  2.2
  7  5639 J8  1678  7992 J8  4253  1890 J8   539 10618 28706  4.8  3.9  2.21  0.08  21.47  12.53  17.11  17.30  68    61    19  1.3
  8  3616 J8  1585  5625 J8  4975  1352 J8   649  7905 22445  5.2  4.6  2.25  0.06  18.55  10.86  14.69  15.45  74   125    13  1.5
  9  2240 J8  1031  4626 J8  3629   818 J8   346  4714 17524  5.2  4.8  0.85  0.04   5.90  -1.40   2.25   3.37  68   482     0  2.3
 10   677 J8   462  1266 J8  2131   425 J8   162  1975 12613  7.7  7.4  0.91  0.03  -1.40  -5.88  -3.60  -2.96  78   681     0  3.6
 11   142 J8   133   959 J8  1277    74 J8    56   398  7151  6.7  6.6  0.57  0.02  -8.80 -13.49 -10.99 -10.76  76   884     0  3.7
 12     3 J9     4   235 J9   323     1 J9     2    12  1899  6.2  6.1  0.46  0.03 -14.66 -20.10 -17.30 -17.26  71  1107     0  4.4
 13  2415 J8  2254  3748 J8  3032   944 J8   804  4964 16885  5.7  5.2  1.02  0.06   1.11  -5.85  -2.25  -1.75  66  7612    50  3.0
 2005
  1    72 J8    78   757 J8   788    37 J8    33   202  5522  5.2  4.6  0.41  0.04 -14.44 -22.29 -18.06 -17.42  73  1137     0  2.2
  2   436 J8   229  1034 J8  1152   309 J8   174  1359 11172  6.4  6.2  0.50  0.06 -14.00 -20.47 -16.79 -16.22  73   996     0  3.4
  3  1770 J8   900  3437 J8  2813   779 J8   289  3796 16215  5.2  4.7  0.52  0.08  -7.50 -14.00 -10.43  -9.55  62   901     0  4.8
  4  3950 J8  1098  5042 J8  3133  1912 J8   464  7023 21176  8.1  4.1  0.55  0.09  -9.12 -18.24 -13.46 -12.49  71   960     0  2.6
  5  5591 J8  1680  7825 J8  4297  1890 J8   629  9987 26603  4.5  3.5  1.21  0.09  12.17   2.34   7.37   7.80  63   343     0  3.1
  6  6384 J8  1797  9411 J8  4794  1878 J8   600 11542 31691  3.6  3.2  1.83  0.09  20.51   9.19  15.08  15.08  58   114    10  2.4
  7  5302 J8  1930  7549 J8  5121  1868 J8   692 10633 28753  4.6  4.0  1.81  0.08  19.64  10.10  15.26  15.52  63   113     6  2.2
  8  3697 J8  1805  5523 J8  4861  1355 J8   429  7927 22482  5.2  4.9  1.86  0.06  17.32   9.48  13.42  14.12  71   160     7  2.2
  9  1363 J8   590  1484 J8  2487   979 J8   329  4737 17556  8.1  7.9  1.41  0.04   9.25   3.85   6.50   7.19  77   353     0  2.9
 10   819 J8   544  2337 J8  2640   375 J8   150  1992 12646  6.0  5.7  0.75  0.03  -1.19  -6.56  -3.87  -2.96  69   688     0  3.1
 11   181 J8   135  1806 J8  1156    64 J8    42   405  7195  2.5  2.3  0.28  0.02 -17.43 -23.58 -20.33 -19.74  60  1165     0  2.8
 12     3 J9     5   279 J9   341     1 J9     2    13  1915  5.6  5.6  0.58  0.03 -11.52 -17.15 -14.34 -14.39  72  1013     0  4.0
 13  2464 J8  2382  3874 J8  3120   954 J8   796  4968 16910  5.4  4.7  0.98  0.06   0.31  -7.28  -3.30  -2.75  68  7945    22  3.0
 2006
  1    72 J8    79   808 J8   882    34 J8    31   197  5475  4.5  4.1  0.27  0.04 -20.01 -28.18 -24.28 -24.55  87  1315     0  1.2
  2   487 J8   294  1208 J8  1353   303 J8   136  1344 11126  6.6  6.3  0.47  0.06  -9.84 -17.03 -13.53 -12.97  76   889     0  3.6
  3  2042 J8   869  4780 J8  2913   702 J8   262  3772 16172  3.4  3.2  0.34  0.08  -7.24 -14.94 -10.95 -10.00  54   912     0  2.6
  4  4044 J8  1562  6715 J8  4070  1357 J8   431  6996 21134  3.6  3.1  0.44  0.09  -4.26 -13.50  -8.51  -7.49  61   816     0  2.8
  5  5268 J8  1555  6681 J8  3899  2073 J8   598  9966 26548  5.0  4.2  1.06  0.09  10.56   1.00   6.02   6.44  61   389     0  2.8
  6  4160 J8  1580  3237 J8  3562  2639 J8   430 11538 31670  8.0  7.5  1.67  0.09  17.14   7.04  12.55  12.56  60   187     0  2.6
  7  4175 J8  1998  4088 J8  4602  2220 J8   549 10650 28814  7.6  6.9  2.06  0.08  19.55  10.79  15.46  15.68  65   111    14  2.0
  8  3567 J8  1398  5191 J8  3718  1459 J8   480  7953 22522  5.5  5.3  1.52  0.06  15.05   7.72  11.27  11.95  75   215     0  2.0
  9  1950 J8  1151  3043 J8  3544   924 J8   270  4762 17595  7.4  7.0  1.44  0.04  12.08   4.03   7.94   9.11  62   308     0  2.4
 10   683 J8   337  1675 J8  2089   409 J8   196  2010 12692  7.3  7.2  0.90  0.03  -2.42  -7.48  -4.67  -4.00  76   722     0  2.7
 11   147 J8    95  1313 J8  1074    76 J8    64   412  7241  3.9  3.8  0.39  0.02 -12.97 -19.02 -16.24 -16.20  66  1030     0  2.5
 12     4 J9     7   234 J9   446     1 J9     2    13  1932  7.3  7.1  0.45  0.03 -19.85 -26.23 -23.10 -23.20  68  1282     0  2.1
 13  2216 J8  1938  3248 J8  2258  1016 J8   923  4968 16910  5.8  5.5  0.92  0.06  -0.18  -7.98  -4.00  -3.56  67  8178    14  2.5
 2007
  1    53 J8    58   369 J9   425    40 J8    44   193  5427  7.1  6.1  0.46  0.04 -21.67 -30.87 -26.19 -25.65  70  1383     0  1.4
  2   631 J8   342  2492 J8  1753   265 J8   110  1329 11082  3.3  2.8  0.28  0.06 -14.78 -22.10 -18.00 -17.42  77  1030     0  2.5
  3  2229 J8   687  5593 J8  2093   693 J8   284  3747 16129  1.5  1.2  0.23  0.08  -8.99 -17.73 -13.32 -12.45  60   982     0  1.3
  4  3386 J8  1457  4579 J8  3893  1518 J8   372  6969 21090  6.0  5.7  0.75  0.09  -4.50 -12.57  -8.27  -7.38  67   806     0  3.0
  5  5836 J8  1468  8655 J8  3490  1669 J8   507  9946 26493  3.8  3.4  0.81  0.09  10.21   0.97   5.88   6.34  60   395     0  2.0
  6  5628 J8  1589  6442 J8  3954  2399 J8   528 11534 31653  5.8  5.1  1.76  0.09  18.59   9.02  13.92  13.93  55   137     1  1.9
  7  5629 J8  1908  8032 J8  4845  1783 J8   504 10666 28862  4.4  3.9  2.06  0.08  20.70  11.17  16.17  16.37  60    93    18  1.5
  8  3900 J8  1266  6081 J8  4222  1428 J8   560  7978 22565  5.3  4.7  1.87  0.06  14.46   6.25  10.31  11.11  67   247     0  1.6
  9  1778 J8   937  2453 J8  3104  1026 J8   304  4788 17637  8.5  6.8  1.33  0.04   9.74   3.38   6.35   7.16  75   353     0  2.3
 10   822 J8   418  2103 J8  1997   443 J8   194  2028 12735  8.6  5.6  0.62  0.03  -4.34  -9.28  -6.67  -6.02  73   779     0  2.7
 11   139 J8   107   872 J8  1014    86 J8    66   420  7290  5.6  5.5  0.61  0.02  -8.49 -13.55 -10.86 -10.68  74   881     0  2.6
 12     3 J9     7   285 J9   375     1 J9     2    14  1946  5.5  5.4  0.35  0.03 -11.75 -18.57 -14.69 -14.71  62  1038     0  2.7
 13  2503 J8  2299  3996 J8  2956   946 J8   805  4967 16909  5.5  4.7  0.93  0.06  -0.07  -7.82  -3.78  -3.28  67  8123    19  2.1
 2008
  1    57 J8    46   682 J9   571    37 J8    38   188  5377  4.5  3.5  0.33  0.04 -12.10 -20.81 -15.86 -15.28  79  1078     0  2.0
  2   576 J8   388  2205 J8  1991   258 J8   107  1348 11124  3.9  3.8  0.35  0.06  -9.25 -15.42 -12.18 -11.77  68   889     0  0.8
  3  1485 J8   806  2612 J8  3291   795 J8   304  3821 16252  6.3  6.1  0.45  0.08 -12.30 -20.18 -16.16 -15.36  54  1072     0  3.3
  4  2959 J8  1235  3139 J8  3410  1728 J8   453  7049 21212  6.9  6.7  0.62  0.09   2.59  -6.27  -1.54  -0.82  34   605     0  2.6
  5  4414 J8  1830  5332 J8  4743  1981 J8   576 10006 26650  5.9  5.5  0.97  0.09   9.99   1.55   6.02   6.42  59   389     0  3.2
  6  4952 J8  1987  5383 J8  4391  2293 J8   491 11544 31696  6.3  5.8  1.63  0.09  16.41   6.73  11.92  11.93  62   203     1  1.8
  7  4339 J8  1976  4909 J8  4919  2112 J8   490 10616 28703  6.7  6.1  1.84  0.08  17.84   9.62  13.82  13.97  63   154    11  1.9
  8  3531 J8  1418  5287 J8  4178  1402 J8   480  7902 22441  5.3  4.8  1.39  0.06  13.30   5.62   9.59  10.13  68   275     0  1.8
  9  1712 J8   823  1811 J8  3049  1158 J8   320  4711 17520  9.1  7.3  1.01  0.04   7.66   1.47   4.55   5.41  68   413     0  2.4
 10   863 J8   483  1904 J8  2101   498 J8   184  1972 12609  8.7  5.7  0.46  0.03  -5.99 -12.48  -9.01  -7.89  69   855     0  1.5
 11   166 J8   128  1301 J8  1013    80 J8    63   397  7148  6.3  3.3  0.42  0.02 -14.23 -20.40 -17.41 -16.96  91  1069     0  2.2
 12     3 J9     5   274 J9   360     1 J9     2    12  1901  5.6  5.5  0.44  0.03 -14.42 -19.96 -16.90 -17.16  67  1101     0  2.5
 13  2088 J8  1858  2903 J8  1883  1029 J8   863  4964 16886  6.3  5.3  0.83  0.06  -0.04  -7.54  -3.60  -3.11  65  8104    12  2.2
 2009
  1    62 J8    62   731 J8   639    37 J8    38   202  5530  3.5  3.4  0.31  0.04 -25.44 -34.61 -29.87 -30.00  84  1499     0  1.8
  2   398 J8   255   695 J8  1260   301 J8   138  1361 11177  7.7  7.4  0.45  0.06 -13.91 -24.35 -19.16 -18.42  69  1049     0  2.6
  3  1860 J8   864  4076 J8  3275   744 J8   331  3799 16218  4.9  4.7  0.34  0.08 -10.44 -18.84 -14.42 -13.47  50  1022     0  3.7
  4  3536 J8  1424  5345 J8  4142  1414 J8   430  7026 21181  4.7  4.5  0.64  0.09  -6.57 -15.31 -10.90 -10.01  64   878     0  2.7
  5  4775 J8  2017  5979 J8  4681  1875 J8   502  9990 26607  5.3  5.1  0.91  0.09   4.45  -3.28   0.91   1.29  63   550     0  2.0
  6  4754 J8  2138  5082 J8  5013  2289 J8   469 11542 31692  6.7  6.2  1.65  0.09  17.02   6.74  12.15  12.15  56   197     3  2.0
  7  4561 J8  1848  5649 J8  4620  2098 J8   499 10631 28748  5.9  5.3  2.17  0.08  20.13  11.88  15.89  16.10  68    85    13  1.9
  8  3045 J8  1547  3972 J8  4400  1452 J8   426  7924 22473  6.6  6.4  1.53  0.06  12.59   6.95   9.89  10.33  77   265     0  1.9
  9  1962 J8  1054  3574 J8  3891   860 J8   338  4733 17550  6.4  5.9  1.15  0.04   6.96   0.94   4.11   4.82  63   431     0  2.1
 10   861 J8   365  2799 J8  2262   397 J8   240  1989 12645  5.4  5.1  0.93  0.03  -2.61  -7.09  -4.72  -4.10  79   719     0  2.0
 11   177 J8   154  1613 J8  1457    64 J8    39   404  7191  4.4  4.3  0.35  0.02 -15.83 -23.57 -19.65 -19.23  76  1141     0  1.8
 12     2 J9     3   278 J9   341     1 J9     2    12  1917  4.7  4.6  0.57  0.03 -16.39 -22.82 -19.80 -19.61  66  1176     0  2.1
 13  2166 J8  1905  3316 J8  2062   961 J8   838  4968 16911  5.5  5.2  0.92  0.06  -2.50 -10.28  -6.30  -5.85  68  9012    16  2.2
 2010
  1    71 J8    70   861 J8   602    39 J8    40   198  5481  3.7  3.3  0.32  0.04 -18.48 -25.07 -21.63 -21.32  72  1243     0  1.7
  2   475 J8   222  1393 J8  1213   293 J8   120  1346 11133  5.8  5.4  0.45  0.06 -17.95 -28.65 -23.32 -22.95  93  1166     0  2.4
  3  1939 J8   931  4337 J8  3088   698 J8   230  3775 16175  3.8  3.6  0.32  0.08  -9.69 -15.82 -12.72 -11.64  55   964     0  2.2
  4  3453 J8  1145  5056 J8  3708  1503 J8   521  6999 21138  5.4  4.9  0.68  0.09  -3.63 -12.53  -7.85  -6.82  51   792     0  2.7
  5  4847 J8  2115  6719 J8  5382  1810 J8   545  9969 26555  5.2  4.7  1.10  0.09  10.30   1.91   6.29   6.69  54   379     0  2.5
  6  5323 J8  1571  6371 J8  3602  2285 J8   479 11539 31672  5.3  4.8  1.62  0.09  20.01   9.25  14.64  14.65  58   112     2  1.7
  7  3752 J8  1763  3107 J8  3852  2214 J8   282 10647 28809  7.9  7.5  1.94  0.08  20.89  11.25  16.38  16.62  59    88    18  1.5
  8  2925 J8  1189  3466 J8  3687  1520 J8   483  7949 22518  7.3  7.1  1.93  0.06  15.47   6.90  11.11  11.97  72   221     0  1.4
  9  2348 J8   765  5550 J8  3538   708 J8   363  4759 17592  3.4  3.3  1.26  0.04   9.17   3.36   6.12   6.87  75   362     0  1.9
 10   856 J8   467  2776 J8  2407   354 J8   171  2008 12689  5.7  5.4  0.66  0.03  -5.25 -11.12  -8.14  -7.33  68   822     0  2.8
 11   122 J8    97   563 J8   797    92 J8    74   412  7238  7.3  7.2  0.63  0.02 -10.76 -16.92 -13.69 -13.59  67   965     0  2.2
 12     3 J9     5   256 J9   281     2 J9     3    13  1933  4.7  4.5  0.36  0.03 -15.86 -23.25 -19.21 -18.86  64  1174     0  1.8
 13  2176 J8  1902  3371 J8  2276   960 J8   859  4968 16911  5.5  5.1  0.94  0.06  -0.48  -8.39  -4.33  -3.81  66  8290    20  2.1
