722065 JACKSONVILLE NAS       FL  -5  N30 14  W081 40     9  1012
 1991-2010
 MO AVGLO FL SDGLO AVDIR FL SDDIR AVDIF FL SDDIF AVETR AETRN  TOT  OPQ   H2O   TAU  MAX_T  MIN_T  AVG_T  AVGDT  RH  HTDD  CLDD AVWS
  1  2917 K5   361  3656 K6   919  1230 K5    68  5947 14704  5.5  5.3  1.95  0.08  18.47   8.25  13.11  14.96  69   166    12  3.5
  2  3609 K5   463  3890 K6  1049  1530 K5   125  7263 15541  5.8  5.5  1.94  0.09  19.89   9.66  14.50  16.35  67   115    15  3.7
  3  4726 K5   440  4501 K6   859  1938 K5   147  8887 16525  5.3  5.0  2.10  0.11  22.96  12.64  17.59  19.31  66    61    45  4.0
  4  5794 K5   455  4961 K6   831  2338 K5   141 10292 17474  5.1  4.8  2.35  0.15  26.27  16.04  20.97  22.69  63    16   101  3.9
  5  6256 K5   472  4828 K6   857  2693 K5   197 11144 18227  5.4  5.1  3.11  0.19  29.90  20.35  24.80  26.20  66     1   211  3.9
  6  5925 K5   508  4102 K6   893  2819 K5   236 11440 18560  6.5  5.9  4.26  0.21  32.00  23.27  26.98  28.24  72     0   279  3.5
  7  5894 K5   428  4162 K6   759  2756 K5   243 11234 18286  6.3  5.7  4.66  0.23  33.10  24.35  28.06  29.31  72     0   322  3.2
  8  5327 K5   417  3694 K6   758  2619 K5   239 10514 17539  6.5  6.0  4.77  0.22  32.58  24.49  27.94  29.21  74     0   316  3.2
  9  4559 K5   345  3497 K6   589  2249 K5   142  9291 16616  6.2  5.9  4.27  0.19  30.83  23.29  26.60  27.98  75     0   262  3.6
 10  3905 K5   405  3626 K6   904  1828 K5   129  7717 15659  5.4  5.1  3.16  0.15  27.12  18.79  22.72  24.24  72     7   150  3.5
 11  3175 K5   270  3654 K6   715  1381 K5    90  6248 14807  5.1  4.8  2.38  0.11  22.86  13.36  17.89  19.59  71    55    49  3.7
 12  2656 K5   278  3401 K6   791  1167 K5    89  5522 14385  5.7  5.4  2.09  0.09  19.04   9.36  13.93  15.72  72   145    17  3.4
 13  4562 K5   239  3998 K6   614  2046 K5   121  8792 16527  5.7  5.4  3.09  0.15  26.25  16.99  21.26  22.82  70   567  1779  3.6
 1991
  1  2108 J5  1024  1881 J6  1971  1218 J5   310  5940 14699  7.5  7.4  2.48  0.07  19.32   9.97  14.43  16.34  75   128    14  3.0
  2  3395 J5  1194  3362 J6  2951  1591 J5   550  7245 15529  5.9  5.5  2.15  0.08  21.62  10.29  15.73  18.14  61    82    16  3.4
  3  4507 J5  1421  4239 J6  2617  1865 J5   509  8862 16508  5.6  5.0  2.36  0.10  24.15  12.92  18.26  20.19  63    53    59  4.0
  4  4928 J5  1257  3423 J6  2340  2486 J5   503 10274 17461  6.5  6.0  2.99  0.14  28.15  18.07  22.59  24.52  71     2   146  2.7
  5  6219 J5   982  5024 J6  2177  2542 J5   660 11135 18215  5.1  4.6  3.91  0.18  31.07  21.93  25.95  27.42  71     0   253  3.3
  6  6353 J5   922  4667 J6  1526  2821 J5   404 11439 18558  5.8  5.2  4.35  0.20  31.67  22.01  26.21  27.77  72     0   255  2.8
  7  6146 J5   821  4267 J6  1360  2895 J5   438 11241 18294  6.0  5.4  4.88  0.22  32.85  23.63  27.28  28.71  74     0   307  2.7
  8  5455 J5   787  3596 J6  1282  2772 J5   370 10529 17555  6.2  5.7  4.75  0.25  33.05  23.93  27.64  29.26  72     0   315  3.0
  9  4930 J5   879  3621 J6  1285  2475 J5   334  9314 16632  5.5  5.1  4.10  0.26  31.93  22.15  26.40  28.27  70     0   261  3.3
 10  3565 J5  1127  2690 J6  1916  1961 J5   270  7742 15673  5.4  5.3  3.08  0.25  27.97  17.77  22.34  24.56  68     1   142  3.3
 11  3030 J5   656  2880 J6  1568  1564 J5   339  6266 14819  5.1  4.4  2.34  0.24  22.11  11.21  16.14  18.48  61    90    40  3.3
 12  2418 J5   712  2103 J6  1548  1416 J5   324  5525 14387  5.4  4.8  2.47  0.24  21.48  10.29  15.57  17.99  64   104    28  3.2
 13  4421 J5  1496  3480 J6   976  2134 J5   598  8793 16528  5.8  5.4  3.32  0.19  27.11  17.01  21.54  23.47  69   461  1837  3.2
 1992
  1  2508 J5   976  2155 J6  1591  1422 J5   383  5932 14694  6.0  5.6  2.10  0.25  18.26   7.00  12.36  14.70  59   181     4  3.2
  2  2842 J5  1122  1875 J6  1957  1769 J5   357  7259 15534  6.9  6.8  2.30  0.27  20.88  10.64  15.12  17.25  62    93    18  3.7
  3  4415 J5  1315  3180 J6  2184  2293 J5   418  8901 16531  5.8  4.9  1.90  0.28  23.10  11.04  16.79  19.01  53    68    29  3.0
  4  5293 J5  1430  3614 J6  2162  2700 J5   555 10301 17475  4.5  4.2  2.34  0.30  25.42  13.78  19.52  21.68  55    32    70  3.0
  5  5697 J5  1184  3311 J6  2194  3206 J5   642 11148 18229  5.8  5.3  2.73  0.32  29.24  17.06  22.79  24.85  58     9   159  3.0
  6  6200 J5  1037  3793 J6  1609  3246 J5   546 11440 18560  5.2  4.8  4.30  0.33  32.33  22.63  26.50  27.97  73     0   275  2.4
  7  6770 J5   559  5055 J6  1584  2940 J5   679 11231 18282  3.6  3.0  4.18  0.32  34.56  23.53  28.34  30.18  72     0   332  2.5
  8  4574 J5  1022  1885 J6  1019  3147 J5   417 10506 17533  7.9  7.3  4.67  0.30  32.52  23.09  26.75  28.33  78     0   294  2.0
  9  4583 J5  1432  3297 J6  1776  2292 J5   486  9279 16613  5.7  5.3  4.53  0.26  30.94  22.62  25.97  27.58  78     0   253  2.5
 10  3488 J5  1067  2637 J6  1831  1948 J5   366  7702 15652  5.8  5.5  2.86  0.21  26.73  16.06  20.98  23.23  68     3    98  2.8
 11  2769 J5   776  2482 J6  1568  1521 J5   269  6237 14801  6.2  5.8  3.00  0.17  23.51  14.67  18.50  20.25  64    61    83  3.5
 12  2280 J5   804  2527 J6  1910  1134 J5   257  5520 14386  6.2  5.8  2.47  0.14  20.47  10.04  14.58  16.97  67   111    15  3.1
 13  4285 J5  1515  2984 J6   919  2302 J5   747  8788 16524  5.8  5.4  3.11  0.26  26.50  16.01  20.68  22.67  66   557  1630  2.9
 1993
  1  2363 J5   923  2187 J6  1966  1310 J5   260  5957 14711  7.0  6.7  2.54  0.12  21.38  11.94  16.02  18.14  71    83    31  2.8
  2  2791 J5  1154  2062 J6  2055  1666 J5   439  7274 15547  7.1  6.7  1.71  0.12  18.86   7.56  13.05  15.26  61   143     0  3.0
  3  4347 J5  1650  4088 J6  2949  1791 J5   521  8892 16530  5.2  4.9  2.04  0.14  22.19  10.92  15.90  17.85  56    85    30  4.4
  4  5962 J5  1280  5152 J6  2295  2355 J5   558 10297 17478  4.5  3.7  1.69  0.18  25.17  12.37  18.82  21.16  46    25    38  4.1
  5  6004 J5  1270  4334 J6  1957  2799 J5   367 11147 18232  5.6  4.9  2.79  0.21  29.64  18.89  23.86  25.55  61     0   184  3.7
  6  6564 J5  1139  5157 J6  2174  2659 J5   637 11441 18561  4.6  3.9  3.78  0.23  33.58  22.27  27.08  28.87  58     0   288  3.7
  7  5969 J5  1187  4423 J6  2171  2689 J5   483 11233 18283  5.3  4.6  4.68  0.24  35.00  23.79  28.38  30.18  67     0   343  2.6
  8  5175 J5  1298  3497 J6  1918  2686 J5   403 10511 17535  5.3  5.1  4.25  0.23  34.28  24.05  28.28  30.00  73     0   336  2.6
  9  4896 J5  1052  3827 J6  1838  2336 J5   470  9287 16611  4.8  4.6  4.22  0.20  32.89  22.31  26.78  29.03  71     0   278  2.5
 10  3504 J5  1322  2882 J6  2368  1796 J5   420  7712 15656  6.3  5.8  3.48  0.16  27.29  17.89  22.02  23.88  75     8   140  2.6
 11  2818 J5  1025  2846 J6  2268  1401 J5   357  6244 14803  6.1  5.8  2.80  0.12  23.11  12.81  17.59  19.61  71    57    46  3.5
 12  2377 J5   882  2631 J6  2246  1203 J5   289  5521 14384  6.0  5.8  1.93  0.09  17.99   6.71  12.02  14.44  66   189     4  2.8
 13  4397 J5  1571  3591 J6  1076  2058 J5   594  8793 16527  5.7  5.2  2.99  0.17  26.78  15.96  20.82  22.83  65   590  1718  3.2
 1994
  1  2343 J5  1017  2269 J6  2528  1294 J5   328  5949 14707  6.7  6.6  2.09  0.08  17.24   7.23  11.97  14.00  71   194     5  2.9
  2  3008 J5  1003  2523 J6  2313  1652 J5   416  7261 15539  6.8  6.6  2.17  0.09  22.66  11.97  16.59  18.79  68    65    37  2.8
  3  4156 J5  1357  3260 J6  2410  2103 J5   445  8878 16521  5.6  5.3  2.13  0.11  25.06  12.18  18.48  20.88  62    41    50  3.3
  4  5014 J5  1287  3864 J6  2472  2393 J5   589 10286 17472  5.3  5.0  2.74  0.15  28.35  17.20  22.27  24.41  68     5   138  2.4
  5  5575 J5  1111  3500 J6  1673  2938 J5   322 11141 18224  6.3  6.0  3.21  0.19  30.66  19.09  24.49  26.31  66     0   203  3.2
  6  4949 J5  1230  2366 J6  1588  3102 J5   370 11440 18560  8.0  7.3  4.48  0.21  32.62  22.44  26.49  28.15  77     0   276  2.2
  7  5669 J5   905  3234 J6  1415  3184 J5   359 11237 18290  7.1  6.3  4.46  0.22  32.49  23.09  26.92  28.27  75     0   293  2.4
  8  5401 J5   508  3149 J6  1050  3067 J5   432 10519 17542  6.5  6.3  4.44  0.21  32.69  23.10  27.05  28.69  74     0   296  2.2
  9  4490 J5  1168  3100 J6  1778  2379 J5   329  9299 16619  6.4  5.9  4.09  0.18  31.16  21.53  25.68  27.59  71     0   240  2.4
 10  3440 J5  1083  2494 J6  1695  1957 J5   377  7726 15664  6.4  6.0  3.40  0.14  27.88  19.33  23.06  24.78  68     0   164  2.5
 11  2566 J5  1023  2301 J6  1861  1411 J5   322  6254 14810  6.1  5.9  2.81  0.11  25.48  16.34  20.54  22.42  68    13    91  3.0
 12  2124 J5   915  2113 J6  1835  1170 J5   243  5523 14385  7.1  6.7  2.20  0.08  20.57  11.74  15.59  17.43  71    92    25  3.1
 13  4061 J5  1314  2848 J6   570  2221 J5   739  8793 16528  6.5  6.2  3.18  0.15  27.24  17.10  21.60  23.48  70   412  1819  2.7
 1995
  1  2793 J5   965  3224 J6  2494  1247 J5   366  5941 14699  5.7  5.7  1.75  0.07  18.95   7.42  13.05  15.61  61   164     5  2.5
  2  3392 J5  1200  3349 J6  2750  1565 J5   461  7247 15531  6.2  5.8  1.89  0.08  20.32   8.46  13.97  16.27  59   127    16  3.7
  3  4467 J5  1052  3609 J6  1735  2166 J5   382  8864 16508  6.1  6.1  2.34  0.10  24.73  13.91  18.90  21.02  64    26    56  4.5
  4  5328 J5  1369  4113 J6  2012  2405 J5   447 10276 17462  5.5  5.3  2.46  0.14  27.94  15.89  21.90  24.21  64     6   114  2.8
  5  5616 J5   976  3419 J6  1455  3054 J5   424 11136 18216  6.3  5.9  3.21  0.18  32.43  21.09  26.30  28.13  67     0   261  2.8
  6  5649 J5  1213  3357 J6  1783  3074 J5   402 11439 18558  7.0  6.4  3.86  0.20  32.57  22.58  26.75  28.29  70     0   277  3.3
  7  5442 J5   794  2822 J6  1251  3289 J5   352 11241 18294  6.9  6.5  4.47  0.22  34.25  24.29  28.55  30.15  72     0   339  2.0
  8  5344 J5  1061  3407 J6  1956  2881 J5   517 10528 17554  6.0  5.3  4.78  0.21  33.65  25.08  28.82  30.22  74     0   342  4.0
  9  4123 J5   904  2323 J6  1382  2544 J5   316  9312 16631  7.3  6.8  4.38  0.18  32.11  22.99  26.76  28.56  76     0   277  3.0
 10  3476 J5   708  2525 J6  1698  2029 J5   416  7740 15672  6.6  6.1  3.77  0.14  29.64  20.08  24.47  26.39  70     1   204  3.5
 11  3061 J5   987  3548 J6  2380  1297 J5   361  6265 14818  4.9  4.6  2.37  0.10  23.00  10.10  16.40  19.09  65    84    31  3.5
 12  2500 J5   891  2931 J6  2309  1190 J5   291  5525 14387  5.8  5.5  2.22  0.08  19.82   8.07  13.15  15.85  66   156    20  3.3
 13  4266 J5  1191  3219 J6   495  2228 J5   767  8793 16527  6.2  5.8  3.12  0.14  27.45  16.66  21.59  23.65  67   564  1942  3.3
 1996
  1  3037 J5   794  3878 J6  2030  1206 J5   307  5934 14694  5.0  4.9  1.79  0.07  19.77   6.59  12.97  15.62  63   167     8  4.1
  2  3516 J5  1083  3409 J6  2454  1633 J5   429  7261 15538  5.7  5.6  1.81  0.08  20.21   8.62  14.17  16.10  67   138    24  4.3
  3  4542 J5  1535  4283 J6  2731  1835 J5   518  8903 16532  5.6  4.9  2.00  0.10  19.92   9.51  14.62  16.25  68   135    23  4.9
  4  5272 J5  1174  3836 J6  2170  2547 J5   455 10303 17477  5.8  5.6  2.19  0.14  25.05  14.27  19.45  21.17  69    31    70  4.0
  5  6071 J5   964  4311 J6  1921  2832 J5   501 11149 18230  5.4  5.1  3.11  0.18  29.66  20.97  24.97  26.26  70     0   217  3.9
  6  5461 J5  1000  2837 J6  1501  3288 J5   417 11440 18560  7.2  6.6  4.12  0.20  30.26  22.51  25.92  27.07  76     0   242  3.5
  7  5244 J5  1247  2894 J6  2018  3102 J5   542 11230 18281  6.8  6.0  4.24  0.22  32.03  24.16  27.80  28.92  73     0   303  4.3
  8  4704 J5  1145  2501 J6  1725  2894 J5   502 10505 17533  7.5  6.5  4.44  0.21  30.40  23.14  26.37  27.46  79     0   262  3.2
  9  4525 J5   945  3221 J6  1670  2409 J5   398  9277 16610  5.3  5.1  3.95  0.18  30.46  22.32  26.06  27.53  73     0   242  3.2
 10  3805 J5   860  3441 J6  1723  1813 J5   391  7701 15651  5.1  4.9  3.19  0.14  26.16  18.72  22.23  23.47  74     5   132  4.0
 11  2834 J5   757  2669 J6  1692  1519 J5   292  6236 14800  5.6  5.2  2.39  0.10  21.87  13.18  17.35  18.62  73    62    38  4.6
 12  2644 J5   815  3262 J6  2398  1208 J5   354  5520 14386  5.6  5.1  2.04  0.08  18.90   9.84  14.07  15.70  75   128     5  3.3
 13  4305 J5  1126  3379 J6   602  2190 J5   743  8788 16524  5.9  5.4  2.94  0.14  25.39  16.15  20.50  22.01  72   665  1565  4.0
 1997
  1  2598 J5   949  2860 J6  2201  1214 J5   275  5959 14711  6.1  6.0  2.05  0.07  18.68   9.28  13.79  15.35  69   150    15  3.8
  2  3231 J5   916  2801 J6  2042  1734 J5   370  7276 15549  6.7  6.3  2.33  0.08  21.60  12.68  16.83  18.40  75    68    35  3.9
  3  4184 J5  1059  3246 J6  1977  2113 J5   354  8894 16531  6.3  6.0  2.66  0.10  25.50  16.99  21.02  22.50  71     7    98  4.2
  4  5216 J5  1334  3987 J6  2202  2449 J5   448 10298 17480  5.8  5.5  2.59  0.14  25.14  15.48  20.24  21.67  64    15    75  4.7
  5  5342 J5  1241  3455 J6  2036  2807 J5   518 11148 18232  6.3  6.0  3.33  0.18  28.10  19.80  23.72  24.89  68     0   174  4.1
  6  5789 J5   882  3424 J6  1130  3201 J5   315 11441 18562  7.3  6.2  3.87  0.20  29.67  22.06  25.23  26.22  77     0   226  4.2
  7  5534 J5  1070  3329 J6  1785  3069 J5   393 11233 18282  6.3  5.9  4.46  0.22  32.65  23.93  27.68  28.85  75     0   309  3.4
  8  5330 J5   832  3420 J6  1584  2849 J5   473 10509 17535  6.2  5.8  4.53  0.21  32.18  24.21  27.78  28.96  73     0   306  3.5
  9  4661 J5   989  3602 J6  1885  2299 J5   471  9285 16611  5.3  5.2  4.06  0.18  31.26  23.29  27.01  28.42  73     0   268  3.4
 10  3668 J5  1107  2845 J6  2015  1988 J5   407  7710 15653  6.0  5.6  2.95  0.14  26.08  18.65  22.25  23.59  74     9   134  3.8
 11  3032 J5   874  3261 J6  1958  1371 J5   265  6243 14803  5.1  4.9  2.52  0.10  21.26  12.27  16.78  18.25  73    68    21  3.8
 12  2385 J5   944  2859 J6  2471  1111 J5   328  5521 14384  6.1  5.6  2.50  0.08  18.01   9.52  13.64  15.08  76   153    12  3.7
 13  4247 J5  1227  3257 J6   362  2184 J5   722  8793 16528  6.1  5.8  3.15  0.14  25.85  17.35  21.33  22.68  72   469  1671  3.9
 1998
  1  3136 K4  1003  4080 K6  2529  1258 K4   417  5950 14707  5.4  5.0  2.01  0.07  19.55  10.54  14.97  16.61  75   120    18  3.9
  2  3743 K4  1605  4492 K6  3304  1299 K4   491  7262 15539  5.8  5.2  1.77  0.08  19.84  10.89  15.00  16.60  71    94    11  4.8
  3  5228 K4  1552  5798 K6  2916  1701 K4   565  8880 16522  4.2  3.8  1.89  0.10  21.45  11.24  16.25  17.99  66   101    39  4.1
  4  5783 K4  1527  4991 K6  2740  2425 K4   613 10288 17472  5.1  4.7  2.33  0.14  26.57  17.52  22.04  23.58  63     9   120  4.6
  5  6621 K4  1463  5522 K6  2407  2513 K4   529 11142 18225  4.9  4.6  2.99  0.18  32.35  21.79  26.81  28.34  65     0   271  3.9
  6  7176 K4   588  6134 K6  1285  2495 K4   380 11440 18560  5.9  5.4  3.76  0.20  37.00  25.59  30.79  32.53  63     0   389  4.4
  7  5874 K4  1226  4154 K6  1771  2703 K4   376 11236 18289  7.6  6.8  5.07  0.22  34.60  26.19  29.73  30.92  75     0   374  3.7
  8  5309 K4  1307  3942 K6  1879  2471 K4   337 10518 17540  7.7  7.1  4.66  0.21  33.01  25.29  28.69  29.89  77     0   335  3.4
  9  4120 K4  1409  2744 K6  2164  2299 K4   449  9298 16619  8.2  7.7  4.73  0.18  30.88  25.27  27.67  28.69  82     0   292  4.0
 10  4433 K4   735  4693 K6  1677  1814 K4   371  7724 15664  5.0  4.6  2.85  0.14  28.95  21.78  25.19  26.58  74     0   218  3.7
 11  3249 K4  1002  3776 K6  2294  1406 K4   337  6253 14810  6.2  5.6  2.67  0.10  25.98  18.23  21.89  23.26  76     7   120  3.1
 12  2656 K4  1006  3561 K6  2420  1148 K4   246  5523 14385  5.8  5.5  2.28  0.08  22.29  13.70  17.69  19.22  79    70    60  3.3
 13  4777 K4  1446  4491 K6   989  1961 K4   582  8793 16528  6.0  5.5  3.09  0.14  27.71  19.00  23.06  24.52  72   400  2248  3.9
 1999
  1  3260 K4   858  4443 K6  2278  1228 K4   319  5942 14700  4.6  4.4  1.79  0.07  21.45  10.93  15.94  18.00  76    94    28  3.3
  2  4166 K4  1181  5163 K6  2436  1393 K4   315  7249 15533  4.3  4.1  1.71  0.08  22.26  12.17  17.05  18.93  68    65    34  3.9
  3  5237 K4  1401  5512 K6  2575  1881 K4   468  8866 16509  3.5  3.4  1.47  0.10  23.41  12.14  17.81  19.54  63    45    28  4.2
  4  5792 K4  1842  5183 K6  2875  2164 K4   444 10277 17463  5.6  5.2  2.43  0.14  28.74  18.97  23.32  24.87  66     9   175  4.5
  5  6265 K4  1544  5003 K6  2175  2622 K4   465 11136 18217  6.0  5.7  2.64  0.18  29.10  20.49  24.56  25.84  67     4   205  4.3
  6  5413 K4  1580  3415 K6  2194  2839 K4   424 11439 18559  8.1  7.3  4.41  0.20  30.77  24.22  26.83  27.77  76     0   275  4.0
  7  6547 K4   696  5293 K6  1163  2576 K4   323 11240 18293  6.4  5.9  4.31  0.22  34.50  25.99  29.73  31.00  69     0   369  3.3
  8  5844 K4  1080  4596 K6  1634  2421 K4   346 10527 17551  6.2  6.0  4.74  0.21  34.13  26.01  29.52  30.79  73     0   364  3.7
  9  4392 K4  1834  3615 K6  2598  1976 K4   372  9310 16628  5.9  5.5  4.05  0.18  30.30  22.82  26.34  27.61  78     0   247  4.0
 10  4021 K4  1305  4059 K6  2355  1724 K4   461  7738 15670  5.2  5.0  3.01  0.14  25.74  18.65  21.97  23.26  73    19   139  4.3
 11  3553 K4   752  4409 K6  1786  1418 K4   242  6264 14817  3.8  3.7  1.96  0.10  20.95  12.38  16.48  18.10  72    62    12  3.8
 12  2865 K4   965  3921 K6  2495  1171 K4   317  5525 14387  4.8  4.6  1.94  0.08  17.66   8.52  12.86  14.56  68   164     1  3.3
 13  4780 K4  1231  4551 K6   694  1951 K4   578  8793 16527  5.4  5.1  2.87  0.14  26.58  17.78  21.87  23.36  71   462  1876  3.9
 2000
  1  3090 K4  1025  4234 K6  2628  1173 K4   361  5935 14694  4.9  4.6  1.56  0.07  18.12   7.62  12.37  13.99  67   180    11  3.9
  2  4466 K4   970  5681 K6  2098  1451 K4   333  7263 15542  3.4  3.2  1.51  0.08  19.54   8.80  13.76  15.82  66   125     5  3.4
  3  4872 K4  1461  4865 K6  2696  1959 K4   457  8905 16534  4.7  4.6  1.84  0.10  23.17  13.61  18.06  19.70  71    29    31  4.2
  4  6236 K4  1609  5843 K6  2389  2179 K4   419 10304 17478  4.1  3.8  1.96  0.14  24.17  13.15  18.57  20.13  65    31    41  4.2
  5  6989 K4   889  5986 K6  1603  2586 K4   499 11149 18231  4.0  3.8  2.86  0.18  29.73  19.71  24.38  25.83  66     0   198  4.1
  6  5977 K4  1347  4305 K6  1995  2737 K4   413 11440 18559  5.7  5.1  4.19  0.20  30.39  22.14  25.62  26.76  73     0   238  3.7
  7  6110 K4  1401  4719 K6  1824  2549 K4   341 11229 18280  5.0  4.5  4.63  0.22  31.61  22.74  26.59  27.89  74     0   274  4.1
  8  5910 K4   881  4626 K6  1571  2496 K4   380 10503 17531  4.7  4.3  4.48  0.21  31.42  22.71  26.49  27.80  75     0   271  3.5
  9  3937 K4  1457  2715 K6  2097  2175 K4   427  9275 16608  6.9  6.4  4.51  0.18  28.80  22.74  25.29  26.20  81     0   223  4.0
 10  4367 K4   996  4662 K6  1963  1703 K4   334  7699 15651  3.6  3.4  2.29  0.14  25.40  16.62  20.96  22.49  73     7    90  4.0
 11  3340 K4  1034  4136 K6  2275  1314 K4   283  6234 14800  4.3  3.8  2.11  0.10  21.56  11.72  16.46  18.04  70    88    38  3.4
 12  2928 K4   917  4074 K6  2352  1123 K4   339  5520 14385  5.0  4.9  1.54  0.08  14.63   4.66   9.36  10.96  73   271     2  3.9
 13  4852 K4  1374  4654 K6   902  1954 K4   587  8788 16524  4.7  4.4  2.79  0.14  24.88  15.52  19.82  21.30  71   733  1422  3.9
 2001
  1  3290 K4   901  4615 K6  2173  1187 K4   264  5960 14712  4.3  4.1  1.45  0.07  15.10   3.91   9.13  11.00  67   275     2  3.4
  2  3659 K4  1446  3999 K6  3057  1496 K4   458  7278 15550  6.0  5.8  2.22  0.08  20.01  11.18  15.28  16.91  75    95    18  3.4
  3  4443 K4  1644  4098 K6  2828  1939 K4   551  8896 16531  5.6  5.3  2.01  0.10  20.16  10.74  15.26  16.63  68   110    21  4.6
  4  6277 K4  1352  5740 K6  2465  2236 K4   563 10299 17480  4.1  3.8  2.20  0.14  24.70  14.88  19.57  21.20  64    24    68  4.1
  5  6685 K4  1247  5484 K6  1837  2618 K4   405 11148 18234  4.7  4.5  2.73  0.18  28.41  18.19  23.01  24.37  69     0   154  4.0
  6  5712 K4  1551  3960 K6  1971  2722 K4   351 11441 18562  6.4  5.7  4.03  0.20  31.26  22.70  26.36  27.55  77     0   260  3.4
  7  5966 K4   931  4191 K6  1438  2740 K4   302 11232 18282  6.0  5.4  4.73  0.22  32.44  24.26  27.85  28.92  76     0   311  3.4
  8  5908 K4  1059  4696 K6  1730  2459 K4   342 10508 17533  5.3  4.9  4.59  0.21  32.45  24.19  27.88  29.23  76     0   310  3.3
  9  4462 K4  1459  3502 K6  2165  2109 K4   376  9283 16610  6.5  6.1  4.15  0.18  28.57  21.75  24.79  25.84  80     0   205  3.8
 10  4018 K4  1126  3764 K6  2120  1878 K4   314  7708 15651  5.5  5.0  2.49  0.14  25.36  17.60  21.32  22.66  73    20   118  4.6
 11  3290 K4   940  4046 K6  2051  1325 K4   302  6242 14802  4.5  4.4  2.14  0.10  23.88  15.50  19.47  20.99  80    14    55  3.9
 12  2759 K4   887  3497 K6  2456  1233 K4   319  5521 14384  6.1  5.8  1.92  0.08  21.05  13.35  16.96  18.46  77    84    50  3.1
 13  4706 K4  1346  4299 K6   715  1995 K4   580  8793 16528  5.4  5.1  2.89  0.14  25.28  16.52  20.57  21.98  74   623  1569  3.7
 2002
  1  2973 K4  1153  3910 K6  2582  1171 K4   329  5952 14707  5.3  5.2  2.25  0.07  18.84   9.35  13.78  15.38  79   153    22  3.2
  2  3831 K4  1467  4491 K6  2842  1435 K4   373  7264 15539  5.1  4.7  1.92  0.08  19.10  10.00  14.29  15.62  74   115     9  3.8
  3  5289 K4  1390  5479 K6  2265  1870 K4   432  8882 16522  4.6  4.5  2.40  0.10  24.65  14.44  19.22  20.86  74    47    85  4.1
  4  5989 K4  1414  5131 K6  2358  2429 K4   440 10289 17473  5.4  5.3  3.23  0.14  27.67  19.97  23.44  24.72  75     1   166  4.1
  5  6469 K4  1473  5383 K6  2052  2554 K4   494 11143 18227  4.6  4.4  3.01  0.18  28.79  20.51  24.33  25.41  74     0   196  4.7
  6  5451 K4  1497  3443 K6  2044  2794 K4   432 11440 18560  7.0  6.5  4.55  0.20  30.32  23.04  26.17  27.17  82     0   251  3.7
  7  6257 K4   820  4775 K6  1317  2638 K4   375 11236 18288  5.1  4.8  4.88  0.22  32.76  23.80  27.51  28.77  79     0   308  3.4
  8  5099 K4  1434  3589 K6  1969  2460 K4   353 10517 17540  5.9  5.6  4.75  0.21  31.19  23.77  27.04  28.07  80     0   284  3.4
  9  4741 K4  1070  3735 K6  1709  2294 K4   379  9296 16619  5.9  5.6  4.72  0.18  31.06  24.44  27.28  28.62  81     0   283  4.2
 10  4223 K4   933  4136 K6  1726  1845 K4   304  7722 15662  5.3  5.1  3.94  0.14  27.89  20.82  24.07  25.28  80     0   187  3.3
 11  3309 K4  1008  4007 K6  2341  1378 K4   379  6252 14808  4.8  4.5  2.35  0.10  21.42  11.27  16.38  17.86  75    94    34  3.6
 12  2717 K4  1071  3677 K6  2682  1126 K4   334  5523 14385  5.8  5.4  1.88  0.08  17.48   7.61  12.43  14.07  78   179     0  3.6
 13  4696 K4  1284  4313 K6   721  1999 K4   605  8793 16528  5.4  5.1  3.32  0.14  25.93  17.42  21.33  22.65  78   590  1825  3.8
 2003
  1  3384 K4   917  4893 K6  2291  1133 K4   308  5944 14701  3.4  3.3  1.36  0.07  15.44   3.97   9.56  11.47  64   267     0  4.1
  2  3428 K4  1366  3643 K6  2753  1528 K4   428  7250 15533  5.6  5.4  2.13  0.08  19.89  10.03  14.47  16.22  75   105    11  3.6
  3  4086 K4  1858  3458 K6  2695  1916 K4   498  8868 16511  6.7  6.4  2.92  0.10  23.86  15.39  19.29  20.62  79    30    70  3.5
  4  6091 K4  1383  5362 K6  2396  2290 K4   464 10278 17466  4.6  4.4  2.50  0.14  25.89  16.24  20.92  22.57  72    20   102  3.6
  5  6578 K4  1276  5289 K6  2017  2676 K4   388 11137 18218  5.2  4.8  3.51  0.18  31.12  21.73  26.30  27.66  69     0   251  3.9
  6  5547 K4  1579  3783 K6  2186  2660 K4   389 11439 18559  6.4  5.8  4.55  0.20  30.90  23.53  26.59  27.56  76     0   267  3.6
  7  5211 K4  1349  3418 K6  1781  2639 K4   391 11240 18291  7.2  6.6  4.87  0.22  31.45  24.19  27.14  28.03  76     0   294  3.3
  8  5222 K4   991  3545 K6  1684  2627 K4   398 10525 17550  6.2  5.8  4.92  0.21  31.58  24.72  27.41  28.51  77     0   304  3.3
  9  4655 K4  1241  3670 K6  2202  2282 K4   384  9309 16628  6.2  5.9  4.25  0.18  29.78  22.78  25.87  27.05  75     0   238  3.9
 10  3786 K4  1292  3631 K6  2474  1728 K4   389  7736 15670  5.3  5.1  3.20  0.14  26.61  19.08  22.69  24.01  77     0   140  3.0
 11  3367 K4   921  4147 K6  1923  1365 K4   279  6262 14816  4.3  4.3  2.66  0.10  24.51  15.08  19.69  21.25  74    36    80  3.8
 12  2874 K4   894  3967 K6  2437  1169 K4   328  5524 14387  4.6  4.4  1.57  0.08  17.77   7.12  12.40  14.26  70   182     0  3.5
 13  4519 K4  1206  4067 K6   710  2001 K4   604  8793 16527  5.5  5.2  3.20  0.14  25.73  16.99  21.03  22.43  74   640  1757  3.6
 2004
  1  3294 K4   876  4544 K6  2197  1227 K4   306  5936 14695  5.0  4.8  1.77  0.07  18.19   7.56  12.71  14.50  70   179    10  3.8
  2  3404 K4  1679  3724 K6  3311  1400 K4   386  7264 15544  7.5  7.2  2.34  0.08  17.27   9.45  13.03  14.26  81   153     9  4.5
  3  5390 K4  1143  5443 K6  2228  2034 K4   416  8907 16535  4.5  4.3  2.04  0.10  23.63  13.87  18.59  20.29  71    37    50  4.0
  4  6338 K4  1336  5954 K6  2465  2225 K4   520 10305 17481  4.0  3.7  2.06  0.14  25.73  15.36  20.41  22.06  62    23    89  4.1
  5  6722 K4  1185  5637 K6  1894  2630 K4   371 11150 18232  3.9  3.9  3.16  0.18  30.37  21.37  25.43  26.78  68     0   234  4.2
  6  6029 K4  1240  4341 K6  1869  2738 K4   401 11440 18558  6.7  6.3  4.81  0.20  32.37  23.73  27.34  28.57  75     0   292  3.5
  7  5795 K4  1328  4221 K6  1772  2586 K4   348 11229 18280  6.1  5.7  4.88  0.22  32.58  24.15  27.68  28.78  75     0   311  3.5
  8  4901 K4  1266  3289 K6  1776  2518 K4   422 10502 17530  6.7  6.3  5.12  0.21  31.17  24.26  27.12  28.16  80     0   291  3.6
  9  3738 K4  1431  2421 K6  2006  2141 K4   512  9274 16606  7.3  6.9  4.59  0.18  29.93  24.06  26.59  27.47  83     0   260  6.1
 10  4249 K4   852  4215 K6  1612  1827 K4   360  7697 15651  4.9  4.7  3.40  0.14  27.56  20.10  23.72  25.07  73     1   171  3.5
 11  3253 K4  1024  3809 K6  2224  1382 K4   316  6233 14800  5.4  5.2  2.49  0.10  23.85  15.56  19.48  20.87  76    24    65  4.1
 12  2812 K4   924  3789 K6  2278  1178 K4   301  5520 14385  5.3  5.1  1.98  0.08  17.82   8.28  13.07  14.70  75   180    17  3.9
 13  4660 K4  1371  4282 K6  1013  1990 K4   577  8788 16525  5.6  5.3  3.22  0.14  25.87  17.31  21.26  22.63  74   597  1798  4.1
 2005
  1  3032 K4  1079  4066 K6  2436  1167 K4   261  5961 14714  5.5  5.4  2.17  0.07  19.54  10.49  14.53  15.87  76   122    19  4.2
  2  3448 K4  1366  3704 K6  2708  1532 K4   382  7280 15552  6.4  6.1  2.29  0.08  19.94   9.81  14.80  16.45  72   111    14  4.3
  3  4325 K4  2046  4246 K6  3294  1735 K4   483  8898 16533  5.8  5.5  2.17  0.10  21.64  11.66  16.52  18.05  66    88    36  4.1
  4  6276 K4  1473  5826 K6  2508  2182 K4   503 10301 17481  4.3  4.1  2.01  0.14  24.60  14.46  19.43  21.07  62    24    60  4.2
  5  6276 K4  2039  5237 K6  2564  2426 K4   401 11149 18234  4.9  4.8  3.10  0.18  28.27  19.42  23.79  24.97  68     0   171  3.4
  6  5411 K4  1607  3384 K6  2302  2847 K4   360 11441 18561  7.0  6.6  4.70  0.20  31.28  24.60  27.38  28.32  73     0   288  3.7
  7  6114 K4  1252  4785 K6  1788  2518 K4   281 11231 18282  5.2  4.8  4.93  0.22  33.62  25.70  29.09  30.19  71     0   351  3.5
  8  5418 K4   942  3942 K6  1467  2553 K4   360 10507 17532  5.5  5.0  5.27  0.21  33.28  25.83  29.23  30.28  72     0   348  3.3
  9  4825 K4  1440  4136 K6  2290  2154 K4   369  9281 16607  4.6  4.5  4.09  0.18  31.57  24.00  27.63  28.95  69     0   284  4.3
 10  3717 K4  1284  3522 K6  2323  1748 K4   418  7707 15648  5.2  5.0  3.41  0.14  26.58  19.24  22.78  24.05  73    19   161  4.1
 11  3385 K4   956  4071 K6  2031  1373 K4   288  6241 14799  4.6  4.4  2.42  0.10  24.76  15.02  19.78  21.44  70    27    73  3.9
 12  2789 K4  1040  3850 K6  2427  1131 K4   286  5521 14384  5.3  5.1  1.87  0.08  18.19   8.71  13.35  14.87  67   153     2  3.9
 13  4585 K4  1303  4231 K6   717  1947 K4   579  8793 16527  5.4  5.1  3.20  0.14  26.11  17.41  21.53  22.88  70   543  1807  3.9
 2006
  1  3231 K4   835  4283 K6  2256  1308 K4   321  5953 14707  4.9  4.6  1.94  0.07  20.80  10.68  15.49  17.35  65   100    20  3.8
  2  3645 K4  1524  4250 K6  2886  1438 K4   392  7266 15540  5.0  4.9  1.85  0.08  19.70   8.97  14.19  16.00  63   124    12  3.9
  3  5348 K4  1120  5520 K6  2006  1940 K4   388  8884 16525  4.0  3.8  1.89  0.10  23.45  12.85  18.05  19.73  59    58    53  4.2
  4  6304 K4  1193  5738 K6  2107  2330 K4   440 10290 17474  5.2  4.9  2.41  0.14  28.32  18.21  22.94  24.65  60     0   148  4.6
  5  6585 K4  1341  5377 K6  2195  2609 K4   408 11144 18227  5.0  4.8  2.90  0.18  31.12  20.14  25.31  26.91  57     0   226  4.1
  6  6206 K4  1378  4757 K6  1788  2688 K4   318 11440 18561  5.9  5.6  3.92  0.20  31.93  23.47  27.37  28.52  66     0   281  3.9
  7  6377 K4  1214  5068 K6  1739  2572 K4   352 11235 18287  6.0  5.3  4.37  0.22  33.26  24.73  28.41  29.60  67     0   331  3.5
  8  5739 K4  1255  4574 K6  1800  2425 K4   362 10516 17539  6.1  5.9  4.96  0.21  33.64  25.26  28.97  30.27  68     0   345  3.5
  9  4927 K4  1163  4266 K6  1878  2144 K4   317  9294 16619  6.3  5.8  4.12  0.18  31.37  23.84  27.23  28.57  66     0   278  3.4
 10  4140 K4  1062  4037 K6  2047  1864 K4   409  7721 15661  4.9  4.5  2.94  0.14  27.15  17.69  22.48  23.94  62    10   137  3.5
 11  3247 K4  1010  3861 K6  2130  1382 K4   338  6251 14808  5.3  4.7  2.11  0.10  21.83  12.42  17.16  18.69  67    70    33  4.1
 12  2613 K4   947  3242 K6  2371  1213 K4   288  5523 14385  6.2  5.8  2.69  0.08  21.41  13.16  17.04  18.58  74    65    33  3.3
 13  4864 K4  1430  4581 K6   740  1993 K4   548  8793 16528  5.4  5.1  3.01  0.14  27.00  17.62  22.05  23.57  65   427  1897  3.8
 2007
  1  2820 K4  1109  3440 K6  2488  1272 K4   304  5945 14702  6.4  6.2  2.46  0.07  19.49  10.73  14.87  16.22  67   128    28  3.5
  2  4141 K4  1007  4693 K6  2316  1619 K4   343  7252 15534  5.8  5.1  1.79  0.08  19.29   8.90  13.98  15.79  56   126     8  3.6
  3  5214 K4  1446  5353 K6  2548  1903 K4   462  8870 16513  5.2  4.9  2.16  0.10  23.45  13.55  18.37  20.05  64    43    48  3.5
  4  6038 K4  1628  5425 K6  2535  2260 K4   521 10280 17466  6.0  5.7  2.15  0.14  25.79  15.08  20.39  21.97  52    31    94  4.0
  5  6449 K4  1153  4981 K6  1913  2761 K4   440 11138 18219  6.0  5.3  2.76  0.18  27.75  20.00  23.66  24.75  62     0   172  4.5
  6  6097 K4  1630  4641 K6  2200  2675 K4   345 11439 18559  6.9  6.2  4.08  0.20  31.31  23.08  26.74  27.88  68     0   266  3.8
  7  5554 K4  1156  3784 K6  1535  2706 K4   335 11239 18291  7.7  6.8  4.89  0.22  32.59  24.21  27.77  28.84  68     0   312  3.4
  8  5947 K4  1182  4798 K6  1838  2396 K4   318 10524 17547  6.6  6.3  4.82  0.21  33.71  25.57  29.10  30.36  66     0   351  3.1
  9  4608 K4  1405  3765 K6  1953  2165 K4   397  9307 16627  6.9  6.3  4.39  0.18  30.71  23.98  26.87  28.01  70     0   270  4.1
 10  3325 K4  1448  2754 K6  2279  1765 K4   387  7735 15670  7.2  6.5  4.11  0.14  26.70  19.60  22.86  23.84  78     1   151  4.0
 11  3332 K4  1021  4056 K6  2158  1363 K4   241  6261 14815  4.1  4.0  2.25  0.10  21.14  10.80  15.82  17.55  70    78     8  3.7
 12  2946 K4   870  4128 K6  2290  1135 K4   269  5524 14387  4.7  4.4  2.38  0.08  19.97  10.07  14.83  16.57  79   109     7  3.0
 13  4706 K4  1350  4318 K6   805  2002 K4   578  8793 16527  6.1  5.6  3.19  0.14  25.99  17.13  21.27  22.65  67   517  1714  3.7
 2008
  1  2902 K4  1120  3773 K6  2748  1209 K4   346  5937 14696  6.1  5.8  2.07  0.07  15.82   6.80  11.18  12.77  74   218     1  3.8
  2  4122 K4  1162  4978 K6  2571  1491 K4   360  7266 15544  4.7  4.4  1.94  0.08  20.19   8.76  14.34  16.40  69   121     9  3.3
  3  4820 K4  1792  4852 K6  2835  1838 K4   397  8908 16536  5.1  4.9  1.94  0.10  22.44  12.27  17.32  18.82  62    60    30  4.1
  4  5825 K4  1727  5140 K6  2585  2271 K4   410 10307 17482  5.4  5.0  2.46  0.14  25.40  16.33  20.71  22.17  60    17    94  4.0
  5  6516 K4  1416  5347 K6  2236  2587 K4   371 11151 18233  5.4  5.1  2.91  0.18  29.85  20.74  24.97  26.31  58     0   216  4.5
  6  5895 K4  1284  4391 K6  1877  2634 K4   311 11440 18558  6.6  6.1  4.27  0.20  32.52  23.43  27.12  28.28  65     0   289  3.3
  7  5568 K4  1156  3831 K6  1602  2680 K4   429 11228 18279  7.9  7.2  4.82  0.22  32.08  23.97  27.32  28.39  68     0   301  3.0
  8  4585 K4  1675  2984 K6  2164  2377 K4   410 10501 17530  7.8  7.3  5.07  0.21  31.60  24.43  27.44  28.43  74     0   300  4.2
  9  4854 K4  1240  4066 K6  2030  2206 K4   448  9272 16604  6.7  6.3  3.95  0.18  30.33  23.56  26.65  27.88  73     0   259  4.2
 10  4069 K4  1080  3985 K6  1974  1833 K4   384  7695 15648  5.4  5.0  2.73  0.14  25.62  17.64  21.53  22.93  70    22   124  4.0
 11  3313 K4   955  4026 K6  2175  1346 K4   355  6232 14800  5.1  4.6  1.95  0.10  20.61  11.02  15.61  17.37  70    98    23  3.8
 12  3054 K4   725  4381 K6  2100  1150 K4   288  5520 14385  5.7  5.4  2.09  0.08  21.42  11.23  16.05  17.84  73    92    30  2.8
 13  4627 K4  1180  4313 K6   677  1968 K4   567  8788 16525  6.0  5.6  3.02  0.14  25.66  16.68  20.85  22.30  68   629  1675  3.8
 2009
  1  3079 K4  1013  4012 K6  2420  1222 K4   319  5962 14714  5.4  5.1  1.81  0.07  18.33   8.09  13.07  14.64  67   167     8  3.4
  2  4278 K4   980  5215 K6  2178  1530 K4   439  7281 15553  5.1  4.8  1.48  0.08  19.11   8.29  13.76  15.64  60   138     9  3.4
  3  5015 K4  1180  4938 K6  2384  2006 K4   445  8899 16534  5.7  5.4  2.22  0.10  23.26  13.73  18.15  19.68  69    50    55  4.1
  4  5898 K4  1857  5244 K6  2834  2233 K4   465 10302 17483  5.5  5.2  2.13  0.14  26.31  16.80  21.53  23.10  62    13   109  4.5
  5  5642 K4  2015  4209 K6  2505  2522 K4   579 11150 18234  7.5  7.1  3.72  0.18  29.75  21.62  25.31  26.32  72     0   228  4.0
  6  6174 K4  1647  4816 K6  2223  2569 K4   258 11441 18561  6.4  5.7  4.31  0.20  33.59  24.62  28.67  29.91  68     0   323  3.4
  7  5523 K4  1356  3816 K6  1700  2665 K4   349 11231 18281  7.5  6.9  4.64  0.22  32.95  24.96  28.29  29.36  70     0   330  3.3
  8  5303 K4  1228  3698 K6  1720  2558 K4   321 10506 17532  7.0  6.5  4.80  0.21  32.68  25.22  28.45  29.53  72     0   329  2.9
  9  4810 K4  1100  3932 K6  2037  2265 K4   398  9280 16605  7.0  6.5  4.42  0.18  31.10  24.79  27.63  28.84  70     0   288  3.4
 10  3909 K4  1201  3497 K6  2166  1893 K4   336  7705 15648  6.7  6.3  3.84  0.14  28.75  20.79  24.57  25.99  72    10   210  3.4
 11  3128 K4  1122  3598 K6  2386  1356 K4   366  6239 14799  6.8  6.3  2.29  0.10  22.81  14.29  18.25  19.72  73    34    40  3.5
 12  2273 K4   938  2454 K6  2278  1216 K4   292  5521 14384  8.1  7.6  2.57  0.08  18.54  10.83  14.71  15.81  75   136    23  4.0
 13  4586 K4  1253  4119 K6   819  2003 K4   551  8793 16527  6.6  6.1  3.19  0.14  26.43  17.84  21.87  23.21  69   548  1953  3.6
 2010
  1  3098 K4  1111  4369 K6  2702  1137 K4   393  5954 14708  5.2  5.0  1.48  0.07  15.16   4.96   9.99  11.66  62   257     0  3.8
  2  3678 K4  1495  4390 K6  2776  1370 K4   305  7268 15542  5.5  5.2  1.45  0.08  15.40   5.66  10.52  12.13  63   219     1  3.8
  3  4640 K4  1714  4557 K6  2887  1869 K4   559  8885 16525  5.4  5.1  1.58  0.10  20.05   9.89  14.94  16.60  63   110     6  3.8
  4  6018 K4  1585  5658 K6  2573  2200 K4   541 10292 17475  4.9  4.8  2.15  0.14  26.36  16.79  21.28  22.90  64     1    98  4.0
  5  6801 K4  1017  5756 K6  1602  2573 K4   302 11144 18228  5.8  5.5  3.63  0.18  30.65  22.40  25.99  27.18  69     0   254  3.8
  6  6450 K4  1148  5061 K6  1705  2592 K4   321 11440 18561  5.9  5.5  4.76  0.20  33.66  24.71  28.46  29.66  70     0   326  2.8
  7  6217 K4  1437  5171 K6  2214  2390 K4   329 11235 18286  6.1  5.6  4.79  0.22  33.70  25.77  29.08  30.26  70     0   354  3.5
  8  5368 K4  1472  4150 K6  2200  2326 K4   378 10514 17537  7.6  6.9  5.36  0.21  33.04  26.04  28.75  29.89  75     0   347  3.3
  9  4900 K4  1309  4388 K6  2094  2033 K4   354  9292 16616  6.1  5.9  4.03  0.18  31.50  24.50  27.52  28.88  71     0   290  3.0
 10  4904 K4   814  6052 K6  1592  1447 K4   309  7719 15661  3.1  3.0  2.33  0.14  28.33  17.64  22.91  24.80  61     0   144  3.0
 11  3631 K4   972  5150 K6  2389  1131 K4   277  6250 14806  4.0  3.8  2.01  0.10  23.49  13.25  18.08  19.97  68    43    44  3.2
 12  3107 K4  1000  5052 K6  2548   909 K4   262  5522 14385  4.5  4.2  1.22  0.08  15.25   3.78   9.18  11.12  58   273     0  3.8
 13  4901 K4  1309  4980 K6   620  1831 K4   607  8793 16527  5.3  5.0  2.90  0.14  25.55  16.28  20.56  22.08  66   902  1864  3.5
