702510 TALKEETNA STATE ARPT   AK  -9  N62 19  W150  6   105  1000
 1991-2010
 MO AVGLO FL SDGLO AVDIR FL SDDIR AVDIF FL SDDIF AVETR AETRN  TOT  OPQ   H2O   TAU  MAX_T  MIN_T  AVG_T  AVGDT  RH  HTDD  CLDD AVWS
  1   239 J7    36   807 J8   457   163 J7    14   722  8630  5.9  5.6  0.59  0.06  -6.18 -14.22  -9.92  -9.02  67   884     0  2.3
  2   809 J7   112  1466 J8   728   508 J7    57  2110 12339  6.3  5.8  0.62  0.09  -2.34 -11.89  -6.83  -5.13  66   719     0  2.2
  3  2108 J7   308  3313 J8  1213  1001 J7   123  4572 16267  5.4  4.9  0.57  0.11   1.02 -10.13  -4.28  -2.34  58   709     0  2.3
  4  3528 J7   352  3891 J7   936  1752 J7   188  7574 20133  6.3  5.4  0.77  0.12   7.72  -3.05   2.63   4.28  60   480     0  1.9
  5  4654 J7   613  4478 J7  1395  2312 J7   203 10159 23729  6.3  5.6  1.11  0.13  14.33   2.79   9.17  10.22  60   303     0  2.0
  6  5142 J7   542  4678 J7  1132  2517 J7   208 11403 25907  6.9  6.0  1.67  0.12  19.13   8.56  14.13  14.78  65   137     2  1.9
  7  4409 J7   679  3747 J7  1439  2359 J7   208 10696 24571  7.6  6.9  2.11  0.10  19.77  11.02  15.45  16.03  74    95     4  1.7
  8  3427 J7   527  3436 J7  1430  1789 J7   189  8400 21083  7.3  6.7  1.97  0.08  18.04   9.10  13.51  14.55  79   149     2  1.4
  9  2345 J7   325  2909 J7  1178  1258 J7   146  5491 17327  7.1  6.5  1.43  0.06  12.97   4.02   8.33   9.88  78   295     0  1.4
 10  1083 J7   132  2130 J8   728   577 J7    54  2799 13473  6.5  6.1  0.94  0.04   4.67  -3.17   0.66   2.24  74   545     0  1.6
 11   372 J7    70  1307 J8   776   213 J7    32  1022  9608  6.1  5.7  0.70  0.04  -2.72 -10.15  -6.23  -5.15  72   743     0  2.0
 12   116 J7    15   631 J8   316    79 J7     6   394  7161  6.3  5.9  0.63  0.05  -5.39 -13.64  -9.19  -8.53  70   863     0  2.1
 13  2353 J7   192  2733 J8   628  1211 J7    97  5445 16686  6.5  5.9  1.09  0.08   6.75  -2.56   2.29   3.48  69  5923     8  1.9
 1991
  1   221 I5   147   670 I7  1001   154 I5    61   716  8608  7.0  6.4  0.65  0.05  -7.47 -14.97 -10.99 -10.15  76   916     0  2.4
  2   805 I5   391  1096 I6  1251   567 I5   178  2087 12291  7.0  6.1  0.71  0.07  -2.68 -13.87  -7.49  -5.56  69   745     0  3.0
  3  1856 I5   955  2808 I6  3035   940 I5   268  4529 16208  5.8  5.4  0.66  0.09  -0.42 -13.58  -6.48  -4.12  76   785     0  2.0
  4  3396 I5  1022  3414 I6  2723  1896 I5   456  7529 20076  6.8  5.4  0.78  0.11   7.86  -2.98   2.61   4.45  61   477     0  2.4
  5  4495 I5  1701  4022 I6  3552  2411 I5   500 10128 23679  7.2  6.0  1.03  0.12  13.39   1.32   8.01   9.22  62   340     0  2.1
  6  5584 I5  1567  5134 I6  3242  2648 I5   465 11399 25899  7.0  5.5  1.71  0.11  20.25   8.40  14.81  15.57  62   123     3  2.2
  7  4122 I5  1593  2912 I6  3286  2489 I5   490 10721 24614  8.4  7.6  1.92  0.10  18.41   9.78  14.02  14.63  78   131     0  1.8
  8  3427 I5  1218  3160 I6  3073  1880 I5   530  8441 21141  7.3  6.6  1.79  0.10  17.60   7.76  12.54  13.75  75   175     0  1.9
  9  1900 I5   820  1368 I6  1732  1372 I5   261  5535 17385  8.4  7.8  1.54  0.11  13.52   5.23   9.07  10.41  83   269     0  1.5
 10  1086 I5   599  1872 I6  2065   593 I5   182  2834 13533  5.6  5.0  0.91  0.12   3.15  -5.59  -1.26   0.59  75   606     0  1.7
 11   333 I5   208   635 I7   890   238 I5   109  1039  9661  6.5  5.8  0.80  0.14  -1.71  -9.45  -5.16  -3.82  70   717     0  2.4
 12    87 I5    31    88 I7   183    82 I5    23   396  7171  8.4  7.8  0.68  0.17  -5.11 -12.54  -8.62  -8.60  76   842     0  2.2
 13  2276 I5  1872  2265 I6  1550  1272 I5   965  5446 16689  7.1  6.3  1.10  0.11   6.40  -3.37   1.76   3.03  72  6127     3  2.1
 1992
  1   182 I5    73   100 I7   206   171 I5    62   710  8584  7.3  6.7  0.69  0.21  -4.19 -12.35  -7.57  -6.74  74   825     0  2.2
  2   731 I5   293   698 I6   897   576 I5   186  2107 12326  6.0  5.3  0.60  0.25  -5.70 -14.78  -9.97  -8.16  69   829     0  2.2
  3  1804 I5   697  1324 I6  1693  1330 I5   355  4600 16305  6.5  5.6  0.63  0.28   0.12 -10.83  -5.16  -3.23  67   734     0  2.1
  4  3992 I5   914  3788 I6  2224  2187 I5   638  7602 20165  5.0  3.6  0.71  0.31   6.27  -5.98   0.68   2.65  52   546     0  2.2
  5  5063 I5  1449  4159 I6  2956  2740 I5   655 10178 23755  5.5  4.7  0.98  0.29  12.03   0.55   6.88   7.92  55   373     0  2.5
  6  5069 I5  1822  3448 I6  2951  3019 I5   652 11406 25913  6.8  5.6  1.40  0.27  19.34   7.31  13.78  14.58  64   150     0  2.2
  7  4078 I5  1588  2241 I6  2294  2742 I5   495 10681 24544  7.9  7.3  1.99  0.23  19.71  10.56  15.05  15.71  77   100     1  1.9
  8  2607 I5   998  1155 I6  1670  2005 I5   381  8374 21051  8.9  8.4  1.80  0.19  16.45   8.45  12.30  13.22  84   182     0  1.6
  9  2416 I5   867  2966 I6  2485  1288 I5   415  5463 17293  5.2  4.8  0.95  0.15   7.84  -1.86   2.88   4.48  65   460     0  2.1
 10   975 I5   490  1622 I6  1678   571 I5   198  2776 13434  6.2  5.9  0.83  0.13   2.44  -5.03  -1.22   0.24  76   608     0  1.9
 11   257 I5   162   415 I7   868   200 I5    66  1010  9572  7.5  7.1  0.78  0.11  -2.29  -8.34  -4.94  -4.06  84   709     0  2.0
 12   101 I5    29   221 I7   280    87 I5    23   392  7154  6.3  5.6  0.60  0.11  -9.37 -19.61 -14.16 -13.48  76  1017     0  1.8
 13  2273 I5  1892  1845 I6  1445  1410 I5  1098  5441 16675  6.6  5.9  1.00  0.21   5.22  -4.32   0.71   1.93  70  6534     1  2.1
 1993
  1   211 I5   116   380 I7   733   172 I5    74   731  8667  7.1  6.5  0.56  0.12  -8.59 -17.71 -12.99 -12.49  81   976     0  1.7
  2   753 I5   298   911 I6  1085   580 I5   237  2122 12369  7.2  6.5  0.76  0.13  -1.62 -10.90  -5.68  -4.01  69   688     0  2.2
  3  2009 I5   863  2527 I6  2512  1137 I5   383  4579 16280  6.2  5.1  0.63  0.15   2.59  -9.71  -3.21  -0.85  60   679     0  2.0
  4  3802 I5  1197  3933 I6  2906  1952 I5   468  7582 20145  6.0  4.6  0.82  0.16   9.79  -2.55   3.71   5.88  60   441     0  1.7
  5  4795 I5  1933  4529 I6  4333  2340 I5   612 10165 23742  6.3  5.4  1.27  0.16  15.90   3.62  10.34  11.56  66   266     0  1.9
  6  5338 I5  1467  4480 I6  2884  2737 I5   479 11405 25910  7.4  6.1  1.54  0.15  19.55   8.30  14.06  14.75  68   132     0  2.6
  7  5048 I5  1930  5092 I6  4268  2240 I5   534 10693 24564  6.4  5.5  2.01  0.12  22.30  10.51  16.74  17.60  69    64     4  2.7
  8  2855 I5  1287  1958 I6  2657  1871 I5   429  8393 21070  8.4  8.0  2.07  0.10  17.38   9.57  13.28  14.20  83   150     0  2.1
  9  1767 I5   673  1268 I6  2082  1335 I5   355  5484 17314  8.3  7.9  1.47  0.07  10.40   3.58   7.01   8.14  86   340     0  2.2
 10   974 I5   573  1510 I6  2028   597 I5   263  2793 13462  7.3  6.8  1.12  0.05   5.39  -0.75   2.23   3.40  82   496     0  2.0
 11   302 I5   209   655 I7  1129   218 I5   108  1019  9598  7.5  6.9  0.75  0.05  -3.67 -10.92  -6.95  -6.13  84   769     0  1.9
 12   104 I5    45   376 I7   635    81 I5    20   393  7160  7.4  6.9  0.75  0.05  -1.86  -9.29  -5.14  -4.68  72   741     0  2.6
 13  2330 I5  1983  2302 I6  1760  1272 I5   941  5447 16690  7.1  6.3  1.15  0.11   7.30  -2.19   2.78   3.95  73  5742     4  2.1
 1994
  1   206 I5   106   315 I7   550   176 I5    79   724  8637  7.7  7.1  0.74  0.07  -3.46  -8.89  -5.74  -5.42  67   760     0  3.1
  2  1044 I5   465  2799 I6  1930   447 I5   133  2106 12335  3.3  2.7  0.54  0.09  -5.42 -14.60  -9.69  -7.85  54   794     0  3.5
  3  1670 I5   935  1924 I6  2625  1011 I5   321  4555 16244  7.6  6.9  0.63  0.11  -0.61  -9.40  -4.55  -3.04  67   723     0  2.8
  4  3306 I5  1434  3075 I6  2818  1863 I5   474  7557 20112  7.6  6.4  0.86  0.12   8.09  -2.78   2.66   4.39  68   470     0  2.2
  5  4597 I5  1535  3987 I6  3307  2441 I5   509 10147 23712  7.7  6.4  1.09  0.13  13.71   2.46   8.74   9.79  63   318     0  2.6
  6  5196 I5  1625  4583 I6  3294  2592 I5   449 11402 25905  6.8  6.2  1.62  0.12  18.84   7.81  13.59  14.27  68   151     1  2.8
  7  4995 I5  1526  4344 I6  3234  2586 I5   608 10706 24588  7.9  6.5  2.06  0.10  19.82  10.05  15.07  15.78  73   105     0  2.2
  8  3598 I5  1225  3627 I6  3116  1843 I5   467  8416 21104  7.5  6.5  2.17  0.08  18.97   9.55  14.18  15.29  81   127     1  2.0
  9  2715 I5   945  3581 I6  3163  1340 I5   463  5508 17347  6.7  5.6  1.31  0.05  13.33   2.91   7.86   9.88  78   306     0  2.0
 10   908 I5   321  1056 I6  1303   682 I5   226  2812 13496  7.9  7.0  0.85  0.04   3.31  -3.80  -0.17   1.08  77   576     0  2.1
 11   330 I5   169  1003 I7  1265   218 I5    96  1028  9627  6.7  6.2  0.59  0.03  -8.14 -16.27 -11.97 -11.28  77   916     0  2.4
 12    94 I5    46   325 I7   616    75 I5    16   394  7164  8.0  7.2  0.61  0.04  -6.68 -14.20 -10.05  -9.09  77   892     0  2.5
 13  2388 I5  1924  2552 I6  1565  1273 I5   970  5446 16689  7.1  6.2  1.09  0.08   5.98  -3.10   1.66   2.82  71  6138     2  2.5
 1995
  1   239 I5   113   625 I7   817   181 I5    81   717  8610  6.0  5.4  0.64  0.05  -7.46 -16.76 -11.57 -10.33  72   944     0  2.3
  2   883 I5   403  1690 I6  1766   523 I5   194  2089 12294  6.2  5.3  0.64  0.07  -3.42 -13.29  -7.70  -6.03  68   747     0  2.7
  3  2465 I5   761  4512 I6  2453   985 I5   411  4532 16211  3.4  2.6  0.52  0.09  -2.01 -17.04  -9.05  -6.20  54   863     0  2.8
  4  3490 I5  1220  3607 I6  2885  1824 I5   409  7533 20080  6.5  5.4  0.85  0.11   9.31  -1.72   3.97   5.74  63   436     0  2.1
  5  4137 I5  1385  2966 I6  2540  2578 I5   432 10130 23682  8.0  7.0  1.22  0.12  14.62   3.48   9.20  10.23  69   288     0  2.4
  6  4677 I5  1906  3701 I6  3380  2528 I5   322 11399 25898  7.5  6.6  1.69  0.11  18.28   7.84  13.22  13.85  70   159     1  2.5
  7  4174 I5  1625  3094 I6  2833  2437 I5   276 10719 24611  8.3  7.6  2.18  0.09  19.43  10.77  15.08  15.67  77   102     2  2.1
  8  3457 I5  1241  3041 I6  2864  2006 I5   507  8438 21137  7.8  7.1  1.97  0.07  18.25   8.49  13.29  14.58  79   154     0  2.0
  9  2073 I5   642  1580 I6  1681  1483 I5   252  5532 17382  8.8  8.0  1.87  0.05  15.00   7.62  10.90  12.11  86   210     0  1.6
 10   984 J5   559  1319 J6  1862   641 J5   198  2831 13530  8.1  7.5  1.00  0.03   5.44  -1.71   1.78   3.26  81   510     0  1.5
 11   463 I5   215  2317 I7  1593   192 I5   102  1038  9660  3.3  2.9  0.57  0.03  -2.82 -11.48  -6.75  -5.16  59   764     0  2.9
 12   130 I5    61   857 I7   948    78 I5    21   396  7171  5.7  5.2  0.72  0.04  -5.87 -12.04  -8.68  -7.88  63   846     0  3.0
 13  2264 I5  1690  2442 I6  1231  1288 I5   970  5446 16689  6.6  5.9  1.15  0.07   6.56  -2.98   1.97   3.32  70  6023     2  2.3
 1996
  1   262 I5   120  1303 I7  1178   143 I5    56   711  8589  3.7  3.3  0.47  0.05 -11.14 -19.75 -15.62 -13.83  60  1047     0  2.4
  2   702 J5   368  1030 J6  1528   500 J5   199  2109 12334  7.4  6.5  0.57  0.07  -6.22 -17.09 -10.77  -9.14  75   870     0  1.9
  3  2413 I5   910  4370 I6  2816   954 I5   382  4603 16308  4.1  3.5  0.63  0.09   2.59  -8.10  -2.51  -0.60  54   654     0  2.9
  4  3663 J5  1248  3862 J6  3227  1884 J5   568  7605 20170  6.3  5.1  0.74  0.11   8.45  -3.50   2.77   4.68  57   476     0  2.2
  5  5190 I5  1314  5200 I6  3264  2433 I5   645 10180 23758  6.0  4.8  1.11  0.12  16.21   2.70  10.28  11.54  54   275     0  2.4
  6  5339 J5  1844  4816 J6  3729  2579 J5   551 11406 25913  7.2  5.9  1.49  0.11  19.44   7.42  13.68  14.40  62   147     0  2.5
  7  4726 J6  1441  3766 J7  2871  2626 J6   423 10679 24541  8.2  7.0  1.96  0.09  19.37  10.83  15.07  15.60  72   102     2  1.8
  8  3622 J6  1226  3371 J7  3011  1988 J6   568  8371 21044  7.5  6.7  1.76  0.07  17.18   7.80  12.37  13.43  79   181     0  1.8
  9  2483 J5  1244  3252 J6  3603  1219 J5   345  5459 17289  6.9  6.3  1.19  0.05  11.84   1.54   6.40   8.30  77   349     0  1.8
 10  1302 J5   613  3396 J6  2682   496 J5   238  2774 13431  4.5  4.1  0.74  0.03   0.62  -9.81  -4.71  -2.36  65   711     0  2.3
 11   379 J5   189  1427 J7  1568   217 J5   120  1009  9569  5.5  5.0  0.78  0.03  -5.26 -13.85  -9.75  -8.38  74   837     0  1.9
 12   120 J6    38   621 J7   619    85 J6    27   392  7152  5.1  4.6  0.56  0.04  -6.08 -15.99 -10.83 -10.26  62   910     0  2.9
 13  2517 J6  1970  3034 J7  1555  1260 J6   994  5441 16675  6.1  5.2  1.00  0.07   5.58  -4.82   0.53   1.95  66  6558     2  2.2
 1997
  1   272 J5   133   917 J7   942   185 J5    77   732  8668  5.9  5.0  0.58  0.05  -7.10 -15.03 -10.98 -10.46  61   911     0  3.2
  2   746 J5   348   664 J6   871   603 J5   228  2124 12378  9.0  8.2  0.79  0.07   1.59  -4.42  -1.10  -0.24  71   553     0  2.7
  3  2312 J5   984  4090 J6  3045   953 J5   302  4582 16284  4.1  3.7  0.49  0.09   0.08 -11.39  -5.36  -3.34  48   743     0  3.4
  4  3856 J5  1414  4598 J6  3676  1746 J5   527  7585 20147  5.9  4.6  0.76  0.11   8.60  -2.94   3.20   4.97  55   465     0  2.7
  5  4854 J5  1890  4855 J6  4229  2291 J5   631 10167 23746  6.5  5.5  1.13  0.12  14.44   2.70   9.36  10.40  61   303     0  2.4
  6  5675 J5  1641  5396 J6  3490  2592 J5   577 11405 25910  6.6  5.6  1.63  0.11  21.77   8.84  15.68  16.52  64   104    13  2.4
  7  4754 J5  1717  4014 J6  3513  2489 J5   595 10691 24560  8.0  6.6  2.31  0.09  21.73  11.73  16.70  17.33  74    57     8  2.3
  8  3403 J5  1347  3218 J6  3015  1879 J5   504  8390 21068  7.4  6.5  2.21  0.07  19.17   9.16  14.03  15.30  83   131     2  1.4
  9  2316 J5  1004  2584 J6  2876  1353 J5   377  5480 17311  7.2  6.5  1.59  0.05  15.39   4.58   9.46  11.56  82   250     0  1.4
 10  1287 J5   693  3134 J6  2586   502 J5   161  2791 13459  5.0  4.8  0.71  0.03   2.35  -8.15  -3.03  -0.79  68   658     0  1.6
 11   323 J5   182   569 J7   913   253 J5   114  1018  9595  8.4  7.8  0.79  0.03  -0.77  -6.64  -3.53  -2.88  77   661     0  2.2
 12   103 J5    41   340 J7   605    83 J5    22   393  7161  7.4  6.9  0.56  0.04  -6.28 -17.78 -11.46 -10.98  77   941     0  1.6
 13  2492 J5  1987  2865 J6  1828  1244 J5   936  5446 16690  6.8  6.0  1.13  0.07   7.58  -2.44   2.75   3.95  68  5778    23  2.3
 1998
  1   276 J8   113  1314 J9  1163   155 J8    64   725  8641  3.8  3.3  0.63  0.05  -5.19 -12.90  -8.58  -7.36  62   849     0  3.2
  2   796 J8   382  1186 J8  1619   539 J8   191  2108 12337  6.6  5.9  0.72  0.07   1.16  -9.33  -3.94  -2.02  65   628     0  2.3
  3  1717 J8   516  1976 J8  2225  1112 J8   336  4558 16250  6.4  5.9  0.72  0.09   3.61  -8.60  -2.73  -0.29  65   646     0  1.7
  4  2737 J8  1313  1945 J8  2813  1845 J8   388  7560 20117  7.9  7.3  0.83  0.11   7.86  -0.85   3.57   4.90  68   445     0  1.7
  5  2944 J8   927  1032 J8  1344  2440 J8   440 10150 23716  9.0  8.5  1.09  0.12  11.08   3.01   7.18   7.85  75   350     0  1.8
  6  3943 J8  1498  2440 J8  2655  2726 J8   310 11402 25904  8.3  7.4  1.75  0.11  16.91   8.45  13.06  13.54  73   170     0  1.7
  7  3417 J8  1227  1895 J8  2581  2531 J8   415 10704 24584  8.4  7.9  1.99  0.09  18.39  10.55  14.46  15.01  79   120     0  1.6
  8  2596 J8  1089  1538 J8  2157  1921 J8   279  8412 21102  8.6  8.1  1.76  0.07  14.75   7.95  11.41  12.15  83   216     0  1.8
  9  2024 J8   885  1773 J8  2112  1382 J8   315  5504 17342  8.1  7.5  1.42  0.05  12.43   4.70   8.49   9.68  82   293     0  1.9
 10  1187 J8   752  2462 J8  2833   568 J8   208  2810 13491  5.9  5.5  0.86  0.03   5.51  -2.22   1.42   3.16  70   517     0  1.9
 11   364 J8   201   923 J8  1057   246 J8    99  1027  9623  6.6  6.0  0.81  0.03  -2.40  -9.95  -6.06  -4.90  75   735     0  1.7
 12   117 J8    41   626 J8   743    83 J8    27   394  7161  6.2  5.8  0.55  0.04  -7.36 -16.23 -11.44 -10.68  75   934     0  1.9
 13  1843 J8  1303  1593 J8   589  1296 J8   981  5446 16689  7.2  6.6  1.09  0.07   6.40  -2.12   2.24   3.42  73  5901     0  1.9
 1999
  1   252 J8   157   849 J8  1075   170 J8    94   718  8613  5.7  5.3  0.51  0.05  -8.37 -17.64 -12.83 -11.60  68   971     0  2.9
  2   820 J8   325  1656 J8  1498   517 J8   203  2091 12295  5.1  4.6  0.39  0.07  -9.57 -22.70 -16.65 -13.96  68   965     0  1.5
  3  1821 J8   780  2211 J8  2423  1122 J8   422  4535 16217  6.5  6.0  0.55  0.09   1.07 -10.21  -4.41  -2.44  63   710     0  2.0
  4  3044 J8  1452  2550 J8  3033  1869 J8   422  7536 20083  7.4  6.7  0.75  0.11   5.76  -3.70   1.34   2.61  63   519     0  2.1
  5  4428 J8  1727  3984 J8  3927  2410 J8   516 10132 23686  6.5  5.9  0.92  0.12  13.08   1.62   8.00   9.05  60   340     0  2.3
  6  4864 J8  1896  4280 J8  3989  2503 J8   569 11399 25899  7.3  6.5  1.52  0.11  19.05   8.70  14.20  14.83  67   134     0  2.0
  7  4174 J8  2149  3730 J8  4405  2217 J8   436 10717 24607  7.3  6.8  2.11  0.09  19.21  11.17  15.28  15.79  77   108    10  2.0
  8  2891 J8  1234  2085 J8  2841  1947 J8   378  8435 21130  8.0  7.5  2.08  0.07  17.47   9.55  13.51  14.52  84   150     1  1.2
  9  2118 J8   960  1865 J8  2350  1419 J8   278  5528 17376  7.8  7.4  1.39  0.05  12.67   4.29   8.47   9.97  83   295     0  1.6
 10  1012 J8   495  1500 J8  1892   658 J8   216  2829 13523  7.3  6.8  0.91  0.03   3.62  -3.82  -0.21   1.13  78   571     0  1.5
 11   407 J8   203  1333 J8  1439   244 J8    95  1037  9657  5.8  5.1  0.66  0.03  -3.29 -13.37  -8.15  -6.61  70   800     0  2.2
 12   129 J8    49   658 J8   794    91 J8    33   396  7169  6.6  6.2  0.59  0.04  -8.61 -17.04 -12.77 -12.27  77   966     0  2.0
 13  2163 J8  1703  2225 J8  1200  1264 J8   913  5446 16688  6.8  6.2  1.03  0.07   5.18  -4.43   0.48   1.75  71  6529    11  1.9
 2000
  1   175 J8    53   294 J8   599   153 J8    50   712  8592  7.9  7.6  0.45  0.05  -7.74 -15.11 -11.01 -10.62  78   922     0  1.9
  2   765 J8   407   992 J8  1503   564 J8   226  2111 12339  7.6  7.1  0.59  0.07   0.27  -7.81  -3.51  -2.20  73   641     0  2.3
  3  1620 J8   567  1599 J8  1896  1146 J8   300  4606 16312  7.4  6.7  0.58  0.09   2.86  -6.52  -1.68  -0.13  67   625     0  2.1
  4  3544 J8  1426  3882 J8  3558  1811 J8   486  7608 20174  6.2  5.5  0.66  0.11   7.43  -2.40   2.86   4.35  60   474     0  1.8
  5  4721 J8  1628  4743 J8  4082  2325 J8   560 10182 23763  6.0  5.2  0.81  0.12  12.25   1.00   7.38   8.53  58   363     0  2.2
  6  4945 J8  1690  4336 J8  4000  2598 J8   609 11406 25913  7.0  6.3  1.38  0.11  18.96   8.83  14.18  14.78  65   133     0  2.0
  7  3405 J8  1233  1794 J8  2142  2480 J8   328 10677 24539  8.9  8.5  1.70  0.09  17.59  10.78  14.07  14.49  81   128     0  1.5
  8  3210 J8  1301  2877 J8  3094  1914 J8   448  8367 21038  7.4  6.8  1.59  0.07  16.69   7.30  12.12  13.20  79   196     0  1.5
  9  2260 J8   889  2677 J8  2593  1314 J8   347  5456 17284  7.3  6.6  1.10  0.05  11.85   2.92   7.36   8.83  74   328     0  2.0
 10  1070 J8   519  2086 J8  2286   607 J8   234  2771 13425  6.5  6.1  0.78  0.03   4.73  -3.70   0.44   2.13  70   552     0  1.9
 11   328 J8   171   612 J8   814   256 J8   119  1008  9566  7.7  7.1  0.65  0.03  -0.28  -6.00  -2.89  -2.15  77   644     0  2.4
 12   113 J8    50   457 J8   704    85 J8    28   392  7152  6.4  5.9  0.63  0.04  -1.65  -9.09  -5.42  -5.24  72   735     0  3.0
 13  2180 J8  1753  2196 J8  1530  1271 J8   938  5441 16675  7.2  6.6  0.91  0.07   6.91  -1.65   2.83   3.83  71  5743     0  2.0
 2001
  1   197 J8   103   236 J8   437   174 J8    72   732  8672  8.0  7.6  0.59  0.05  -0.11  -7.92  -3.39  -2.59  74   693     0  2.4
  2   717 J8   377   736 J8  1151   566 J8   211  2126 12379  7.1  6.7  0.53  0.07  -1.04 -10.90  -5.56  -4.06  71   680     0  2.1
  3  1895 J8  1011  2498 J8  2873  1046 J8   256  4585 16286  7.0  6.3  0.51  0.09   1.71  -5.22  -1.74  -0.67  60   623     0  2.9
  4  3156 J8  1365  2656 J8  2617  1947 J8   422  7588 20154  7.9  6.7  0.64  0.11   6.70  -3.02   2.21   3.56  68   495     0  1.7
  5  3771 J8  1462  2554 J8  2928  2526 J8   461 10169 23749  7.5  7.0  0.81  0.12  11.07   1.31   6.73   7.60  66   376     0  2.2
  6  5635 J8  1736  5728 J8  3562  2487 J8   425 11405 25910  5.5  4.5  1.54  0.11  21.19   9.12  15.73  16.55  60    99     4  2.2
  7  3408 J8  1343  1701 J8  2412  2520 J8   385 10689 24557  9.0  8.5  1.87  0.09  17.65  11.47  14.56  14.95  79   117     0  1.6
  8  2999 J8  1279  2458 J8  2949  1883 J8   342  8387 21065  7.9  7.4  1.87  0.07  18.79  10.82  14.63  15.55  80   109     0  1.3
  9  2324 J8   797  2647 J8  2542  1382 J8   392  5477 17306  7.2  6.3  1.28  0.05  15.01   4.09   9.27  11.22  76   263     0  1.0
 10   962 J8   386  1640 J8  2106   606 J8   263  2789 13454  7.2  6.9  0.73  0.03   2.14  -5.43  -1.66  -0.29  76   619     0  1.4
 11   385 J8   170  1239 J8  1387   242 J8   108  1017  9592  5.0  4.5  0.61  0.03  -3.22 -12.14  -7.12  -5.52  67   780     0  1.8
 12   128 J8    58   843 J8   966    78 J8    22   393  7161  5.6  5.1  0.43  0.04  -7.90 -18.26 -13.01 -11.96  63   974     0  1.9
 13  2131 J8  1723  2078 J8  1423  1288 J8   960  5446 16690  7.1  6.5  0.95  0.07   6.83  -2.17   2.55   3.70  70  5829     4  1.9
 2002
  1   214 J8   122   289 J8   602   185 J8    88   726  8643  8.2  7.9  0.75  0.05  -2.53  -9.61  -5.73  -5.12  70   756     0  1.4
  2   677 J8   340   652 J8  1261   545 J8   206  2110 12340  7.6  7.2  0.56  0.07  -0.09  -9.31  -4.66  -3.12  53   645     0  2.8
  3  2408 J8   820  4435 J8  2788   946 J8   344  4561 16254  3.5  3.1  0.44  0.09   2.33 -13.02  -5.02  -2.28  46   734     0  2.1
  4  3316 J8  1385  3940 J8  3715  1617 J8   456  7563 20120  5.6  4.9  0.71  0.11   4.67  -5.39  -0.02   1.41  54   561     0  1.9
  5  4909 J8  2008  5405 J8  4420  2116 J8   575 10152 23718  5.2  4.6  1.16  0.12  16.33   3.55  10.88  12.01  53   260     0  2.1
  6  4752 J8  1800  4124 J8  3837  2567 J8   481 11402 25905  7.4  6.4  1.73  0.11  19.55   9.33  14.75  15.40  62   121     5  2.0
  7  3992 J8  1547  3097 J8  3423  2446 J8   450 10702 24582  7.7  7.1  2.15  0.09  21.56  11.68  16.81  17.47  65    63    10  2.0
  8  3415 J8  1446  3238 J8  3765  1915 J8   414  8409 21097  7.2  6.8  1.95  0.07  18.56   9.49  14.06  15.13  76   141     7  1.4
  9  2033 J8   972  1786 J8  2771  1374 J8   395  5501 17338  7.9  7.6  1.58  0.05  13.85   6.13   9.82  11.12  78   250     0  1.3
 10   872 J8   420  1082 J8  1626   634 J8   180  2807 13488  7.7  7.3  1.29  0.03   8.47   2.02   5.35   6.48  76   406     0  1.5
 11   373 J8   204  1110 J8  1454   231 J8   100  1026  9621  6.9  6.6  1.09  0.03   5.27  -0.30   2.40   3.01  70   475     0  1.8
 12    98 J8    33   271 J8   490    83 J8    22   394  7162  7.4  7.1  0.76  0.04  -1.63  -6.91  -4.11  -3.52  66   701     0  1.8
 13  2255 J8  1799  2452 J8  1796  1222 J8   905  5446 16689  6.9  6.4  1.18  0.07   8.86  -0.19   4.54   5.67  64  5113    22  1.8
 2003
  1   227 J8   118   595 J8   799   167 J8    72   719  8616  6.2  5.8  0.75  0.05  -0.21  -7.06  -3.28  -2.20  53   681     0  2.8
  2   627 J8   326   756 J8  1457   470 J8   148  2093 12302  8.3  8.2  0.92  0.07   1.84  -2.37  -0.21   0.39  74   521     0  1.4
  3  2323 J8   945  4173 J8  2836   951 J8   356  4538 16221  4.4  4.0  0.48  0.09   1.64  -7.39  -2.68  -1.27  48   657     0  3.0
  4  3906 J8  1391  5191 J8  3338  1563 J8   343  7539 20088  4.1  3.5  0.76  0.11  11.26  -2.21   4.77   6.73  47   414     0  1.9
  5  4290 J8  1590  3754 J8  3274  2321 J8   423 10134 23689  6.9  6.4  1.06  0.12  15.26   4.65  10.31  11.16  56   260     0  1.8
  6  4796 J8  1676  4180 J8  3744  2563 J8   515 11399 25900  6.9  6.2  1.75  0.11  20.52   9.95  15.44  16.10  61    97     4  1.7
  7  4725 J8  1926  4417 J8  4323  2389 J8   531 10715 24604  6.7  6.0  2.31  0.09  22.44  13.23  17.97  18.58  67    43    28  1.7
  8  3449 J8  1680  3583 J8  3827  1724 J8   389  8432 21128  6.5  6.2  1.99  0.07  19.97  11.06  15.29  16.33  73    95     8  1.0
  9  2658 J8  1122  4188 J8  3671  1125 J8   428  5525 17371  5.6  5.0  1.31  0.05  15.13   4.62   9.95  11.73  61   254     0  1.7
 10  1190 J8   465  2535 J8  2240   592 J8   243  2826 13519  6.0  5.6  1.20  0.03   9.62   1.37   5.21   7.02  70   398     0  1.0
 11   337 J8   125  1176 J8  1379   217 J8   107  1036  9651  6.5  6.3  0.75  0.03  -3.00  -9.51  -6.23  -5.64  70   738     0  1.3
 12   120 J8    57   772 J8   899    73 J8    20   395  7169  6.1  5.9  0.60  0.04  -3.34 -13.09  -7.77  -7.18  58   823     0  1.7
 13  2387 J8  1833  2943 J8  1684  1180 J8   915  5446 16688  6.2  5.8  1.16  0.07   9.26   0.27   4.90   5.98  61  4980    40  1.7
 2004
  1   285 J8   138  1464 J8  1173   152 J8    78   712  8594  3.7  3.5  0.39  0.05  -6.89 -16.90 -11.72 -10.72  48   937     0  2.6
  2   701 J8   344  1211 J8  1538   465 J8   145  2114 12343  6.6  6.4  0.73  0.07   2.90  -6.17  -1.73  -0.09  59   579     0  1.8
  3  1915 J8  1041  2702 J8  2953   961 J8   218  4609 16317  6.7  6.4  0.57  0.09   0.55  -8.90  -3.67  -2.26  59   698     0  1.9
  4  3112 J8  1172  3197 J8  2910  1707 J8   325  7611 20177  6.8  6.1  0.92  0.11   8.64  -1.48   3.90   5.51  61   442     0  1.5
  5  4400 J8  1477  3939 J8  3687  2361 J8   531 10185 23766  6.6  6.1  1.50  0.12  16.00   5.55  11.12  12.09  66   234     0  0.6
  6  5534 J8  2104  6095 J8  4667  2146 J8   525 11406 25912  5.8  5.2  2.10  0.11  20.78  10.88  16.20  16.80  64    84     9  1.3
  7  5358 J8  1667  6168 J8  4038  2019 J8   570 10675 24534  5.8  5.2  2.35  0.09  22.13  12.44  17.49  18.11  67    40     8  1.2
  8  4825 J8  1444  7371 J8  3569  1352 J8   438  8364 21035  3.7  3.3  2.23  0.07  22.67  10.44  16.74  18.16  71    64     9  0.8
  9  2665 J8  1248  4148 J8  3637  1095 J8   332  5453 17281  5.4  5.0  1.18  0.05  10.70   0.36   5.44   7.43  75   384     0  1.0
 10   986 J8   550  1737 J8  2226   573 J8   217  2769 13424  7.8  7.6  1.04  0.03   5.17  -0.83   2.20   3.30  81   501     0  1.2
 11   291 J8   210   614 J8  1439   205 J8    82  1006  9560  8.5  8.4  0.84  0.03  -0.70  -5.36  -2.81  -2.41  76   641     0  1.9
 12   116 J8    49   757 J8   855    72 J8    17   392  7152  6.2  5.7  0.66  0.04  -3.30 -10.32  -6.37  -6.07  69   779     0  2.1
 13  2516 J8  2092  3284 J8  2295  1092 J8   821  5441 16675  6.1  5.7  1.21  0.07   8.22  -0.86   3.90   4.99  66  5384    26  1.5
 2005
  1   279 J8   154  1366 J8  1250   147 J8    65   733  8675  4.4  4.3  0.62  0.05  -5.18 -11.55  -8.14  -7.29  59   828     0  2.7
  2   855 J8   414  2024 J8  1910   461 J8   182  2129 12381  5.7  5.6  0.60  0.07  -2.22 -12.24  -7.13  -5.51  64   716     0  2.0
  3  2097 J8   852  3299 J8  2503   970 J8   286  4588 16292  6.3  5.8  0.71  0.09   4.15  -5.21  -0.52   1.01  60   585     0  1.8
  4  4094 J8  1608  5681 J8  3849  1469 J8   377  7591 20157  4.7  4.0  0.82  0.11   9.40  -2.40   3.97   5.86  57   445     0  1.3
  5  4788 J8  1582  5109 J8  3803  2153 J8   560 10172 23752  5.6  5.2  1.38  0.12  15.81   4.68  10.67  11.75  64   251     0  1.1
  6  5700 J8  1480  5744 J8  3374  2449 J8   505 11405 25910  6.2  5.4  1.89  0.11  20.21   9.82  15.21  15.86  65   100     1  1.4
  7  5233 J8  1513  5503 J8  3389  2174 J8   592 10687 24554  6.1  5.5  2.14  0.09  21.32  11.82  16.67  17.30  69    56     1  1.3
  8  4139 J8  1706  5359 J8  4070  1516 J8   422  8384 21061  5.7  5.2  2.13  0.07  19.53   9.91  14.89  15.92  76   119     7  0.9
  9  1994 J8   881  1975 J8  2417  1244 J8   282  5474 17303  8.3  7.9  1.68  0.05  12.94   6.56   9.60  10.63  81   257     0  0.9
 10  1222 J8   535  3057 J8  2555   523 J8   255  2786 13449  5.6  5.2  0.93  0.03   5.93  -3.22   1.26   3.28  72   526     0  1.0
 11   450 J8   282  2172 J8  1845   171 J8    58  1015  9586  4.2  4.0  0.54  0.03  -6.48 -14.47 -10.40  -9.05  67   864     0  1.6
 12   121 J8    52   717 J8   813    77 J8    19   393  7162  6.7  6.3  0.89  0.04  -1.71  -8.78  -4.72  -4.37  73   731     0  1.8
 13  2581 J8  2081  3500 J8  1874  1113 J8   852  5446 16690  5.8  5.4  1.19  0.07   7.81  -1.26   3.44   4.62  67  5478    10  1.5
 2006
  1   282 J8   146  1290 J8  1069   159 J8    84   727  8647  4.3  4.1  0.46  0.05  -9.86 -19.55 -14.62 -13.25  66  1024     0  1.3
  2   904 J8   480  2166 J8  1980   450 J8   147  2112 12341  5.6  5.3  0.58  0.07  -3.06 -12.47  -7.44  -5.68  66   731     0  1.7
  3  2393 J8   922  4424 J8  2934   901 J8   310  4564 16258  4.1  3.9  0.52  0.09   0.22 -10.74  -4.88  -3.09  51   731     0  2.2
  4  3463 J8  1587  3968 J8  3694  1617 J8   408  7566 20125  7.0  6.4  0.70  0.11   5.49  -2.58   1.66   2.74  59   506     0  2.0
  5  5194 J8  1910  6130 J8  4308  2003 J8   477 10154 23720  4.8  4.4  1.18  0.12  15.37   3.55  10.07  11.16  52   275     0  2.0
  6  5235 J8  1992  5414 J8  4365  2223 J8   537 11402 25905  6.5  5.9  1.75  0.11  17.27   7.45  12.68  13.26  64   179     0  1.4
  7  4640 J8  1524  4402 J8  3318  2197 J8   441 10700 24578  7.2  6.5  2.18  0.09  19.61  10.62  15.09  15.66  72   100     0  1.2
  8  3324 J8  1421  3289 J8  3367  1709 J8   497  8406 21093  8.1  7.6  1.96  0.07  15.87   8.88  12.27  13.04  81   185     0  1.0
  9  2694 J8  1145  4185 J8  3298  1080 J8   361  5498 17335  6.4  6.0  1.62  0.05  14.07   4.75   9.21  10.78  80   267     0  0.8
 10   968 J8   456  1636 J8  2165   597 J8   244  2805 13485  7.5  7.2  1.09  0.03   5.33  -0.74   2.22   3.25  80   497     0  1.2
 11   553 J8   232  3544 J8  1141   130 J8    44  1025  9619  1.1  0.9  0.30  0.03  -5.84 -15.56 -10.57  -8.66  47   871     0  2.8
 12   122 J8    48   734 J8   743    80 J8    24   394  7162  6.5  6.2  0.62  0.04  -3.61 -10.77  -6.67  -5.91  65   791     0  2.1
 13  2481 J8  1912  3432 J8  1671  1095 J8   826  5446 16689  5.8  5.4  1.08  0.07   5.91  -3.10   1.59   2.78  65  6157     0  1.7
 2007
  1   224 J8   135   686 J8   919   156 J8    61   720  8624  7.1  6.9  0.58  0.05  -6.85 -14.77 -10.52  -9.99  74   903     0  1.7
  2  1032 J8   538  2947 J8  2111   406 J8   113  2096 12314  2.9  2.8  0.52  0.07  -3.99 -16.48 -10.03  -7.43  55   800     0  1.8
  3  2681 J8   921  5967 J8  2710   733 J8   239  4541 16225  2.2  1.9  0.29  0.09  -4.22 -18.52 -10.88  -8.36  45   921     0  2.5
  4  3578 J8  1141  4264 J8  3109  1689 J8   480  7542 20091  6.4  5.4  0.82  0.11   9.78  -2.33   4.27   6.21  52   438     0  1.4
  5  4374 J8  1593  4034 J8  3368  2220 J8   377 10137 23692  7.2  6.7  1.26  0.12  14.20   3.83   9.42  10.22  58   289     0  1.6
  6  5992 J8  1825  6700 J8  4061  2195 J8   600 11399 25899  5.6  4.7  1.74  0.11  20.15   8.21  14.40  15.11  61   129     4  1.4
  7  4649 J8  1834  4768 J8  4147  2031 J8   527 10713 24598  6.6  6.3  2.32  0.09  19.03  10.33  14.77  15.32  74   114     1  1.1
  8  3919 J8  1541  4985 J8  3961  1547 J8   479  8429 21120  6.2  5.8  2.14  0.07  19.44   9.48  14.32  15.40  77   120     0  0.7
  9  2392 J8  1020  3373 J8  3152  1112 J8   328  5522 17367  7.4  7.0  1.56  0.05  12.94   5.38   9.04  10.25  79   275     0  0.7
 10  1182 J8   613  2640 J8  2446   530 J8   181  2824 13514  6.2  5.9  0.84  0.03   4.65  -3.20   0.42   2.04  71   546     0  1.1
 11   323 J8   156  1078 J8  1233   205 J8    89  1035  9647  7.3  7.0  0.86  0.03   0.72  -4.03  -1.50  -0.83  73   600     0  1.7
 12   110 J8    55   570 J8   750    74 J8    16   395  7169  6.7  6.3  0.59  0.04  -4.75 -12.63  -8.30  -7.45  65   838     0  2.3
 13  2538 J8  1978  3501 J8  2010  1075 J8   828  5446 16688  6.0  5.6  1.13  0.07   6.76  -2.89   2.12   3.37  65  5972     5  1.5
 2008
  1   242 J8   134   836 J8   876   162 J8    72   713  8598  6.1  5.8  0.52  0.05  -9.16 -17.84 -13.11 -12.15  73   987     0  1.4
  2   946 J8   419  2484 J8  1916   456 J8   171  2116 12351  4.3  3.9  0.51  0.07  -3.57 -14.82  -8.93  -6.80  55   798     0  2.5
  3  2260 J8  1078  3877 J8  3199   905 J8   272  4612 16322  5.5  5.1  0.67  0.09   2.66  -7.47  -2.15  -0.41  58   643     0  1.6
  4  3597 J8  1756  4525 J8  4139  1473 J8   399  7614 20184  6.0  5.6  0.80  0.11   5.18  -5.01   0.38   1.68  63   547     0  1.2
  5  4894 J8  1595  5363 J8  3765  2132 J8   483 10187 23772  5.6  5.1  1.07  0.12  13.43   1.62   8.29   9.41  53   335     0  1.4
  6  4635 J8  1385  3731 J8  2460  2452 J8   280 11406 25912  7.7  7.3  1.73  0.11  16.00   7.96  11.99  12.43  67   190     0  1.5
  7  3907 J8  1866  3097 J8  3842  2158 J8   332 10673 24530  8.3  7.8  2.17  0.09  16.94   9.83  13.47  13.92  73   153     0  1.3
  8  3673 J8  1277  4226 J8  3346  1623 J8   422  8361 21030  7.0  6.5  1.86  0.07  16.98   8.31  12.55  13.55  78   176     0  1.0
  9  2361 J8   922  2967 J8  2528  1251 J8   404  5450 17276  7.7  7.1  1.50  0.05  12.26   4.78   8.33   9.68  80   294     0  0.8
 10  1071 J8   529  2434 J8  2379   522 J8   194  2767 13419  6.3  5.9  0.71  0.03   1.02  -7.15  -2.88  -1.45  74   663     0  1.1
 11   372 J8   223  1354 J8  1550   203 J8    87  1005  9558  6.5  6.3  0.63  0.03  -3.17 -11.54  -7.15  -5.90  72   771     0  1.4
 12   124 J8    50   892 J8   921    73 J8    20   392  7152  5.2  5.0  0.59  0.04  -7.94 -17.17 -12.04 -11.11  72   957     0  1.7
 13  2340 J8  1767  2982 J8  1451  1117 J8   851  5441 16675  6.3  6.0  1.06  0.07   5.05  -4.04   0.73   1.90  68  6516     0  1.4
 2009
  1   242 J8    94  1120 J8  1102   149 J8    63   734  8675  5.2  5.0  0.58  0.05  -8.13 -15.99 -11.98 -11.19  69   942     0  2.2
  2   840 J8   530  1844 J8  2219   441 J8   158  2131 12385  6.4  6.2  0.54  0.07  -5.93 -16.83 -10.94  -8.90  74   832     0  1.3
  3  2151 J8   832  3619 J8  3017   959 J8   377  4591 16294  5.3  5.0  0.53  0.09  -1.29 -11.93  -6.22  -4.39  57   773     0  2.5
  4  3564 J8  1612  4535 J8  3873  1530 J8   363  7594 20162  5.3  5.1  0.72  0.11   6.23  -4.58   1.22   2.81  64   525     0  1.5
  5  5627 J8  1723  7119 J8  3965  1900 J8   439 10174 23754  3.4  3.1  1.07  0.12  15.92   1.77  10.03  11.28  53   294     0  2.0
  6  5746 J8  1837  6273 J8  3748  2202 J8   535 11406 25912  5.9  5.3  1.69  0.11  18.56   8.03  13.57  14.23  64   151     0  1.7
  7  5722 J8  1908  6638 J8  4477  2079 J8   598 10685 24547  5.2  4.6  2.35  0.09  22.10  11.84  17.17  17.80  72    56    14  1.4
  8  3866 J8  1607  4895 J8  3997  1535 J8   435  8380 21056  6.3  5.8  1.93  0.07  17.58   7.96  12.83  13.95  79   172     0  1.1
  9  2795 J8  1107  4531 J8  3339  1079 J8   377  5471 17299  6.2  5.5  1.52  0.05  13.70   3.92   8.78  10.45  80   286     0  1.0
 10  1138 J8   520  2887 J8  2637   508 J8   258  2784 13448  5.4  5.2  1.26  0.03   7.29  -0.11   3.41   4.88  75   457     0  1.6
 11   456 J8   248  2298 J8  1746   164 J8    76  1014  9584  5.0  4.7  0.54  0.03  -5.12 -14.94  -9.70  -8.28  71   851     0  1.7
 12   132 J8    53  1087 J8   991    69 J8    19   393  7162  5.3  4.8  0.74  0.04  -6.49 -13.34  -9.61  -8.71  75   876     0  1.5
 13  2690 J8  2194  3904 J8  2107  1051 J8   787  5446 16690  5.4  5.0  1.12  0.07   6.20  -3.68   1.55   2.83  70  6215    14  1.6
 2010
  1   293 J8   167  1498 J8  1168   140 J8    52   727  8652  3.8  3.7  0.64  0.05  -3.98 -12.16  -8.05  -6.84  65   818     0  2.9
  2   829 J8   315  1774 J8  1458   476 J8   188  2114 12344  6.7  6.3  0.70  0.07   0.05  -7.34  -3.45  -2.26  63   615     0  2.1
  3  2348 J8   934  3933 J8  2609   960 J8   258  4567 16263  5.3  4.8  0.57  0.09   2.86  -8.80  -2.74  -0.78  57   660     0  2.1
  4  3949 J8  1212  5203 J8  3098  1557 J8   460  7570 20129  5.6  4.9  0.76  0.11   7.70  -2.61   2.83   4.38  59   474     0  1.9
  5  5614 J8  1581  6681 J8  3691  2106 J8   553 10156 23723  4.3  3.6  1.16  0.12  16.46   2.83  10.46  11.56  56   269     0  1.9
  6  4182 J8  1516  2966 J8  2647  2527 J8   280 11403 25904  8.2  7.6  1.78  0.11  16.09   8.47  12.34  12.78  73   182     0  1.7
  7  3657 J8  1446  2267 J8  2582  2339 J8   414 10698 24576  8.8  8.3  2.23  0.09  16.67  10.46  13.51  13.91  79   148     0  1.7
  8  3257 J8  1198  3284 J8  3106  1715 J8   355  8403 21087  7.7  7.2  2.13  0.07  17.57  10.04  13.54  14.41  82   140     0  1.2
  9  2914 J8  1060  5469 J8  3562   923 J8   421  5495 17330  4.7  4.0  1.44  0.05  14.45   4.25   9.19  11.00  71   269     0  1.6
 10  1278 J8   561  2987 J8  2241   535 J8   213  2803 13478  6.2  5.6  0.90  0.03   7.23  -1.52   2.49   4.36  66   480     0  1.8
 11   406 J8   210  1672 J8  1458   203 J8   105  1024  9615  5.6  5.3  0.77  0.03  -2.13  -8.96  -5.40  -4.44  78   716     0  1.4
 12   148 J8    50  1403 J8   992    69 J8    23   394  7161  2.9  2.7  0.45  0.04  -8.33 -17.64 -12.59 -11.12  63   971     0  2.2
 13  2406 J8  1801  3261 J8  1738  1129 J8   890  5446 16688  5.8  5.3  1.13  0.07   7.05  -1.92   2.68   3.91  68  5743     0  1.9
