702590 KENAI MUNICIPAL AP     AK  -9  N60 35  W151 14    26  1010
 1991-2010
 MO AVGLO FL SDGLO AVDIR FL SDDIR AVDIF FL SDDIF AVETR AETRN  TOT  OPQ   H2O   TAU  MAX_T  MIN_T  AVG_T  AVGDT  RH  HTDD  CLDD AVWS
  1   335 J7    32   931 J8   393   225 J7    21   957  9353  6.3  5.8  0.67  0.08  -5.48 -13.48  -9.25  -8.15  79   862     0  3.2
  2   998 J7   133  1792 J8   707   583 J7    52  2398 12676  6.3  5.8  0.70  0.10  -2.28 -10.93  -6.32  -4.84  78   705     0  3.4
  3  2277 J7   292  3310 J7  1138  1088 J7   131  4854 16293  5.6  5.0  0.63  0.12   0.21  -9.20  -4.14  -2.57  71   707     0  3.9
  4  3635 J7   359  4017 J7  1086  1714 J7   203  7777 19854  6.2  5.3  0.83  0.14   6.78  -2.00   2.60   3.91  69   478     0  3.7
  5  5003 J7   446  4944 J7  1139  2297 J7   225 10245 23076  6.2  5.1  1.15  0.15  12.46   2.60   7.96   8.94  68   335     0  3.8
  6  5523 J7   579  5151 J7  1367  2568 J7   278 11412 24912  6.5  5.3  1.66  0.14  15.54   6.88  11.46  12.01  74   214     0  3.8
  7  4763 J7   519  4263 J8  1238  2382 J7   242 10746 23782  7.0  6.2  2.12  0.12  17.15   9.64  13.55  14.15  80   153     0  3.5
  8  3858 J7   465  4108 J8  1362  1834 J7   240  8563 20697  6.6  5.9  2.04  0.09  16.95   8.28  12.93  14.02  81   177     0  3.1
  9  2521 J7   292  3323 J8  1115  1220 J7   168  5749 17252  6.7  6.0  1.51  0.07  13.05   4.53   9.03  10.56  78   286     0  3.3
 10  1232 J7   138  2353 J8   686   623 J7    59  3089 13696  6.5  5.9  1.04  0.05   5.75  -1.99   1.99   3.54  80   510     0  3.2
 11   455 J7    76  1438 J8   694   249 J7    32  1274 10198  6.3  5.9  0.80  0.05  -1.05  -8.56  -4.50  -3.36  80   694     0  3.2
 12   181 J7    18   702 J8   317   123 J7    11   598  8080  6.7  6.1  0.70  0.05  -4.13 -11.74  -7.51  -6.74  80   814     0  3.5
 13  2565 J7   152  3028 J8   621  1242 J7   121  5638 16656  6.4  5.7  1.15  0.10   6.24  -2.16   2.32   3.45  77  5936     0  3.5
 1991
  1   315 J5   181   659 J7   996   229 J5    81   951  9333  7.2  6.6  0.69  0.06  -6.04 -12.65  -9.39  -8.49  84   858     0  3.6
  2   870 J5   496  1041 J7  1614   614 J5   222  2375 12635  7.4  6.8  0.75  0.09  -2.72 -12.57  -6.74  -5.12  83   727     0  3.9
  3  2001 J5   944  2723 J7  2619  1045 J5   387  4811 16237  6.4  5.7  0.70  0.11  -0.44 -10.65  -5.19  -3.43  83   740     0  2.8
  4  2922 J5  1043  2260 J7  2450  1868 J5   425  7734 19802  7.8  7.0  0.78  0.13   6.41  -1.33   2.63   3.66  71   474     0  4.2
  5  4109 J5  1805  3077 J6  3680  2430 J5   520 10215 23034  8.0  6.9  1.02  0.14  11.72   2.90   7.43   8.33  68   342     0  4.2
  6  5486 J5  1584  4545 J6  3325  2844 J5   654 11407 24903  7.4  5.9  1.67  0.13  14.20   6.75  10.60  11.01  77   236     0  4.3
  7  4440 J5  1625  3157 J6  3024  2646 J5   511 10769 23820  8.2  7.1  1.82  0.11  15.55   8.44  12.19  12.80  82   196     0  3.9
  8  3548 J5  1283  3093 J7  2850  1992 J5   539  8603 20751  7.5  6.7  1.85  0.12  15.59   6.84  11.54  12.54  81   221     0  3.4
  9  2093 J5   991  1677 J7  2078  1391 J5   287  5792 17305  8.5  7.4  1.56  0.12  13.24   6.31   9.76  10.93  81   257     0  3.9
 10  1174 J5   582  1757 J7  1768   680 J5   215  3123 13750  6.4  5.7  1.03  0.13   4.50  -2.81   0.77   2.21  81   542     0  3.3
 11   361 J5   152   479 J7   705   289 J5   108  1292 10248  7.5  6.9  0.87  0.15   0.11  -6.30  -3.16  -2.52  81   643     0  4.1
 12   140 J5    31    58 J7   145   135 J5    27   600  8089  9.0  8.4  0.77  0.18  -3.04  -9.31  -5.89  -6.07  87   760     0  3.9
 13  2288 J5  1803  2044 J7  1338  1347 J5   986  5639 16659  7.6  6.8  1.13  0.12   5.76  -2.03   2.05   2.99  80  5994     0  3.8
 1992
  1   293 J5   111   157 J7   274   271 J5    98   944  9312  7.9  7.0  0.73  0.22  -1.40  -9.64  -5.37  -4.18  82   739     0  3.7
  2   917 J5   358   987 J7  1189   676 J5   199  2395 12668  6.3  5.6  0.64  0.26  -6.06 -16.69 -11.04  -9.12  82   861     0  2.7
  3  1939 J5   689  1538 J7  1511  1368 J5   424  4881 16330  7.0  6.1  0.64  0.30  -0.73  -9.82  -4.96  -3.50  77   732     0  3.8
  4  3761 J5   982  3114 J7  1751  2174 J5   487  7803 19882  5.1  4.2  0.73  0.32   5.43  -4.92   0.71   2.19  65   542     0  3.4
  5  5330 J5  1542  4752 J6  3205  2609 J5   616 10263 23103  5.2  4.2  1.06  0.31  10.97   1.46   6.80   7.76  62   376     0  4.2
  6  5287 J5  1514  3555 J6  2640  3151 J5   559 11414 24915  7.5  5.9  1.44  0.28  15.05   6.84  11.15  11.64  74   221     0  4.2
  7  4307 J5  1695  2492 J6  2758  2851 J5   648 10732 23758  8.4  7.1  1.88  0.24  16.51   9.85  13.14  13.69  82   160     0  3.6
  8  3086 J5  1113  1620 J7  1947  2245 J5   453  8538 20667  8.8  7.7  1.82  0.20  15.33   9.02  12.13  12.91  83   191     0  3.5
  9  2405 J5   748  2640 J7  2279  1395 J5   339  5721 17220  6.0  5.2  1.04  0.16   8.34  -0.16   4.25   5.78  70   427     0  3.6
 10  1157 J5   431  1871 J7  1669   657 J5   210  3066 13662  5.8  5.1  0.90  0.13   3.22  -4.94  -0.69   0.91  82   595     0  3.0
 11   358 J5   196   571 J7   877   269 J5    84  1261 10170  7.6  6.7  0.83  0.12  -0.10  -5.97  -2.60  -1.87  86   641     0  3.3
 12   153 J5    52   220 J7   343   134 J5    38   596  8076  7.8  7.2  0.67  0.12  -6.05 -14.09  -9.48  -8.83  81   880     0  3.1
 13  2416 J5  1919  1960 J7  1410  1483 J5  1091  5635 16647  6.9  6.0  1.03  0.22   5.04  -3.25   1.17   2.28  77  6366     0  3.5
 1993
  1   315 J5   152   549 J7   786   246 J5    84   966  9383  7.0  6.4  0.55  0.13  -6.52 -14.44 -10.21  -9.48  84   893     0  2.8
  2   823 J5   308   742 J7   900   656 J5   212  2411 12703  7.6  6.5  0.74  0.15  -2.06  -9.43  -5.67  -4.31  81   674     0  3.0
  3  1931 J5   754  1965 J7  2198  1216 J5   335  4861 16302  7.2  6.4  0.61  0.16   1.81  -6.03  -1.74  -0.49  73   634     0  3.9
  4  3278 J5  1307  2883 J7  2916  1902 J5   395  7784 19866  7.5  6.2  0.84  0.18   8.73  -0.05   4.35   5.77  66   420     0  3.7
  5  4973 J5  1934  4568 J6  3807  2417 J5   604 10251 23084  6.6  5.2  1.28  0.18  13.44   3.81   9.01   9.86  71   301     0  3.5
  6  5533 J5  1586  4468 J6  2877  2921 J5   590 11413 24915  7.6  5.7  1.48  0.17  14.68   7.06  11.04  11.47  74   224     0  3.8
  7  5346 J5  1890  5272 J6  4093  2373 J5   682 10743 23776  6.0  5.3  1.97  0.14  17.95   9.77  14.05  14.63  77   139     0  3.7
  8  3573 J5  1277  2798 J7  2303  2142 J5   401  8557 20687  7.7  6.8  2.04  0.11  16.49   8.99  13.11  14.00  81   173     0  3.3
  9  2234 J5   911  2235 J7  2295  1371 J5   364  5742 17242  7.7  6.7  1.51  0.08  11.49   4.87   8.46   9.48  82   305     0  3.6
 10  1089 J5   534  1549 J7  1743   697 J5   269  3083 13687  7.3  6.6  1.12  0.06   6.75   0.35   3.58   4.85  83   458     0  2.9
 11   427 J5   255  1065 J7  1415   264 J5   110  1271 10187  6.7  6.2  0.79  0.05  -0.17  -7.40  -3.66  -2.67  82   664     0  2.9
 12   171 J5    59   442 J7   590   137 J5    36   597  8076  7.7  6.8  0.74  0.06  -0.72  -7.62  -3.52  -2.72  81   697     0  4.2
 13  2474 J5  2019  2378 J7  1661  1362 J5   971  5640 16659  7.2  6.2  1.14  0.12   6.82  -0.84   3.23   4.20  78  5581     0  3.4
 1994
  1   305 J5   130   411 J7   627   259 J5   121   959  9358  7.9  7.2  0.72  0.08  -3.42  -8.99  -5.98  -5.58  83   761     0  3.5
  2  1153 J5   481  2495 J7  1837   561 J5   186  2394 12670  4.3  3.7  0.60  0.10  -5.06 -13.54  -9.01  -7.41  67   774     0  4.2
  3  1996 J5   815  2186 J7  2499  1209 J5   364  4837 16272  7.7  6.6  0.59  0.12  -1.13  -8.25  -4.40  -3.51  75   713     0  5.0
  4  3178 J5   999  2649 J7  2453  1939 J5   524  7761 19836  7.9  6.5  0.78  0.14   6.75  -0.71   2.94   3.97  76   459     0  3.8
  5  4419 J5  1403  3064 J6  2771  2712 J5   489 10234 23060  8.0  6.4  1.02  0.15  11.55   2.85   7.45   8.27  69   345     0  4.1
  6  6004 J5  1632  5654 J6  3483  2707 J5   628 11410 24909  6.6  4.7  1.56  0.14  15.70   6.57  11.65  12.19  72   216     0  3.9
  7  4350 J5  1682  3281 J6  3215  2517 J5   559 10755 23798  8.0  7.0  2.01  0.12  16.62   8.91  12.97  13.56  79   173     0  2.9
  8  3918 J5  1200  3901 J7  2994  2002 J5   556  8578 20717  7.0  5.8  2.13  0.09  16.70   8.41  12.90  13.88  81   179     0  3.2
  9  2536 J5  1013  3161 J7  2627  1279 J5   369  5765 17272  6.9  6.2  1.33  0.06  12.77   3.03   8.21   9.90  80   313     0  2.8
 10  1197 J5   444  1920 J7  2176   719 J5   277  3102 13716  7.5  6.4  0.90  0.04   4.18  -3.22   0.43   1.97  82   553     0  3.2
 11   385 J5   139   956 J7  1094   269 J5   111  1281 10215  6.6  6.1  0.62  0.04  -6.26 -15.40 -10.45  -9.18  84   875     0  2.9
 12   163 J5    71   336 J7   608   135 J5    47   599  8083  8.1  7.3  0.59  0.05  -5.19 -13.79  -8.86  -7.91  87   862     0  3.3
 13  2467 J5  1915  2501 J7  1512  1359 J5   987  5640 16659  7.2  6.1  1.07  0.09   5.27  -2.84   1.49   2.51  78  6223     0  3.6
 1995
  1   297 J5   140   657 J7   879   222 J5    74   952  9335  6.9  6.5  0.68  0.06  -5.52 -13.33  -9.39  -8.41  83   860     0  3.3
  2  1022 J5   472  1908 J7  1952   584 J5   185  2377 12640  6.4  5.9  0.68  0.09  -3.16 -11.73  -6.91  -5.64  79   722     0  4.1
  3  2538 J5   682  3995 J7  2255  1125 J5   436  4814 16240  3.7  3.3  0.55  0.11  -3.16 -17.11  -9.72  -6.99  69   883     0  3.4
  4  3395 J5  1307  3176 J7  3054  1858 J5   517  7737 19804  7.7  6.4  0.90  0.13   7.63  -0.29   3.81   4.99  72   440     0  3.7
  5  4464 J5  1501  3491 J6  3037  2533 J5   636 10217 23037  8.4  6.6  1.16  0.14  12.14   4.08   8.06   8.82  72   317     0  3.9
  6  5365 J5  1650  4422 J6  3210  2786 J5   590 11408 24904  7.5  6.0  1.71  0.13  15.45   7.08  11.25  11.78  75   212     0  3.6
  7  4671 J5  1735  3799 J6  3360  2484 J5   533 10768 23814  8.0  6.8  2.06  0.11  16.63   9.65  13.00  13.54  83   161     0  3.1
  8  4145 J5  1418  4405 J7  3370  1931 J5   551  8600 20748  6.6  5.3  1.93  0.08  16.50   8.89  12.89  13.91  81   175     0  3.0
  9  2006 J5   917  1581 J7  2235  1383 J5   332  5789 17301  8.7  7.9  1.75  0.06  14.03   8.22  11.25  12.15  87   216     0  3.3
 10  1130 J5   606  1485 J7  1877   720 J5   249  3121 13745  8.0  6.9  1.04  0.04   6.81  -0.16   3.49   4.85  83   465     0  3.4
 11   543 J5   234  2101 J7  1582   246 J5   123  1291 10241  4.3  3.6  0.66  0.03  -2.29 -10.54  -6.19  -4.55  73   742     0  3.1
 12   191 J5    79   686 J7   913   131 J5    25   600  8087  7.2  6.1  0.71  0.04  -3.39  -8.94  -5.77  -5.29  72   759     0  4.8
 13  2481 J5  1873  2642 J7  1399  1334 J5   970  5639 16658  7.0  5.9  1.15  0.09   5.97  -2.02   2.15   3.26  77  5952     0  3.6
 1996
  1   348 J5   144  1265 J7  1236   209 J5    91   945  9317  4.5  4.1  0.53  0.06 -11.18 -21.68 -16.30 -13.97  80  1078     0  1.9
  2   916 J5   467  1387 J7  1825   593 J5   202  2397 12672  7.2  6.4  0.56  0.09  -5.52 -15.78  -9.97  -8.73  85   840     0  2.9
  3  2442 J5   969  3774 J7  2768  1083 J5   408  4884 16333  4.9  4.3  0.62  0.11   2.11  -8.03  -2.65  -0.98  78   660     0  3.5
  4  3779 J5  1139  4027 J7  2750  1851 J5   530  7807 19886  6.5  5.2  0.74  0.13   7.64  -2.24   2.83   4.32  77   469     0  3.9
  5  5482 J5  1360  5714 J6  3328  2318 J5   646 10265 23105  5.4  4.3  1.13  0.14  13.25   1.68   8.06   9.14  68   337     0  3.4
  6  4999 J5  1777  3997 J6  3790  2722 J5   643 11414 24918  7.0  6.3  1.49  0.13  15.04   6.82  11.06  11.57  75   222     0  3.6
  7  5064 J7  1674  4494 J7  3793  2527 J7   671 10730 23757  7.5  6.3  1.87  0.11  17.01   8.53  13.01  13.66  79   172     0  3.5
  8  3798 J6  1286  3374 J7  2953  2097 J6   525  8535 20660  7.7  6.7  1.73  0.08  16.78   7.21  12.27  13.52  81   196     0  3.4
  9  2610 J5  1007  3258 J7  2572  1304 J5   333  5718 17216  7.0  6.0  1.15  0.06  11.88   2.49   7.37   9.08  81   334     0  3.3
 10  1438 J5   686  3313 J7  2689   565 J5   243  3063 13659  5.2  4.2  0.85  0.04   0.85 -10.24  -4.25  -2.06  76   714     0  3.2
 11   483 J5   244  1584 J7  1658   260 J5   135  1260 10167  6.0  5.3  0.83  0.04  -3.63 -11.86  -7.43  -6.16  85   782     0  2.9
 12   210 J5    60   936 J7   853   134 J5    43   596  8075  4.9  4.0  0.58  0.04  -8.57 -17.78 -13.20 -12.09  81   977     0  3.0
 13  2631 J6  1964  3094 J7  1487  1305 J6   964  5635 16647  6.1  5.2  1.01  0.09   4.64  -5.07   0.07   1.44  79  6781     0  3.2
 1997
  1   336 J5   127   812 J7   889   243 J5    96   967  9384  6.3  5.7  0.59  0.06  -6.85 -15.39 -11.06 -10.37  79   913     0  3.2
  2   811 J5   384   684 J7   968   651 J5   221  2413 12705  8.9  7.9  0.74  0.09   2.10  -3.28  -0.29   0.44  84   530     0  4.1
  3  2524 J5   920  3971 J7  2637  1082 J5   348  4864 16305  4.6  3.9  0.54  0.11  -0.23  -9.97  -4.84  -3.15  65   726     0  4.1
  4  3650 J5  1345  4029 J7  3369  1757 J5   585  7787 19871  5.9  5.2  0.74  0.13   7.74  -1.91   3.12   4.57  64   462     0  4.2
  5  5481 J5  1422  5593 J6  3321  2355 J5   584 10253 23090  5.5  4.5  1.10  0.14  13.53   2.57   8.61   9.81  67   319     0  4.0
  6  5776 J5  1689  5221 J6  3650  2698 J5   715 11413 24916  6.7  5.3  1.55  0.13  16.48   7.54  12.13  12.71  79   190     0  3.6
  7  4943 J5  1677  4060 J6  3457  2630 J5   661 10741 23772  7.5  6.3  2.20  0.11  18.60  10.62  14.51  15.16  86   115     0  3.7
  8  3815 J5  1295  3544 J7  3013  2044 J5   532  8554 20683  7.3  6.4  2.14  0.08  17.88   8.86  13.60  14.69  85   154     0  2.9
  9  2546 J5   954  2963 J7  2725  1372 J5   384  5739 17237  7.1  5.8  1.59  0.06  14.50   5.36  10.00  11.67  85   252     0  3.1
 10  1553 J5   632  3704 J7  2270   563 J5   200  3080 13684  4.2  3.2  0.73  0.04   3.27  -8.01  -2.20   0.22  86   642     0  2.9
 11   392 J5   174   713 J7   904   293 J5   115  1270 10187  8.1  7.2  0.72  0.03   0.67  -5.88  -2.23  -1.26  87   628     0  3.5
 12   179 J5    63   385 J7   416   146 J5    46   597  8076  7.8  6.7  0.55  0.04  -4.59 -13.95  -8.29  -7.34  86   856     0  3.9
 13  2667 J5  2058  2974 J7  1853  1319 J5   957  5640 16659  6.7  5.7  1.10  0.09   6.92  -1.95   2.75   3.93  79  5787     0  3.6
 1998
  1   329 J5   114   741 J7   844   250 J5   105   960  9363  6.5  5.8  0.66  0.06  -6.11 -14.47 -10.02  -8.76  82   887     0  3.5
  2   961 J5   500  1309 J7  1656   644 J5   222  2396 12673  7.5  6.8  0.73  0.09   0.15  -8.00  -3.80  -2.46  81   623     0  3.8
  3  1936 J5   703  1964 J7  1997  1247 J5   278  4840 16275  7.1  6.4  0.79  0.11   2.78  -6.65  -2.03  -0.29  72   628     0  3.7
  4  3194 J5  1475  2790 J7  3212  1833 J5   518  7764 19840  7.6  6.5  0.82  0.13   7.46  -0.63   3.59   4.75  73   447     0  3.6
  5  4374 J5  1528  3188 J6  2797  2611 J5   489 10236 23063  8.3  6.7  1.06  0.14  10.53   3.00   6.96   7.66  74   359     0  3.9
  6  5877 J5  1793  5706 J6  3806  2566 J5   677 11411 24909  7.2  5.0  1.69  0.13  15.17   7.13  11.04  11.53  78   215     0  3.6
  7  4741 J5  1299  3474 J6  2948  2767 J5   559 10754 23793  8.2  6.9  1.99  0.11  16.98   8.90  13.09  13.74  84   167     0  3.2
  8  3501 J5  1233  2698 J7  2399  2156 J5   389  8575 20714  7.7  6.9  1.83  0.08  14.88   7.83  11.59  12.48  86   216     0  4.0
  9  2498 J5   825  2568 J7  1948  1458 J5   351  5762 17268  7.7  6.3  1.37  0.06  12.85   4.73   9.19  10.58  79   286     0  3.7
 10  1430 J5   663  2887 J7  2569   649 J5   211  3099 13711  6.4  5.3  0.86  0.04   6.97  -1.75   2.52   4.28  76   487     0  3.7
 11   457 J5   185  1071 J7  1188   307 J5   138  1280 10212  7.7  6.7  0.87  0.03  -0.96  -8.80  -4.53  -3.57  87   696     0  3.1
 12   173 J5    72   619 J7   790   122 J5    29   599  8082  7.3  6.5  0.55  0.04  -6.11 -14.99 -10.14  -9.77  84   895     0  2.7
 13  2456 J5  1896  2418 J7  1423  1384 J5   989  5640 16659  7.4  6.3  1.10  0.09   6.21  -1.98   2.29   3.35  80  5909     0  3.5
 1999
  1   375 J5   197  1074 J7  1217   233 J5    79   953  9337  5.7  5.0  0.53  0.06  -7.92 -16.36 -11.88 -10.96  78   945     0  3.9
  2  1056 J5   317  2000 J7  1705   640 J5   287  2379 12645  5.6  4.8  0.39  0.09  -9.61 -22.47 -16.56 -14.03  76   962     0  2.1
  3  2125 J5   803  2664 J7  2591  1207 J5   446  4817 16245  6.7  5.5  0.56  0.11  -0.38  -9.40  -4.71  -3.26  76   720     0  3.7
  4  3765 J5  1342  3969 J7  3062  1824 J5   483  7740 19806  6.8  5.3  0.72  0.13   5.17  -2.72   1.26   2.34  72   513     0  3.8
  5  4769 J7  1565  4486 J8  3156  2393 J7   443 10219 23037  6.6  5.4  0.84  0.14  10.43   0.98   6.20   7.12  71   391     0  4.1
  6  4628 J8  1564  3166 J8  2958  2789 J8   432 11408 24903  7.8  6.8  1.62  0.13  15.54   6.26  11.09  11.68  74   223     0  3.7
  7  4260 J8  1811  3275 J8  3554  2450 J8   581 10766 23812  7.6  7.0  2.13  0.11  16.23   8.99  12.96  13.50  81   177     0  4.0
  8  2990 J8  1195  2092 J8  2694  1972 J8   357  8597 20743  8.2  7.9  2.16  0.08  16.11   9.08  12.65  13.56  86   178     0  2.6
  9  2137 J8   823  1916 J8  2148  1401 J8   264  5786 17296  8.2  7.4  1.37  0.06  12.70   4.11   8.70  10.27  81   298     0  3.5
 10   985 J8   413  1017 J8  1451   724 J8   236  3118 13739  8.1  7.6  0.88  0.04   4.12  -2.51   1.13   2.42  81   543     0  3.4
 11   461 J8   187  1290 J8  1222   284 J8   106  1290 10238  5.9  5.6  0.71  0.03  -2.91 -11.87  -6.86  -5.52  79   772     0  3.3
 12   180 J8    76   658 J8   790   126 J8    39   600  8086  7.2  6.8  0.64  0.04  -6.94 -15.57 -10.58 -10.07  83   917     0  3.5
 13  2311 J7  1729  2301 J8  1226  1337 J7   943  5639 16657  7.0  6.3  1.05  0.09   4.38  -4.29   0.28   1.42  78  6639     0  3.5
 2000
  1   281 J8   113   644 J8   914   212 J8    78   946  9321  7.0  6.8  0.54  0.06  -8.48 -17.35 -12.49 -11.62  84   969     0  2.1
  2   937 J8   452  1308 J8  1499   618 J8   196  2400 12676  7.4  7.0  0.70  0.09  -0.44  -7.70  -3.65  -2.40  84   650     0  3.3
  3  1838 J8   647  1633 J8  1440  1244 J8   307  4887 16336  7.7  7.0  0.66  0.11   1.39  -5.27  -1.65  -0.61  74   628     0  4.3
  4  3339 J8  1126  3175 J8  2259  1824 J8   420  7810 19892  6.5  5.8  0.77  0.13   6.24  -2.48   2.25   3.54  70   494     0  3.6
  5  4900 J8  1642  4624 J8  3412  2393 J8   429 10267 23108  6.1  4.9  0.87  0.14  11.94   1.15   7.21   8.41  64   365     0  3.8
  6  4766 J8  1336  3535 J8  2815  2770 J8   440 11414 24918  7.1  6.1  1.36  0.13  15.66   5.24  11.10  11.80  71   236     0  3.6
  7  3930 J8  1448  2623 J8  2666  2530 J8   438 10728 23755  8.1  7.4  1.70  0.11  15.05   9.14  12.19  12.70  84   193     0  3.6
  8  4191 J8  1393  5174 J8  3540  1746 J8   583  8532 20657  5.3  4.5  1.70  0.08  16.72   5.01  11.61  13.27  77   232     0  2.8
  9  2782 J8  1114  4356 J8  3324  1106 J8   432  5715 17212  5.6  5.2  1.14  0.06  11.86   2.40   7.54   9.28  77   336     0  3.3
 10  1110 J8   522  2023 J8  2292   593 J8   230  3061 13656  7.3  7.0  0.90  0.04   5.40  -1.95   1.94   3.32  80   515     0  3.6
 11   439 J8   244  1269 J8  1412   253 J8    92  1259 10160  6.8  6.3  0.82  0.04   1.28  -4.58  -1.13  -0.28  85   599     0  3.6
 12   195 J8    80  1006 J8   936   111 J8    25   596  8074  5.5  5.2  0.73  0.04  -0.34  -5.53  -2.73  -2.12  82   659     0  4.3
 13  2392 J8  1803  2614 J8  1540  1283 J8   955  5635 16647  6.7  6.1  0.99  0.09   6.36  -1.83   2.68   3.77  78  5876     0  3.5
 2001
  1   338 J8   149   802 J8   955   241 J8    84   968  9387  7.7  7.3  0.63  0.06   0.02  -5.22  -2.25  -1.79  85   649     0  4.2
  2  1007 J8   518  2132 J8  2135   515 J8   163  2415 12708  6.4  6.0  0.67  0.09  -0.84  -9.41  -4.76  -3.61  82   657     0  3.3
  3  2265 J8   967  3349 J8  2628  1044 J8   273  4867 16313  5.7  5.4  0.59  0.11   0.94  -5.64  -1.98  -1.01  73   641     0  4.6
  4  3508 J8  1244  4125 J8  2824  1541 J8   340  7790 19875  6.4  5.9  0.72  0.13   6.37  -2.00   2.55   3.80  70   484     0  3.8
  5  4790 J8  1829  4875 J8  3730  2140 J8   486 10255 23093  5.9  5.3  0.91  0.14  10.36   0.54   6.23   7.22  66   399     0  3.9
  6  6816 J8  1436  8483 J8  3399  2019 J8   619 11414 24915  3.4  2.6  1.55  0.13  16.98   6.68  12.50  13.13  71   195     0  3.8
  7  4047 J8  1738  3067 J8  3368  2310 J8   387 10739 23770  7.4  6.9  2.05  0.11  15.99  10.00  12.99  13.47  86   165     0  3.2
  8  3851 J8  1575  4349 J8  3539  1761 J8   346  8551 20681  6.2  5.7  1.97  0.08  17.30   8.18  13.11  14.27  85   173     0  2.7
  9  2585 J8  1149  3744 J8  3227  1092 J8   307  5735 17233  5.9  5.6  1.38  0.06  13.70   3.77   9.02  10.89  81   288     0  3.2
 10  1166 J8   595  2384 J8  2507   570 J8   212  3078 13682  6.5  6.1  0.80  0.04   2.11  -6.85  -2.01  -0.27  82   642     0  3.2
 11   471 J8   238  1638 J8  1601   236 J8    90  1268 10184  6.5  6.1  0.73  0.03  -3.34 -10.68  -6.47  -5.76  84   760     0  2.4
 12   187 J8    86   940 J8  1025   108 J8    23   597  8078  5.4  5.0  0.50  0.04  -9.28 -18.76 -13.81 -12.45  82  1003     0  2.5
 13  2586 J8  2072  3324 J8  2092  1131 J8   804  5640 16660  6.1  5.7  1.04  0.09   5.86  -2.45   2.09   3.16  79  6057     0  3.4
 2002
  1   303 J8   123   741 J8   765   219 J8    67   961  9368  7.4  7.1  0.91  0.06  -0.56  -7.65  -3.88  -3.07  80   695     0  3.5
  2  1101 J8   498  2175 J8  1738   583 J8   227  2398 12676  6.2  5.8  0.70  0.09  -1.25  -8.60  -4.54  -3.52  75   651     0  4.7
  3  2638 J8   912  4995 J8  2661   885 J8   297  4843 16278  3.4  3.1  0.55  0.11  -0.59 -13.00  -6.07  -4.03  65   779     0  3.2
  4  4254 J8  1453  6358 J8  3628  1306 J8   393  7767 19843  3.6  3.1  0.81  0.13   3.88  -6.14  -0.59   1.00  64   584     0  3.1
  5  5356 J8  1788  6171 J8  3887  2016 J8   474 10238 23066  4.6  3.8  1.28  0.14  13.06   1.74   8.16   9.34  66   339     0  3.6
  6  5121 J8  1848  4723 J8  3676  2457 J8   503 11411 24911  6.5  5.6  1.78  0.13  15.12   6.20  11.04  11.64  74   230     0  3.8
  7  5126 J8  2127  5573 J8  4478  2054 J8   525 10752 23790  5.5  5.0  2.26  0.11  17.45   8.26  13.51  14.30  76   170     0  3.8
  8  3969 J8  1811  4960 J8  4261  1576 J8   469  8572 20712  5.8  5.2  2.14  0.08  16.35   7.92  12.62  13.61  84   192     0  2.9
  9  2416 J8  1078  3255 J8  3072  1144 J8   341  5759 17264  7.0  6.5  1.78  0.06  13.25   5.64   9.70  11.06  82   267     0  3.4
 10  1098 J8   647  1820 J8  2436   607 J8   191  3097 13707  7.1  6.8  1.50  0.04   8.22   1.39   4.96   6.29  87   419     0  4.1
 11   441 J8   257  1309 J8  1604   246 J8   107  1278 10207  7.2  7.0  1.26  0.03   3.98  -1.60   1.34   2.27  91   514     0  3.7
 12   176 J8    64   674 J8   713   119 J8    29   599  8082  7.4  6.9  0.89  0.04  -2.30  -8.08  -4.84  -4.43  89   729     0  2.7
 13  2667 J8  2028  3563 J8  2142  1101 J8   791  5640 16659  6.0  5.5  1.32  0.09   7.22  -1.16   3.45   4.54  78  5570     0  3.5
 2003
  1   336 J8   137  1128 J8   998   204 J8    64   954  9342  5.9  5.6  0.94  0.06  -1.53  -7.76  -4.21  -3.42  74   712     0  4.3
  2   730 J8   321   960 J8  1367   525 J8   166  2382 12649  8.1  8.0  1.12  0.09   1.76  -2.49  -0.46   0.42  87   523     0  2.7
  3  2548 J8   913  4567 J8  2593   940 J8   288  4820 16251  3.9  3.6  0.58  0.11   0.91  -7.66  -3.20  -1.71  59   673     0  4.7
  4  3863 J8  1592  5045 J8  3593  1475 J8   367  7743 19808  4.8  4.0  0.93  0.13   8.01  -2.15   3.25   4.95  62   462     0  3.6
  5  5295 J8  1582  6010 J8  3527  2047 J8   524 10222 23041  5.4  4.2  1.13  0.14  12.81   1.88   7.99   9.10  65   341     0  3.4
  6  5135 J8  1900  4857 J8  3791  2343 J8   438 11408 24905  6.3  5.5  1.86  0.13  15.57   7.00  11.55  12.11  76   211     0  3.4
  7  5573 J8  2052  6537 J8  4327  1944 J8   495 10764 23806  5.4  4.5  2.38  0.11  18.75  10.65  14.90  15.52  78   113     0  4.1
  8  4242 J8  1818  5395 J8  4169  1595 J8   427  8594 20735  5.6  4.8  2.17  0.08  17.95   7.98  13.54  14.81  77   166     0  3.2
  9  3295 J8  1172  6102 J8  3323   883 J8   331  5783 17293  3.9  3.6  1.48  0.06  14.13   2.38   8.78  11.01  67   302     0  3.3
 10  1193 J8   513  2292 J8  2320   632 J8   286  3116 13737  6.4  6.0  1.39  0.04   8.25   0.65   4.49   5.98  83   430     0  3.0
 11   386 J8   187  1216 J8  1482   225 J8    93  1288 10235  6.2  6.1  0.91  0.03  -2.10 -10.13  -5.72  -4.51  81   733     0  3.0
 12   180 J8    85   847 J8   997   110 J8    28   600  8085  6.7  6.4  0.71  0.04  -4.06 -14.26  -8.61  -7.47  80   852     0  2.8
 13  2731 J8  2099  3746 J8  2263  1077 J8   781  5639 16657  5.7  5.2  1.30  0.09   7.54  -1.16   3.52   4.73  74  5519     0  3.5
 2004
  1   384 J8   151  1637 J8  1116   195 J8    72   947  9322  3.9  3.7  0.51  0.06 -10.10 -20.05 -15.30 -13.29  72  1036     0  3.1
  2   983 J8   439  1975 J8  1904   538 J8   200  2402 12677  6.5  6.0  0.87  0.09   0.87  -6.79  -2.92  -1.66  80   617     0  3.8
  3  2086 J8   999  2807 J8  2877  1067 J8   345  4890 16339  6.1  5.9  0.63  0.11  -0.46  -9.31  -4.24  -2.69  75   720     0  3.5
  4  3264 J8  1310  3375 J8  2961  1623 J8   398  7813 19896  6.7  6.2  1.08  0.13   7.26  -0.73   3.31   4.40  86   452     0  3.9
  5  4800 J8  1647  5056 J8  3514  2053 J8   445 10269 23110  5.7  5.0  1.67  0.14  13.37   4.50   9.06   9.91  79   291     0  3.5
  6  5688 J8  1766  5963 J8  4160  2353 J8   659 11414 24918  5.5  4.8  2.06  0.13  17.15   7.97  12.71  13.34  74   173     0  3.8
  7  5182 J8  1881  5292 J8  3997  2233 J8   509 10726 23751  5.7  5.0  2.41  0.11  19.38  10.22  15.17  15.95  80   111     2  3.2
  8  5166 J8  1297  7620 J8  3060  1378 J8   386  8529 20654  3.5  3.0  2.26  0.08  20.72   8.71  15.13  16.74  81   114     2  2.6
  9  2702 J8  1380  4461 J8  3806   966 J8   342  5712 17209  5.8  5.2  1.40  0.06  11.61   1.03   6.79   8.82  76   360     0  2.7
 10  1232 J8   586  2466 J8  2355   582 J8   219  3059 13652  7.0  6.7  1.22  0.04   7.26  -0.16   3.76   5.18  85   458     0  2.5
 11   374 J8   257   973 J8  1513   230 J8    83  1258 10155  7.4  7.2  0.98  0.04   0.72  -5.36  -1.84  -1.03  85   620     0  3.6
 12   186 J8    71   845 J8   936   117 J8    26   596  8073  6.0  5.6  0.79  0.04  -2.18  -9.48  -5.19  -4.52  78   749     0  4.2
 13  2671 J8  2099  3539 J8  2140  1111 J8   812  5635 16646  5.8  5.4  1.32  0.09   7.13  -1.62   3.04   4.26  79  5701     4  3.4
 2005
  1   392 J8   180  1558 J8  1292   208 J8    94   969  9391  4.5  4.4  0.81  0.06  -4.20 -12.06  -7.88  -6.55  76   820     0  3.4
  2  1133 J8   460  2533 J8  1791   547 J8   169  2417 12712  5.2  4.8  0.73  0.09  -2.52 -11.81  -6.86  -5.32  79   714     0  3.6
  3  2454 J8   862  3967 J8  2436  1004 J8   276  4870 16316  5.3  5.0  0.83  0.11   2.62  -4.84  -0.99   0.38  71   603     0  4.2
  4  4068 J8  1505  5340 J8  3445  1503 J8   377  7793 19878  4.9  4.0  0.99  0.13   8.56  -1.37   3.67   5.28  68   442     0  3.4
  5  5035 J8  1292  5112 J8  2950  2261 J8   573 10257 23096  6.6  5.3  1.47  0.14  13.79   3.62   9.08  10.10  76   298     0  3.7
  6  6577 J8  1255  7766 J8  3353  2181 J8   672 11414 24915  4.3  3.3  1.89  0.13  15.69   5.85  11.37  12.02  78   227     0  3.7
  7  5691 J8  1837  6595 J8  4051  2055 J8   631 10737 23769  5.3  4.4  2.27  0.11  18.63  10.33  14.93  15.57  82   119     0  3.5
  8  4063 J8  1667  4873 J8  3757  1615 J8   471  8548 20677  5.7  5.3  2.21  0.08  17.75   8.12  13.65  14.87  82   167     0  3.2
  9  2590 J8  1159  3782 J8  3292  1106 J8   366  5732 17230  6.3  5.8  1.86  0.06  13.79   6.85  10.64  11.83  78   240     0  3.8
 10  1268 J8   529  2667 J8  2330   602 J8   261  3076 13675  6.2  5.8  1.07  0.04   7.16  -0.72   3.26   5.07  77   468     0  2.7
 11   548 J8   306  2281 J8  1789   210 J8    82  1267 10180  5.4  5.2  0.66  0.03  -3.34 -11.71  -7.35  -6.06  68   776     0  3.0
 12   179 J8    66   706 J8   816   121 J8    26   597  8078  7.0  6.5  1.07  0.04   0.56  -4.55  -1.67  -1.10  76   630     0  3.7
 13  2833 J8  2212  3932 J8  2098  1118 J8   796  5640 16660  5.6  5.0  1.32  0.09   7.37  -1.02   3.49   4.67  76  5505     0  3.5
 2006
  1   371 J8   183  1263 J8  1109   217 J8    83   962  9370  5.2  4.9  0.59  0.06  -7.93 -17.22 -12.16 -10.49  74   958     0  2.2
  2  1089 J8   478  2338 J8  1926   547 J8   150  2400 12681  4.6  4.3  0.66  0.09  -1.73 -10.03  -5.31  -4.06  74   678     0  4.0
  3  2308 J8   988  3804 J8  2923   944 J8   304  4846 16284  5.1  4.8  0.64  0.11  -0.15 -11.57  -5.15  -3.33  65   750     0  3.2
  4  3878 J8  1366  4799 J8  3279  1586 J8   441  7770 19848  5.7  4.8  0.78  0.13   5.01  -2.44   1.54   2.65  68   511     0  4.0
  5  5234 J8  1885  5762 J8  4003  2049 J8   457 10240 23070  6.0  4.8  1.24  0.14  13.36   3.34   8.74   9.75  62   309     0  4.4
  6  5314 J8  1970  5309 J8  4166  2375 J8   648 11411 24911  6.1  5.4  1.79  0.13  16.33   7.73  12.22  12.81  65   189     0  3.5
  7  4798 J8  1967  4676 J8  4180  2203 J8   573 10750 23787  6.6  6.0  2.19  0.11  17.84   9.86  14.13  14.85  70   139     0  3.8
  8  3543 J8  1431  3652 J8  3515  1727 J8   459  8569 20706  7.1  6.7  2.16  0.08  15.96   8.46  12.58  13.49  79   190     0  3.6
  9  2549 J8  1000  3491 J8  2767  1172 J8   379  5756 17259  6.9  6.3  1.79  0.06  14.57   6.07  10.35  11.90  76   240     0  2.9
 10  1194 J8   509  2350 J8  2405   613 J8   250  3095 13703  7.1  6.6  1.24  0.04   7.97   1.36   4.77   6.09  76   424     0  2.9
 11   673 J8   262  3478 J8  1470   176 J8    80  1277 10205  1.7  1.6  0.42  0.03  -4.41 -15.91 -10.56  -7.73  62   855     0  2.7
 12   168 J8    63   585 J8   707   120 J8    26   598  8082  6.9  6.6  0.73  0.04  -1.87  -9.01  -4.88  -4.09  73   737     0  3.9
 13  2593 J8  1921  3459 J8  1588  1144 J8   827  5640 16659  5.7  5.2  1.19  0.09   6.25  -2.45   2.19   3.49  70  5980     0  3.4
 2007
  1   334 J8   160   948 J8   953   217 J8    69   955  9345  6.6  6.3  0.67  0.06  -4.85 -13.77  -8.81  -8.02  74   857     0  3.2
  2  1199 J8   551  3046 J8  2142   491 J8   156  2384 12653  3.9  3.5  0.65  0.09  -2.46 -12.97  -7.85  -5.38  64   729     0  2.3
  3  2947 J8   805  5845 J8  1916   866 J8   282  4823 16253  1.9  1.5  0.33  0.11  -4.25 -18.64 -10.82  -8.22  57   923     0  3.4
  4  3850 J8  1088  4590 J8  2571  1686 J8   374  7746 19813  6.1  5.2  0.98  0.13   9.34  -0.71   4.44   5.99  60   420     0  3.8
  5  4844 J8  1447  4620 J8  3239  2283 J8   449 10224 23046  6.4  5.5  1.31  0.14  12.59   3.17   8.27   9.15  63   324     0  3.8
  6  6253 J8  1652  6788 J8  3746  2345 J8   611 11408 24906  4.9  3.8  1.69  0.13  16.25   7.17  12.03  12.54  65   199     0  4.1
  7  4900 J8  1685  4604 J8  3517  2360 J8   555 10762 23804  6.7  6.1  2.27  0.11  17.46  10.19  13.87  14.38  74   140     0  3.2
  8  4095 J8  1431  4953 J8  3654  1653 J8   493  8591 20729  5.9  5.3  2.26  0.08  18.41   9.24  13.77  14.98  77   140     0  2.6
  9  2574 J8   806  3564 J8  2724  1208 J8   383  5779 17290  6.5  6.1  1.72  0.06  13.46   5.85   9.92  11.25  79   260     0  3.1
 10  1300 J8   595  2497 J8  2304   607 J8   216  3114 13735  6.7  6.3  0.99  0.04   5.97  -0.81   2.61   3.97  76   488     0  3.2
 11   432 J8   213  1260 J8  1170   253 J8    87  1287 10232  7.0  6.7  1.00  0.03   2.46  -2.82   0.15   0.93  79   555     0  3.5
 12   182 J8    77   708 J8   876   123 J8    30   600  8084  6.3  6.0  0.71  0.04  -2.78 -10.46  -6.21  -5.17  75   773     0  3.8
 13  2742 J8  2060  3619 J8  1965  1174 J8   866  5639 16657  5.7  5.2  1.21  0.09   6.80  -2.05   2.61   3.87  70  5809     0  3.3
 2008
  1   322 J8   171   826 J8   957   216 J8    70   948  9323  6.9  6.5  0.63  0.06  -6.70 -16.04 -10.52  -9.48  79   921     0  2.6
  2  1244 J8   348  2939 J8  1297   578 J8   223  2404 12682  3.7  3.0  0.62  0.09  -4.82 -16.50 -10.34  -7.91  71   841     0  3.7
  3  2322 J8   905  3411 J8  2547  1067 J8   234  4893 16342  5.9  5.5  0.80  0.11   2.16  -4.48  -1.05  -0.02  70   604     0  3.9
  4  4093 J8  1440  5169 J8  3196  1574 J8   350  7816 19900  4.6  4.1  0.82  0.13   4.22  -4.29   0.44   1.66  69   551     0  3.0
  5  5018 J8  1627  4959 J8  3620  2342 J8   533 10271 23112  6.0  5.1  1.17  0.14  11.84   2.45   7.52   8.52  62   347     0  4.3
  6  5158 J8  1519  4488 J8  2882  2568 J8   471 11414 24918  6.9  6.1  1.68  0.13  13.36   6.56  10.14  10.59  70   251     0  4.1
  7  4331 J8  1877  3945 J8  3954  2203 J8   466 10724 23749  7.4  6.9  2.22  0.11  15.86   9.90  12.78  13.24  74   169     0  3.0
  8  3779 J8  1143  4101 J8  2770  1798 J8   393  8526 20651  6.9  6.2  2.00  0.08  16.35   8.33  12.66  13.73  76   186     0  2.6
  9  2292 J8   648  2767 J8  2209  1286 J8   359  5709 17204  7.6  7.1  1.70  0.06  13.28   6.59   9.58  10.95  76   252     0  3.0
 10  1258 J8   510  2987 J8  2431   552 J8   229  3056 13650  5.4  5.1  0.84  0.04   3.73  -3.89  -0.09   1.44  72   571     0  2.9
 11   458 J8   269  1461 J8  1595   238 J8    91  1257 10153  6.8  6.4  0.72  0.04  -1.27  -8.75  -4.53  -3.53  75   700     0  3.4
 12   189 J8    79   989 J8  1027   110 J8    33   596  8073  5.5  5.2  0.73  0.04  -6.59 -13.86  -9.94  -9.04  74   885     0  3.5
 13  2539 J8  1867  3170 J8  1473  1211 J8   884  5634 16646  6.1  5.6  1.16  0.09   5.12  -2.83   1.39   2.51  72  6277     0  3.3
 2009
  1   344 J8   125  1300 J8  1096   204 J8    71   970  9393  5.1  4.7  0.71  0.06  -7.78 -15.82 -12.00 -10.50  75   934     0  2.9
  2  1002 J8   552  1961 J8  2202   543 J8   177  2419 12717  6.3  5.8  0.63  0.09  -3.68 -14.60  -8.52  -6.58  74   769     0  2.4
  3  2301 J8   965  3573 J8  2640  1016 J8   320  4873 16319  5.3  4.8  0.65  0.11  -0.96 -10.61  -5.28  -3.75  63   748     0  4.2
  4  3675 J8  1307  4271 J8  2997  1620 J8   395  7796 19881  5.8  5.2  0.85  0.13   6.45  -2.65   2.17   3.61  67   493     0  3.4
  5  5619 J8  1635  6903 J8  3896  1922 J8   543 10259 23097  4.5  3.6  1.13  0.14  13.95   2.90   8.91  10.11  67   307     0  3.5
  6  5744 J8  1786  5939 J8  3756  2300 J8   532 11414 24916  6.0  4.9  1.65  0.13  15.72   6.78  11.43  12.01  75   212     0  3.6
  7  5353 J8  1882  5715 J8  3990  2202 J8   547 10736 23766  5.6  4.9  2.37  0.11  18.02  10.11  14.18  14.77  80   132     0  3.6
  8  4225 J8  1532  5477 J8  3647  1554 J8   496  8545 20674  5.9  5.1  2.03  0.08  17.52   8.50  13.30  14.40  80   165     0  2.9
  9  2796 J8  1073  4342 J8  2871  1072 J8   317  5729 17224  5.8  5.4  1.68  0.06  14.38   5.17  10.26  11.95  78   257     0  3.1
 10  1279 J8   565  2790 J8  2218   571 J8   208  3073 13669  6.3  5.8  1.45  0.04   9.76   4.15   6.89   7.96  77   353     0  3.8
 11   514 J8   247  1950 J8  1591   224 J8    84  1266 10178  5.4  5.1  0.70  0.03  -0.34 -10.50  -5.01  -3.40  74   713     0  3.2
 12   200 J8    79   975 J8  1006   119 J8    37   597  8078  6.2  5.5  0.87  0.04  -2.00  -7.98  -4.78  -4.19  82   723     0  3.7
 13  2754 J8  2126  3766 J8  1984  1112 J8   794  5640 16659  5.7  5.1  1.23  0.09   6.75  -2.05   2.63   3.86  74  5805     0  3.4
 2010
  1   380 J8   192  1445 J8  1244   201 J8    73   963  9374  5.0  4.7  0.81  0.06  -2.49  -9.74  -5.95  -4.62  78   758     0  3.6
  2  1004 J8   458  1913 J8  1629   553 J8   165  2402 12687  7.0  6.6  0.87  0.09   1.38  -4.20  -1.29  -0.47  76   553     0  4.2
  3  2394 J8   859  3460 J8  2392  1106 J8   275  4849 16289  5.7  5.2  0.71  0.11   2.00  -6.98  -2.10  -0.78  70   645     0  4.5
  4  3983 J8  1144  5193 J8  2864  1543 J8   446  7773 19849  5.4  4.6  0.88  0.13   7.22  -0.29   3.70   4.85  68   446     0  3.8
  5  5762 J8  1530  6846 J8  3517  2059 J8   556 10242 23074  5.0  3.6  1.19  0.14  14.48   3.43   9.36  10.34  64   291     0  3.7
  6  4933 J8  1833  4434 J8  3533  2468 J8   415 11411 24911  6.8  6.1  1.74  0.13  15.69   8.45  12.11  12.55  75   188     0  3.6
  7  4199 J8  1638  3332 J8  3149  2308 J8   473 10748 23784  7.8  7.2  2.28  0.11  16.52  10.57  13.47  13.93  81   148     0  3.4
  8  3662 J8  1310  4078 J8  3305  1704 J8   512  8566 20702  6.7  6.1  2.21  0.08  17.68   9.97  13.88  14.82  80   140     0  2.9
  9  2779 J8  1064  4588 J8  3170  1004 J8   338  5753 17255  5.4  4.9  1.59  0.06  15.25   5.87  10.79  12.38  71   233     0  3.2
 10  1399 J8   590  3268 J8  2254   555 J8   192  3092 13700  5.7  5.2  1.05  0.04   8.50   0.31   4.40   6.09  71   432     0  3.3
 11   504 J8   246  2102 J8  1660   214 J8   105  1276 10202  5.7  5.2  0.90  0.03   0.86  -5.14  -1.71  -0.81  72   614     0  3.5
 12   223 J8    74  1431 J8  1024   106 J8    26   598  8083  3.4  3.1  0.58  0.04  -7.22 -16.76 -11.87 -10.17  69   940     0  2.6
 13  2602 J8  1909  3508 J8  1638  1152 J8   851  5640 16659  5.8  5.2  1.23  0.09   7.49  -0.38   3.73   4.84  73  5387     0  3.5
