703810 JUNEAU INT'L ARPT      AK  -9  N58 21  W134 35     4  1013
 1991-2010
 MO AVGLO FL SDGLO AVDIR FL SDDIR AVDIF FL SDDIF AVETR AETRN  TOT  OPQ   H2O   TAU  MAX_T  MIN_T  AVG_T  AVGDT  RH  HTDD  CLDD AVWS
  1   367 J7    60   620 J8   413   278 J7    20  1279 10122  8.1  7.5  0.83  0.08  -0.11  -4.76  -2.29  -1.71  85   644     0  3.1
  2   949 J7   124  1150 J7   489   647 J7    37  2770 13049  8.0  7.2  0.80  0.10   1.76  -3.40  -0.76   0.11  84   541     0  3.1
  3  1929 J7   270  1882 J8   828  1215 J7    72  5206 16316  7.7  6.9  0.74  0.13   3.58  -2.31   0.69   1.63  78   549     0  3.6
  4  3497 J7   375  2833 J7   909  2074 J7   139  8027 19535  7.5  6.5  0.88  0.15   8.96   0.92   5.00   6.19  76   402     0  3.4
  5  4606 J7   584  3357 J7  1117  2696 J7   123 10356 22372  7.5  6.4  1.19  0.15  13.61   4.81   9.42  10.37  73   283     0  3.3
  6  4339 J7   414  2815 J7   754  2668 J7   161 11437 23907  8.1  7.2  1.62  0.15  16.60   8.53  12.68  13.28  77   174     1  3.0
  7  3806 J7   544  2105 J7   979  2586 J7    87 10821 22960  8.6  7.9  2.04  0.12  17.21  10.27  13.69  14.35  83   143     1  2.9
  8  3349 J7   405  2378 J7   894  2101 J7    94  8774 20274  8.2  7.4  2.05  0.10  16.82   9.76  13.22  14.12  85   156     0  3.0
  9  2079 J7   311  1436 J7   776  1470 J7    72  6079 17172  8.7  8.2  1.66  0.07  12.76   7.18   9.90  10.77  89   251     0  3.5
 10  1019 J7   107   915 J8   383   754 J7    37  3465 13954  8.8  8.4  1.19  0.05   8.07   3.34   5.74   6.51  89   391     0  3.8
 11   534 J7    75   758 J8   491   404 J7    33  1616 10847  8.4  7.9  0.90  0.05   3.42  -0.91   1.31   1.91  87   512     0  3.4
 12   258 J7    30   459 J8   262   208 J7     9   891  9034  8.3  7.7  0.83  0.05   1.05  -3.25  -0.95  -0.56  86   602     0  3.4
 13  2228 J7   129  1726 J7   326  1425 J7    36  5893 16629  8.2  7.4  1.23  0.10   8.64   2.52   5.64   6.41  83  4648     2  3.3
 1991
  1   399 I5   196   987 I6  1367   263 I5    88  1273 10105  6.9  6.2  0.86  0.06  -0.79  -7.21  -4.03  -3.10  84   692     0  2.9
  2   753 I5   496   565 I6  1525   595 I5   144  2747 13014  9.1  8.7  0.95  0.09   3.85  -0.29   1.74   2.15  89   463     0  4.0
  3  2046 I5  1007  2436 I6  2632  1135 I5   341  5164 16265  6.8  6.3  0.78  0.12   3.31  -2.11   0.55   1.40  79   550     0  3.7
  4  3065 I5  1281  1795 I6  2129  2155 I5   416  7986 19489  9.2  8.0  1.01  0.14   8.59   2.07   5.32   6.22  82   390     0  4.1
  5  4641 I5  1743  3531 I6  3670  2616 I5   553 10328 22334  7.4  6.5  1.16  0.14  13.03   4.75   9.02   9.95  76   293     0  4.0
  6  4967 I5  2166  4226 I6  4123  2459 I5   532 11433 23901  7.3  6.4  1.55  0.14  16.80   8.51  12.81  13.41  72   174     3  3.5
  7  3361 I5  1586  1351 I6  2451  2529 I5   301 10843 22988  9.5  9.0  1.88  0.12  15.74   9.91  12.80  13.35  85   171     0  3.7
  8  2867 I5  1446  1646 I6  2527  1970 I5   219  8812 20321  9.0  8.3  2.10  0.12  15.68   9.72  12.67  13.41  85   174     0  4.5
  9  1488 I5   564   287 I6   869  1359 I5   235  6121 17220  9.7  9.5  1.78  0.13  11.96   8.22  10.06  10.55  93   247     0  4.4
 10  1039 I5   388  1214 I6  1506   709 I5   172  3500 14003  7.1  6.5  1.08  0.14   7.18   1.82   4.58   5.62  81   429     0  4.2
 11   387 I5   165   166 I6   473   357 I5   108  1635 10887  9.4  8.8  1.05  0.15   4.02   0.56   2.25   2.46  92   481     0  3.5
 12   216 I5    55    72 I7   245   207 I5    46   893  9043  9.4  9.0  1.00  0.18   2.29  -0.77   0.83   0.95  90   545     0  4.0
 13  2102 I5  1665  1523 I6  1317  1363 I5   942  5895 16631  8.4  7.8  1.27  0.13   8.47   2.93   5.72   6.36  84  4608     3  3.9
 1992
  1   300 I5   115    42 I6   117   293 I5   103  1265 10085  9.6  9.0  0.92  0.22   3.59   0.38   2.06   2.41  91   507     0  4.8
  2   811 I5   350   403 I6   750   701 I5   241  2767 13040  8.3  7.8  0.94  0.27   2.55  -1.80   0.44   1.11  81   521     0  4.1
  3  1807 I5   854  1214 I6  1649  1326 I5   380  5233 16343  8.1  7.3  0.89  0.31   5.62  -0.23   2.64   3.62  82   485     0  4.2
  4  3234 I5  1258  1796 I6  2001  2316 I5   549  8053 19561  7.9  6.6  0.84  0.33   8.40   1.44   4.86   5.97  78   402     0  3.7
  5  3980 I5  1923  2032 I6  2722  2766 I5   544 10372 22393  7.9  7.2  1.09  0.31  11.44   4.39   8.09   8.87  77   323     0  4.0
  6  5259 I5  2082  3799 I6  3452  2897 I5   601 11439 23910  6.5  5.5  1.54  0.29  17.57   7.92  13.05  13.81  71   170     3  3.3
  7  3678 I5  1858  1767 I6  2686  2602 I5   304 10808 22943  8.6  8.1  1.94  0.25  16.93  10.52  13.68  14.32  81   143     0  3.6
  8  3369 I5  1326  2059 I6  2133  2230 I5   470  8751 20247  8.2  7.3  1.96  0.20  17.09   9.30  13.14  14.02  83   159     0  3.6
  9  2006 I5   934  1180 I6  1922  1495 I5   377  6052 17146  8.6  8.0  1.30  0.16  10.93   5.32   8.05   8.90  88   306     0  3.7
 10   966 I5   513  1021 I6  1769   671 I5   184  3442 13923  8.0  7.6  0.96  0.13   6.92   2.37   4.47   5.22  87   424     0  3.9
 11   415 I5   201   310 I6   822   356 I5    96  1603 10821  9.2  8.8  1.01  0.12   5.34   1.48   3.50   4.04  90   448     0  4.0
 12   234 I5    77   303 I7   550   200 I5    40   889  9029  7.1  6.8  0.80  0.11  -0.70  -6.26  -3.20  -2.53  81   676     0  3.6
 13  2172 I5  1691  1327 I6  1056  1488 I5  1035  5889 16620  8.2  7.5  1.18  0.23   8.81   2.90   5.90   6.65  82  4563     3  3.9
 1993
  1   364 I5   151   573 I6   836   282 I5    76  1289 10149  7.0  6.5  0.70  0.13  -0.84  -7.45  -3.87  -2.99  88   697     0  3.5
  2  1008 I5   528  1356 I6  1670   646 I5   183  2783 13073  7.0  6.1  0.89  0.15   2.67  -4.52  -1.00   0.37  86   539     0  3.2
  3  2160 I5  1115  2334 I6  2691  1224 I5   350  5213 16327  6.9  6.1  0.68  0.17   5.52  -1.34   2.09   3.35  84   503     0  3.3
  4  3711 I5  1399  2943 I6  2683  2178 I5   415  8035 19544  7.3  6.1  0.91  0.18  11.31   2.23   6.81   8.07  78   347     0  3.1
  5  5182 I5  2089  4497 I6  3852  2580 I5   634 10361 22383  5.9  4.8  1.40  0.18  15.80   6.32  11.21  12.20  76   225     0  3.6
  6  4425 I5  1819  2772 I6  3060  2744 I5   468 11438 23912  8.1  7.1  1.53  0.17  17.13   8.92  13.30  13.90  76   159     0  3.0
  7  4617 I5  1961  3415 I6  3664  2607 I5   533 10818 22955  7.9  6.8  1.84  0.15  19.50  10.86  15.07  15.95  74   100     2  2.2
  8  3707 I5  1867  3101 I6  3484  2050 I5   413  8768 20267  7.2  6.6  1.98  0.12  18.02   9.65  13.83  14.94  79   139     0  2.5
  9  2308 I5  1131  1854 I6  2631  1485 I5   397  6072 17162  8.4  7.8  1.65  0.09  13.56   7.65  10.46  11.37  92   232     0  3.4
 10   945 I5   557   766 I6  1588   698 I5   167  3459 13944  8.8  8.5  1.41  0.06   9.80   5.47   7.66   8.34  93   332     0  3.9
 11   502 I5   245   639 I6  1339   391 I5   126  1612 10838  8.6  8.2  0.88  0.05   4.87   0.53   2.71   3.13  90   469     0  4.6
 12   223 I5    74   187 I7   369   201 I5    45   890  9030  9.1  8.6  0.89  0.06   4.12   0.20   2.27   2.40  89   501     0  4.3
 13  2429 I5  1828  2036 I6  1354  1424 I5   976  5895 16632  7.7  6.9  1.23  0.12  10.12   3.21   6.71   7.59  84  4243     2  3.4
 1994
  1   266 I5    95   148 I6   368   247 I5    76  1282 10126  9.3  8.9  0.89  0.08  -0.56  -4.07  -2.20  -1.97  90   640     0  2.4
  2  1055 I5   568  1531 I6  1841   648 I5   269  2766 13044  6.8  5.9  0.59  0.10  -4.76 -10.09  -7.08  -6.11  64   721     0  3.2
  3  1631 I5   910   846 I6  1378  1270 I5   379  5190 16299  9.1  8.5  0.80  0.13   4.83   0.24   2.54   3.06  87   490     0  4.0
  4  3434 I5  1675  3195 I6  3506  1803 I5   429  8012 19517  7.0  6.3  0.85  0.15  10.16   2.41   6.32   7.44  79   361     0  3.3
  5  4201 I5  1536  2490 I6  2933  2769 I5   528 10346 22359  8.6  7.6  1.13  0.15  12.21   5.41   8.93   9.58  79   295     0  3.9
  6  4120 I5  1866  2309 I6  3130  2685 I5   480 11436 23906  8.5  7.9  1.48  0.15  16.09   9.03  12.71  13.24  76   173     0  3.5
  7  4404 I5  2052  3401 I6  3870  2421 I5   468 10830 22975  7.7  6.9  1.95  0.12  17.81  10.07  13.95  14.68  80   136     0  3.3
  8  4249 I5  1717  4340 I6  3553  1958 I5   473  8788 20292  6.0  5.1  2.18  0.09  19.52  10.67  14.92  16.12  79   101     1  3.0
  9  2035 I5   888  1290 I6  2183  1474 I5   314  6095 17191  8.8  8.5  1.45  0.07  12.74   7.44   9.97  10.81  92   247     0  3.8
 10   969 I5   473   746 I6  1676   750 I5   176  3478 13973  9.0  8.6  0.97  0.05   8.28   4.19   6.22   6.84  90   375     0  4.5
 11   543 I5   290   784 I6  1323   402 I5   151  1623 10861  8.3  7.9  0.63  0.04   1.02  -3.85  -1.25  -0.73  88   592     0  3.7
 12   261 I5   108   448 I7   852   209 I5    56   892  9034  8.2  7.6  0.69  0.05   0.00  -4.73  -2.11  -1.65  89   642     0  3.2
 13  2264 I5  1696  1794 I6  1336  1386 I5   943  5895 16631  8.1  7.5  1.13  0.10   8.11   2.23   5.24   5.94  83  4774     1  3.5
 1995
  1   378 I5   165   880 I6  1133   261 I5    74  1274 10108  7.0  6.4  0.82  0.06   0.07  -5.24  -2.61  -1.76  91   648     0  1.5
  2  1085 I5   617  1829 I6  2205   611 I5   235  2749 13015  6.8  6.0  0.67  0.09   1.29  -4.55  -1.63  -0.62  75   559     0  2.9
  3  1787 I5   766  2047 I6  2770  1096 I5   382  5167 16268  7.3  6.6  0.67  0.12   2.38  -4.13  -0.50   0.43  75   595     0  2.6
  4  3743 I5  1767  3537 I6  3522  1920 I5   428  7989 19491  6.7  5.7  0.89  0.14  10.96   1.78   6.37   7.73  76   359     0  3.4
  5  4966 I5  1822  4200 I6  3614  2564 I5   548 10330 22340  7.1  5.8  1.21  0.14  15.25   6.24  10.99  11.94  73   235     0  3.3
  6  4424 I5  1904  2834 I6  3237  2710 I5   438 11433 23899  8.3  7.2  1.67  0.14  16.69   9.05  12.77  13.29  79   164     1  3.4
  7  3533 I5  1722  1808 I6  3235  2468 I5   423 10841 22986  8.9  8.5  2.04  0.12  16.91  10.67  13.67  14.27  86   141     0  3.5
  8  3291 I5  1528  2271 I6  2886  2084 I5   401  8809 20318  8.2  7.7  1.75  0.09  16.06   9.18  12.50  13.42  85   177     0  3.3
  9  2564 I5  1110  2569 I6  2708  1442 I5   366  6118 17217  7.7  7.0  2.00  0.06  15.40   8.65  11.96  13.05  90   189     0  3.1
 10   973 I5   384   951 I6  1798   733 I5   198  3497 13999  8.6  8.2  0.98  0.04   8.23   4.14   6.06   6.84  94   377     0  4.0
 11   549 I5   247   672 I6  1161   433 I5   138  1634 10884  8.1  7.6  0.76  0.04   2.11  -1.71   0.42   0.97  70   544     0  3.8
 12   245 I5   123   549 I7  1075   183 I5    46   893  9043  8.1  7.6  0.77  0.04  -1.32  -6.16  -3.49  -2.88  86   684     0  2.7
 13  2295 I5  1672  2012 I6  1152  1375 I5   945  5895 16631  7.7  7.0  1.19  0.09   8.67   2.33   5.54   6.39  82  4672     1  3.1
 1996
  1   554 I5   260  1972 I6  1494   250 I5    83  1266 10088  4.2  3.6  0.55  0.06  -5.19 -11.68  -8.61  -7.24  75   830     0  2.5
  2   986 I5   680  1479 I6  2059   565 I5   194  2769 13045  7.6  7.0  0.77  0.09   1.22  -4.71  -1.79  -0.85  88   582     0  3.1
  3  2337 I5  1246  3128 I6  3130  1121 I5   328  5236 16350  5.9  5.1  0.79  0.12   3.80  -3.04   0.65   1.74  67   556     0  3.3
  4  3443 I5  1278  2778 I6  2848  2069 I5   476  8056 19565  7.4  6.3  0.74  0.14   9.06   0.47   4.93   6.12  70   407     0  3.4
  5  5678 I5  1838  5778 I6  4123  2426 I5   766 10374 22394  5.3  4.2  0.95  0.14  14.41   3.95   9.62  10.79  66   284     0  2.8
  6  4088 I5  1704  2245 I6  2717  2725 I5   494 11439 23910  8.3  7.8  1.36  0.14  15.51   9.03  12.22  12.68  76   182     0  4.1
  7  4708 J6  1862  3458 J7  3594  2697 J6   478 10806 22938  7.9  6.8  1.74  0.12  18.52  10.06  14.12  14.92  80   126     1  3.1
  8  3062 J5  1537  1836 J6  2652  2070 J5   309  8748 20243  9.3  8.0  1.83  0.09  15.15  10.02  12.42  12.99  91   178     0  3.7
  9  2712 J5  1260  3064 J6  3132  1386 J5   395  6049 17142  7.1  6.4  1.28  0.06  12.66   5.78   9.17  10.43  85   273     0  4.1
 10   893 J5   372   630 J6  1281   726 J5   225  3440 13920  9.1  8.6  0.97  0.04   6.87   2.10   4.46   5.22  90   429     0  3.9
 11   656 J5   285  1850 J6  1882   348 J5   152  1601 10817  5.9  5.4  0.71  0.04   2.13  -2.84  -0.33   0.59  74   560     0  4.3
 12   330 J5   101  1081 J7  1158   214 J5    62   889  9029  6.6  5.7  0.58  0.04  -0.83  -5.33  -3.02  -2.49  70   664     0  4.8
 13  2454 I5  1797  2442 I6  1354  1383 I5   975  5889 16620  7.0  6.2  1.02  0.09   7.78   1.15   4.49   5.41  78  5071     1  3.6
 1997
  1   378 J5   212   780 J7  1355   262 J5    85  1290 10152  7.7  7.1  0.73  0.06  -0.75  -6.00  -3.21  -2.69  79   673     0  4.7
  2   673 J5   297   148 J6   316   635 J5   226  2785 13074  9.6  9.3  0.85  0.09   3.36   0.17   1.87   2.27  94   464     0  4.0
  3  1840 J5   852  1755 J6  2382  1190 J5   342  5216 16331  7.6  7.0  0.60  0.12   2.31  -3.03  -0.26   0.58  73   579     0  4.5
  4  3719 J5  1579  3763 J6  3570  1873 J5   601  8038 19549  6.8  6.0  0.83  0.14   9.37   0.99   5.19   6.42  80   394     0  4.1
  5  5440 J5  1701  4636 J6  3584  2753 J5   740 10363 22385  6.2  5.3  1.25  0.14  15.52   5.62  10.86  11.91  69   241     0  3.7
  6  4395 J5  2086  3117 J6  3722  2515 J5   454 11438 23912  8.0  7.2  1.60  0.14  17.70   9.46  13.66  14.24  76   146     3  4.0
  7  3826 J5  1681  1940 J6  2852  2684 J5   500 10816 22951  9.0  8.3  2.02  0.12  17.49  11.17  14.27  14.83  85   124     0  4.2
  8  3611 J5  1496  2799 J6  2835  2128 J5   444  8765 20263  8.0  7.3  2.24  0.09  18.49  11.13  14.52  15.50  84   109     0  3.1
  9  2411 J5  1169  2431 J6  2857  1366 J5   384  6069 17158  8.0  7.3  1.59  0.06  15.07   7.89  11.49  12.64  89   206     0  3.5
 10  1220 J5   760  1559 J6  2269   732 J5   196  3457 13940  8.1  7.7  0.96  0.04   7.77   2.55   5.28   6.23  84   408     0  3.9
 11   551 J5   211   818 J6  1122   415 J5   142  1611 10836  8.7  8.0  0.92  0.04   5.24   0.54   2.78   3.38  94   463     0  3.4
 12   229 J5    82   215 J7   452   205 J5    50   890  9031  9.4  8.7  0.82  0.04   4.17   0.92   2.52   2.76  93   489     0  5.0
 13  2358 J5  1793  1997 J6  1411  1396 J5   965  5895 16632  8.1  7.4  1.20  0.09   9.65   3.45   6.58   7.34  83  4296     3  4.0
 1998
  1   368 J5   112   610 J7   897   289 J5    72  1283 10128  7.5  6.8  0.75  0.06  -1.61  -6.55  -4.06  -3.17  81   695     0  3.1
  2   932 J5   377  1111 J6  1403   665 J5   210  2768 13047  8.0  6.8  0.83  0.09   5.72   0.10   2.95   4.04  82   432     0  4.2
  3  2171 J8   884  2874 J8  2763  1107 J8   305  5193 16301  6.1  5.3  0.78  0.12   5.28  -1.88   1.46   2.86  80   516     0  2.9
  4  3198 J8  1200  2099 J8  2504  2184 J8   483  8015 19520  8.8  7.5  0.82  0.14   8.87   2.47   5.71   6.63  81   380     0  3.8
  5  4457 J8  1888  3211 J8  3492  2647 J8   562 10348 22361  8.0  6.6  1.34  0.14  14.10   5.96  10.15  10.99  76   257     0  3.0
  6  4487 J8  2016  3314 J8  3759  2581 J8   499 11436 23906  7.3  6.3  1.92  0.14  17.94   8.58  13.47  14.21  76   152     0  2.6
  7  4102 J8  1935  2818 J8  4049  2513 J8   556 10828 22975  7.7  7.2  2.13  0.12  18.11  10.19  14.10  14.86  84   130     0  3.1
  8  3218 J8  1499  1959 J8  2607  2198 J8   400  8785 20287  8.5  7.7  1.91  0.09  15.61   9.16  12.37  13.10  87   184     0  3.8
  9  1925 J8   853  1166 J8  2351  1456 J8   382  6092 17185  8.8  8.5  1.55  0.06  12.44   6.89   9.54  10.38  90   260     0  3.3
 10  1084 J8   650  1166 J8  2065   743 J8   198  3476 13967  8.7  8.4  1.22  0.04   8.85   3.21   6.07   7.06  88   381     0  3.2
 11   614 J8   327  1324 J8  1680   375 J8   111  1622 10860  7.2  6.6  0.75  0.04   3.25  -1.82   0.61   1.55  89   528     0  2.0
 12   272 J8    99   601 J8  1012   209 J8    39   892  9034  7.4  7.1  0.68  0.04  -0.07  -4.38  -2.29  -1.83  84   637     0  3.3
 13  2236 J7  1609  1854 J8   996  1414 J7   963  5895 16631  7.8  7.1  1.22  0.09   9.04   2.66   5.84   6.72  83  4552     0  3.2
 1999
  1   351 J8   211   655 J8  1238   251 J8    64  1275 10111  8.1  7.7  0.71  0.06  -0.75  -5.18  -2.65  -2.16  87   660     0  3.5
  2   828 J8   516   689 J8  1232   632 J8   192  2751 13019  8.9  8.2  0.57  0.09   0.98  -4.47  -1.35  -0.44  81   562     0  3.1
  3  1769 J8   951  1384 J8  1885  1218 J8   297  5170 16274  8.6  7.9  0.66  0.12   3.53  -2.22   0.63   1.52  83   548     0  3.5
  4  2964 J8  1429  1939 J8  2749  1966 J8   433  7992 19494  8.9  7.8  0.85  0.14   7.33   1.10   4.14   4.98  85   423     0  3.9
  5  3859 J8  1408  1781 J8  2130  2861 J8   470 10332 22342  9.0  7.9  0.88  0.14  10.50   3.87   7.37   8.06  81   345     0  4.2
  6  4353 J8  2023  2728 J8  3613  2706 J8   506 11433 23901  8.3  7.3  1.55  0.14  16.14   8.11  12.28  12.86  81   186     0  2.8
  7  4027 J8  2032  2781 J8  3942  2455 J8   505 10839 22984  8.0  7.4  2.04  0.12  17.97  10.02  14.11  14.87  81   135     1  3.0
  8  3407 J8  1705  2570 J8  3349  2048 J8   393  8806 20312  7.8  7.2  2.08  0.09  17.24   9.70  13.47  14.38  86   152     1  3.3
  9  1732 J8   494   534 J8  1318  1535 J8   292  6115 17214  9.6  9.2  1.71  0.06  11.73   7.81   9.67  10.18  92   257     0  4.0
 10   835 J8   304   227 J8   560   769 J8   185  3495 13996  9.9  9.6  1.21  0.04   7.96   4.79   6.41   6.86  92   371     0  5.0
 11   557 J8   265   589 J8   939   451 J8   148  1632 10884  9.4  8.0  0.79  0.04   4.06   0.58   2.43   2.91  91   480     0  3.7
 12   238 J8    81   186 J8   326   219 J8    54   893  9043  9.5  9.1  0.83  0.04   3.94   0.47   2.38   2.64  88   500     0  4.9
 13  2077 J8  1558  1339 J8   988  1426 J8   970  5894 16631  8.8  8.1  1.16  0.09   8.38   2.88   5.74   6.39  86  4620     2  3.8
 2000
  1   370 J8   151   629 J8  1020   284 J8    87  1267 10090  8.1  7.6  0.53  0.06  -0.88  -5.08  -2.87  -2.40  82   661     0  3.6
  2  1006 J8   404  1378 J8  1662   685 J8   200  2771 13048  7.1  5.9  0.64  0.09   2.73  -3.00  -0.33   0.90  90   535     0  2.2
  3  1768 J8   842  1392 J8  2376  1272 J8   439  5239 16352  8.4  7.7  0.72  0.12   4.75   0.15   2.30   3.15  85   492     0  4.6
  4  2945 J8  1298  1735 J8  2278  2071 J8   501  8058 19569  8.4  7.7  0.72  0.14   7.72   0.84   4.40   5.37  79   422     0  4.1
  5  4950 J8  1816  3781 J8  3396  2841 J8   599 10376 22396  7.6  6.1  0.94  0.14  12.71   3.87   8.53   9.54  78   311     0  3.0
  6  4478 J8  2124  3100 J8  3685  2630 J8   469 11439 23911  8.2  6.9  1.36  0.14  15.68   7.67  11.88  12.51  82   200     0  2.8
  7  3425 J8  1522  1389 J8  2460  2640 J8   484 10804 22937  9.0  8.4  1.65  0.12  15.90   9.94  13.06  13.63  88   168     0  2.4
  8  3082 J8  1211  1661 J8  2044  2254 J8   404  8745 20240  8.6  7.9  1.75  0.09  16.07   8.69  12.37  13.30  87   184     0  2.3
  9  2030 J8   981  1260 J8  2116  1507 J8   308  6046 17138  8.6  8.2  1.43  0.06  12.44   6.43   9.38  10.34  89   267     0  3.4
 10  1024 J8   484   755 J8  1653   805 J8   178  3437 13917  9.0  8.7  0.95  0.04   7.90   3.12   5.57   6.40  89   397     0  4.1
 11   543 J8   237   438 J8   775   461 J8   111  1600 10814  9.6  9.0  0.79  0.04   5.08   1.28   3.40   3.97  92   454     0  3.5
 12   275 J8    93   610 J8   922   209 J8    33   889  9029  8.1  7.4  0.62  0.04   1.84  -2.50  -0.19   0.16  85   578     0  2.8
 13  2158 J8  1606  1511 J8  1008  1472 J8   986  5889 16620  8.4  7.6  1.01  0.09   8.50   2.62   5.63   6.41  86  4670     0  3.2
 2001
  1   295 J8   113   160 J8   313   273 J8    83  1291 10155  9.6  9.1  0.73  0.06   4.35   0.75   2.71   2.98  91   489     0  4.8
  2  1098 J8   551  1607 J8  1858   694 J8   264  2787 13079  7.0  6.0  0.47  0.09   1.19  -5.11  -1.97  -0.88  85   568     0  2.3
  3  1771 J8   823  1236 J8  1869  1294 J8   323  5219 16333  8.3  7.7  0.53  0.12   3.46  -1.92   0.81   1.61  76   544     0  4.2
  4  3265 J8  1300  2300 J8  2754  2117 J8   512  8040 19553  7.7  7.0  0.61  0.14   8.74   0.41   4.63   5.90  79   413     0  3.4
  5  3542 J8  1316  1370 J8  2017  2796 J8   470 10365 22388  9.2  8.5  0.87  0.14  10.65   3.86   7.40   8.04  80   343     0  4.3
  6  3796 J8  1438  1687 J8  2101  2851 J8   459 11439 23912  8.9  8.2  1.40  0.14  16.18   8.41  12.43  12.97  79   181     0  2.8
  7  3643 J8  1912  1951 J8  3324  2507 J8   400 10815 22950  9.0  8.0  1.63  0.12  15.78  10.05  12.78  13.29  88   168     0  3.1
  8  3236 J8  1642  2434 J8  3631  2014 J8   497  8762 20258  8.0  7.5  1.73  0.09  17.88  10.16  13.93  14.94  84   134     0  2.7
  9  1868 J8   856   956 J8  1930  1462 J8   301  6066 17156  9.2  8.9  1.43  0.06  12.85   7.51  10.01  10.85  91   245     0  4.1
 10  1019 J8   508   779 J8  1159   772 J8   189  3454 13937  9.5  9.0  0.86  0.04   7.61   3.31   5.33   5.94  91   399     0  3.6
 11   561 J8   188  1063 J8  1437   407 J8   147  1610 10833  7.7  7.0  0.66  0.04   2.80  -1.64   0.69   1.34  82   532     0  3.6
 12   241 J8    90   317 J8   476   206 J8    47   890  9031  8.9  8.3  0.65  0.04   0.20  -3.54  -1.44  -1.15  87   620     0  3.4
 13  2028 J8  1393  1322 J8   718  1449 J8   988  5895 16632  8.6  7.9  0.96  0.09   8.47   2.69   5.61   6.32  85  4636     0  3.5
 2002
  1   415 J8   195   497 J8   866   333 J8   121  1284 10133  8.8  8.1  0.86  0.06   1.35  -2.82  -0.37   0.03  89   591     0  3.4
  2   922 J8   521  1110 J8  1879   629 J8   186  2770 13050  8.4  7.7  0.71  0.09   1.56  -2.74  -0.46   0.19  89   530     0  3.9
  3  2468 J8  1025  3547 J8  2839  1128 J8   330  5196 16304  5.2  4.5  0.48  0.12   1.91  -5.75  -1.78  -0.20  57   628     0  3.3
  4  4363 J8  1445  4943 J8  3390  1936 J8   642  8018 19525  5.1  4.0  0.70  0.14   7.44  -2.39   2.71   4.43  58   474     0  2.6
  5  4690 J8  1802  3265 J8  3388  2828 J8   757 10350 22364  7.6  6.3  1.13  0.14  12.45   4.36   8.59   9.47  71   308     0  3.7
  6  3818 J8  1887  2221 J8  3559  2524 J8   468 11436 23906  8.3  7.9  1.64  0.14  16.42   8.63  12.49  13.03  81   174     0  2.9
  7  3571 J8  1498  1529 J8  2593  2699 J8   479 10826 22971  9.0  8.3  2.03  0.12  15.60   9.52  12.55  13.09  89   179     0  2.9
  8  3219 J8  1647  2099 J8  3181  2098 J8   545  8783 20284  8.7  7.7  2.08  0.09  15.39   9.57  12.59  13.23  87   181     0  3.6
  9  2162 J8   922  1230 J8  1555  1631 J8   419  6089 17183  9.2  8.6  1.57  0.06  12.47   6.96   9.62  10.51  89   259     0  3.2
 10  1032 J8   496   769 J8   977   806 J8   254  3473 13963  9.6  8.8  1.50  0.04   8.78   4.89   6.87   7.36  93   356     0  3.3
 11   496 J8   225   447 J8  1075   415 J8   130  1621 10858  9.4  9.0  1.30  0.04   6.58   2.51   4.56   5.10  93   414     0  2.9
 12   267 J8    99   439 J8   659   219 J8    64   892  9034  8.7  8.1  0.90  0.04   1.92  -1.84   0.14   0.70  92   567     0  2.0
 13  2285 J8  1630  1841 J8  1435  1437 J8   969  5895 16631  8.2  7.4  1.24  0.09   8.49   2.58   5.63   6.41  82  4660     0  3.1
 2003
  1   373 J8   169   630 J8   850   280 J8    81  1276 10116  8.3  7.5  1.04  0.06   2.01  -2.45  -0.09   0.39  86   575     0  2.6
  2  1001 J8   515  1322 J8  1718   651 J8   174  2753 13021  8.3  7.1  0.94  0.09   2.04  -2.37  -0.07   0.80  87   518     0  2.7
  3  2182 J8   926  2786 J8  2743  1139 J8   346  5173 16277  6.8  6.1  0.71  0.12   2.56  -4.12  -0.62   0.39  70   592     0  3.2
  4  4104 J8  1481  4273 J8  3377  1984 J8   536  7995 19498  5.5  4.7  0.83  0.14  11.06  -0.04   5.49   7.24  67   385     0  2.9
  5  5083 J8  1675  4060 J8  3333  2809 J8   671 10334 22345  6.5  5.3  1.05  0.14  13.46   3.22   8.84  10.03  66   310     0  3.6
  6  3949 J8  1815  2304 J8  3340  2616 J8   540 11433 23902  8.5  7.9  1.65  0.14  15.52   8.51  11.97  12.49  80   189     0  3.1
  7  4256 J8  1811  2718 J8  3165  2668 J8   376 10837 22982  8.2  7.4  2.20  0.12  18.07  10.79  14.27  15.00  82   122     1  2.7
  8  3568 J8  1572  2757 J8  3282  2133 J8   450  8803 20311  7.6  7.1  1.79  0.09  16.75   8.82  12.81  13.87  84   172     0  2.9
  9  2111 J8   979  1576 J8  2515  1474 J8   360  6112 17210  8.8  8.1  1.69  0.06  11.90   6.71   9.22  10.04  90   271     0  3.1
 10  1241 J8   689  1765 J8  2424   721 J8   223  3492 13993  7.5  7.1  1.27  0.04   9.64   3.00   6.40   7.63  87   372     0  2.9
 11   624 J8   376  1355 J8  1969   371 J8   122  1631 10880  7.6  7.1  0.80  0.04   1.97  -3.33  -0.73   0.18  90   570     0  2.6
 12   235 J8    94   233 J8   570   210 J8    61   893  9041  9.1  8.7  0.91  0.04   1.95  -2.06   0.07   0.36  90   570     0  3.8
 13  2394 J8  1724  2148 J8  1245  1421 J8   989  5894 16631  7.7  7.0  1.24  0.09   8.91   2.22   5.63   6.53  82  4647     1  3.0
 2004
  1   390 J8   196   873 J8  1368   275 J8   112  1268 10092  7.1  6.7  0.76  0.06  -1.45  -6.09  -3.55  -2.98  75   685     0  3.1
  2   976 J8   512  1083 J8  1414   696 J8   235  2773 13052  8.5  7.1  1.00  0.09   4.57  -0.56   1.79   2.77  89   473     0  3.7
  3  1651 J8   769  1121 J8  1774  1231 J8   342  5242 16356  8.7  8.0  0.79  0.12   4.14  -1.09   1.46   2.34  84   521     0  3.5
  4  3532 J8  1381  2585 J8  3095  2239 J8   519  8061 19573  7.8  7.0  1.06  0.14   8.96   1.16   5.31   6.43  78   398     0  3.2
  5  5021 J8  1779  4392 J8  3568  2555 J8   487 10378 22398  6.6  5.4  1.29  0.14  16.07   5.66  11.21  12.40  68   231     0  2.7
  6  4900 J8  2434  4258 J8  4729  2406 J8   602 11439 23910  6.6  5.9  1.77  0.14  19.86   9.10  14.70  15.51  72   126    10  2.4
  7  3842 J8  1749  2132 J8  3179  2621 J8   461 10803 22935  8.3  7.9  2.27  0.12  19.34  11.27  15.20  15.98  81    95     1  2.6
  8  4176 J8  1595  4404 J8  3854  1947 J8   593  8742 20237  6.1  5.3  2.06  0.09  20.61   9.87  15.03  16.58  77    98     2  1.9
  9  2212 J8  1257  2028 J8  3300  1351 J8   348  6043 17134  8.1  7.9  1.47  0.06  12.47   6.20   9.38  10.43  84   270     0  3.7
 10  1167 J8   489  1394 J8  1944   790 J8   258  3435 13914  8.3  8.0  1.23  0.04   7.87   2.45   5.28   6.17  87   408     0  3.5
 11   447 J8   191   212 J8   573   412 J8   135  1599 10812  9.5  9.2  1.02  0.04   4.28   1.24   2.78   3.15  92   467     0  4.1
 12   261 J8   108   538 J8   971   203 J8    48   889  9030  8.3  7.6  0.89  0.04   2.42  -2.28   0.34   0.78  83   566     0  4.1
 13  2381 J8  1814  2085 J8  1521  1394 J8   925  5889 16620  7.8  7.2  1.30  0.09   9.93   3.08   6.58   7.46  81  4339    13  3.2
 2005
  1   385 J8   153   711 J8  1053   292 J8   114  1292 10157  8.0  7.4  0.91  0.06  -1.65  -6.19  -3.75  -3.22  87   690     0  1.6
  2   881 J8   393   903 J8  1396   665 J8   216  2789 13085  8.7  8.1  0.87  0.09   1.50  -2.94  -0.55  -0.05  91   533     0  3.3
  3  2215 J8  1011  2424 J8  2633  1286 J8   397  5222 16337  7.7  6.3  0.85  0.12   6.00   0.07   3.02   4.03  76   474     0  3.9
  4  3685 J8  1482  3103 J8  2900  2114 J8   435  8043 19556  7.0  6.0  0.95  0.14  11.33   2.12   6.96   8.30  71   348     0  3.5
  5  4442 J8  1765  3238 J8  3475  2645 J8   507 10367 22391  7.1  6.3  1.35  0.14  17.11   6.02  11.74  12.95  69   210     0  2.7
  6  4811 J8  1827  3417 J8  3331  2780 J8   528 11439 23912  7.8  6.5  1.64  0.14  17.89   8.81  13.54  14.28  74   149     0  2.6
  7  3220 J8  1021   935 J8  1432  2670 J8   395 10813 22949  9.4  9.1  1.98  0.12  16.40  10.39  13.33  13.89  86   153     0  3.2
  8  3632 J8  1728  3216 J8  3855  1995 J8   537  8759 20253  7.5  6.7  2.08  0.09  17.79  10.12  13.91  14.95  83   136     1  3.1
  9  1771 J8   649   605 J8  1008  1507 J8   329  6063 17151  9.5  9.2  1.71  0.06  12.50   8.47  10.30  10.88  90   235     0  4.0
 10  1063 J8   602   999 J8  1776   765 J8   240  3452 13935  8.9  8.4  1.15  0.04   8.18   2.56   5.54   6.42  89   402     0  3.7
 11   526 J8   222   831 J8  1319   393 J8   117  1609 10831  8.0  7.5  1.06  0.04   4.37  -0.34   1.91   2.51  86   489     0  4.1
 12   244 J8   114   341 J8   777   207 J8    48   890  9031  8.8  8.4  1.09  0.04   3.40  -1.33   1.17   1.47  90   536     0  2.9
 13  2240 J8  1659  1727 J8  1228  1443 J8   979  5895 16632  8.2  7.5  1.30  0.09   9.57   3.15   6.43   7.20  83  4357     1  3.2
 2006
  1   309 J8   136   190 J8   467   280 J8    96  1285 10135  9.2  8.9  0.87  0.06   0.52  -3.28  -1.13  -0.53  89   611     0  2.4
  2  1189 J8   648  2155 J8  2233   621 J8   186  2772 13054  6.2  5.3  0.75  0.09   1.71  -5.41  -1.85  -0.33  80   565     0  2.7
  3  2146 J8   981  2496 J8  2585  1209 J8   377  5199 16308  7.0  6.3  0.74  0.12   1.46  -6.05  -2.21  -0.97  71   639     0  2.5
  4  3087 J8  1048  1564 J8  1898  2325 J8   545  8021 19529  9.1  7.9  1.08  0.14   7.15   0.59   3.96   4.90  82   434     0  3.8
  5  4180 J8  1827  2444 J8  2769  2788 J8   436 10352 22364  8.5  7.4  1.41  0.14  12.40   5.15   8.71   9.40  78   296     0  3.7
  6  4099 J8  2214  2865 J8  4433  2447 J8   539 11436 23907  7.9  7.3  1.79  0.14  16.03   8.70  12.37  12.92  79   179     0  3.1
  7  3900 J8  2055  2456 J8  3577  2495 J8   550 10824 22967  8.2  7.6  2.23  0.12  17.15   9.87  13.59  14.31  83   149     0  2.4
  8  2539 J8  1023   750 J8  1339  2162 J8   451  8780 20280  9.8  9.1  2.30  0.09  13.49   9.88  11.60  11.95  92   206     0  3.5
  9  1890 J8   872  1106 J8  2263  1427 J8   316  6086 17181  8.9  8.5  1.96  0.06  12.77   7.33   9.96  10.85  89   248     0  2.9
 10   988 J8   416   659 J8  1116   806 J8   257  3471 13960  9.1  8.7  1.54  0.04   8.16   3.26   5.69   6.54  90   391     0  2.8
 11   678 J8   342  1777 J8  1782   376 J8   107  1619 10855  6.1  5.2  0.59  0.04  -3.64  -9.96  -6.66  -5.52  72   754     0  1.9
 12   243 J8    98   250 J8   476   214 J8    58   892  9034  9.7  8.6  1.11  0.04   2.90  -0.51   1.30   1.49  90   531     0  4.6
 13  2104 J8  1462  1559 J8   945  1429 J8   970  5895 16631  8.3  7.6  1.36  0.09   7.51   1.63   4.61   5.42  83  5005     0  3.0
 2007
  1   336 J8   194   367 J8   753   278 J8    91  1277 10118  9.0  8.6  0.98  0.06   1.31  -2.33  -0.39   0.00  88   584     0  3.3
  2   882 J8   558  1018 J8  1590   607 J8   206  2755 13026  8.4  7.6  0.86  0.09  -1.56  -6.07  -3.68  -2.96  81   620     0  1.4
  3  1731 J8   858  1149 J8  1480  1285 J8   314  5176 16280  9.3  7.8  0.75  0.12   0.30  -4.18  -1.82  -1.32  81   628     0  3.1
  4  3690 J8  1459  3400 J8  3452  2031 J8   583  7998 19502  7.3  6.1  1.03  0.14   8.03  -0.42   3.98   5.22  78   436     0  3.7
  5  3561 J8  1703  1792 J8  3094  2566 J8   426 10336 22348  8.8  8.1  1.45  0.14  12.09   4.33   8.28   9.09  77   314     0  3.1
  6  4543 J8  1894  2896 J8  3111  2802 J8   523 11434 23902  8.8  7.2  1.95  0.14  16.24   8.38  12.33  12.89  77   181     0  2.2
  7  3177 J8  1242   957 J8  1868  2638 J8   389 10836 22980  9.6  8.8  2.48  0.12  16.65  10.43  13.33  13.88  85   148     0  2.3
  8  3306 J8  1484  2213 J8  3044  2144 J8   489  8800 20307  8.5  7.7  2.14  0.09  17.67   9.61  13.58  14.68  81   145     0  1.8
  9  2165 J8   915  1500 J8  2204  1557 J8   350  6109 17207  9.1  8.1  1.92  0.06  12.18   7.46   9.88  10.58  89   255     0  3.3
 10   933 J8   413   525 J8   920   778 J8   207  3490 13989  9.5  9.3  1.29  0.04   7.55   3.45   5.62   6.13  89   398     0  3.4
 11   552 J8   221   666 J8   982   446 J8   151  1630 10879  8.6  7.9  1.03  0.04   3.85  -0.44   1.94   2.58  88   499     0  3.0
 12   284 J8   137   672 J8  1065   205 J8    46   893  9041  8.1  7.1  0.85  0.04  -0.44  -4.62  -2.42  -2.07  82   647     0  2.8
 13  2097 J8  1509  1430 J8   970  1445 J8   974  5894 16632  8.7  7.9  1.39  0.09   7.82   2.13   5.05   5.72  83  4855     0  2.8
 2008
  1   421 J8   246   780 J8  1165   294 J8   104  1269 10097  8.2  7.4  0.80  0.06  -0.95  -5.42  -2.99  -2.51  78   667     0  3.2
  2   947 J8   508   990 J8  1449   685 J8   217  2775 13054  9.0  8.1  0.93  0.09  -0.22  -4.32  -2.08  -1.68  83   597     0  3.1
  3  1950 J8  1106  1628 J8  2271  1298 J8   328  5245 16359  8.6  7.5  0.92  0.12   4.47  -1.09   1.65   2.52  81   516     0  3.4
  4  3845 J8  1848  3455 J8  3259  2061 J8   445  8064 19575  7.8  5.8  1.00  0.14   7.06   0.07   3.63   4.54  77   443     0  3.2
  5  4787 J8  2026  3394 J8  3378  2801 J8   532 10380 22400  8.0  6.6  1.39  0.14  13.02   4.69   9.03   9.91  75   294     0  2.7
  6  3801 J8  1272  1598 J8  1796  2913 J8   422 11439 23911  9.2  8.4  1.62  0.14  13.99   6.95  10.65  11.17  76   236     0  2.7
  7  3042 J8  1081   682 J8  1400  2647 J8   462 10801 22930  9.8  9.3  2.21  0.12  14.05   9.32  11.62  12.04  88   206     0  2.7
  8  2998 J8  1266  1446 J8  1855  2225 J8   465  8739 20234  9.5  8.3  2.27  0.09  14.63   9.45  12.03  12.66  89   195     0  2.0
  9  1797 J8   626   636 J8  1255  1544 J8   330  6040 17129  9.5  9.0  2.07  0.06  11.69   7.75   9.70  10.18  91   258     0  3.0
 10   941 J8   435   590 J8   982   776 J8   237  3433 13911  9.4  9.0  1.40  0.04   7.21   2.93   5.18   5.73  89   411     0  4.7
 11   453 J8   189   245 J8   549   412 J8   132  1598 10808  9.2  9.0  1.06  0.04   3.93  -0.05   1.90   2.47  89   492     0  2.5
 12   294 J8   108   875 J8  1019   202 J8    42   889  9029  6.3  5.8  0.69  0.04  -2.54  -8.11  -5.11  -4.49  81   733     0  1.9
 13  2106 J8  1550  1360 J8  1053  1488 J8  1018  5889 16620  8.7  7.8  1.36  0.09   7.20   1.85   4.60   5.21  83  5048     0  2.9
 2009
  1   354 J8   184   461 J8   894   286 J8    96  1293 10158  8.7  8.0  1.04  0.06  -1.07  -5.83  -3.16  -2.69  79   675     0  3.0
  2  1050 J8   647  1509 J8  2019   631 J8   165  2791 13085  7.4  6.7  0.74  0.09   0.11  -5.33  -2.40  -1.37  80   586     0  2.5
  3  1709 J8   626  1267 J8  1745  1253 J8   262  5225 16342  8.6  8.1  0.77  0.12   0.97  -4.60  -1.47  -0.68  75   624     0  3.3
  4  3585 J8  1735  3069 J8  3428  2001 J8   449  8046 19560  7.5  6.5  0.93  0.14   8.26  -0.31   3.97   5.32  76   431     0  2.5
  5  4662 J8  1991  3644 J8  3638  2586 J8   545 10369 22394  7.3  6.1  1.22  0.14  14.40   3.50   9.18  10.41  66   291     0  2.5
  6  4112 J8  2165  2805 J8  3997  2479 J8   462 11439 23912  8.0  7.2  1.64  0.14  17.09   8.33  12.78  13.53  73   169     0  2.2
  7  4786 J8  1991  3901 J8  3772  2555 J8   578 10811 22947  6.9  5.9  2.38  0.12  20.90  10.44  15.72  16.86  73    87     5  2.1
  8  3062 J8  1554  1781 J8  2944  2112 J8   428  8756 20250  8.8  8.0  2.45  0.09  16.27  10.04  13.11  13.86  84   160     0  2.8
  9  1863 J8   767   791 J8  1206  1524 J8   348  6060 17148  9.0  8.7  1.87  0.06  12.74   6.83   9.83  10.78  87   256     0  3.0
 10  1131 J8   636  1240 J8  2020   758 J8   224  3450 13930  8.6  8.1  1.48  0.04   8.19   3.63   6.05   6.71  83   385     0  2.7
 11   489 J8   191   336 J8   563   428 J8   119  1608 10830  9.6  9.1  1.03  0.04   3.51  -0.22   1.81   2.06  88   501     0  3.9
 12   315 J8   116   825 J8   818   222 J8    48   890  9031  7.6  6.3  0.95  0.04  -0.23  -4.40  -2.24  -1.84  88   640     0  1.9
 13  2260 J8  1698  1802 J8  1244  1403 J8   924  5895 16632  8.2  7.4  1.38  0.09   8.43   1.84   5.26   6.08  79  4805     5  2.7
 2010
  1   343 J8   175   444 J8   763   280 J8   103  1286 10137  8.8  8.1  1.13  0.06   1.04  -3.53  -1.13  -0.50  86   607     0  1.6
  2   888 J8   458   808 J8  1347   673 J8   211  2774 13058  9.0  8.4  1.04  0.09   4.72   0.03   2.21   2.99  88   447     0  2.2
  3  1445 J8   658   578 J8  1196  1212 J8   283  5202 16313  9.2  8.9  0.97  0.12   5.00   0.13   2.66   3.18  84   489     0  4.4
  4  3333 J8  1321  2396 J8  2661  2139 J8   439  8024 19532  8.0  7.0  1.04  0.14   9.42   1.50   5.34   6.58  76   386     0  2.4
  5  4791 J8  1864  3612 J8  3266  2730 J8   446 10354 22368  7.8  6.2  1.34  0.14  15.61   5.12  10.67  11.81  69   247     0  2.3
  6  3948 J8  1588  1802 J8  2297  2889 J8   429 11436 23907  9.0  7.8  1.73  0.14  15.59   8.48  12.15  12.70  74   189     0  3.2
  7  3005 J8   970   718 J8  1276  2611 J8   332 10823 22960  9.5  9.2  2.22  0.12  15.34   9.96  12.53  13.03  84   176     0  2.3
  8  3378 J8  1529  2228 J8  2649  2201 J8   409  8777 20278  8.6  7.3  2.30  0.09  17.02  10.41  13.57  14.40  85   143     0  2.1
  9  2527 J8  1121  2662 J8  3083  1424 J8   391  6083 17176  7.1  6.5  1.70  0.06  14.67   6.32  10.26  11.72  82   235     0  2.4
 10   920 J8   342   536 J8   975   767 J8   192  3469 13957  9.5  9.2  1.35  0.04   8.44   3.54   6.09   6.89  87   383     0  4.1
 11   533 J8   186   636 J8   973   430 J8   125  1618 10848  8.7  8.1  1.07  0.04   3.61  -0.78   1.44   1.99  84   508     0  3.7
 12   264 J8    93   433 J8   615   219 J8    39   891  9033  8.0  7.4  0.86  0.04  -2.09  -7.81  -4.49  -3.98  84   722     0  2.0
 13  2114 J8  1567  1404 J8  1087  1465 J8  1007  5895 16630  8.6  7.8  1.40  0.09   9.03   2.78   5.94   6.74  82  4530     0  2.7
