722104 ST PETERSBURG ALBERT W FL  -5  N27 46  W082 38     2  1013
 1991-2010
 MO AVGLO FL SDGLO AVDIR FL SDDIR AVDIF FL SDDIF AVETR AETRN  TOT  OPQ   H2O   TAU  MAX_T  MIN_T  AVG_T  AVGDT  RH  HTDD  CLDD AVWS
  1  3432 K5   380  4587 K6  1079  1200 K5   127  6347 14933  4.3  3.9  2.21  0.08  20.53  13.30  16.50  17.75  76    75    31  3.7
  2  4128 K5   406  4881 K6  1047  1410 K5   161  7606 15674  4.2  3.9  2.22  0.09  21.59  14.26  17.46  18.77  73    49    37  3.9
  3  5268 K5   488  5445 K6   990  1766 K5   166  9122 16538  3.9  3.6  2.32  0.12  24.07  16.69  20.01  21.21  72    22    86  4.2
  4  6306 K5   609  5930 K6  1191  2093 K5   257 10390 17367  3.4  3.1  2.55  0.16  26.84  19.77  22.93  24.19  69     2   151  4.3
  5  6693 K5   504  5678 K6   903  2464 K5   202 11121 18023  3.3  3.0  3.25  0.20  29.97  23.13  26.15  27.19  69     0   255  4.0
  6  6328 K5   393  4861 K6   736  2615 K5   233 11358 18306  4.2  3.5  4.40  0.22  31.56  25.26  28.01  28.93  73     0   303  3.7
  7  6047 K5   365  4463 K6   565  2631 K5   238 11182 18060  4.0  3.2  4.72  0.24  31.94  26.04  28.61  29.36  74     0   330  3.3
  8  5665 K5   311  4344 K6   532  2450 K5   235 10566 17397  4.2  3.3  4.85  0.23  31.95  26.26  28.70  29.58  75     0   334  3.5
  9  5086 K5   344  4223 K6   598  2196 K5   174  9476 16586  4.3  3.5  4.59  0.20  30.97  25.38  27.72  28.72  76     0   295  4.2
 10  4545 K5   411  4699 K6   972  1731 K5   168  8022 15750  3.7  3.2  3.50  0.15  28.52  22.46  25.11  26.20  74     1   223  4.4
 11  3756 K5   331  4703 K6   912  1307 K5   143  6631 15009  3.6  3.2  2.59  0.12  24.68  17.97  20.97  22.12  74    12   102  4.1
 12  3155 K5   311  4237 K6   925  1169 K5   121  5935 14647  4.3  4.0  2.34  0.09  21.63  14.72  17.73  18.93  76    52    48  3.7
 13  5034 K5   226  4838 K6   631  1919 K5   157  8980 16524  4.0  3.5  3.29  0.16  27.02  20.44  23.32  24.41  73   214  2196  3.9
 1991
  1  2943 J5   931  3277 J6  2092  1315 J5   328  6341 14929  6.8  5.7  2.74  0.07  22.72  16.11  19.07  20.30  80    29    63  3.9
  2  3936 J5  1216  4423 J6  2687  1455 J5   399  7589 15665  5.4  4.9  2.37  0.08  22.74  15.38  18.59  20.02  65    29    50  3.7
  3  4600 J5  1789  4481 J6  3132  1700 J5   426  9100 16525  5.3  4.9  2.45  0.11  24.52  17.64  20.87  21.92  70    14    99  4.3
  4  5946 J5   920  5052 J6  1947  2340 J5   611 10374 17354  5.2  4.3  3.07  0.15  29.04  21.99  25.02  26.37  72     0   216  3.8
  5  5691 J5  1356  4031 J6  2239  2675 J5   571 11113 18014  6.2  5.5  3.90  0.19  30.99  24.08  27.01  28.15  73     0   285  3.7
  6  6198 J5  1167  4361 J6  2016  2864 J5   599 11357 18304  6.2  5.1  4.39  0.21  31.58  25.09  28.01  29.03  71     0   300  3.1
  7  5698 J5  1458  3693 J6  2089  2872 J5   492 11188 18067  7.4  5.7  4.70  0.23  32.79  26.68  29.31  30.12  74     0   354  2.6
  8  5593 J5  1051  3577 J6  1532  2914 J5   435 10579 17410  6.4  5.0  4.63  0.26  32.64  26.97  29.31  30.25  73     0   356  2.4
  9  5546 J5   591  4386 J6  1531  2482 J5   531  9497 16601  4.9  3.6  4.34  0.27  32.10  25.51  28.20  29.40  79     0   314  3.3
 10  4051 J5  1062  3200 J6  2107  2079 J5   473  8046 15763  5.2  4.4  3.43  0.26  29.45  22.50  25.39  26.70  69     0   237  3.6
 11  3170 J5   835  2749 J6  1703  1704 J5   325  6648 15021  5.3  4.6  2.55  0.25  24.08  16.27  19.61  20.95  67    26    81  3.2
 12  2865 J5   696  2848 J6  1745  1459 J5   304  5937 14647  5.2  4.5  2.65  0.25  24.29  15.91  19.42  21.10  71    20    75  2.6
 13  4686 J5  1247  3840 J6   727  2155 J5   611  8981 16525  5.8  4.9  3.44  0.19  28.08  21.18  24.15  25.36  72   118  2429  3.3
 1992
  1  2780 J5   867  2356 J6  1565  1546 J5   263  6333 14924  6.2  5.1  2.35  0.26  19.22  11.54  14.91  16.09  67   105    14  3.1
  2  3166 J5  1095  2027 J6  1885  1934 J5   355  7602 15670  6.8  6.4  2.36  0.27  20.11  13.07  16.38  17.51  72    69    19  3.1
  3  4622 J5  1376  3514 J6  2188  2254 J5   384  9135 16545  5.4  4.8  2.15  0.28  23.18  16.55  19.62  20.60  72    28    75  3.5
  4  5522 J5  1210  3585 J6  1767  2845 J5   443 10398 17372  5.4  4.8  2.52  0.30  27.54  20.18  23.51  24.90  67     2   168  3.8
  5  6412 J5  1057  4621 J6  2132  2945 J5   639 11124 18024  4.1  3.8  2.66  0.32  29.03  22.32  25.42  26.30  65     0   228  3.5
  6  6064 J5  1138  3620 J6  1589  3249 J5   416 11358 18305  6.1  4.8  4.57  0.33  31.14  25.19  27.82  28.65  70     0   295  3.4
  7  6795 J5   672  4986 J6  1630  2976 J5   726 11179 18056  3.9  2.9  4.00  0.33  32.01  25.68  28.41  29.26  73     0   326  2.6
  8  5589 J5  1109  3579 J6  1637  2917 J5   440 10559 17394  6.4  4.6  4.65  0.31  31.96  25.93  28.34  29.25  78     0   329  3.0
  9  5223 J5   959  3988 J6  1825  2441 J5   546  9465 16583  5.9  4.5  4.42  0.27  29.68  24.49  26.69  27.56  81     0   263  3.2
 10  4081 J5  1031  3583 J6  1858  1915 J5   360  8009 15743  5.1  4.3  2.95  0.22  27.60  20.97  23.89  25.11  73     0   185  4.2
 11  3031 J5   988  2874 J6  2063  1500 J5   307  6620 15004  6.1  5.3  3.24  0.17  24.83  18.65  21.38  22.44  76    17   120  4.2
 12  2955 J5   707  3500 J6  1730  1261 J5   265  5933 14649  5.1  4.6  2.34  0.14  22.67  15.71  18.69  19.97  77    26    53  2.7
 13  4687 J5  1452  3519 J6   831  2315 J5   677  8976 16522  5.5  4.7  3.18  0.27  26.58  20.02  22.92  23.97  73   248  2073  3.4
 1993
  1  2666 J5  1015  2388 J6  2078  1445 J5   309  6357 14939  6.7  6.0  3.01  0.12  23.21  17.22  19.84  21.04  78    16    74  3.5
  2  3703 J5  1390  3851 J6  2564  1522 J5   335  7616 15682  5.2  4.6  2.03  0.12  20.60  13.52  16.77  18.04  70    46    11  4.0
  3  4598 J5  1547  4139 J6  2802  1905 J5   526  9127 16542  5.7  4.8  2.30  0.14  22.99  15.26  18.69  19.98  74    31    56  4.1
  4  5947 J5  1286  5175 J6  2418  2309 J5   599 10394 17373  4.3  3.8  2.06  0.18  25.93  18.10  21.64  23.13  62     1   112  4.1
  5  6125 J5  1422  4538 J6  2286  2726 J5   479 11124 18026  5.3  4.9  3.12  0.22  30.34  22.38  25.84  27.19  64     0   249  3.7
  6  6583 J5  1094  5048 J6  2222  2769 J5   645 11359 18308  4.8  4.2  4.07  0.24  33.29  25.86  28.98  30.18  67     0   337  3.7
  7  6050 J5   947  3931 J6  1554  3047 J5   536 11181 18060  6.0  4.7  4.84  0.25  32.98  26.08  28.97  29.94  72     0   347  3.1
  8  6185 J5   993  4942 J6  1817  2561 J5   493 10563 17394  5.2  3.8  4.66  0.24  33.52  26.77  29.62  30.72  69     0   366  3.5
  9  5489 J5   830  4708 J6  1942  2262 J5   618  9472 16580  4.9  3.7  4.75  0.21  32.56  26.30  28.98  30.27  70     0   333  3.5
 10  4000 J5  1219  3486 J6  2438  1862 J5   427  8018 15747  5.7  4.9  4.00  0.16  29.22  22.98  25.77  26.92  74     2   243  3.8
 11  3589 J5  1018  4530 J6  2326  1241 J5   313  6627 15004  4.7  4.0  3.07  0.12  25.34  18.53  21.60  22.70  74     8   117  4.0
 12  3082 J5   717  3858 J6  2087  1252 J5   349  5934 14644  5.1  4.3  2.16  0.09  20.75  13.17  16.48  17.82  69    65    22  3.8
 13  4835 J5  1383  4216 J6   786  2075 J5   627  8981 16525  5.3  4.5  3.34  0.18  27.56  20.52  23.60  24.83  70   169  2267  3.7
 1994
  1  2917 J5  1120  3293 J6  2612  1277 J5   358  6350 14934  6.5  5.6  2.41  0.08  20.75  13.17  16.67  17.99  76    64    22  4.0
  2  3596 J5  1082  3509 J6  2363  1547 J5   442  7603 15671  6.7  5.9  2.71  0.09  24.43  16.83  19.90  21.36  73    19    83  4.2
  3  5228 J5  1051  5416 J6  2488  1749 J5   603  9114 16533  4.8  4.0  2.44  0.11  25.26  17.34  21.02  22.33  71     9   102  4.2
  4  5860 J5  1229  5216 J6  2366  2159 J5   542 10385 17362  5.1  4.5  3.26  0.15  28.81  21.65  24.62  26.10  73     0   207  4.4
  5  6405 J5  1234  5173 J6  2472  2575 J5   714 11119 18020  4.1  3.7  3.36  0.19  30.38  23.53  26.44  27.58  70     0   267  3.8
  6  5972 J5  1513  4196 J6  2321  2797 J5   494 11358 18305  6.7  5.4  4.76  0.22  32.05  26.12  28.57  29.56  73     0   323  3.7
  7  6063 J5  1013  4064 J6  1826  2942 J5   537 11184 18063  6.8  5.1  4.77  0.23  32.03  26.10  28.42  29.24  74     0   333  3.7
  8  5733 J5  1037  4077 J6  1781  2674 J5   510 10570 17399  6.3  5.1  4.66  0.22  31.60  25.63  28.01  28.97  77     0   319  4.0
  9  4678 J5  1145  3125 J6  1783  2495 J5   398  9484 16590  7.1  5.7  4.73  0.19  30.55  25.23  27.40  28.26  79     0   287  4.9
 10  4282 J5   966  4191 J6  2107  1795 J5   433  8031 15756  5.1  3.9  3.68  0.15  28.80  23.14  25.54  26.56  80     0   237  4.9
 11  3545 J5   877  4247 J6  2030  1340 J5   368  6637 15011  4.6  4.0  2.87  0.11  26.98  20.44  23.50  24.64  82     0   162  4.9
 12  2797 J5   906  3257 J6  2415  1238 J5   365  5935 14648  5.7  5.4  2.50  0.08  22.86  16.67  19.26  20.36  86    20    65  4.2
 13  4756 J5  1299  4147 J6   787  2049 J5   632  8981 16524  5.8  4.9  3.51  0.15  27.87  21.32  24.11  25.25  76   113  2405  4.2
 1995
  1  3180 J5  1068  4047 J6  2741  1219 J5   374  6342 14930  5.7  4.5  2.08  0.07  19.79  13.45  16.31  17.49  77    67    14  4.1
  2  4094 J5  1197  4825 J6  2954  1403 J5   535  7590 15665  4.7  4.3  2.17  0.08  21.34  13.75  17.16  18.56  74    56    34  4.2
  3  4894 J5  1316  4626 J6  2534  1883 J5   439  9101 16526  5.6  4.8  2.49  0.11  25.19  17.49  21.12  22.36  79     7   100  4.7
  4  5533 J5  1709  4750 J6  2903  2179 J5   547 10375 17355  5.3  4.6  2.79  0.15  27.54  21.01  23.91  25.05  73     0   178  4.8
  5  6494 J5  1025  5403 J6  1859  2535 J5   542 11114 18016  4.5  3.9  3.46  0.19  32.14  25.32  28.26  29.40  75     0   322  4.6
  6  5919 J5  1589  4290 J6  2468  2707 J5   547 11357 18305  6.3  5.4  4.26  0.21  30.74  25.15  27.78  28.61  76     0   288  4.6
  7  6094 J5  1224  4457 J6  2045  2732 J5   512 11188 18066  6.8  5.2  5.03  0.23  32.79  26.75  29.43  30.10  72     0   355  4.0
  8  5851 J5  1230  4549 J6  1878  2514 J5   447 10578 17405  5.7  4.6  5.30  0.22  32.33  27.20  29.51  30.27  73     0   355  4.4
  9  5622 J5   542  5006 J6  1470  2169 J5   529  9495 16600  4.5  3.6  4.84  0.19  31.41  26.24  28.45  29.38  73     0   315  3.7
 10  4012 J5   927  3605 J6  1935  1857 J5   418  8044 15762  5.7  4.8  4.57  0.14  29.29  23.90  26.19  27.10  74     0   256  5.1
 11  3977 J5   613  5509 J6  1894  1140 J5   393  6647 15019  3.3  2.8  2.66  0.11  23.82  16.52  20.00  21.12  68    22    77  4.0
 12  3015 J5   964  4085 J6  2611  1099 J5   352  5937 14647  4.7  4.3  2.34  0.08  20.90  13.97  16.85  18.12  65    80    52  3.7
 13  4890 J5  1192  4596 J6   555  1953 J5   616  8981 16525  5.2  4.4  3.50  0.15  27.27  20.89  23.75  24.80  73   232  2347  4.3
 1996
  1  3564 J5   836  4934 J6  2065  1082 J5   330  6334 14925  4.5  4.0  2.06  0.07  20.11  12.25  15.82  17.12  75    87    20  4.1
  2  4149 J5  1106  5150 J6  2425  1291 J5   385  7603 15671  4.0  3.7  1.96  0.08  20.63  12.13  15.74  17.11  77    90    34  4.0
  3  5074 J5  1493  5131 J6  2759  1743 J5   494  9137 16546  4.6  4.2  2.13  0.11  21.58  13.28  17.15  18.44  74    76    48  4.9
  4  5853 J5  1528  5146 J6  2508  2152 J5   453 10399 17373  4.4  4.2  2.50  0.15  25.47  18.43  21.49  22.72  74     5   113  4.4
  5  6358 J5  1026  5096 J6  2136  2562 J5   651 11124 18025  4.9  4.3  3.55  0.19  30.70  23.77  26.83  27.87  71     0   276  4.3
  6  6332 J5  1241  4774 J6  2263  2737 J5   631 11358 18305  5.3  4.4  4.07  0.21  30.95  25.34  27.70  28.50  74     0   294  3.9
  7  6893 J7   567  5798 J7  1496  2561 J7   598 11179 18055  3.9  2.9  4.17  0.23  32.19  26.19  28.77  29.58  76     0   337  3.9
  8  5454 J7   994  3639 J7  1588  2792 J7   416 10558 17394  6.7  5.4  4.52  0.22  31.78  26.22  28.55  29.47  77     0   331  3.8
  9  4817 J5  1046  3411 J6  1837  2457 J5   382  9464 16581  6.5  5.3  4.19  0.19  31.32  25.69  28.02  29.12  73     0   305  3.9
 10  4067 J5   931  3597 J6  2131  1908 J5   465  8007 15743  5.7  4.6  3.60  0.14  28.64  22.74  25.10  26.24  73     0   228  4.9
 11  3610 J5   576  4185 J6  1535  1416 J5   316  6619 15004  4.9  4.3  2.51  0.10  25.06  17.60  21.12  22.44  70     6    96  5.0
 12  2816 J5   993  3288 J6  2543  1245 J5   329  5933 14649  5.4  5.1  2.38  0.08  22.27  15.34  18.04  19.38  71    36    50  3.7
 13  4916 J6  1295  4512 J7   845  1995 J6   630  8976 16522  5.1  4.4  3.14  0.15  26.73  19.91  22.86  24.00  74   299  2133  4.2
 1997
  1  3357 J5   969  4344 J6  2314  1193 J5   264  6358 14939  4.9  4.3  2.24  0.07  21.91  14.74  17.68  19.03  73    46    46  3.5
  2  3797 J5  1003  3864 J6  2112  1654 J5   355  7618 15684  5.7  5.2  2.74  0.08  25.07  17.47  20.46  22.07  76    11    93  4.1
  3  4744 J5  1143  4177 J6  2443  2057 J5   513  9129 16543  5.9  5.2  3.02  0.11  27.65  20.35  23.59  24.87  71     0   176  3.8
  4  4573 J5  1515  2853 J6  2038  2553 J5   389 10396 17374  7.1  6.7  3.06  0.15  26.02  19.86  22.78  23.75  67     1   139  4.8
  5  5681 J5  1307  3850 J6  2331  2839 J5   596 11124 18026  6.6  5.8  3.56  0.19  29.26  23.41  26.02  27.01  70     0   248  3.7
  6  6186 J5  1010  4363 J6  1708  2868 J5   390 11359 18308  7.0  5.5  4.24  0.21  31.44  24.90  27.78  28.80  71     0   295  3.8
  7  5720 J5   755  3359 J6  1325  3142 J5   392 11181 18059  7.8  6.4  4.97  0.23  31.68  26.09  28.60  29.30  77     0   327  3.3
  8  5539 J5   969  3746 J6  1665  2749 J5   396 10562 17394  7.2  5.8  4.75  0.22  31.58  26.22  28.58  29.44  76     0   328  3.2
  9  5005 J5  1054  3756 J6  1637  2386 J5   360  9470 16579  6.9  5.3  4.45  0.19  31.02  25.45  27.72  28.70  75     0   297  3.8
 10  4338 J5  1039  4215 J6  1954  1778 J5   358  8016 15745  5.4  4.3  3.33  0.14  27.72  21.91  24.59  25.49  76     2   203  4.1
 11  3134 J5   954  3120 J6  1904  1466 J5   327  6626 15004  6.6  5.8  2.81  0.11  23.47  17.85  20.48  21.25  79     8    78  3.5
 12  2582 J5  1004  2718 J6  2412  1287 J5   337  5934 14645  7.0  6.2  2.73  0.08  21.22  15.14  18.14  19.14  83    53    48  3.6
 13  4555 J5  1146  3697 J6   567  2164 J5   679  8981 16525  6.5  5.5  3.49  0.15  27.34  21.12  23.87  24.90  75   121  2279  3.8
 1998
  1  3337 K4  1003  4182 K6  2593  1308 K4   444  6351 14935  7.0  5.8  2.39  0.07  21.44  15.81  18.42  19.45  84    31    40  3.7
  2  4012 K4  1512  4529 K6  3141  1445 K4   529  7605 15672  6.1  5.6  2.13  0.08  21.52  15.28  18.09  19.30  79    36    38  4.5
  3  5641 K4  1415  6281 K6  2731  1637 K4   544  9116 16533  4.6  3.9  2.15  0.11  22.45  15.68  18.81  19.82  69    45    68  4.3
  4  6618 K4  1518  6660 K6  2596  1901 K4   507 10386 17362  4.7  4.4  2.47  0.15  27.07  20.31  23.39  24.66  66     0   161  4.4
  5  6572 K4  1740  5581 K6  2680  2360 K4   549 11119 18020  5.0  4.6  3.12  0.19  29.85  23.67  26.37  27.39  71     0   261  3.2
  6  7135 K4   903  6314 K6  1658  2309 K4   377 11358 18306  3.6  3.0  3.98  0.21  32.87  26.60  29.39  30.46  72     0   342  3.3
  7  6026 K4  1556  4652 K6  2164  2408 K4   436 11184 18063  2.2  1.8  4.72  0.23  31.81  26.13  28.77  29.49  78     0   330  3.1
  8  6224 K4   879  5352 K6  1548  2270 K4   408 10569 17399  2.2  1.9  4.44  0.22  32.31  26.23  28.81  29.82  76     0   339  3.5
  9  4516 K4  1295  3264 K6  2125  2280 K4   415  9482 16590  3.9  3.4  4.88  0.19  30.40  25.27  27.44  28.32  79     0   285  5.4
 10  4965 K4   652  5553 K6  1476  1685 K4   378  8029 15755  2.5  2.2  3.07  0.14  28.84  23.00  25.65  26.75  74     0   235  4.4
 11  3912 K4   871  4977 K6  1830  1299 K4   246  6636 15010  2.8  2.4  2.63  0.11  26.20  19.54  22.44  23.67  79     5   141  3.4
 12  3474 K4   958  5262 K6  2235   994 K4   217  5935 14648  3.4  3.1  2.43  0.08  24.26  17.71  20.46  21.69  85    19   102  3.7
 13  5203 K4  1335  5217 K6   973  1825 K4   496  8981 16524  4.0  3.5  3.20  0.15  27.42  21.27  24.00  25.07  76   136  2342  3.9
 1999
  1  3886 K4   683  5729 K6  1984  1130 K4   388  6343 14930  3.1  2.8  1.88  0.07  22.16  14.19  17.59  19.09  84    51    46  3.8
  2  4803 K4   985  6411 K6  2276  1270 K4   466  7592 15665  2.5  2.4  1.86  0.08  22.25  15.29  18.33  19.61  79    40    52  3.9
  3  5720 K4  1402  6572 K6  2513  1536 K4   430  9103 16526  1.7  1.5  1.60  0.11  23.33  15.19  18.72  20.12  73    14    43  4.1
  4  6728 K4  1292  6704 K6  2292  1972 K4   537 10377 17355  1.9  1.8  2.51  0.15  27.57  20.20  23.35  24.59  79     1   167  3.8
  5  7125 K4   832  6287 K6  1644  2380 K4   442 11114 18016  2.0  1.8  2.83  0.19  28.98  21.81  25.01  26.07  74     2   221  3.9
  6  5812 K4  1702  4192 K6  2474  2540 K4   357 11358 18305  3.1  2.7  4.49  0.21  30.56  24.52  27.00  27.85  80     0   276  4.0
  7  6427 K4   943  5159 K6  1455  2455 K4   297 11187 18065  2.3  1.9  4.34  0.23  32.03  25.83  28.44  29.35  75     0   329  3.1
  8  5754 K4  1512  4661 K6  2082  2286 K4   372 10577 17404  2.7  2.2  4.81  0.22  31.55  25.87  28.43  29.33  79     0   322  3.4
  9  4815 K4  1700  4075 K6  2436  2006 K4   346  9494 16600  4.0  3.4  4.26  0.19  29.73  24.72  26.85  27.70  81     0   267  3.9
 10  4357 K4  1204  4379 K6  2336  1729 K4   361  8042 15761  4.0  3.5  3.29  0.14  27.42  21.79  24.32  25.29  83     2   196  5.0
 11  4106 K4   711  5546 K6  1590  1222 K4   266  6646 15017  2.2  2.1  2.01  0.11  23.94  17.36  20.28  21.44  83     6    76  4.4
 12  3285 K4  1080  4808 K6  2565  1052 K4   331  5937 14647  4.1  3.9  2.16  0.08  21.85  14.55  17.48  18.73  86    50    46  3.7
 13  5235 K4  1210  5377 K6   964  1798 K4   549  8981 16524  2.8  2.5  3.00  0.15  26.78  20.11  22.98  24.10  80   166  2041  3.9
 2000
  1  3567 K4  1081  5202 K6  2657  1086 K4   349  6335 14926  3.6  3.5  1.90  0.07  20.52  13.35  16.44  17.60  80    67    24  3.8
  2  4822 K4  1108  6549 K6  2392  1223 K4   378  7605 15672  2.3  2.2  1.84  0.08  21.66  14.10  17.29  18.83  79    49    36  3.8
  3  5807 K4  1013  6360 K6  2026  1737 K4   404  9139 16548  3.0  2.8  2.25  0.11  25.65  18.39  21.58  22.83  77     0   114  4.3
  4  6745 K4  1302  6790 K6  2161  1925 K4   454 10400 17374  2.4  2.2  1.96  0.15  25.83  18.57  22.07  23.19  68     4   120  4.3
  5  7337 K4   527  6726 K6  1151  2334 K4   387 11125 18025  1.9  1.8  2.87  0.19  30.32  22.93  26.26  27.44  74     0   257  4.0
  6  6626 K4  1256  5460 K6  1894  2392 K4   321 11358 18305  3.4  2.7  4.26  0.21  31.63  24.60  27.63  28.65  82     0   294  4.0
  7  5686 K4  1802  4319 K6  2322  2420 K4   392 11178 18052  3.9  3.1  4.67  0.23  31.39  25.71  28.38  29.03  80     0   317  3.7
  8  5844 K4  1220  4792 K6  1680  2277 K4   333 10557 17393  2.9  2.3  4.41  0.22  32.10  26.37  28.84  29.75  76     0   338  3.5
  9  5110 K4  1098  4286 K6  1799  2155 K4   339  9462 16580  3.6  2.7  4.63  0.19  31.17  25.70  28.06  28.99  84     0   303  4.4
 10  5040 K4   418  5795 K6  1062  1603 K4   340  8006 15742  1.6  1.5  2.84  0.14  27.68  20.87  23.86  25.13  71     0   184  4.6
 11  3814 K4  1027  4842 K6  2243  1276 K4   295  6618 15003  2.8  2.4  2.42  0.10  23.57  17.04  20.05  21.16  64    24    84  3.9
 12  3372 K4   846  4834 K6  2141  1104 K4   326  5933 14649  3.5  3.3  1.86  0.08  20.01  12.13  15.59  16.83  73   103    33  3.9
 13  5314 K4  1278  5496 K6   926  1794 K4   525  8976 16522  2.9  2.5  2.99  0.15  26.79  19.98  23.00  24.12  76   248  2104  4.0
 2001
  1  3724 K4   841  5325 K6  2179  1164 K4   378  6359 14942  3.3  3.0  1.68  0.07  17.75   9.83  13.28  14.64  78   151    10  3.7
  2  4563 K4  1401  5778 K6  2728  1298 K4   369  7620 15685  3.4  3.2  2.53  0.08  24.11  16.48  19.64  21.09  79    23    78  3.5
  3  4851 K4  1757  4812 K6  3020  1768 K4   437  9131 16544  4.6  4.3  2.43  0.11  22.58  16.51  19.24  20.06  75    21    59  4.6
  4  6853 K4  1007  6965 K6  1909  1919 K4   460 10397 17377  2.2  1.9  2.36  0.15  26.93  19.82  23.01  24.25  68     3   154  4.6
  5  7356 K4   686  6801 K6  1273  2295 K4   351 11125 18026  1.5  1.3  2.70  0.19  29.36  21.90  25.28  26.46  66     0   226  4.2
  6  6591 K4  1575  5586 K6  2111  2313 K4   342 11359 18309  2.9  2.3  4.04  0.21  31.47  24.76  27.60  28.55  74     0   294  3.8
  7  5607 K4  1578  3966 K6  2073  2526 K4   385 11180 18058  4.8  3.8  4.79  0.23  30.81  25.19  27.66  28.30  75     0   300  3.8
  8  5905 K4  1286  4796 K6  2015  2307 K4   491 10561 17393  3.4  2.5  4.57  0.22  31.48  25.66  28.11  29.02  73     0   317  3.7
  9  4667 K4  1677  3823 K6  2489  2089 K4   445  9469 16579  4.8  4.1  4.55  0.19  29.07  23.78  26.02  26.92  77     0   243  4.5
 10  4686 K4   892  4675 K6  1979  1853 K4   432  8014 15745  3.8  3.2  3.23  0.14  26.90  20.93  23.66  24.73  74     2   175  5.2
 11  4052 K4   800  5423 K6  1865  1246 K4   281  6625 15004  2.3  2.1  2.45  0.11  24.87  18.72  21.32  22.56  73     0   104  4.3
 12  3403 K4   813  4811 K6  2081  1148 K4   320  5933 14645  3.2  3.0  2.41  0.08  23.44  17.58  20.11  21.31  74    29    97  3.9
 13  5188 K4  1271  5230 K6   971  1827 K4   502  8981 16526  3.3  2.9  3.15  0.15  26.57  20.10  22.91  23.99  74   229  2057  4.1
 2002
  1  3417 K4  1137  4589 K6  2690  1174 K4   407  6352 14936  4.2  4.0  2.45  0.07  20.89  13.47  16.55  17.87  76    82    47  3.5
  2  4098 K4  1533  4870 K6  3160  1352 K4   481  7607 15673  4.3  3.9  2.38  0.08  20.46  13.35  16.62  17.64  69    54    14  4.2
  3  5632 K4  1454  6075 K6  2591  1742 K4   451  9118 16535  2.9  2.7  2.61  0.11  25.19  16.89  20.63  22.05  81    22   106  4.2
  4  6617 K4  1348  6535 K6  2209  1984 K4   460 10387 17363  2.5  2.4  3.30  0.15  28.17  21.46  24.32  25.59  75     0   194  3.8
  5  7015 K4  1029  6150 K6  1625  2440 K4   368 11120 18021  2.4  2.3  3.32  0.19  30.32  22.83  26.04  27.13  70     0   256  4.8
  6  6022 K4  1390  4298 K6  2089  2661 K4   325 11358 18308  5.2  4.4  4.79  0.21  30.92  24.26  27.03  27.93  77     0   278  4.0
  7  5988 K4  1116  4446 K6  1628  2572 K4   333 11183 18063  4.3  3.6  4.95  0.23  30.95  25.31  27.78  28.52  80     0   304  3.4
  8  5561 K4  1351  4379 K6  1955  2315 K4   303 10568 17396  4.5  3.7  4.89  0.22  31.03  25.07  27.67  28.58  75     0   301  3.9
  9  5050 K4  1323  4202 K6  2195  2134 K4   358  9481 16588  4.6  3.8  5.13  0.19  30.97  24.77  27.47  28.42  80     0   286  4.6
 10  4984 K4   917  5629 K6  1760  1591 K4   304  8027 15751  2.4  2.2  4.06  0.14  29.52  23.48  26.05  27.18  79     0   253  3.8
 11  3755 K4  1028  4716 K6  2327  1278 K4   368  6635 15010  3.3  3.1  2.67  0.11  24.27  16.40  19.88  21.18  74    20    80  4.2
 12  3123 K4  1088  4226 K6  2722  1128 K4   404  5935 14647  4.7  4.3  2.25  0.08  19.85  12.81  16.05  17.10  81    75    13  3.9
 13  5105 K4  1267  5009 K6   848  1864 K4   562  8981 16524  3.8  3.4  3.57  0.15  26.88  20.01  23.01  24.10  76   253  2132  4.0
 2003
  1  4037 K4   541  6157 K6  1642  1053 K4   350  6344 14930  1.8  1.7  1.58  0.07  17.52   9.32  13.12  14.47  73   154     1  3.6
  2  4056 K4  1645  5089 K6  3190  1261 K4   343  7594 15667  3.8  3.6  2.45  0.08  21.68  14.14  17.26  18.72  79    39    27  3.7
  3  4975 K4  1662  4719 K6  2766  1900 K4   476  9105 16527  4.6  4.3  3.14  0.11  25.81  19.39  22.17  23.09  79     5   138  3.8
  4  6680 K4  1001  6417 K6  2007  2089 K4   482 10378 17357  2.3  2.2  2.67  0.15  26.20  19.37  22.39  23.59  71     4   138  3.9
  5  7271 K4   829  6648 K6  1447  2293 K4   290 11115 18017  2.0  1.9  3.53  0.19  30.16  24.08  26.80  27.70  71     0   273  3.5
  6  5821 K4  1829  4248 K6  2466  2604 K4   471 11358 18305  3.6  3.2  4.76  0.21  30.54  24.86  27.55  28.31  78     0   281  3.9
  7  6373 K4   916  4769 K6  1581  2633 K4   430 11187 18065  2.1  1.8  4.77  0.23  31.84  25.71  28.39  29.24  74     0   324  3.2
  8  5125 K4  1600  3900 K6  2117  2218 K4   332 10576 17403  2.3  2.0  5.08  0.22  30.55  25.19  27.47  28.19  77     0   296  3.6
  9  4804 K4  1582  3982 K6  2333  2094 K4   425  9492 16598  3.7  3.2  4.69  0.19  30.24  24.63  27.04  27.93  75     0   273  4.0
 10  4399 K4  1296  4646 K6  2544  1662 K4   462  8041 15760  2.7  2.5  3.46  0.14  27.95  22.68  25.09  26.08  80     0   217  3.9
 11  3898 K4   840  5006 K6  1956  1334 K4   376  6645 15016  2.9  2.8  2.82  0.11  25.67  19.16  22.17  23.28  81    10   132  4.5
 12  3492 K4   700  5016 K6  2033  1137 K4   358  5937 14647  3.4  3.2  1.80  0.08  19.92  12.45  15.76  16.95  78    76     9  3.8
 13  5078 K4  1213  5050 K6   910  1857 K4   558  8981 16524  2.9  2.7  3.40  0.15  26.51  20.08  22.93  23.96  76   287  2108  3.8
 2004
  1  3713 K4   903  5563 K6  2408  1077 K4   337  6336 14926  3.1  2.9  2.09  0.07  19.68  12.18  15.51  16.79  79    90    16  3.6
  2  4047 K4  1535  4900 K6  2996  1359 K4   430  7607 15673  5.3  5.2  2.36  0.08  21.24  14.19  17.30  18.43  78    47    29  4.0
  3  5742 K4  1408  6372 K6  2601  1688 K4   417  9140 16548  2.7  2.7  2.13  0.11  24.35  16.86  20.24  21.52  70     8    79  4.3
  4  6550 K4  1473  6445 K6  2546  1976 K4   576 10402 17376  2.8  2.6  2.24  0.15  25.60  18.63  21.71  22.92  65     3   117  4.4
  5  7157 K4  1147  6617 K6  1987  2246 K4   471 11126 18026  2.0  1.9  3.23  0.19  30.00  22.77  25.95  26.96  67     0   250  4.3
  6  6954 K4   687  5862 K6  1261  2481 K4   314 11358 18305  3.1  2.7  4.74  0.21  32.63  25.83  28.68  29.67  69     0   327  3.6
  7  5942 K4  1599  4584 K6  2056  2426 K4   388 11178 18052  4.5  3.7  4.86  0.23  31.81  26.00  28.60  29.26  72     0   328  3.2
  8  5385 K4  1533  4176 K6  2205  2318 K4   280 10556 17392  4.5  3.9  5.13  0.22  31.29  25.65  28.16  29.03  76     0   314  3.2
  9  4624 K4  1655  3849 K6  2247  2044 K4   368  9461 16578  4.7  4.1  4.75  0.19  30.49  25.43  27.53  28.43  77     0   289  6.1
 10  4774 K4   957  5218 K6  1830  1658 K4   362  8004 15742  3.0  2.8  3.56  0.14  28.87  22.71  25.44  26.49  72     0   231  3.9
 11  4164 K4   630  5795 K6  1534  1152 K4   280  6617 15003  2.9  2.7  2.55  0.10  25.67  19.33  22.01  23.07  72     3   128  4.3
 12  3167 K4  1033  4400 K6  2491  1142 K4   340  5933 14648  4.0  3.8  2.33  0.08  20.65  13.57  16.76  17.79  71    70    32  3.9
 13  5185 K4  1310  5315 K6   938  1797 K4   524  8976 16522  3.6  3.2  3.33  0.15  26.86  20.26  23.16  24.20  72   221  2139  4.1
 2005
  1  3866 K4   697  5722 K6  2109  1122 K4   398  6360 14943  3.6  3.5  2.28  0.07  21.57  13.90  17.13  18.51  75    59    41  3.6
  2  4444 K4  1151  5579 K6  2638  1371 K4   481  7621 15685  3.5  3.3  2.43  0.08  22.06  14.57  17.93  19.34  72    31    31  3.9
  3  4852 K4  1909  4886 K6  3241  1687 K4   530  9132 16546  4.7  4.4  2.53  0.11  22.74  16.28  19.22  20.18  71    33    70  3.9
  4  6858 K4  1039  7094 K6  1933  1818 K4   397 10398 17378  2.1  1.9  2.10  0.15  25.78  18.29  21.65  22.98  63     1   112  4.5
  5  6520 K4  1850  5608 K6  2661  2320 K4   561 11125 18029  3.5  3.4  3.33  0.19  29.18  22.66  25.60  26.54  69     0   235  4.0
  6  5704 K4  1731  3920 K6  2335  2701 K4   393 11359 18309  5.4  4.6  4.84  0.21  30.89  25.31  27.74  28.47  75     0   293  4.2
  7  6230 K4  1256  4926 K6  1655  2476 K4   309 11180 18058  3.4  2.9  5.02  0.23  33.29  27.28  29.81  30.58  70     0   371  3.9
  8  5953 K4   916  4812 K6  1511  2356 K4   367 10560 17392  4.3  3.4  5.21  0.22  33.85  27.78  30.42  31.39  69     0   387  3.6
  9  5268 K4  1188  4763 K6  1931  2047 K4   360  9467 16578  3.1  2.5  4.29  0.19  32.50  26.89  29.25  30.35  67     0   341  4.5
 10  4458 K4  1080  4540 K6  2305  1740 K4   467  8013 15745  3.9  3.6  3.75  0.14  29.39  23.61  26.04  27.01  67     1   254  4.8
 11  3731 K4  1033  4707 K6  2240  1284 K4   305  6624 15004  3.6  3.5  2.77  0.11  26.18  20.04  22.83  23.87  69     3   146  4.0
 12  3054 K4  1097  4099 K6  2834  1155 K4   366  5933 14645  4.3  4.0  2.29  0.08  20.80  14.48  17.32  18.49  69    43    22  3.8
 13  5078 K4  1205  5055 K6   851  1840 K4   542  8981 16526  3.8  3.4  3.40  0.15  27.35  20.93  23.75  24.81  70   171  2302  4.1
 2006
  1  3768 K4   774  5392 K6  2103  1173 K4   356  6353 14937  2.9  2.8  2.06  0.07  22.46  15.24  18.44  19.68  68    32    48  3.9
  2  4239 K4  1419  5266 K6  2993  1348 K4   462  7608 15674  2.5  2.3  1.97  0.08  21.99  14.51  17.68  18.95  65    38    36  3.8
  3  6014 K4   824  6791 K6  1497  1701 K4   353  9119 16537  1.7  1.6  2.03  0.11  25.27  17.38  20.90  22.27  62    11   104  4.1
  4  7016 K4   423  7071 K6  1136  1990 K4   440 10389 17366  1.6  1.5  2.39  0.15  27.81  20.52  23.74  25.22  67     0   175  4.4
  5  6597 K4  1634  5686 K6  2365  2427 K4   432 11121 18021  1.6  1.5  3.01  0.19  29.03  22.32  25.42  26.30  65     0   228  3.3
  6  6415 K4  1519  5146 K6  2207  2507 K4   419 11358 18308  2.3  2.1  4.19  0.21  31.14  25.19  27.82  28.65  70     0   295  4.0
  7  6030 K4   960  4438 K6  1357  2618 K4   347 11183 18062  1.9  1.7  4.73  0.23  32.00  25.71  28.20  28.88  73     0   326  3.5
  8  5709 K4  1430  4604 K6  2051  2300 K4   331 10567 17396  1.8  1.6  4.97  0.22  32.20  26.31  28.77  29.58  71     0   339  3.1
  9  5215 K4  1097  4631 K6  1705  2107 K4   305  9479 16586  2.3  1.9  4.49  0.19  30.65  24.87  27.44  28.45  72     0   283  3.2
 10  5012 K4   646  5708 K6  1489  1609 K4   369  8026 15750  1.2  1.1  3.10  0.14  28.10  21.55  24.53  25.65  68     2   203  4.2
 11  3895 K4   738  4857 K6  1608  1369 K4   280  6634 15009  2.5  2.4  2.37  0.11  22.82  16.74  19.46  20.58  73    27    71  3.9
 12  2966 K4   972  3655 K6  2480  1265 K4   323  5935 14647  3.7  3.5  3.15  0.08  22.76  16.62  19.34  20.38  79    22    64  3.9
 13  5240 K4  1280  5271 K6   967  1868 K4   523  8981 16524  2.2  2.0  3.20  0.15  27.19  20.58  23.48  24.55  69   133  2172  3.8
 2007
  1  3447 K4   994  4526 K6  2477  1237 K4   403  6345 14931  3.7  3.6  2.79  0.07  21.56  15.15  17.97  18.93  75    46    47  4.0
  2  4192 K4  1464  4964 K6  2911  1414 K4   487  7595 15667  3.2  3.1  2.25  0.08  19.87  12.82  16.16  17.28  72    69    14  3.8
  3  5887 K4  1244  6631 K6  2236  1626 K4   424  9106 16528  1.7  1.5  2.34  0.11  25.02  17.18  20.46  21.75  67    12    98  4.6
  4  6707 K4  1508  6839 K6  2269  1813 K4   393 10379 17357  2.0  1.9  2.44  0.15  25.36  18.44  21.65  22.87  65    11   118  4.3
  5  7142 K4   874  6300 K6  1800  2443 K4   483 11116 18018  1.1  1.0  3.05  0.19  29.21  22.06  25.18  26.29  63     0   227  5.1
  6  6447 K4  1374  5188 K6  1916  2458 K4   247 11358 18305  3.1  2.7  4.20  0.21  30.69  24.31  27.10  27.98  72     0   275  3.9
  7  5914 K4  1303  4546 K6  1795  2509 K4   298 11186 18065  2.8  2.4  4.89  0.23  31.60  25.99  28.52  29.25  71     0   324  2.8
  8  6021 K4  1160  5010 K6  1722  2357 K4   348 10575 17401  3.4  2.2  4.80  0.22  32.50  26.45  29.15  30.10  71     0   346  3.2
  9  5265 K4  1181  4627 K6  1740  2121 K4   298  9491 16595  2.6  2.3  4.69  0.19  31.11  25.24  27.64  28.73  74     0   295  4.5
 10  4345 K4  1286  4228 K6  2564  1816 K4   460  8039 15759  4.0  3.8  4.36  0.14  29.14  23.59  25.97  27.01  76     0   249  5.2
 11  4065 K4   862  5459 K6  1926  1236 K4   277  6644 15015  2.4  2.2  2.46  0.11  24.08  17.27  20.28  21.50  70     9    79  3.8
 12  3703 K4   393  5641 K6  1420  1103 K4   287  5937 14647  2.9  2.7  2.70  0.08  24.09  17.19  20.11  21.36  76    17    89  3.3
 13  5261 K4  1264  5330 K6   866  1844 K4   526  8981 16524  2.7  2.5  3.41  0.15  27.02  20.47  23.35  24.42  71   164  2161  4.0
 2008
  1  3501 K4  1126  4842 K6  2760  1165 K4   332  6337 14927  3.5  3.4  2.37  0.07  20.59  12.85  16.41  17.69  73    73    23  4.1
  2  4233 K4  1339  5263 K6  3022  1369 K4   539  7608 15674  3.3  3.2  2.35  0.08  23.06  15.57  18.86  20.20  71    23    52  3.8
  3  5440 K4  1635  5733 K6  2784  1728 K4   451  9142 16549  3.7  3.5  2.36  0.11  23.96  16.59  19.92  21.11  68    12    73  4.6
  4  6506 K4  1351  6318 K6  2190  2069 K4   430 10403 17377  2.5  2.4  2.58  0.15  26.90  19.53  22.87  24.14  63     4   150  4.2
  5  6860 K4  1406  6080 K6  2147  2349 K4   443 11126 18026  2.4  2.2  2.98  0.19  29.89  23.39  26.35  27.32  64     0   258  4.4
  6  6497 K4  1209  5149 K6  1789  2544 K4   320 11358 18305  2.4  1.9  4.36  0.21  31.93  24.89  27.98  28.88  68     0   302  3.1
  7  5482 K4  1540  3790 K6  2142  2531 K4   392 11177 18052  2.2  2.0  4.80  0.23  31.15  25.57  28.03  28.70  70     0   311  2.7
  8  5152 K4  1577  3717 K6  2224  2426 K4   457 10555 17390  3.3  2.7  5.05  0.22  31.10  26.52  28.49  29.18  73     0   325  3.8
  9  5251 K4  1181  4615 K6  2025  2156 K4   319  9459 16577  2.5  2.0  4.24  0.19  31.61  25.72  28.07  29.23  73     0   310  4.7
 10  4936 K4   947  5706 K6  1815  1490 K4   296  8002 15739  3.2  2.8  3.16  0.14  27.55  21.48  24.11  25.22  71     9   201  5.1
 11  3917 K4   934  5315 K6  1989  1155 K4   237  6616 15003  2.6  2.5  2.01  0.10  23.61  15.40  18.83  20.30  70    37    72  3.8
 12  3577 K4   652  5508 K6  1944  1038 K4   322  5933 14648  3.5  3.4  2.21  0.08  22.06  15.13  18.25  19.51  77    32    40  3.3
 13  5113 K4  1143  5170 K6   816  1835 K4   576  8976 16522  2.9  2.7  3.21  0.15  26.95  20.22  23.18  24.29  70   190  2117  4.0
 2009
  1  3664 K4  1027  5377 K6  2627  1093 K4   361  6361 14945  2.3  2.1  1.94  0.07  20.40  12.93  16.17  17.43  71    74    23  3.4
  2  4656 K4  1208  6110 K6  2721  1324 K4   450  7623 15687  2.2  2.1  1.68  0.08  20.80  12.62  16.15  17.63  67    60    15  3.8
  3  5861 K4  1083  6564 K6  2114  1645 K4   398  9134 16547  2.7  2.5  2.20  0.11  24.99  16.45  20.20  21.65  69    21    95  4.1
  4  6479 K4  1600  6348 K6  2433  1991 K4   474 10399 17378  2.6  2.5  2.34  0.15  26.89  19.34  22.78  24.03  68     5   149  4.4
  5  6618 K4  1607  5681 K6  2400  2329 K4   409 11126 18029  2.8  2.6  3.66  0.19  29.35  22.98  25.59  26.49  74     0   243  4.0
  6  6569 K4  1279  5454 K6  1698  2481 K4   322 11359 18308  1.9  1.6  4.32  0.21  31.46  25.55  28.31  29.16  72     0   305  3.0
  7  6121 K4  1463  4888 K6  1931  2396 K4   327 11179 18057  1.7  1.5  4.55  0.23  31.33  25.99  28.46  29.12  74     0   320  2.9
  8  5271 K4  1743  4253 K6  2217  2197 K4   388 10558 17391  2.3  1.6  5.00  0.22  31.77  26.12  28.44  29.29  76     0   329  3.2
  9  5080 K4  1193  4447 K6  1706  2121 K4   275  9466 16577  3.1  2.6  4.91  0.19  30.90  25.45  27.64  28.58  79     0   295  3.3
 10  4790 K4   969  5245 K6  1867  1666 K4   299  8011 15742  2.3  2.0  3.92  0.14  29.22  22.84  25.65  26.70  76     3   241  3.4
 11  3662 K4  1035  4377 K6  2305  1391 K4   384  6623 15002  3.2  3.1  2.64  0.11  24.02  18.00  20.67  21.73  78    10    91  4.0
 12  2832 K4   935  3291 K6  2186  1318 K4   302  5933 14645  4.6  4.4  2.81  0.08  20.95  14.66  17.55  18.52  81    57    41  4.1
 13  5134 K4  1264  5170 K6   963  1829 K4   482  8981 16526  2.6  2.4  3.33  0.15  26.84  20.24  23.13  24.19  74   231  2147  3.6
 2010
  1  3316 K4  1241  4491 K6  2964  1144 K4   411  6354 14938  3.0  2.8  1.78  0.07  16.45   9.26  12.68  13.85  70   173     3  3.5
  2  3951 K4  1608  4674 K6  3122  1369 K4   427  7610 15677  3.9  3.8  1.77  0.08  16.24  10.16  12.88  13.80  68   145     2  3.8
  3  5177 K4  1789  5626 K6  2971  1630 K4   476  9121 16537  2.8  2.7  1.74  0.11  19.69  13.10  16.09  17.31  69    70    10  3.5
  4  6537 K4  1369  6641 K6  2193  1883 K4   473 10390 17366  1.8  1.7  2.41  0.15  26.34  19.74  22.58  23.72  69     0   141  4.4
  5  7124 K4   803  6676 K6  1500  2201 K4   397 11121 18024  2.1  1.9  3.68  0.19  30.89  24.46  27.35  28.26  69     0   290  3.9
  6  6715 K4  1139  5751 K6  1868  2310 K4   348 11358 18308  1.7  1.4  4.69  0.21  33.38  26.94  29.82  30.75  68     0   355  3.7
  7  5792 K4  1874  4483 K6  2582  2376 K4   422 11182 18061  1.9  1.8  4.92  0.23  32.29  26.86  29.18  29.86  72     0   349  3.5
  8  5461 K4  1665  4313 K6  2244  2245 K4   401 10566 17396  3.0  2.4  5.43  0.22  31.88  27.09  29.27  29.97  76     0   346  3.7
  9  5674 K4   862  5512 K6  1571  1878 K4   261  9477 16584  2.4  2.0  4.52  0.19  31.96  26.15  28.48  29.55  73     0   322  4.3
 10  5324 K4   440  6781 K6   787  1323 K4   234  8024 15748  1.1  0.9  2.62  0.14  29.20  22.55  25.42  26.68  63     0   234  3.4
 11  4088 K4   867  5834 K6  1955  1096 K4   260  6633 15008  2.7  2.5  2.32  0.11  25.08  18.43  21.40  22.57  69     7   110  3.8
 12  3532 K4   846  5626 K6  2217   956 K4   307  5935 14647  2.4  2.3  1.33  0.08  17.11   9.69  13.04  14.07  63   153     0  3.8
 13  5224 K4  1264  5534 K6   887  1701 K4   516  8981 16525  2.4  2.2  3.10  0.15  25.88  19.54  22.35  23.37  69   548  2161  3.8
