722040 MELBOURNE REGIONAL AP  FL  -5  N28  7  W080 39    11  1012
 1991-2010
 MO AVGLO FL SDGLO AVDIR FL SDDIR AVDIF FL SDDIF AVETR AETRN  TOT  OPQ   H2O   TAU  MAX_T  MIN_T  AVG_T  AVGDT  RH  HTDD  CLDD AVWS
  1  3295 K5   421  4344 K6  1267  1232 K5   171  6291 14904  4.5  4.2  2.28  0.07  21.81  11.36  16.58  18.94  76    89    35  3.9
  2  3992 K5   431  4479 K6  1041  1526 K5   169  7558 15655  4.5  4.3  2.30  0.09  22.65  12.38  17.53  19.61  74    62    39  4.1
  3  5075 K5   487  4956 K6   974  1922 K5   178  9090 16536  4.2  3.9  2.43  0.13  24.75  14.78  19.80  21.65  71    31    75  4.5
  4  6098 K5   483  5600 K6   926  2156 K5   209 10377 17383  3.9  3.6  2.63  0.14  26.59  17.20  22.10  23.79  70     8   115  4.5
  5  6492 K5   390  5510 K6   712  2426 K5   162 11125 18050  3.9  3.7  3.30  0.17  29.28  20.77  25.02  26.37  71     0   208  4.4
  6  6056 K5   552  4559 K6   995  2631 K5   249 11371 18341  5.1  4.4  4.44  0.20  30.98  23.02  26.67  27.91  78     0   260  3.6
  7  6039 K5   298  4401 K6   442  2695 K5   164 11191 18090  4.3  3.8  4.69  0.26  31.76  23.61  27.34  28.63  79     0   290  3.3
  8  5673 K5   340  4471 K6   646  2420 K5   219 10560 17417  4.6  4.0  4.84  0.19  31.54  23.77  27.32  28.64  80     0   289  3.3
  9  4867 K5   320  4041 K6   724  2162 K5   210  9451 16590  5.1  4.6  4.64  0.15  30.59  23.68  26.91  28.26  79     0   264  3.8
 10  4197 K5   365  4160 K6   890  1768 K5   148  7980 15738  4.7  4.4  3.62  0.13  28.19  20.77  24.49  25.97  75     3   193  4.1
 11  3459 K5   340  4042 K6   967  1414 K5   139  6577 14983  4.6  4.3  2.79  0.11  25.09  16.16  20.64  22.44  76    21    89  4.1
 12  2937 K5   303  3677 K6   898  1236 K5   117  5876 14612  4.7  4.6  2.49  0.10  22.52  12.82  17.64  19.82  77    68    47  3.7
 13  4848 K5   253  4520 K6   682  1966 K5   149  8954 16525  4.5  4.1  3.37  0.14  27.15  18.36  22.67  24.34  76   280  1905  3.9
 1991
  1  2858 J5   828  2985 J6  2012  1411 J5   350  6284 14900  6.0  5.6  2.80  0.06  23.59  15.80  19.62  21.25  80    37    79  4.5
  2  3463 J5  1316  3451 J6  2968  1591 J5   465  7540 15647  5.2  5.1  2.36  0.08  23.19  13.43  18.35  20.42  70    50    50  4.8
  3  4308 J5  1701  3934 J6  2975  1854 J5   497  9067 16523  5.0  4.5  2.68  0.11  25.02  15.02  20.24  21.98  73    26    78  5.1
  4  5444 J5  1374  4662 J6  2319  2217 J5   471 10361 17369  4.8  4.4  3.23  0.13  27.41  20.17  23.84  25.14  75     0   164  5.0
  5  5966 J5  1374  4650 J6  2167  2483 J5   336 11117 18039  5.2  4.7  3.92  0.16  29.46  22.80  26.13  27.17  74     0   242  4.9
  6  6242 J5   980  4593 J6  1831  2796 J5   522 11370 18341  6.2  4.9  4.58  0.19  31.21  23.28  26.90  28.16  74     0   267  4.1
  7  5959 J5  1146  4486 J6  1885  2657 J5   467 11197 18099  5.2  4.4  4.74  0.26  31.70  23.59  26.99  28.21  79     0   289  3.6
  8  5838 J5   900  4238 J6  1578  2713 J5   471 10573 17431  5.1  4.0  4.73  0.23  31.71  23.86  27.62  28.96  77     0   293  3.6
  9  4955 J5  1042  3716 J6  1984  2395 J5   434  9472 16604  4.8  4.3  4.44  0.23  30.88  24.03  27.47  28.81  76     0   274  4.2
 10  3884 J5  1111  3250 J6  2378  1917 J5   452  8004 15751  5.2  4.8  3.78  0.23  28.38  21.06  24.76  26.23  75     0   198  4.6
 11  2777 J5   895  2126 J6  1758  1661 J5   270  6595 14993  5.8  5.4  2.95  0.24  24.21  15.31  19.81  21.49  77    40    83  4.7
 12  2621 J5   786  2292 J6  1594  1490 J5   212  5879 14614  5.0  4.7  2.84  0.25  24.66  15.14  19.84  21.94  77    25    74  4.1
 13  4526 J5  1378  3699 J6   896  2099 J5   505  8955 16526  5.3  4.7  3.59  0.18  27.62  19.46  23.46  24.98  76   178  2091  4.4
 1992
  1  2684 J5   768  2072 J6  1478  1623 J5   249  6277 14893  5.7  5.0  2.55  0.25  22.01  10.48  16.24  18.79  77    91    26  4.3
  2  2910 J5  1004  1713 J6  1949  1911 J5   389  7553 15650  6.9  6.7  2.53  0.27  24.02  13.94  18.72  20.62  76    35    53  4.6
  3  4647 J5  1258  3317 J6  2433  2438 J5   614  9103 16541  5.4  4.7  2.36  0.29  24.89  14.32  19.65  21.65  66    31    70  4.7
  4  5416 J5  1329  3580 J6  2324  2805 J5   633 10385 17386  5.4  4.6  2.67  0.29  25.65  17.11  21.65  23.17  67    13   104  5.2
  5  6169 J5  1256  4515 J6  2143  2802 J5   557 11128 18053  3.9  3.7  2.79  0.30  29.01  18.69  23.98  25.61  67     1   173  4.6
  6  5533 J5  1396  2988 J6  1908  3255 J5   504 11370 18341  6.7  5.4  4.84  0.31  31.35  23.44  26.81  28.10  77     0   272  4.2
  7  6271 J5  1187  4311 J6  2090  3043 J5   577 11187 18085  3.2  3.0  4.14  0.35  33.01  24.15  28.58  30.03  73     0   318  3.5
  8  5002 J5  1087  2761 J6  1649  2952 J5   377 10553 17412  6.5  5.8  4.75  0.27  32.17  23.10  27.20  28.80  79     0   288  3.1
  9  4357 J5   960  2448 J6  1503  2647 J5   373  9440 16586  6.3  5.5  4.75  0.23  30.68  24.45  27.54  28.65  76     0   277  4.0
 10  3993 J5   983  3497 J6  2099  1912 J5   454  7967 15731  4.8  4.3  3.19  0.19  27.58  20.40  23.94  25.22  72     0   176  4.6
 11  2787 J5   809  2113 J6  1968  1700 J5   376  6567 14980  6.4  5.7  3.50  0.16  25.59  18.70  22.00  23.19  78    20   134  5.6
 12  2519 J5   749  2414 J6  1565  1373 J5   244  5875 14611  5.2  4.9  2.48  0.14  22.73  13.20  17.79  20.06  81    44    33  4.2
 13  4357 J5  1376  2978 J6   889  2372 J5   636  8950 16522  5.5  4.9  3.38  0.25  27.39  18.50  22.84  24.49  74   234  1925  4.4
 1993
  1  2303 J5   855  1683 J6  1665  1474 J5   294  6301 14910  6.3  6.0  3.09  0.11  23.48  15.02  19.22  21.14  83    34    62  4.4
  2  3426 J5  1105  3077 J6  2114  1724 J5   326  7568 15662  5.4  5.0  2.07  0.12  20.91  10.78  15.83  17.81  76    79     9  4.6
  3  4393 J5  1414  3702 J6  2647  2000 J5   454  9095 16540  5.5  5.0  2.32  0.15  23.09  13.11  18.02  19.79  74    48    41  4.8
  4  5826 J5  1215  4819 J6  2138  2392 J5   467 10381 17390  4.3  3.8  2.14  0.17  25.35  15.08  20.51  22.39  67    12    69  5.4
  5  6013 J5  1484  4756 J6  2483  2511 J5   535 11128 18054  4.9  4.7  3.23  0.19  28.66  20.93  24.49  25.73  70     0   201  5.3
  6  6280 J5  1208  4616 J6  2180  2797 J5   631 11371 18343  4.8  4.2  4.05  0.22  31.41  22.91  26.83  28.14  77     0   265  4.4
  7  6217 J5  1071  4192 J6  1828  2974 J5   603 11190 18088  4.4  3.7  4.65  0.27  33.82  23.66  28.14  29.81  75     0   323  3.6
  8  5981 J5   986  4632 J6  1813  2634 J5   523 10557 17411  4.2  3.3  4.48  0.20  32.52  23.79  27.71  29.23  75     0   305  3.8
  9  5187 J5   959  4240 J6  1686  2307 J5   389  9447 16586  5.2  4.4  4.60  0.16  31.53  23.34  27.25  28.84  75     0   273  3.9
 10  3745 J5  1108  2990 J6  2098  1938 J5   390  7975 15733  6.4  5.8  4.14  0.13  29.01  20.62  24.78  26.42  77     4   205  4.0
 11  3080 J5   912  2949 J6  2003  1544 J5   322  6574 14979  5.7  5.2  3.38  0.11  26.08  17.16  21.82  23.40  76    20   118  4.8
 12  2696 J5   799  2791 J6  2097  1385 J5   316  5875 14611  5.2  4.8  2.34  0.10  21.79   9.67  15.76  18.59  78    99    18  4.3
 13  4596 J5  1494  3704 J6   998  2140 J5   540  8955 16526  5.2  4.7  3.37  0.16  27.31  18.01  22.53  24.27  75   295  1889  4.4
 1994
  1  2760 J5   806  2471 J6  2143  1541 J5   358  6293 14904  6.9  6.2  2.47  0.07  22.36  12.71  17.56  19.61  77    63    38  5.3
  2  3461 J5   997  3111 J6  1911  1713 J5   301  7555 15655  6.3  5.7  2.58  0.09  24.56  15.93  20.21  21.85  73    22    76  5.0
  3  4546 J5  1188  4035 J6  2222  1973 J5   455  9082 16532  4.8  4.5  2.68  0.12  26.59  15.35  20.86  22.82  66    20   102  5.1
  4  5467 J5  1177  4332 J6  2090  2434 J5   459 10372 17380  5.2  4.6  3.09  0.14  27.75  20.20  23.87  25.23  70     1   171  4.9
  5  5861 J5  1121  4321 J6  1950  2634 J5   434 11123 18047  4.9  4.6  3.52  0.17  29.78  20.15  25.14  26.66  69     0   206  3.9
  6  5386 J5  1425  3136 J6  2001  2995 J5   424 11371 18341  7.2  6.3  4.73  0.20  31.99  23.12  26.77  27.99  80     0   277  3.0
  7  5835 J5  1100  3820 J6  1798  2956 J5   509 11193 18092  5.5  4.8  4.37  0.25  31.73  22.99  26.90  28.27  80     0   280  3.2
  8  5532 J5  1124  4030 J6  2040  2620 J5   490 10564 17422  5.8  4.8  4.54  0.19  30.01  22.49  25.92  27.14  86     0   246  3.1
  9  4455 J5  1155  2929 J6  1891  2439 J5   357  9459 16594  7.4  6.1  4.66  0.15  30.16  22.71  25.92  27.22  84     0   243  3.1
 10  3729 J5  1062  3088 J6  2392  1887 J5   520  7989 15743  6.3  5.8  3.71  0.12  28.34  20.87  24.45  25.93  80     0   195  3.9
 11  3027 J5   951  2985 J6  2045  1486 J5   339  6584 14986  5.7  5.0  3.17  0.10  26.31  19.13  22.55  23.89  81     0   132  4.9
 12  2308 J5   855  2130 J6  1906  1310 J5   295  5877 14612  6.5  6.5  2.62  0.09  22.85  15.15  18.74  20.46  87    36    57  4.3
 13  4364 J5  1275  3366 J6   726  2166 J5   587  8955 16526  6.0  5.4  3.51  0.14  27.70  19.23  23.24  24.75  78   142  2020  4.1
 1995
  1  2953 J5  1081  3424 J6  2639  1303 J5   317  6285 14901  5.3  5.0  2.09  0.06  20.91  10.33  15.28  17.61  79    98    14  4.3
  2  4026 J5  1275  4830 J6  3251  1354 J5   571  7542 15647  4.6  4.2  2.19  0.08  22.19  11.05  16.51  18.74  78    78    31  4.7
  3  4684 J5  1368  4029 J6  2484  2035 J5   514  9068 16524  5.8  5.2  2.52  0.11  25.48  16.43  20.59  22.24  77     9    90  4.5
  4  5500 J5  1748  4625 J6  2730  2222 J5   464 10362 17369  5.6  4.7  2.87  0.13  26.99  18.58  23.10  24.56  77     1   134  4.2
  5  6265 J5  1143  5213 J6  2180  2395 J5   503 11118 18040  4.5  4.1  3.42  0.16  31.28  22.09  26.58  27.98  74     0   259  4.3
  6  5825 J5  1545  3758 J6  2317  2954 J5   564 11370 18340  6.3  5.3  4.23  0.19  30.86  22.76  26.58  27.86  77     0   255  4.1
  7  5897 J5  1188  3924 J6  2062  2864 J5   539 11196 18098  5.5  5.0  4.57  0.25  31.73  23.63  27.50  28.71  77     0   290  3.9
  8  5815 J5  1205  4470 J6  2268  2526 J5   597 10572 17429  5.7  4.5  4.98  0.18  30.67  24.29  27.27  28.36  82     0   284  4.6
  9  5155 J5   941  4308 J6  1865  2187 J5   465  9471 16604  5.0  4.4  4.70  0.14  30.44  23.19  26.69  28.16  81     0   255  3.3
 10  3722 J5  1092  2932 J6  2128  1956 J5   504  8002 15750  6.6  6.2  4.31  0.12  28.10  22.53  25.26  26.23  78     0   217  4.4
 11  3796 J5   675  4988 J6  1896  1246 J5   348  6594 14993  3.8  3.4  2.80  0.10  24.51  14.47  19.65  21.62  73    31    65  3.8
 12  2831 J5   824  3405 J6  2237  1257 J5   314  5879 14614  4.8  4.7  2.53  0.09  21.42  11.90  16.64  18.75  75    96    44  3.4
 13  4706 J5  1206  4159 J6   703  2025 J5   617  8955 16526  5.3  4.7  3.43  0.13  27.05  18.44  22.64  24.24  77   312  1936  4.1
 1996
  1  3164 J5   993  4231 J6  2647  1134 J5   353  6278 14893  4.7  4.4  2.15  0.06  21.62  11.14  16.34  18.73  73    94    33  4.0
  2  4307 J5  1082  5298 J6  2610  1314 J5   449  7555 15653  3.7  3.4  2.06  0.08  22.17  10.69  16.58  18.78  75    94    39  3.7
  3  4987 J5  1495  4880 J6  2708  1799 J5   514  9104 16542  4.4  4.2  2.18  0.11  23.79  13.14  18.25  20.15  70    65    69  4.6
  4  6196 J5  1349  6150 J6  2495  1906 J5   461 10386 17387  3.7  3.1  2.52  0.13  25.44  16.34  21.31  22.97  72    15    92  3.7
  5  6286 J5  1250  5191 J6  2086  2488 J5   516 11129 18054  4.5  4.0  3.31  0.16  29.21  21.65  25.14  26.46  76     0   220  3.9
  6  6163 J5  1162  4619 J6  2025  2668 J5   474 11370 18342  5.4  4.9  4.14  0.19  30.39  22.43  25.89  27.13  78     0   242  3.5
  7  6252 J7  1272  4887 J7  2104  2680 J7   420 11187 18085  3.2  3.0  4.25  0.25  31.75  23.99  27.60  28.90  78     0   296  3.5
  8  5439 J7   957  3822 J7  1844  2662 J7   509 10552 17409  5.9  5.1  4.38  0.18  31.36  23.45  26.83  28.26  80     0   281  3.2
  9  4858 J5   948  3643 J6  1708  2398 J5   399  9439 16586  5.3  5.0  4.24  0.14  31.10  23.16  26.75  28.31  77     0   264  3.2
 10  3811 J5   976  3251 J6  2260  1927 J5   487  7965 15731  5.3  5.0  3.60  0.12  27.71  20.35  24.04  25.50  75     1   178  4.2
 11  3215 J5   673  3145 J6  1671  1550 J5   285  6566 14979  5.5  5.2  2.60  0.10  25.19  16.83  21.04  22.67  69    16    97  4.8
 12  2739 J5   839  3041 J6  2080  1317 J5   286  5875 14611  5.0  4.7  2.36  0.09  22.80  12.31  17.42  19.89  78    55    31  3.2
 13  4785 J6  1322  4347 J7   984  1987 J6   579  8950 16523  4.7  4.3  3.15  0.13  26.88  17.96  22.27  23.98  75   339  1841  3.8
 1997
  1  3189 J5   955  4033 J6  2419  1237 J5   344  6302 14910  4.5  4.3  2.19  0.06  22.47  11.81  16.98  19.54  76    74    37  3.5
  2  3760 J5   888  3450 J6  1958  1871 J5   382  7570 15662  5.4  5.0  2.70  0.08  25.00  15.80  20.11  22.12  78    20    78  3.9
  3  4687 J5  1035  3940 J6  1811  2134 J5   369  9096 16541  5.3  4.9  2.96  0.11  27.20  18.05  22.58  24.29  72     0   133  4.2
  4  5022 J5  1771  3908 J6  2702  2249 J5   483 10383 17391  5.8  5.4  3.03  0.13  26.14  16.68  21.54  23.12  70     5    98  4.6
  5  5829 J5  1334  4266 J6  2336  2715 J5   568 11129 18054  5.4  5.0  3.53  0.16  28.13  20.55  24.37  25.57  73     0   186  4.0
  6  5811 J5  1342  3954 J6  2046  2887 J5   562 11372 18342  6.2  5.5  4.08  0.19  30.37  22.09  25.92  27.17  78     0   237  3.7
  7  5992 J5   926  4039 J6  1625  2938 J5   457 11189 18087  5.7  4.7  4.61  0.25  31.84  23.00  26.96  28.46  80     0   282  2.8
  8  5393 J5   874  3827 J6  1661  2657 J5   515 10556 17411  5.5  4.8  4.67  0.18  31.35  23.25  26.74  28.08  82     0   278  3.0
  9  4625 J5   957  3295 J6  1799  2395 J5   403  9445 16585  6.1  5.5  4.53  0.14  30.33  23.26  26.50  27.91  78     0   254  3.7
 10  4081 J5  1100  3724 J6  2082  1848 J5   396  7974 15732  5.2  4.8  3.15  0.12  27.65  19.52  23.56  25.25  73     3   166  3.9
 11  3100 J5   956  2961 J6  2104  1556 J5   412  6573 14978  5.6  5.2  2.81  0.10  23.87  15.08  19.64  21.36  77    21    56  3.5
 12  2519 J5  1039  2715 J6  2529  1227 J5   326  5875 14610  6.4  6.2  2.70  0.09  21.47  13.14  17.14  18.84  77    81    49  3.7
 13  4501 J5  1174  3676 J6   473  2143 J5   604  8955 16525  5.6  5.1  3.41  0.13  27.15  18.52  22.67  24.31  76   205  1854  3.7
 1998
  1  3066 K4  1156  3751 K6  2859  1298 K4   496  6294 14904  6.1  5.3  2.31  0.06  21.87  13.73  17.83  19.62  81    52    36  3.9
  2  4184 K4  1266  5070 K6  2943  1406 K4   528  7557 15656  5.2  4.8  2.18  0.08  21.95  12.14  17.22  19.15  76    66    30  4.7
  3  5744 K4  1252  6465 K6  2356  1625 K4   508  9083 16533  4.8  4.4  2.18  0.11  22.97  13.91  18.32  20.02  73    61    64  4.6
  4  6305 K4  1272  5843 K6  2473  2207 K4   589 10373 17381  4.5  4.1  2.46  0.13  27.04  17.86  22.48  24.23  72     2   126  4.5
  5  6804 K4  1428  6143 K6  2560  2239 K4   573 11124 18048  4.1  3.7  3.16  0.16  30.20  20.13  25.14  26.83  74     0   212  3.7
  6  7109 K4   948  6433 K6  1867  2293 K4   529 11371 18340  4.6  4.1  3.97  0.19  34.34  23.93  28.85  30.59  71     0   324  3.9
  7  6336 K4  1020  4809 K6  1572  2642 K4   351 11192 18092  5.7  5.2  4.88  0.25  33.07  24.06  27.95  29.34  79     0   317  3.2
  8  5941 K4  1145  5183 K6  1889  2170 K4   453 10563 17422  5.7  5.0  4.77  0.18  32.14  24.58  28.11  29.36  80     0   311  3.3
  9  4440 K4  1278  3343 K6  2099  2219 K4   338  9457 16592  7.6  6.4  4.94  0.14  31.07  24.73  27.33  28.51  81     0   287  3.7
 10  4691 K4   767  5140 K6  1734  1703 K4   408  7987 15743  4.6  4.2  3.17  0.12  29.17  22.71  25.76  27.13  74     0   236  4.1
 11  3697 K4   963  4735 K6  2226  1328 K4   316  6582 14985  4.5  4.2  2.68  0.10  26.64  18.47  22.48  24.18  81     2   128  2.6
 12  3274 K4   802  4546 K6  2145  1166 K4   288  5877 14612  4.9  4.8  2.49  0.09  24.72  15.97  20.32  22.31  80    28    90  3.0
 13  5133 K4  1411  5122 K6   987  1858 K4   491  8955 16526  5.2  4.7  3.27  0.13  27.93  19.35  23.48  25.11  77   211  2162  3.8
 1999
  1  3713 K4   777  5416 K6  2157  1144 K4   366  6286 14901  4.3  4.0  2.02  0.06  23.42  13.84  18.69  20.88  76    48    57  3.4
  2  4462 K4  1090  5516 K6  2293  1422 K4   431  7544 15649  3.3  3.2  1.85  0.08  23.66  12.89  18.05  20.37  72    48    46  3.4
  3  5699 K4  1272  6322 K6  2377  1705 K4   515  9070 16524  3.1  2.9  1.74  0.11  24.33  12.75  18.88  21.20  65    32    38  3.9
  4  6412 K4  1398  6351 K6  2219  1986 K4   459 10363 17370  3.9  3.5  2.55  0.13  28.47  17.34  23.02  24.94  71     5   142  3.7
  5  6790 K4  1155  5985 K6  1976  2315 K4   469 11119 18041  5.0  4.7  2.79  0.16  28.85  19.39  24.12  25.65  72     3   183  3.9
  6  5340 K4  1752  3687 K6  2340  2547 K4   419 11370 18341  7.5  6.4  4.57  0.19  29.73  23.26  26.12  27.14  80     0   245  3.1
  7  6617 K4   909  5285 K6  1523  2593 K4   313 11196 18097  4.8  4.4  4.23  0.25  32.24  24.23  28.21  29.59  74     0   307  3.2
  8  5834 K4  1100  4791 K6  1816  2321 K4   442 10571 17429  5.8  5.3  4.77  0.18  32.82  24.16  27.72  29.19  79     0   315  3.0
  9  4606 K4  1436  3787 K6  2468  2047 K4   474  9469 16603  6.0  5.4  4.45  0.14  30.56  23.39  26.67  28.03  80     0   259  3.5
 10  3992 K4  1248  4001 K6  2648  1724 K4   491  8000 15749  5.6  5.2  3.41  0.12  27.66  21.79  24.77  25.98  76     1   199  4.5
 11  3703 K4   618  4464 K6  1682  1465 K4   308  6592 14992  4.5  4.4  2.18  0.10  25.20  17.20  21.13  22.74  75     6    92  3.7
 12  3058 K4   972  4051 K6  2527  1196 K4   352  5879 14614  4.7  4.6  2.32  0.09  22.29  13.35  17.54  19.65  79    58    42  2.8
 13  5019 K4  1268  4971 K6   976  1872 K4   507  8955 16526  4.9  4.5  3.07  0.13  27.44  18.63  22.91  24.61  75   201  1927  3.5
 2000
  1  3503 K4   983  5188 K6  2507  1103 K4   392  6279 14896  4.2  4.2  1.95  0.06  21.88  11.60  16.79  19.05  74    75    26  3.3
  2  4433 K4  1284  5550 K6  2741  1385 K4   406  7557 15653  3.7  3.6  1.90  0.08  22.38  12.37  17.45  19.54  72    55    27  3.4
  3  5581 K4  1047  5921 K6  1911  1849 K4   451  9106 16542  4.1  4.0  2.35  0.11  26.10  15.84  21.07  23.00  73     5    87  3.9
  4  6514 K4  1388  6435 K6  2275  1994 K4   472 10388 17388  4.0  3.8  2.26  0.13  26.40  15.74  21.24  23.04  70    13    95  4.1
  5  7068 K4   714  6429 K6  1324  2381 K4   328 11129 18054  3.7  3.6  3.01  0.16  29.92  20.98  25.38  26.72  69     0   221  4.3
  6  6302 K4  1425  5167 K6  2151  2419 K4   403 11370 18341  5.2  4.8  4.20  0.19  30.64  22.69  26.64  27.81  75     0   250  3.8
  7  5934 K4  1310  4350 K6  1657  2600 K4   336 11186 18084  5.3  4.8  4.71  0.25  31.52  22.94  26.72  28.06  81     0   276  3.2
  8  5853 K4  1135  4771 K6  1964  2364 K4   441 10551 17407  5.1  4.6  4.60  0.18  31.16  23.32  27.18  28.43  78     0   276  3.1
  9  5118 K4  1463  4790 K6  2286  1944 K4   324  9437 16586  5.8  5.3  4.75  0.14  30.67  23.57  27.01  28.38  81     0   264  3.5
 10  4456 K4  1023  4939 K6  2050  1625 K4   414  7963 15730  4.1  4.0  2.89  0.12  27.19  19.12  23.00  24.67  75     0   150  4.5
 11  3641 K4   994  4521 K6  2211  1367 K4   318  6564 14979  4.0  3.7  2.45  0.10  24.47  13.87  19.16  21.36  76    32    57  3.5
 12  3193 K4   825  4308 K6  2130  1207 K4   317  5875 14610  4.8  4.6  2.07  0.09  21.42  10.81  16.15  18.46  78   103    34  4.1
 13  5133 K4  1278  5197 K6   743  1853 K4   516  8950 16523  4.5  4.3  3.09  0.13  26.98  17.74  22.32  24.05  75   283  1762  3.7
 2001
  1  3649 K4   852  5428 K6  2199  1087 K4   393  6303 14911  4.9  4.6  1.78  0.06  20.23   7.19  13.51  16.45  74   160    17  3.8
  2  4559 K4  1060  5596 K6  2188  1403 K4   362  7572 15664  4.7  4.5  2.59  0.08  24.71  15.06  19.92  21.72  80    18    61  3.9
  3  4794 K4  1614  4604 K6  3011  1928 K4   544  9098 16543  4.2  4.0  2.45  0.11  25.00  14.00  19.39  21.43  72    36    72  4.6
  4  6472 K4  1219  6280 K6  2294  2034 K4   533 10384 17391  3.4  3.0  2.43  0.13  26.50  17.23  22.04  23.79  68     7   114  4.6
  5  6825 K4   994  5921 K6  1628  2444 K4   381 11129 18056  3.9  3.5  2.96  0.16  28.52  20.34  24.27  25.57  71     0   189  4.8
  6  6293 K4  1298  5042 K6  1679  2477 K4   295 11372 18343  4.3  3.4  4.27  0.19  30.87  22.08  26.09  27.50  83     0   244  3.4
  7  5667 K4  1639  4042 K6  2258  2590 K4   391 11189 18087  4.8  4.1  4.87  0.25  30.58  23.50  26.50  27.56  84     0   270  3.9
  8  5852 K4  1278  5034 K6  2016  2199 K4   376 10554 17411  3.9  3.1  4.73  0.18  30.97  23.04  26.85  28.25  83     0   269  3.3
  9  4412 K4  1582  3598 K6  2499  2047 K4   308  9444 16583  5.8  5.0  4.66  0.14  28.83  22.42  25.47  26.73  85     0   219  3.8
 10  4080 K4  1190  3797 K6  2237  1857 K4   389  7972 15730  5.7  5.1  3.53  0.12  27.03  20.48  23.82  25.07  77     5   173  4.9
 11  3399 K4  1147  4251 K6  2443  1286 K4   298  6571 14977  4.0  3.8  2.61  0.10  25.00  17.14  21.00  22.74  82     0    82  4.1
 12  3226 K4   775  4396 K6  2031  1206 K4   303  5875 14610  3.8  3.7  2.47  0.09  24.14  15.53  20.03  22.04  80    35    82  3.7
 13  4936 K4  1252  4833 K6   858  1880 K4   522  8955 16526  4.4  4.0  3.28  0.13  26.87  18.17  22.41  24.07  78   261  1792  4.1
 2002
  1  3442 K4  1113  5002 K6  2551  1088 K4   371  6295 14907  3.8  3.5  2.46  0.06  22.32  11.73  17.09  19.47  81    94    54  3.5
  2  3987 K4  1393  4499 K6  2698  1509 K4   485  7558 15656  4.7  4.3  2.58  0.08  21.96  11.96  17.07  19.08  77    62    24  4.1
  3  5429 K4  1543  5690 K6  2560  1784 K4   342  9085 16535  3.3  3.2  2.69  0.11  25.36  15.90  21.14  22.90  77    18    89  4.5
  4  6388 K4  1271  6028 K6  1935  2176 K4   434 10374 17382  3.6  3.5  3.25  0.13  27.63  19.33  23.79  25.25  74     0   155  4.2
  5  6679 K4  1258  5728 K6  1969  2514 K4   487 11124 18050  4.0  3.8  3.35  0.16  29.20  21.87  25.62  26.78  73     0   223  5.2
  6  5206 K4  1589  3325 K6  2236  2691 K4   389 11371 18340  6.6  5.7  4.80  0.19  29.35  22.46  25.60  26.63  84     0   227  3.4
  7  5849 K4  1364  4232 K6  1805  2610 K4   243 11192 18090  5.1  4.5  4.95  0.25  30.74  22.99  26.65  27.82  83     0   265  3.0
  8  5730 K4  1262  4639 K6  1823  2345 K4   388 10562 17421  5.0  4.5  4.79  0.18  31.04  23.39  26.94  28.33  82     0   275  3.3
  9  4999 K4  1077  4256 K6  2086  2169 K4   422  9456 16592  5.0  4.5  4.98  0.14  31.07  24.33  27.54  28.82  81     0   281  3.8
 10  4667 K4   707  5222 K6  1367  1692 K4   335  7985 15742  3.6  3.4  4.12  0.12  29.52  21.40  25.36  27.05  79     0   221  3.4
 11  3620 K4   973  4483 K6  2221  1387 K4   360  6581 14983  3.9  3.6  2.92  0.10  24.31  13.32  19.03  21.20  76    45    60  3.6
 12  3076 K4   964  4151 K6  2335  1170 K4   295  5877 14612  4.6  4.2  2.46  0.09  21.13  10.45  16.10  18.44  80   102    24  3.7
 13  4923 K4  1180  4771 K6   786  1928 K4   565  8955 16526  4.4  4.0  3.61  0.13  26.97  18.26  22.66  24.31  79   322  1898  3.8
 2003
  1  3847 K4   530  5828 K6  1648  1097 K4   336  6287 14902  1.8  1.7  1.71  0.06  18.49   5.89  12.23  15.39  73   191     1  4.0
  2  4041 K4  1215  4460 K6  2545  1620 K4   446  7545 15650  4.1  3.8  2.62  0.08  22.88  12.46  17.76  19.95  82    54    35  3.9
  3  4837 K4  1438  4316 K6  2487  2052 K4   418  9072 16526  5.0  4.7  3.36  0.11  26.46  17.70  21.54  23.09  85     7   124  3.6
  4  6395 K4  1166  5946 K6  2294  2193 K4   579 10365 17370  2.7  2.7  2.88  0.13  26.27  16.30  21.59  23.46  74    13   101  4.2
  5  6635 K4  1298  5640 K6  2097  2495 K4   445 11119 18042  2.8  2.7  3.90  0.16  30.24  21.28  25.75  27.25  76     0   230  3.9
  6  5797 K4  1576  4273 K6  2200  2567 K4   379 11370 18341  3.4  3.2  4.80  0.19  30.70  22.70  26.37  27.53  81     0   251  3.5
  7  6099 K4  1046  4410 K6  1599  2685 K4   350 11195 18096  3.2  2.7  4.80  0.25  31.10  23.32  27.00  28.31  81     0   275  3.0
  8  5326 K4  1351  4273 K6  2140  2255 K4   362 10570 17428  3.3  3.0  5.09  0.18  30.55  23.38  26.56  27.68  84     0   268  3.1
  9  4825 K4  1416  4192 K6  2447  2032 K4   457  9467 16600  4.3  4.0  4.77  0.14  29.95  23.07  26.21  27.67  84     0   245  3.6
 10  4194 K4  1152  4311 K6  2614  1715 K4   531  7999 15749  4.0  3.9  3.68  0.12  28.35  20.48  24.75  26.36  79     0   189  3.9
 11  3762 K4   836  4903 K6  2114  1274 K4   325  6591 14992  4.4  4.3  3.12  0.10  26.44  17.95  22.28  23.88  79    12   128  4.2
 12  3222 K4   850  4430 K6  2137  1191 K4   296  5879 14614  4.0  4.0  2.13  0.09  21.84  10.58  16.33  18.86  76    87    21  4.0
 13  4915 K4  1133  4749 K6   664  1931 K4   548  8955 16526  3.6  3.4  3.57  0.13  26.94  17.93  22.36  24.12  79   364  1869  3.7
 2004
  1  3735 K4   742  5679 K6  2143  1055 K4   365  6280 14896  3.3  3.2  2.22  0.06  21.78   9.55  15.54  18.48  82    98    15  3.6
  2  3861 K4  1404  4340 K6  2816  1505 K4   471  7558 15654  5.3  5.1  2.57  0.08  22.60  12.30  17.43  19.42  85    60    35  4.0
  3  5570 K4  1123  5889 K6  2216  1862 K4   464  9108 16545  3.3  3.2  2.23  0.11  24.52  15.45  20.08  21.92  70    19    70  4.6
  4  6586 K4  1271  6630 K6  2358  1931 K4   490 10389 17389  3.0  2.9  2.30  0.13  25.77  15.47  20.92  22.75  69    17    85  4.6
  5  7077 K4  1066  6582 K6  1766  2209 K4   384 11130 18056  2.7  2.6  3.08  0.16  28.52  20.19  24.68  26.00  71     0   187  4.7
  6  6566 K4   945  5460 K6  1437  2502 K4   234 11370 18341  4.3  3.8  4.74  0.19  31.47  22.77  26.77  28.28  80     0   264  3.5
  7  6046 K4  1457  4500 K6  2003  2630 K4   332 11186 18084  4.5  3.9  4.81  0.25  31.81  22.94  27.01  28.44  79     0   280  3.2
  8  5310 K4  1199  4007 K6  1726  2348 K4   296 10549 17407  5.8  4.9  5.26  0.18  31.35  23.48  26.74  28.08  84     0   282  2.9
  9  4592 K4  1660  3869 K6  2471  2000 K4   435  9436 16583  5.9  4.9  4.87  0.14  30.49  25.02  27.54  28.61  77     0   283  6.2
 10  4431 K4  1090  4767 K6  2172  1622 K4   369  7962 15728  3.6  3.4  3.49  0.12  27.68  20.46  24.29  25.80  77     1   179  3.7
 11  3700 K4   811  4596 K6  2012  1399 K4   326  6563 14977  4.5  4.4  2.82  0.10  25.54  17.20  21.61  23.25  75     4    95  4.2
 12  2957 K4  1017  3731 K6  2296  1210 K4   283  5875 14610  5.3  5.1  2.54  0.09  21.77  11.35  16.56  18.63  75    86    31  3.9
 13  5036 K4  1350  5004 K6  1018  1856 K4   509  8950 16523  4.3  4.0  3.41  0.13  26.94  18.02  22.43  24.14  77   284  1806  4.1
 2005
  1  3666 K4   915  5488 K6  2409  1046 K4   373  6304 14912  4.0  4.0  2.39  0.06  21.87  11.60  16.75  19.01  81    76    27  4.0
  2  4255 K4  1198  4968 K6  2506  1523 K4   405  7573 15664  4.3  4.0  2.59  0.08  22.43  12.21  17.17  19.39  74    52    24  4.0
  3  4690 K4  1738  4488 K6  2994  1833 K4   542  9100 16545  4.6  4.2  2.54  0.11  23.34  13.16  18.25  20.10  71    63    60  4.2
  4  6701 K4   825  6606 K6  1763  2015 K4   488 10385 17393  3.0  2.8  2.21  0.13  25.21  14.60  20.29  22.34  67    15    62  4.7
  5  6245 K4  1776  5173 K6  2685  2441 K4   525 11130 18057  4.3  4.0  3.40  0.16  27.74  19.71  24.00  25.17  72     0   167  4.2
  6  5007 K4  1861  3166 K6  2500  2591 K4   407 11372 18343  6.8  5.8  4.93  0.19  29.21  23.29  26.01  26.82  83     0   238  3.5
  7  6544 K4   820  5148 K6  1247  2628 K4   261 11188 18087  3.7  3.2  4.81  0.25  31.61  24.86  28.27  29.33  78     0   307  3.8
  8  6022 K4   870  4945 K6  1492  2416 K4   346 10553 17409  4.3  3.8  5.16  0.18  32.20  24.28  27.93  29.30  79     0   307  3.2
  9  4725 K4  1578  4143 K6  2538  2000 K4   415  9442 16582  4.4  4.1  4.44  0.14  30.28  23.57  26.78  28.08  78     0   258  4.3
 10  4153 K4  1139  4186 K6  2341  1710 K4   416  7970 15728  5.3  4.9  3.97  0.12  27.50  20.77  24.05  25.33  78     9   190  4.4
 11  3516 K4  1001  4219 K6  2380  1390 K4   393  6570 14974  4.7  4.6  2.95  0.10  24.99  16.84  21.15  22.73  78    13    90  4.1
 12  3069 K4  1088  4181 K6  2632  1110 K4   291  5875 14611  4.7  4.6  2.40  0.09  21.15  11.26  15.99  18.36  77    84    18  4.0
 13  4883 K4  1238  4726 K6   867  1892 K4   555  8955 16525  4.5  4.2  3.48  0.13  26.46  18.01  22.22  23.83  76   312  1748  4.0
 2006
  1  3713 K4   630  5375 K6  1950  1184 K4   362  6296 14908  3.3  3.2  2.17  0.06  22.48  11.48  17.12  19.47  73    76    34  4.0
  2  4138 K4  1391  5031 K6  2745  1375 K4   432  7560 15659  3.3  3.3  2.11  0.08  21.04   9.93  15.67  18.14  73    98    18  3.9
  3  5755 K4   776  6069 K6  1669  1975 K4   439  9087 16535  1.9  1.8  2.19  0.11  24.39  13.65  19.35  21.42  67    30    52  4.4
  4  6476 K4  1049  6159 K6  2055  2106 K4   515 10376 17383  3.0  2.9  2.66  0.13  28.04  18.44  23.07  24.89  67     0   147  4.8
  5  6663 K4  1638  5930 K6  2554  2297 K4   532 11125 18051  1.8  1.7  3.14  0.16  29.84  18.77  24.45  26.26  67     0   185  3.7
  6  6240 K4  1650  5087 K6  2272  2448 K4   378 11371 18341  3.6  3.2  4.23  0.19  30.43  22.97  26.57  27.60  75     0   251  3.9
  7  5663 K4  1369  3998 K6  1874  2658 K4   352 11191 18090  3.8  3.2  4.80  0.25  30.77  23.39  27.06  28.08  78     0   271  3.2
  8  5790 K4  1340  4835 K6  1939  2310 K4   372 10561 17420  2.5  2.3  4.92  0.18  31.68  23.45  27.32  28.75  78     0   286  3.1
  9  5122 K4   908  4616 K6  1604  2060 K4   334  9454 16592  2.9  2.6  4.47  0.14  30.50  22.67  26.38  28.00  77     0   248  3.0
 10  4499 K4   853  4700 K6  1687  1833 K4   347  7984 15742  2.4  2.3  3.34  0.12  28.23  19.06  23.84  25.72  70     6   170  3.6
 11  3647 K4   890  4380 K6  2003  1413 K4   331  6580 14982  3.7  3.6  2.48  0.10  24.17  14.76  19.18  21.19  74    39    73  4.1
 12  2962 K4   851  3602 K6  2232  1280 K4   322  5877 14611  4.7  4.6  3.20  0.09  24.37  17.48  20.95  22.35  75    17    98  4.1
 13  5056 K4  1233  4982 K6   804  1912 K4   494  8955 16526  3.1  2.9  3.31  0.13  27.16  18.01  22.58  24.32  73   266  1834  3.8
 2007
  1  3330 K4   942  4337 K6  2413  1264 K4   387  6288 14904  4.3  4.2  2.89  0.06  22.65  14.23  18.73  20.59  74    59    63  3.8
  2  4054 K4  1502  4714 K6  2940  1439 K4   419  7547 15650  3.4  3.3  2.32  0.08  22.04  11.29  16.78  19.00  69    76    29  3.7
  3  5491 K4  1143  5759 K6  2240  1844 K4   434  9073 16527  3.2  2.9  2.35  0.11  25.10  16.70  20.94  22.41  65    21   100  4.6
  4  6266 K4  1535  5941 K6  2431  2059 K4   461 10366 17370  2.6  2.6  2.52  0.13  26.93  16.20  21.95  23.77  63    10   107  4.1
  5  6712 K4  1055  5769 K6  1604  2359 K4   356 11120 18043  4.0  3.7  3.00  0.16  28.45  21.26  24.86  26.00  64     0   202  5.3
  6  6255 K4  1558  5027 K6  2335  2482 K4   389 11370 18340  3.4  3.2  4.23  0.19  30.67  23.33  26.86  28.00  72     0   260  3.9
  7  5655 K4  1507  4077 K6  1925  2518 K4   324 11195 18094  2.7  2.5  5.14  0.25  32.23  23.84  27.38  28.65  77     0   301  2.7
  8  6280 K4  1110  5625 K6  1695  2180 K4   238 10569 17426  1.6  1.4  4.66  0.18  32.62  24.95  28.78  30.22  72     0   324  3.0
  9  5040 K4  1006  4333 K6  1845  2176 K4   323  9466 16598  3.3  2.9  4.74  0.14  31.40  24.47  27.57  29.02  74     0   288  3.7
 10  4082 K4  1166  3904 K6  2112  1782 K4   355  7997 15747  4.6  4.5  4.49  0.12  29.61  24.45  26.88  27.83  73     0   270  4.9
 11  3871 K4   764  5068 K6  1699  1337 K4   253  6590 14991  2.9  2.7  2.75  0.10  25.70  15.42  20.74  22.91  71    10    77  3.5
 12  3157 K4   811  4243 K6  1984  1256 K4   285  5879 14612  3.7  3.5  2.95  0.09  25.16  15.77  20.57  22.80  76    20    86  3.0
 13  5016 K4  1266  4900 K6   734  1891 K4   475  8955 16525  3.3  3.1  3.50  0.13  27.71  19.32  23.50  25.10  71   196  2108  3.8
 2008
  1  3246 K4   988  4106 K6  2485  1332 K4   380  6281 14898  5.1  5.0  2.58  0.06  22.35  13.00  17.83  19.77  71    66    46  3.7
  2  4138 K4  1141  4750 K6  2480  1587 K4   423  7560 15655  3.9  3.7  2.54  0.08  25.21  14.93  20.26  22.09  69    31    81  3.8
  3  5207 K4  1214  4951 K6  2225  2101 K4   412  9109 16546  3.9  3.8  2.50  0.11  24.81  15.32  20.28  22.01  68    20    74  4.4
  4  6224 K4  1360  5798 K6  2249  2162 K4   475 10390 17390  3.1  2.9  2.62  0.13  26.17  16.33  21.58  23.37  68    11    99  4.3
  5  6780 K4  1267  6039 K6  2018  2343 K4   444 11131 18056  2.7  2.6  3.12  0.16  29.94  20.87  25.35  26.77  66     0   219  4.7
  6  6451 K4  1268  5294 K6  1854  2441 K4   369 11370 18341  2.5  2.2  4.39  0.19  31.00  22.97  26.67  28.01  75     0   260  3.2
  7  5562 K4  1213  3867 K6  1624  2595 K4   306 11185 18084  2.8  2.5  4.92  0.25  30.29  22.97  26.00  27.13  81     0   257  2.5
  8  4983 K4  1731  3747 K6  2346  2284 K4   432 10548 17406  3.1  2.8  5.19  0.18  30.61  23.84  26.93  28.01  80     0   276  3.9
  9  5285 K4  1303  5024 K6  2263  1998 K4   404  9434 16582  4.0  3.6  4.42  0.14  29.93  24.17  26.93  28.06  77     0   262  4.4
 10  4128 K4  1088  4300 K6  2264  1629 K4   371  7960 15728  4.8  4.5  3.39  0.12  26.97  20.23  23.58  24.86  70    13   176  4.6
 11  3767 K4   833  5109 K6  2150  1245 K4   349  6562 14975  3.0  2.9  2.25  0.10  22.93  12.90  17.65  20.00  73    61    48  3.8
 12  3283 K4   756  4634 K6  1958  1193 K4   327  5875 14609  4.2  4.0  2.41  0.09  23.23  14.00  18.73  20.74  75    43    52  3.5
 13  4921 K4  1213  4802 K6   719  1909 K4   492  8950 16523  3.6  3.4  3.36  0.13  26.95  18.46  22.65  24.24  73   245  1849  3.9
 2009
  1  3682 K4   962  5574 K6  2465  1080 K4   331  6305 14914  1.9  1.9  1.99  0.06  21.77   9.23  15.55  18.57  69   107    19  3.5
  2  4593 K4   964  5770 K6  1946  1451 K4   363  7575 15665  2.9  2.7  1.89  0.08  21.71  11.00  16.52  18.83  65    78    23  4.0
  3  5566 K4   983  5881 K6  1803  1835 K4   405  9101 16545  3.4  3.3  2.38  0.11  24.74  15.00  20.37  22.06  65    28    76  4.5
  4  6408 K4  1421  6215 K6  2519  2035 K4   546 10386 17394  2.8  2.7  2.37  0.13  26.93  17.53  22.41  24.11  65    12   129  4.9
  5  6393 K4  1643  5602 K6  2626  2255 K4   469 11130 18057  3.2  3.1  3.77  0.16  29.13  21.77  25.27  26.35  73     0   221  4.2
  6  6647 K4  1008  5568 K6  1636  2500 K4   305 11372 18344  3.0  2.5  4.41  0.19  31.57  23.77  27.27  28.54  76     0   280  3.3
  7  6041 K4  1174  4561 K6  1621  2578 K4   255 11188 18086  2.7  2.6  4.80  0.25  31.61  23.16  26.81  28.26  79     0   281  2.7
  8  5889 K4  1048  5027 K6  1533  2225 K4   257 10552 17406  3.0  2.7  4.88  0.18  31.65  24.45  27.94  29.11  78     0   301  3.1
  9  5318 K4  1017  5055 K6  1927  1954 K4   411  9441 16582  3.9  3.7  4.82  0.14  30.70  23.50  26.97  28.34  78     0   263  3.1
 10  4582 K4   980  4911 K6  1911  1726 K4   339  7969 15727  3.2  3.1  4.20  0.12  29.35  20.39  25.04  26.76  78     7   210  3.3
 11  3483 K4   961  3965 K6  2273  1448 K4   381  6569 14974  4.0  3.9  2.87  0.10  25.38  16.13  20.50  22.45  78    20    93  4.0
 12  2691 K4  1004  3125 K6  2346  1276 K4   328  5875 14611  4.7  4.7  3.08  0.09  22.71  13.77  18.41  20.15  81    65    62  4.0
 13  5108 K4  1297  5105 K6   880  1864 K4   482  8955 16525  3.2  3.1  3.46  0.13  27.27  18.31  22.75  24.46  74   318  1958  3.7
 2010
  1  3398 K4  1049  4807 K6  2758  1137 K4   471  6297 14910  2.8  2.8  1.80  0.06  18.68   6.90  12.80  15.48  71   194    22  4.1
  2  3772 K4  1563  4378 K6  2978  1418 K4   365  7562 15659  3.9  3.8  1.80  0.08  18.36   7.50  12.99  15.14  71   157     6  3.9
  3  4886 K4  1737  4923 K6  2853  1822 K4   466  9088 16535  3.1  3.0  1.88  0.11  21.74  10.71  16.28  18.49  69    77    12  4.2
  4  5936 K4  1603  5690 K6  2614  2008 K4   565 10377 17385  3.4  3.2  2.45  0.13  25.67  17.43  21.77  23.29  71     1    97  4.2
  5  6786 K4  1187  6337 K6  2040  2202 K4   442 11125 18051  2.8  2.7  3.65  0.16  29.60  21.94  25.62  26.93  76     0   231  4.2
  6  6676 K4  1162  5980 K6  1973  2308 K4   429 11371 18341  3.0  2.6  4.56  0.19  32.12  24.11  27.81  29.21  77     0   294  3.3
  7  6355 K4  1370  5089 K6  2068  2469 K4   358 11191 18090  3.6  3.1  4.76  0.25  32.14  25.11  28.49  29.70  76     0   319  3.5
  8  5647 K4  1400  4754 K6  2134  2220 K4   355 10560 17419  3.7  3.2  5.38  0.18  32.29  24.85  28.04  29.31  79     0   318  3.2
  9  5258 K4  1401  5236 K6  2314  1820 K4   337  9453 16589  3.8  3.6  4.47  0.14  31.16  24.50  27.68  28.99  74     0   285  4.1
 10  5019 K4   777  6297 K6  1672  1358 K4   319  7982 15742  2.4  2.3  2.87  0.12  28.83  18.64  23.84  26.11  69     0   168  3.3
 11  3592 K4  1066  4876 K6  2283  1193 K4   257  6579 14982  4.6  4.4  2.59  0.10  25.26  15.31  20.47  22.47  73    18    77  3.7
 12  3349 K4  1004  5352 K6  2593   909 K4   291  5877 14611  2.2  2.2  1.48  0.09  18.66   5.65  11.89  14.99  65   194     3  4.0
 13  5056 K4  1277  5310 K6   636  1739 K4   521  8955 16526  3.3  3.1  3.14  0.13  26.21  16.89  21.47  23.34  73   640  1830  3.8
