722015 KEY WEST NAS           FL  -5  N24 35  W081 41     7  1012
 1991-2010
 MO AVGLO FL SDGLO AVDIR FL SDDIR AVDIF FL SDDIF AVETR AETRN  TOT  OPQ   H2O   TAU  MAX_T  MIN_T  AVG_T  AVGDT  RH  HTDD  CLDD AVWS
  1  3743 K5   280  4228 K6   823  1505 K5   147  6852 15216  4.7  4.6  2.69  0.15  23.81  18.18  20.79  21.95  75    17    99  4.4
  2  4500 K5   406  4554 K6  1049  1771 K5   220  8029 15838  4.6  4.4  2.66  0.16  24.66  18.91  21.57  22.73  75     8   106  4.3
  3  5655 K5   385  5391 K6   820  2021 K5   168  9401 16555  4.4  4.2  2.72  0.17  26.06  20.47  23.06  24.17  72     3   156  4.6
  4  6389 K5   581  5725 K6  1223  2215 K5   300 10490 17237  4.4  4.2  2.92  0.17  27.61  22.26  24.74  25.85  70     0   198  4.9
  5  6623 K5   572  5619 K6  1190  2387 K5   344 11065 17771  4.8  4.5  3.55  0.18  29.49  24.33  26.77  27.64  72     0   266  4.3
  6  6298 K5   596  5079 K6  1167  2445 K5   314 11228 17999  5.7  5.3  4.63  0.18  31.10  26.08  28.48  29.24  73     0   308  3.7
  7  6269 K5   538  5059 K6  1079  2420 K5   305 11090 17783  5.5  5.1  4.62  0.19  31.85  26.73  29.14  29.92  72     0   340  3.6
  8  5964 K5   420  5020 K6  1050  2231 K5   370 10606 17224  5.8  5.3  4.83  0.16  31.95  26.73  29.25  30.21  73     0   341  3.5
  9  5212 K5   286  4363 K6   808  2160 K5   281  9690 16550  6.0  5.5  4.93  0.17  31.28  26.14  28.56  29.50  75     0   311  3.7
 10  4588 K5   413  4374 K6  1039  1843 K5   248  8396 15862  5.3  5.0  4.19  0.16  29.45  24.71  26.85  27.79  74     0   271  4.3
 11  3839 K5   315  3983 K6   794  1612 K5   132  7112 15258  4.7  4.5  3.21  0.17  26.68  22.02  24.10  25.00  75     0   181  4.5
 12  3431 K5   294  3977 K6   756  1389 K5   103  6458 14966  4.8  4.6  2.87  0.14  24.74  19.56  21.93  23.03  76     8   126  4.3
 13  5209 K5   327  4781 K6   815  2000 K5   215  9202 16522  5.1  4.8  3.65  0.17  28.22  23.01  25.44  26.42  74    36  2704  4.2
 1991
  1  3434 J5   801  3410 J6  1750  1620 J5   304  6846 15212  4.7  4.6  3.41  0.14  25.18  20.66  22.81  23.75  69     0   142  3.7
  2  4813 J5   815  5655 J6  1970  1471 J5   435  8013 15828  2.8  2.3  2.78  0.14  24.12  19.07  21.42  22.46  59     7    99  3.9
  3  5659 J5   861  5899 J6  2037  1800 J5   547  9381 16538  2.8  2.6  2.87  0.16  25.63  20.75  23.03  24.04  60     2   152  4.3
  4  5935 J5   698  4614 J6  1489  2572 J5   451 10476 17224  5.0  4.8  3.35  0.16  27.67  23.48  25.35  26.26  56     0   217  4.5
  5  6605 J5  1246  5848 J6  2273  2239 J5   611 11059 17761  3.9  3.4  4.06  0.17  28.93  24.45  26.56  27.35  63     0   259  4.6
  6  6673 J5   740  5528 J6  1675  2471 J5   529 11228 17998  4.6  4.3  4.86  0.17  30.18  25.44  27.82  28.56  70     0   284  2.9
  7  6395 J5  1015  5023 J6  1660  2603 J5   488 11095 17789  4.6  4.0  4.84  0.19  31.66  26.85  29.27  29.97  75     0   339  2.9
  8  6055 J5   495  4488 J6  1017  2680 J5   394 10617 17236  5.5  5.3  4.68  0.19  31.87  26.62  29.33  30.31  78     0   338  3.2
  9  5179 J5   722  3508 J6  1297  2626 J5   399  9708 16564  5.8  5.4  4.78  0.24  31.01  25.95  28.43  29.41  72     0   305  2.8
 10  4087 J5   952  2830 J6  1796  2255 J5   437  8417 15871  5.8  5.4  4.57  0.27  28.95  24.31  26.47  27.27  69     0   257  4.1
 11  3488 J5   847  2851 J6  1617  1831 J5   385  7129 15266  4.9  4.5  3.43  0.30  25.22  21.40  23.18  23.93  73     0   150  4.5
 12  3370 J5   677  3433 J6  1541  1545 J5   282  6461 14965  3.7  3.2  3.13  0.30  25.13  20.27  22.40  23.50  72     0   136  4.2
 13  5141 J5  1272  4424 J6  1176  2143 J5   462  9203 16521  4.5  4.2  3.90  0.20  27.96  23.27  25.51  26.40  68     9  2678  3.8
 1992
  1  3373 J5   616  2498 J6  1236  1955 J5   315  6839 15208  4.7  4.4  3.01  0.33  23.27  18.13  20.55  21.50  71     8    81  4.1
  2  3938 J5   762  2648 J6  1294  2264 J5   287  8025 15835  5.1  4.9  2.80  0.33  24.62  19.87  22.05  23.09  73     2   116  3.8
  3  5138 J5  1079  3926 J6  1613  2389 J5   389  9412 16560  5.0  4.8  2.72  0.32  24.86  20.23  22.49  23.36  69     0   131  3.9
  4  5736 J5  1105  3840 J6  1993  2849 J5   570 10495 17238  5.1  4.6  3.25  0.31  26.05  21.73  23.81  24.66  63     0   167  4.4
  5  6405 J5   811  4285 J6  1651  3115 J5   620 11067 17773  4.6  4.2  2.97  0.30  27.81  22.54  25.26  26.23  59     0   212  3.6
  6  6257 J5  1139  4462 J6  2047  2810 J5   591 11227 17999  5.0  4.6  5.21  0.28  30.33  25.75  28.16  28.80  63     0   291  3.5
  7  6850 J5   728  5616 J6  1840  2590 J5   697 11088 17780  3.1  2.6  4.32  0.28  31.57  26.79  29.25  30.03  60     0   336  3.8
  8  5189 J5   843  2909 J6  1205  2947 J5   412 10601 17221  7.4  6.7  4.81  0.24  31.55  26.69  29.05  29.98  61     0   334  3.4
  9  5212 J5   745  3774 J6  1256  2498 J5   351  9681 16549  5.5  5.1  4.93  0.24  30.99  25.58  28.14  29.14  72     0   299  3.4
 10  4459 J5   457  3429 J6   934  2246 J5   327  8384 15862  5.6  5.3  3.82  0.22  28.78  23.92  26.18  27.26  67     0   249  3.7
 11  3581 J5   710  3144 J6  1307  1778 J5   271  7103 15256  4.8  4.5  4.03  0.22  27.44  23.12  25.07  25.88  74     0   209  4.6
 12  3545 J5   679  4258 J6  1993  1342 J5   400  6457 14969  3.3  3.0  2.76  0.18  25.20  19.86  22.30  23.61  68     1   131  3.9
 13  4973 J5  1199  3732 J6   881  2399 J5   520  9198 16521  4.9  4.6  3.72  0.27  27.71  22.85  25.19  26.13  67    11  2556  3.8
 1993
  1  3635 J5   853  3735 J6  1739  1578 J5   277  6862 15221  4.4  4.1  3.45  0.19  26.02  20.96  23.15  24.19  70     0   160  4.2
  2  3913 J5   705  2674 J6  1237  2243 J5   281  8039 15844  5.9  5.6  2.60  0.19  23.79  18.66  21.12  22.13  63     3    84  4.6
  3  5132 J5  1415  4601 J6  2379  2022 J5   466  9406 16566  3.8  3.5  2.82  0.19  24.69  19.46  21.92  22.93  71     8   124  3.9
  4  5732 J5  1281  4414 J6  1958  2485 J5   462 10493 17244  4.9  4.6  2.58  0.20  26.08  20.42  23.31  24.40  64     0   148  4.5
  5  5885 J5  1029  3846 J6  1898  2961 J5   475 11068 17777  5.7  5.5  3.42  0.20  28.29  23.76  25.85  26.61  62     0   239  4.2
  6  5976 J5  1328  4482 J6  2651  2622 J5   764 11229 17999  4.9  4.3  4.24  0.19  30.76  26.20  28.44  29.29  68     0   304  3.5
  7  6040 J5  1115  4534 J6  1951  2610 J5   578 11089 17782  4.9  4.6  4.45  0.21  32.01  27.08  29.50  30.30  68     0   348  2.6
  8  5567 J5  1211  3871 J6  1959  2681 J5   507 10604 17219  5.3  4.8  4.50  0.17  32.25  27.05  29.52  30.54  64     0   351  2.6
  9  5054 J5   970  3670 J6  1696  2407 J5   380  9686 16545  5.9  5.2  4.90  0.17  31.18  26.16  28.70  29.61  63     0   310  3.0
 10  4029 J5  1105  3124 J6  2093  2030 J5   386  8392 15861  6.1  5.6  4.75  0.17  30.38  25.00  27.29  28.44  73     0   290  2.9
 11  3552 J5   834  3145 J6  1849  1767 J5   304  7109 15255  4.6  4.4  3.57  0.17  27.73  22.94  25.00  25.95  75     0   210  3.2
 12  3419 J5   815  3919 J6  2131  1411 J5   360  6457 14967  4.5  4.2  2.84  0.14  24.41  18.71  21.29  22.42  63     6   107  3.1
 13  4828 J5  1041  3835 J6   618  2235 J5   479  9203 16523  5.1  4.7  3.67  0.18  28.13  23.03  25.42  26.40  67    17  2674  3.5
 1994
  1  3204 J5   918  3051 J6  1918  1581 J5   270  6854 15216  5.6  5.4  2.96  0.15  24.28  18.89  21.34  22.41  70     4   105  3.9
  2  4062 J5   939  3554 J6  1840  1901 J5   434  8027 15837  5.4  4.9  3.16  0.15  26.26  21.06  23.40  24.50  80     3   152  3.5
  3  5388 J5   853  4850 J6  1969  2103 J5   534  9394 16549  4.5  4.2  2.95  0.16  26.79  21.09  23.75  24.95  74     0   174  3.2
  4  5882 J5  1186  4761 J6  2157  2418 J5   540 10485 17237  5.0  4.5  3.38  0.17  29.08  23.95  26.33  27.41  73     0   246  3.5
  5  6080 J5   690  4322 J6  1414  2758 J5   444 11064 17766  6.1  6.0  3.87  0.18  30.44  25.27  27.81  28.70  71     0   295  2.6
  6  5396 J5  1143  3347 J6  1960  2888 J5   495 11228 17999  6.4  6.0  4.68  0.17  32.15  27.47  29.67  30.46  73     0   344  2.6
  7  5305 J5   825  2986 J6  1227  3019 J5   273 11092 17785  7.3  6.8  4.54  0.19  32.01  26.99  29.40  30.16  73     0   346  3.0
  8  5579 J5   992  3827 J6  1338  2680 J5   344 10610 17225  6.8  6.0  4.69  0.15  31.70  26.30  29.07  29.93  76     0   331  2.2
  9  4860 J5  1091  3215 J6  1616  2528 J5   371  9696 16552  7.1  6.2  4.87  0.16  31.00  26.06  28.49  29.31  79     0   306  2.5
 10  4703 J5   656  4421 J6  1623  1929 J5   441  8404 15865  4.2  4.1  4.02  0.16  30.18  24.85  27.32  28.49  77     0   285  2.5
 11  3747 J5   560  3676 J6  1535  1709 J5   340  7118 15260  4.7  4.6  3.44  0.16  28.30  23.65  25.75  26.73  80     0   229  3.8
 12  3367 J5   601  3632 J6  1573  1507 J5   302  6459 14967  5.4  5.0  3.02  0.13  26.10  21.42  23.36  24.49  77     0   168  3.6
 13  4798 J5   984  3803 J6   644  2252 J5   530  9203 16521  5.7  5.3  3.80  0.16  29.02  23.92  26.31  27.29  75     7  2982  3.1
 1995
  1  3488 J5   808  3559 J6  1963  1590 J5   370  6847 15214  4.9  4.8  2.54  0.14  24.10  18.37  21.02  22.21  73     5    95  3.5
  2  4011 J5   939  3390 J6  1578  1937 J5   373  8015 15828  5.6  5.3  2.39  0.14  24.66  18.16  21.21  22.64  76     8    94  3.1
  3  5093 J5   788  4106 J6  1393  2262 J5   353  9382 16539  5.5  5.4  2.73  0.16  26.34  20.45  23.29  24.45  72     0   157  3.6
  4  5356 J5  1081  3758 J6  1715  2595 J5   340 10477 17224  6.1  5.9  3.17  0.16  28.12  22.79  25.39  26.49  75     0   214  4.7
  5  5960 J5  1001  4332 J6  1748  2707 J5   397 11060 17762  6.0  5.7  3.69  0.17  30.51  25.35  27.81  28.75  75     0   298  4.2
  6  5408 J5  1164  3350 J6  1844  2874 J5   443 11228 17999  7.1  6.6  4.69  0.17  30.63  25.56  28.04  28.78  78     0   293  4.2
  7  5185 J5  1177  2853 J6  1728  2965 J5   375 11094 17789  7.2  6.8  4.86  0.18  31.76  26.20  28.74  29.53  76     0   330  3.5
  8  5929 J5  1098  4710 J6  2061  2435 J5   579 10617 17235  5.7  4.8  4.90  0.15  31.87  26.31  29.05  30.15  76     0   334  3.6
  9  4866 J5   856  3303 J6  1493  2518 J5   389  9707 16563  7.1  6.2  5.16  0.16  31.74  25.94  28.65  29.67  77     0   315  3.5
 10  3959 J5   919  2753 J6  1777  2198 J5   388  8416 15870  6.6  6.0  5.29  0.15  29.87  25.19  27.35  28.17  82     0   285  4.5
 11  3736 J5   691  3629 J6  1641  1676 J5   336  7128 15265  4.6  4.3  3.19  0.16  26.13  21.22  23.40  24.35  75     0   160  4.4
 12  2774 J5  1097  2701 J6  2338  1401 J5   273  6461 14965  5.7  5.5  2.88  0.13  23.12  17.76  20.26  21.35  80    26    91  4.3
 13  4647 J5  1025  3537 J6   624  2263 J5   515  9203 16521  6.0  5.6  3.79  0.16  28.24  22.78  25.35  26.38  76    39  2667  3.9
 1996
  1  3562 J5   628  3533 J6  1472  1647 J5   247  6840 15208  5.1  4.9  2.62  0.14  23.19  16.68  19.71  21.15  75    26    76  4.4
  2  4479 J5   619  4100 J6  1286  1957 J5   394  8026 15836  4.3  4.1  2.13  0.14  23.31  15.21  19.13  20.93  81    37    64  4.0
  3  5490 J5   927  5001 J6  1850  2108 J5   505  9414 16560  4.6  4.2  2.62  0.16  24.30  18.22  21.11  22.26  80    16   107  5.5
  4  5856 J5  1004  4474 J6  1675  2517 J5   401 10496 17240  5.5  5.1  2.85  0.16  27.45  21.47  24.15  25.34  79     0   184  5.2
  5  5576 J5  1018  3620 J6  1651  2837 J5   408 11067 17773  6.6  6.3  4.01  0.17  29.65  24.23  26.76  27.70  81     0   267  4.7
  6  5548 J5   920  3369 J6  1241  2933 J5   334 11228 17998  7.0  6.3  4.69  0.17  30.61  25.06  27.78  28.66  79     0   285  3.5
  7  5292 J5  1138  3122 J6  1882  2874 J5   508 11087 17779  7.6  6.5  4.47  0.18  31.97  26.69  28.99  29.88  78     0   341  4.5
  8  5074 J5   958  3024 J6  1497  2731 J5   362 10600 17220  7.5  6.6  4.66  0.15  31.78  25.59  28.38  29.54  82     0   321  3.6
  9  5078 J5   785  3652 J6  1313  2442 J5   308  9680 16548  6.0  5.5  4.52  0.16  31.58  25.50  28.33  29.50  82     0   306  3.3
 10  4111 J5   927  3120 J6  1884  2120 J5   478  8383 15860  6.4  5.9  4.41  0.15  28.50  23.61  25.91  26.78  86     0   239  4.6
 11  3305 J5   830  2665 J6  1471  1805 J5   278  7102 15254  5.4  5.3  3.17  0.16  26.28  21.40  23.53  24.47  82     0   165  5.4
 12  3170 J5   845  3311 J6  1845  1474 J5   281  6457 14967  5.0  4.9  2.87  0.13  25.13  19.03  21.66  23.00  81     8   124  4.1
 13  4712 J5   956  3583 J6   659  2287 J5   505  9198 16520  5.9  5.5  3.59  0.16  27.81  21.89  24.62  25.77  81    87  2479  4.4
 1997
  1  3480 J5   789  3483 J6  1750  1583 J5   275  6863 15222  5.2  5.1  2.79  0.14  24.93  18.28  21.30  22.79  84    15   117  4.4
  2  4048 J5   882  3430 J6  1531  1983 J5   261  8040 15846  5.5  5.3  3.15  0.14  27.42  21.53  23.97  25.32  83     0   172  4.9
  3  4888 J5   870  3602 J6  1521  2414 J5   349  9407 16567  6.0  5.7  3.15  0.16  28.00  22.89  25.43  26.40  76     0   221  4.6
  4  5448 J5  1081  3718 J6  1675  2645 J5   404 10494 17244  6.8  6.2  3.64  0.16  28.11  23.06  25.41  26.32  75     0   218  4.9
  5  5523 J5   994  3502 J6  1634  2859 J5   390 11068 17779  6.8  6.4  3.96  0.17  30.38  25.48  27.73  28.45  77     0   298  3.8
  6  5789 J5   858  3619 J6  1541  3007 J5   434 11229 18000  6.8  6.1  4.50  0.17  31.45  26.39  28.68  29.45  76     0   318  4.0
  7  5659 J5  1060  3606 J6  1761  2916 J5   435 11089 17782  6.5  6.0  4.76  0.18  32.24  27.12  29.42  30.26  74     0   352  3.1
  8  5536 J5   777  3670 J6  1437  2757 J5   436 10603 17218  7.3  6.1  4.71  0.15  32.22  27.15  29.51  30.42  71     0   352  3.0
  9  4639 J5   813  2899 J6  1435  2574 J5   350  9685 16544  7.3  6.5  5.19  0.16  30.99  25.22  27.84  28.87  77     0   293  3.3
 10  4119 J5   796  2981 J6  1204  2199 J5   248  8390 15861  6.1  5.7  3.69  0.15  29.07  23.58  26.09  27.16  73     0   248  4.3
 11  3201 J5   666  2471 J6  1524  1826 J5   314  7108 15253  6.9  6.5  3.82  0.16  26.54  21.89  24.02  24.85  77     0   177  4.5
 12  2825 J5   797  2327 J6  1631  1586 J5   251  6457 14967  6.5  6.2  3.19  0.13  23.79  18.21  20.96  22.14  80    15    98  4.4
 13  4596 J5  1043  3276 J6   484  2363 J5   515  9203 16523  6.5  6.0  3.88  0.16  28.76  23.40  25.86  26.87  77    31  2862  4.1
 1998
  1  3665 K4  1019  4028 K6  2242  1539 K4   388  6855 15217  6.5  6.0  3.07  0.14  23.97  18.53  21.16  22.37  80    10   100  4.6
  2  4328 K4  1262  4173 K6  2355  1805 K4   434  8028 15837  5.7  5.1  2.55  0.14  24.56  18.38  21.33  22.38  79     5    93  5.3
  3  5840 K4  1236  5810 K6  2045  1920 K4   372  9396 16550  5.0  4.7  2.56  0.16  24.70  19.12  21.67  22.69  72     8   119  5.7
  4  7077 K4   528  7011 K6  1285  1954 K4   424 10486 17237  4.1  3.9  2.44  0.16  27.58  22.05  24.52  25.79  70     0   195  5.3
  5  7021 K4  1144  6385 K6  2256  2151 K4   633 11064 17766  4.8  4.5  3.23  0.17  29.63  23.80  26.56  27.64  79     0   260  3.5
  6  7237 K4   684  6835 K6  1701  2058 K4   564 11228 17999  5.6  5.2  4.15  0.17  31.99  26.51  29.09  30.05  76     0   328  3.3
  7  6562 K4  1431  5764 K6  2187  2159 K4   386 11091 17785  6.3  6.1  4.57  0.18  32.28  27.10  29.47  30.32  76     0   352  3.7
  8  6476 K4  1240  6223 K6  2066  1889 K4   466 10609 17225  6.2  5.6  4.87  0.15  32.23  26.15  29.28  30.34  73     0   337  3.3
  9  5200 K4  1514  4475 K6  2441  2059 K4   532  9695 16549  6.7  6.3  4.99  0.16  31.32  26.50  28.84  29.69  75     0   317  4.6
 10  5158 K4   787  5524 K6  1632  1679 K4   339  8402 15864  5.2  5.0  3.83  0.15  29.79  24.93  27.06  28.14  75     0   280  4.6
 11  4059 K4   794  4488 K6  1491  1566 K4   300  7117 15260  4.7  4.5  3.00  0.16  27.78  22.78  24.99  26.03  77     0   209  4.6
 12  3671 K4   776  4554 K6  1796  1343 K4   278  6459 14967  4.4  4.3  2.84  0.13  26.20  21.35  23.49  24.55  79     0   169  4.6
 13  5524 K4  1361  5439 K6  1061  1843 K4   262  9203 16521  5.4  5.1  3.51  0.16  28.50  23.10  25.62  26.67  76    23  2758  4.4
 1999
  1  3770 K4  1058  4463 K6  2034  1433 K4   343  6848 15214  4.3  4.2  2.46  0.14  24.84  19.25  21.86  23.04  75    10   125  5.0
  2  4920 K4   934  5538 K6  1942  1641 K4   363  8016 15830  3.3  3.3  2.12  0.14  24.90  19.55  22.08  23.28  74     1   110  4.3
  3  5994 K4   950  6031 K6  1629  1997 K4   432  9384 16540  3.4  3.3  1.96  0.16  25.47  19.19  22.24  23.50  72     0   124  4.6
  4  6996 K4  1022  7047 K6  1578  1836 K4   307 10478 17225  4.1  3.9  2.72  0.16  28.12  22.54  25.17  26.39  79     0   210  4.6
  5  7202 K4   742  6795 K6  1304  2070 K4   345 11060 17762  4.2  4.1  3.13  0.17  29.44  23.50  26.50  27.54  72     0   252  3.7
  6  5918 K4  1591  4454 K6  2417  2481 K4   483 11228 17999  7.5  6.9  4.73  0.17  30.45  25.23  27.68  28.37  75     0   285  3.5
  7  6535 K4  1425  5756 K6  2225  2206 K4   466 11094 17788  6.2  5.8  4.21  0.18  31.32  26.17  28.54  29.33  73     0   323  4.0
  8  5568 K4  1748  4809 K6  2604  2074 K4   464 10616 17233  6.7  6.2  4.81  0.15  31.17  26.29  28.67  29.44  75     0   322  3.0
  9  5171 K4  1404  4492 K6  2373  1995 K4   460  9705 16562  6.5  6.1  4.70  0.16  30.91  25.70  28.32  29.23  77     0   299  4.1
 10  4141 K4  1517  3977 K6  2513  1712 K4   441  8414 15869  6.4  5.9  4.12  0.15  28.48  24.03  26.29  26.89  80     0   246  5.2
 11  4189 K4   639  4679 K6  1562  1541 K4   346  7127 15265  4.9  4.6  2.73  0.16  26.06  22.02  23.78  24.54  75     0   171  5.2
 12  3701 K4   775  4715 K6  1785  1273 K4   255  6461 14965  5.4  5.3  2.47  0.13  24.64  20.52  22.54  23.42  74     2   134  4.1
 13  5342 K4  1227  5230 K6   992  1855 K4   348  9203 16521  5.2  5.0  3.35  0.16  27.98  22.83  25.31  26.25  75    14  2603  4.3
 2000
  1  4120 K4   703  5238 K6  1737  1368 K4   315  6841 15209  3.9  3.9  2.34  0.14  24.56  19.27  21.66  22.83  74     3   114  4.5
  2  4879 K4  1215  5598 K6  2222  1519 K4   365  8028 15837  4.0  4.0  2.40  0.14  24.70  19.58  21.77  22.65  74     0   110  4.5
  3  6059 K4   596  6067 K6  1161  1985 K4   332  9415 16560  4.7  4.5  2.86  0.16  27.05  22.09  24.14  25.13  72     0   193  4.3
  4  6753 K4  1117  6506 K6  1933  2042 K4   469 10497 17240  4.7  4.3  2.57  0.16  27.33  22.20  24.42  25.35  68     0   193  4.8
  5  7403 K4   608  7226 K6  1100  1959 K4   349 11068 17773  5.5  5.3  3.25  0.17  28.73  23.48  25.88  26.62  72     0   241  4.5
  6  6589 K4  1207  5614 K6  1969  2295 K4   444 11228 17998  6.6  6.2  4.42  0.17  30.49  24.72  27.25  27.90  76     0   278  4.3
  7  6886 K4   939  6151 K6  1671  2160 K4   395 11087 17778  6.1  5.6  4.55  0.18  31.94  26.06  28.56  29.38  70     0   331  3.0
  8  6184 K4  1300  5612 K6  2148  1969 K4   425 10600 17220  6.4  5.7  4.61  0.15  31.15  25.38  27.95  28.91  73     0   308  4.0
  9  5830 K4  1048  5666 K6  1907  1852 K4   431  9678 16548  6.5  5.7  4.96  0.16  31.00  25.70  27.94  28.80  74     0   301  3.7
 10  4887 K4  1160  5361 K6  2228  1552 K4   427  8381 15857  4.0  3.8  3.45  0.15  27.77  23.09  25.14  26.08  69     0   220  4.5
 11  4086 K4   907  4542 K6  1918  1526 K4   312  7101 15254  4.6  4.4  2.99  0.16  25.77  21.47  23.35  24.27  70     0   159  4.5
 12  3228 K4   981  3443 K6  2160  1480 K4   321  6457 14967  5.8  5.6  2.96  0.13  23.39  18.94  20.91  21.75  75    13   101  5.1
 13  5575 K4  1312  5585 K6   951  1809 K4   306  9198 16520  5.2  4.9  3.45  0.16  27.82  22.67  24.91  25.81  72    16  2549  4.3
 2001
  1  4151 K4   715  5314 K6  1655  1359 K4   307  6864 15222  3.9  3.8  2.07  0.14  21.23  15.32  18.02  19.14  71    41    40  4.6
  2  4905 K4   850  5459 K6  1939  1664 K4   441  8042 15848  4.7  4.5  2.94  0.14  26.29  21.46  23.44  24.51  77     0   155  5.1
  3  6180 K4   566  6320 K6  1231  1896 K4   347  9409 16567  4.7  4.6  2.67  0.16  26.58  20.68  23.56  24.80  74     0   165  4.5
  4  6492 K4  1390  6131 K6  2247  2073 K4   431 10495 17245  4.3  4.1  2.85  0.16  27.74  22.66  25.01  26.14  70     0   206  5.5
  5  6375 K4  1704  5422 K6  2682  2292 K4   516 11069 17779  5.9  5.4  3.61  0.17  28.46  23.39  25.77  26.60  72     0   235  4.4
  6  7124 K4   686  6552 K6  1410  2172 K4   462 11229 18000  5.0  4.6  4.34  0.17  31.68  26.53  28.96  29.79  71     0   323  3.4
  7  6128 K4  1686  5062 K6  2491  2279 K4   491 11088 17781  6.0  5.5  4.60  0.18  31.55  26.05  28.80  29.60  74     0   325  3.2
  8  6035 K4  1486  5552 K6  2390  1982 K4   497 10602 17218  5.7  5.0  4.72  0.15  31.85  27.04  29.28  30.21  75     0   344  3.4
  9  4782 K4  1598  3864 K6  2558  2073 K4   438  9683 16544  7.3  6.4  4.86  0.16  30.78  25.13  27.85  28.75  77     0   289  3.3
 10  4582 K4  1129  4358 K6  2124  1818 K4   421  8389 15860  6.8  6.1  4.33  0.15  28.51  24.15  26.23  27.04  79     0   248  4.9
 11  4191 K4   604  4692 K6  1685  1580 K4   413  7107 15253  3.8  3.7  2.93  0.16  26.07  21.67  23.58  24.57  79     0   166  4.7
 12  3633 K4   838  4422 K6  1790  1365 K4   293  6457 14966  5.1  4.9  3.07  0.13  25.67  20.95  23.07  24.08  82     2   156  4.2
 13  5382 K4  1132  5262 K6   828  1880 K4   327  9203 16524  5.3  4.9  3.58  0.16  28.03  22.92  25.30  26.27  75    43  2652  4.3
 2002
  1  4007 K4   870  5021 K6  1890  1356 K4   263  6856 15218  4.4  4.3  2.65  0.14  24.47  18.71  21.35  22.44  80    18   119  4.3
  2  4452 K4  1190  4555 K6  2500  1746 K4   448  8030 15838  5.2  4.9  2.99  0.14  24.19  18.88  21.40  22.39  74     4    94  4.3
  3  5650 K4  1526  5617 K6  2426  1861 K4   396  9397 16554  3.9  3.8  2.91  0.16  26.79  21.08  23.70  24.85  77     2   176  4.6
  4  6902 K4   829  6695 K6  1658  2054 K4   442 10487 17239  3.8  3.7  3.14  0.16  28.64  23.23  25.72  26.96  70     0   228  5.2
  5  6870 K4  1482  6318 K6  2318  2083 K4   463 11065 17768  4.5  4.3  3.60  0.17  29.63  24.61  26.89  27.72  74     0   272  5.2
  6  5821 K4  1638  4336 K6  2283  2504 K4   478 11229 17999  7.2  6.6  4.92  0.17  30.24  25.22  27.67  28.35  79     0   282  4.1
  7  6502 K4  1233  5613 K6  1939  2224 K4   387 11091 17785  5.2  5.0  4.77  0.18  31.32  26.04  28.52  29.30  75     0   321  3.4
  8  6265 K4  1042  5619 K6  1963  2111 K4   488 10608 17223  5.5  5.0  4.87  0.15  31.38  26.41  28.81  29.78  74     0   327  3.5
  9  5217 K4  1322  4479 K6  2364  2094 K4   469  9694 16548  6.8  6.1  5.21  0.16  30.84  26.15  28.39  29.26  78     0   305  4.8
 10  5192 K4   830  5823 K6  1623  1575 K4   404  8401 15864  3.9  3.8  4.27  0.15  29.87  25.35  27.35  28.32  76     0   288  3.8
 11  4095 K4   971  4642 K6  1925  1508 K4   368  7116 15260  4.7  4.5  3.15  0.16  25.92  20.65  23.27  24.09  72     5   154  4.6
 12  3491 K4   947  4155 K6  2271  1368 K4   330  6459 14966  5.4  5.2  2.98  0.13  24.38  18.85  21.61  22.62  80     8   109  4.6
 13  5372 K4  1163  5239 K6   825  1874 K4   365  9203 16522  5.0  4.8  3.79  0.16  28.14  22.93  25.39  26.34  76    38  2676  4.4
 2003
  1  3956 K4   879  4806 K6  1907  1408 K4   305  6849 15215  4.9  4.8  2.18  0.14  20.94  14.38  17.44  18.92  75    51    30  4.4
  2  4982 K4   757  5653 K6  1818  1628 K4   414  8018 15830  3.9  3.8  2.88  0.14  25.39  19.21  22.01  23.42  82     3   114  3.9
  3  6025 K4   633  5943 K6  1547  1956 K4   436  9385 16541  4.7  4.5  3.28  0.16  28.25  22.68  25.30  26.47  79     2   223  3.8
  4  6491 K4  1103  5814 K6  2116  2232 K4   506 10479 17226  4.5  4.2  2.97  0.16  27.95  21.30  24.29  25.59  71     0   189  4.8
  5  7130 K4   837  6597 K6  1677  2183 K4   477 11061 17762  4.5  4.4  4.07  0.17  31.18  25.12  27.80  28.75  73     0   304  4.3
  6  6379 K4  1346  5365 K6  2385  2323 K4   535 11228 17999  6.3  5.8  4.92  0.17  31.36  25.87  28.53  29.35  73     0   308  4.1
  7  6761 K4   886  5941 K6  1686  2224 K4   483 11093 17787  5.5  5.2  4.59  0.18  31.45  26.67  29.00  29.77  73     0   333  4.4
  8  6158 K4  1377  5548 K6  2123  2051 K4   460 10615 17232  6.3  5.8  5.05  0.15  31.71  26.48  29.04  29.95  73     0   334  3.9
  9  5447 K4  1140  4943 K6  1935  2012 K4   427  9704 16561  6.2  5.8  5.03  0.16  31.34  26.53  28.72  29.71  74     0   318  3.5
 10  4966 K4   987  5221 K6  1919  1692 K4   410  8413 15868  4.7  4.4  4.00  0.15  29.97  25.37  27.30  28.28  72     0   290  3.9
 11  4051 K4   883  4606 K6  1778  1517 K4   285  7125 15265  4.6  4.4  3.48  0.16  27.51  22.92  24.98  25.87  77     0   207  4.8
 12  3438 K4   903  3888 K6  2120  1425 K4   334  6460 14965  5.6  5.5  2.52  0.13  23.76  17.96  20.57  21.74  75    14    93  4.6
 13  5482 K4  1206  5360 K6   724  1888 K4   336  9203 16521  5.1  4.9  3.75  0.16  28.40  22.88  25.41  26.49  75    70  2742  4.2
 2004
  1  3920 K4   817  4830 K6  1830  1416 K4   292  6842 15209  4.5  4.4  2.55  0.14  22.91  16.86  19.75  20.84  75    13    61  4.7
  2  5025 K4   728  5756 K6  1799  1621 K4   426  8029 15837  4.9  4.7  2.69  0.14  24.54  18.86  21.51  22.52  78    11   109  4.8
  3  6015 K4   798  6000 K6  1598  1990 K4   433  9417 16560  4.0  3.9  2.43  0.16  25.94  20.23  22.61  23.77  71     0   147  5.6
  4  6861 K4   849  6535 K6  1751  2075 K4   492 10498 17241  4.1  4.0  2.83  0.16  26.61  21.28  23.58  24.73  71     0   168  5.4
  5  7094 K4   743  6479 K6  1663  2217 K4   490 11068 17774  4.0  3.9  3.24  0.17  28.40  23.60  25.72  26.61  73     0   238  5.8
  6  7170 K4   684  6737 K6  1600  2057 K4   493 11228 17998  4.6  4.4  4.50  0.17  31.17  26.42  28.54  29.35  73     0   314  4.3
  7  6565 K4  1109  5728 K6  1746  2242 K4   409 11087 17777  4.4  4.1  4.71  0.18  31.10  26.19  28.35  29.07  74     0   320  3.4
  8  6387 K4  1026  5795 K6  1944  2009 K4   500 10599 17218  5.4  4.9  5.08  0.15  31.59  26.69  28.97  29.96  74     0   335  3.7
  9  5395 K4  1306  5031 K6  2070  1941 K4   383  9677 16547  5.3  4.9  4.88  0.16  30.97  26.38  28.24  29.13  77     0   310  5.0
 10  5045 K4   872  5495 K6  1742  1663 K4   377  8380 15854  4.1  3.9  3.94  0.15  29.35  24.73  26.66  27.70  73     0   270  4.8
 11  4106 K4   884  4791 K6  1730  1438 K4   266  7100 15254  3.5  3.5  2.97  0.16  26.78  22.19  24.14  25.15  73     0   185  5.0
 12  3529 K4   777  4073 K6  1776  1416 K4   300  6457 14967  5.5  5.4  2.72  0.13  23.93  18.69  21.10  22.16  72     9   102  4.8
 13  5593 K4  1280  5604 K6   803  1841 K4   312  9198 16520  4.5  4.3  3.55  0.16  27.77  22.68  24.93  25.92  74    33  2559  4.8
 2005
  1  4198 K4   718  5595 K6  1698  1275 K4   279  6865 15222  3.2  3.2  2.46  0.14  23.26  17.69  20.31  21.55  75    22    88  4.8
  2  4713 K4   996  5113 K6  2049  1647 K4   384  8043 15848  4.1  3.9  2.58  0.14  24.06  18.26  20.79  22.03  75     8    87  4.5
  3  5655 K4  1467  5558 K6  2373  1909 K4   413  9410 16567  4.7  4.4  2.91  0.16  24.67  19.51  21.95  23.01  78     2   119  4.4
  4  6731 K4  1309  6632 K6  2084  1934 K4   403 10496 17245  3.4  3.3  2.68  0.16  26.10  20.77  23.25  24.35  70     0   153  5.0
  5  6865 K4  1390  6145 K6  2102  2235 K4   476 11069 17779  4.3  4.1  3.45  0.17  28.75  23.62  26.09  26.95  79     0   243  4.2
  6  5600 K4  1976  4252 K6  2939  2357 K4   575 11229 18001  6.8  6.3  5.02  0.17  30.20  25.67  27.79  28.35  83     0   288  4.7
  7  6650 K4  1444  5915 K6  2138  2159 K4   409 11088 17780  5.0  4.7  4.82  0.18  32.27  27.25  29.49  30.30  76     0   354  4.6
  8  5999 K4  1523  5429 K6  2358  1962 K4   488 10601 17218  5.1  4.7  5.13  0.15  31.70  26.64  29.20  30.09  77     0   336  4.0
  9  5572 K4  1176  5161 K6  1909  2051 K4   435  9682 16542  4.8  4.5  5.01  0.16  30.88  26.32  28.38  29.29  78     0   308  4.0
 10  4393 K4  1323  4180 K6  2302  1804 K4   369  8387 15858  5.9  5.6  4.39  0.15  28.65  24.66  26.45  27.21  77     0   258  5.0
 11  4018 K4   891  4356 K6  1931  1580 K4   304  7106 15251  4.7  4.4  3.35  0.16  27.30  22.31  24.58  25.37  82     0   194  4.7
 12  3836 K4   720  4982 K6  1900  1268 K4   286  6457 14967  3.5  3.3  2.72  0.13  24.11  19.24  21.52  22.67  81     4   107  4.0
 13  5353 K4  1097  5277 K6   765  1849 K4   350  9203 16523  4.6  4.4  3.71  0.16  27.66  22.66  24.98  25.93  77    35  2537  4.5
 2006
  1  4023 K4   660  4836 K6  1757  1496 K4   370  6857 15218  4.9  4.8  2.50  0.14  23.81  18.46  21.01  22.15  82    12    99  5.0
  2  4738 K4  1318  5314 K6  2451  1538 K4   334  8031 15839  4.2  4.1  2.26  0.14  23.63  17.81  20.51  21.59  76    15    82  4.5
  3  5960 K4   865  6150 K6  1807  1855 K4   452  9399 16556  3.3  3.2  2.39  0.16  27.02  20.75  23.67  24.91  74     0   172  4.8
  4  7045 K4   692  7109 K6  1347  1901 K4   417 10488 17240  3.4  3.3  2.54  0.16  27.92  22.68  25.05  26.02  72     0   209  4.6
  5  6528 K4  1553  5599 K6  2558  2324 K4   620 11065 17774  4.8  4.5  3.48  0.17  28.39  24.30  26.28  26.79  73     0   249  3.5
  6  6438 K4  1777  5695 K6  2407  2144 K4   338 11229 17999  5.4  5.1  4.47  0.17  30.80  26.41  28.39  28.96  74     0   308  3.7
  7  6035 K4  1495  4868 K6  2278  2318 K4   378 11090 17784  6.7  6.1  4.76  0.18  31.36  26.76  28.78  29.37  75     0   333  4.1
  8  6046 K4  1502  5583 K6  2128  1995 K4   431 10607 17222  5.6  5.1  4.86  0.15  31.86  27.49  29.51  30.26  72     0   352  3.9
  9  5349 K4  1265  5068 K6  2130  1964 K4   436  9692 16548  5.7  5.2  4.97  0.16  31.75  26.76  29.20  30.14  72     0   328  2.9
 10  5014 K4   957  5290 K6  1743  1700 K4   391  8399 15862  5.5  5.2  4.16  0.15  30.28  25.62  27.70  28.54  68     0   298  4.6
 11  3639 K4  1189  3792 K6  2293  1538 K4   387  7115 15258  5.6  5.2  3.28  0.16  26.08  21.54  23.58  24.39  71     2   166  4.6
 12  3085 K4  1072  3178 K6  2241  1453 K4   331  6459 14967  5.6  5.5  3.72  0.13  26.33  22.12  23.98  24.76  76     0   183  4.9
 13  5325 K4  1246  5207 K6  1020  1852 K4   311  9203 16522  5.1  4.8  3.61  0.16  28.27  23.39  25.64  26.49  74    29  2779  4.3
 2007
  1  3777 K4   802  4234 K6  1817  1544 K4   325  6850 15216  5.3  5.3  3.13  0.14  26.04  21.48  23.59  24.44  72     0   168  4.8
  2  4063 K4  1530  3930 K6  2450  1741 K4   404  8019 15830  5.7  5.3  3.06  0.14  24.69  19.28  21.82  22.83  72     7   110  4.2
  3  6187 K4   580  6457 K6  1373  1852 K4   420  9387 16541  3.9  3.8  2.60  0.16  27.46  21.95  24.37  25.48  57     0   198  5.5
  4  6669 K4  1262  6500 K6  1900  1980 K4   408 10480 17231  3.2  3.0  2.91  0.16  28.13  22.74  25.20  26.30  58     0   213  4.7
  5  6582 K4  1538  5843 K6  2452  2238 K4   474 11061 17763  2.6  2.5  3.59  0.17  30.08  24.87  27.36  28.19  67     0   284  4.9
  6  6286 K4  1656  5311 K6  2389  2295 K4   551 11228 17999  3.8  3.4  4.58  0.17  31.14  26.21  28.62  29.32  60     0   310  3.4
  7  6797 K4   903  6120 K6  1580  2167 K4   397 11093 17787  3.5  3.4  4.78  0.18  32.28  27.24  29.92  30.71  58     0   354  2.9
  8  6462 K4  1147  5987 K6  1761  1993 K4   374 10614 17232  2.7  2.6  4.75  0.15  33.44  28.47  30.83  31.79  67     0   391  3.7
  9  5435 K4  1108  4969 K6  2157  2002 K4   483  9703 16559  3.8  3.4  4.82  0.16  32.64  26.97  29.70  30.75  70     0   344  3.3
 10  4547 K4  1238  4366 K6  2155  1807 K4   385  8411 15868  4.8  4.3  4.77  0.15  31.19  26.75  28.75  29.61  75     0   330  4.8
 11  4001 K4   992  4448 K6  2050  1508 K4   324  7124 15263  3.8  3.7  2.93  0.16  27.69  22.90  24.86  25.67  69     0   209  4.5
 12  3794 K4   815  5068 K6  1727  1208 K4   240  6460 14965  3.1  3.1  3.13  0.13  27.37  21.67  24.25  25.50  75     0   192  4.1
 13  5383 K4  1250  5269 K6   903  1861 K4   323  9203 16521  3.9  3.6  3.75  0.16  29.35  24.21  26.60  27.55  67     7  3104  4.2
 2008
  1  3705 K4  1045  4324 K6  2150  1458 K4   279  6843 15210  4.4  4.3  2.89  0.14  24.39  18.74  21.35  22.40  76    12   113  4.7
  2  4808 K4  1152  5422 K6  2094  1589 K4   330  8031 15838  3.4  3.2  3.08  0.14  26.67  21.01  23.70  24.81  76     2   161  4.3
  3  5686 K4  1208  5476 K6  2214  2023 K4   507  9418 16560  3.7  3.5  3.09  0.16  26.91  21.20  23.76  24.81  74     1   178  5.1
  4  6759 K4   918  6458 K6  1689  2101 K4   422 10500 17241  3.2  2.9  3.01  0.16  27.70  22.28  24.89  26.06  69     0   200  5.0
  5  7305 K4   502  6859 K6  1065  2160 K4   363 11069 17774  2.7  2.6  3.29  0.17  30.08  24.93  27.37  28.30  70     0   284  4.6
  6  6875 K4   887  6218 K6  1698  2253 K4   454 11228 17998  4.3  4.1  4.30  0.17  31.52  26.88  29.03  29.80  72     0   326  4.6
  7  6383 K4  1476  5498 K6  2292  2221 K4   460 11086 17777  4.6  4.5  4.41  0.18  31.65  26.98  29.12  29.87  72     0   341  3.8
  8  6195 K4  1613  5791 K6  2367  1912 K4   522 10598 17218  5.3  4.9  4.75  0.15  32.21  27.32  29.62  30.55  73     0   354  4.0
  9  5142 K4  1663  4718 K6  2356  1907 K4   438  9676 16546  5.7  5.3  4.73  0.16  30.98  26.68  28.59  29.43  76     0   315  4.7
 10  4508 K4  1228  4410 K6  2274  1748 K4   387  8378 15853  6.4  5.8  4.02  0.15  28.68  24.33  26.32  27.11  75     0   253  4.5
 11  4209 K4   695  4939 K6  1771  1482 K4   365  7098 15253  4.0  3.8  2.60  0.16  24.78  19.89  22.09  23.01  75     1   122  4.6
 12  3620 K4   874  4562 K6  2149  1315 K4   337  6457 14967  4.4  4.3  2.52  0.13  24.84  19.46  21.87  23.13  79     1   119  4.3
 13  5433 K4  1279  5389 K6   831  1847 K4   323  9198 16520  4.3  4.1  3.56  0.16  28.37  23.31  25.64  26.61  74    17  2766  4.5
 2009
  1  3831 K4   978  4624 K6  2158  1407 K4   332  6866 15223  4.2  4.0  2.38  0.14  23.39  17.30  20.11  21.46  75    19    81  4.2
  2  4865 K4   817  5256 K6  1610  1760 K4   347  8045 15848  3.5  3.4  2.10  0.14  23.65  16.90  19.99  21.47  72    13    68  4.6
  3  5541 K4  1087  5205 K6  2081  2045 K4   456  9412 16567  4.5  4.3  2.65  0.16  26.18  20.45  22.94  24.09  70     3   158  5.4
  4  7067 K4   560  7051 K6  1296  1920 K4   415 10497 17246  3.5  3.4  2.79  0.16  28.27  22.68  25.41  26.59  69     0   214  5.5
  5  7144 K4   639  6561 K6  1469  2212 K4   479 11069 17780  4.0  3.7  3.52  0.17  30.05  24.65  27.32  28.26  72     0   280  4.5
  6  6569 K4  1244  5602 K6  2071  2342 K4   534 11229 18000  5.1  4.7  4.55  0.17  31.76  26.02  28.99  29.85  74     0   317  3.1
  7  6725 K4   924  5901 K6  1617  2198 K4   396 11087 17779  4.3  4.0  4.57  0.18  32.78  27.22  29.90  30.69  71     0   362  3.0
  8  6569 K4  1125  6396 K6  1638  1810 K4   321 10600 17217  5.1  4.5  4.82  0.15  32.51  27.34  29.89  30.84  72     0   359  3.7
  9  5409 K4  1110  5114 K6  1917  1923 K4   399  9681 16542  5.3  4.7  5.14  0.16  31.94  26.69  29.25  30.23  75     0   329  3.0
 10  5007 K4  1008  5371 K6  1750  1669 K4   327  8386 15857  4.2  4.0  4.14  0.15  31.02  25.94  28.26  29.36  73     0   315  3.9
 11  3519 K4  1078  3458 K6  2242  1626 K4   404  7105 15250  4.9  4.7  3.28  0.16  27.15  22.63  24.66  25.55  74     0   197  4.4
 12  3411 K4  1020  3966 K6  2229  1381 K4   333  6457 14967  4.9  4.6  3.25  0.13  25.96  21.05  23.41  24.37  81     4   165  4.4
 13  5471 K4  1371  5376 K6  1041  1858 K4   309  9203 16523  4.5  4.2  3.60  0.16  28.72  23.24  25.84  26.90  73    40  2844  4.2
 2010
  1  3572 K4  1124  3979 K6  2306  1480 K4   288  6858 15219  4.7  4.6  2.36  0.14  21.47  15.52  18.42  19.35  76    64    69  4.6
  2  4061 K4  1391  3860 K6  2352  1766 K4   368  8033 15839  5.9  5.7  2.50  0.14  21.70  15.57  18.68  19.74  77    39    48  4.6
  3  5509 K4  1178  5194 K6  2045  2026 K4   390  9400 16560  4.6  4.3  2.23  0.16  23.67  17.29  20.35  21.52  74    14    81  4.7
  4  5990 K4  1741  5429 K6  2742  2113 K4   504 10489 17240  4.4  4.0  2.76  0.16  27.60  21.99  24.59  25.86  76     0   194  5.0
  5  6902 K4  1276  6393 K6  2113  2147 K4   515 11066 17775  4.1  3.7  3.67  0.17  30.90  25.68  28.07  29.00  72     0   309  4.5
  6  6912 K4   934  6461 K6  1945  2014 K4   503 11229 17999  4.8  4.6  4.82  0.17  33.14  28.08  30.50  31.30  70     0   368  4.2
  7  6115 K4  1458  5119 K6  2202  2263 K4   422 11090 17783  5.1  4.8  4.91  0.18  32.51  27.15  29.72  30.53  72     0   356  4.1
  8  6011 K4  1579  5551 K6  2354  1957 K4   457 10607 17222  5.2  4.8  5.30  0.15  32.87  27.31  30.13  31.13  72     0   365  3.2
  9  5403 K4  1475  5254 K6  2204  1725 K4   336  9691 16547  5.0  4.4  4.94  0.16  31.76  26.79  29.17  30.08  74     0   328  4.2
 10  4845 K4  1260  5440 K6  2148  1463 K4   363  8398 15862  3.8  3.5  3.79  0.15  29.62  24.83  26.98  28.00  70     0   276  4.2
 11  4013 K4  1008  4652 K6  2145  1429 K4   280  7114 15258  4.5  4.2  2.86  0.16  27.13  21.71  24.19  25.26  71     0   183  4.2
 12  3718 K4   835  4961 K6  2032  1218 K4   307  6459 14966  3.8  3.7  1.85  0.13  21.40  15.17  18.07  19.28  67    38    36  4.8
 13  5254 K4  1196  5191 K6   792  1800 K4   338  9203 16523  4.7  4.4  3.50  0.16  27.82  22.26  24.91  25.92  73   155  2613  4.4
