702460 MINCHUMINA             AK  -9  N63 53  W152 17   213   988
 1991-2010
 MO AVGLO FL SDGLO AVDIR FL SDDIR AVDIF FL SDDIF AVETR AETRN  TOT  OPQ   H2O   TAU  MAX_T  MIN_T  AVG_T  AVGDT  RH  HTDD  CLDD AVWS
  1   187 J8    21   918 J8   379   116 J8    12   526  7846  4.8  4.2  0.44  0.06 -17.42 -24.40 -20.72 -20.33  66  1216     0  0.8
  2   815 J8    91  2231 J8   614   404 J8    43  1853 11994  4.6  4.0  0.48  0.08 -12.08 -20.06 -15.77 -14.99  68   972     0  0.7
  3  2284 J8   219  4194 J8  1029   945 J8   141  4315 16243  4.5  3.3  0.45  0.11  -5.05 -15.74 -10.13  -8.97  57   890     0  1.3
  4  4116 J8   354  5507 J8  1011  1704 J8   196  7389 20419  5.0  3.7  0.65  0.12   4.30  -5.99  -0.45   0.46  55   576     0  1.3
  5  5372 J8   539  6202 J8  1311  2206 J8   239 10087 24437  5.3  4.2  1.02  0.13  13.21   2.99   8.51   9.16  49   318     1  1.5
  6  5496 J8   713  5662 J8  1418  2439 J8   190 11411 27095  6.4  5.1  1.60  0.12  18.98   9.56  14.48  14.78  57   129     7  1.4
  7  4920 J8   587  5087 J8  1282  2260 J8   163 10659 25455  6.7  5.6  1.94  0.10  19.70  11.02  15.40  15.87  65    98     6  1.4
  8  3608 J8   458  4281 J8  1212  1644 J8   166  8250 21480  6.8  5.8  1.75  0.08  16.29   8.39  12.22  12.97  72   188     3  1.2
  9  2543 J8   298  3708 J8  1203  1233 J8   141  5253 17401  6.2  5.4  1.22  0.06  10.56   2.70   6.55   7.57  67   351     0  1.1
 10   977 J8   134  1990 J8   766   526 J8    63  2537 13246  6.9  6.3  0.75  0.04  -0.94  -6.44  -3.59  -2.93  77   683     0  1.1
 11   305 J8    37  1325 J8   411   172 J8    18   805  8980  5.9  5.3  0.56  0.04 -10.48 -17.05 -13.63 -13.26  75   963     0  0.8
 12    72 J8     9   685 J8   260    45 J8     4   233  6120  5.2  4.3  0.47  0.05 -15.06 -22.47 -18.58 -18.29  71  1150     0  0.8
 13  2558 J8   179  3483 J8   534  1141 J8    84  5277 16726  5.7  4.8  0.94  0.08   1.83  -6.46  -2.14  -1.50  65  7535    18  1.1
 1991
  1   205 J8   127  1196 J8  1000   109 J8    46   521  7821  4.2  3.7  0.49  0.05 -19.61 -28.12 -23.88 -23.50  78  1308     0  1.3
  2   877 J8   383  2694 J8  1821   388 J8   184  1831 11944  4.5  4.0  0.51  0.07 -11.99 -20.12 -15.81 -14.97  64   963     0  0.2
  3  1881 J8   780  2424 J8  2394  1112 J8   416  4271 16181  7.0  5.5  0.50  0.09   1.28 -12.41  -5.93  -4.82  59   741     0  2.8
  4  4461 J8   926  5720 J8  2222  1883 J8   515  7343 20356  5.6  3.4  0.58  0.11  11.09  -0.36   5.60   6.44  51   396     7  1.9
  5  5848 J8  1251  7384 J8  3578  2136 J8   738 10054 24380  4.8  3.7  0.94  0.11  14.77   3.86   9.91  10.51  49   291    12  1.9
  6  6030 J8  1389  6247 J8  3429  2648 J8   654 11406 27084  6.5  4.7  1.54  0.11  23.13  12.52  18.14  18.46  51    76    61  3.0
  7  3876 J8  1265  2437 J8  2001  2607 J8   345 10686 25504  8.5  7.7  1.57  0.09  18.65   9.59  14.36  14.83  68   135     4  3.3
  8  3770 J8  1260  4357 J8  3197  1734 J8   574  8293 21539  6.2  5.6  1.56  0.10  17.62   8.31  12.99  13.85  74   167     1  2.5
  9  2275 J8   989  2244 J8  2234  1410 J8   317  5298 17462  7.2  6.4  1.23  0.11  18.20   7.22  12.80  13.68  60   178     9  2.8
 10   848 J8   421   936 J8  1144   619 J8   234  2572 13311  7.6  7.0  0.69  0.12   3.02  -4.30  -0.69   0.13  74   596     8  3.4
 11   290 J8   182   730 J9   928   196 J8    74   821  9038  5.3  5.0  0.52  0.14 -11.33 -18.03 -14.41 -13.91  71   990     0  1.0
 12    55 J8    18    85 J8   152    51 J8    15   234  6134  6.0  5.1  0.42  0.17 -14.67 -23.59 -19.48 -19.48  65  1161     0  2.9
 13  2535 J8  2194  3038 J8  2364  1241 J8   965  5278 16730  6.1  5.1  0.88  0.11   4.18  -5.45  -0.53   0.10  64  7003   103  2.3
 1992
  1   163 J8    99   301 J8   342   136 J8    74   515  7795  4.0  3.5  0.43  0.21 -16.09 -21.83 -18.79 -18.28  59  1156     0  1.4
  2   654 J8   219   947 J8   952   482 J8   171  1851 11985  4.8  4.5  0.41  0.24 -11.26 -19.70 -15.43 -14.55  63   981     0  1.4
  3  1933 J8   670  1671 J8  1332  1356 J8   358  4343 16284  6.7  4.5  0.43  0.28   1.79 -12.82  -5.28  -3.88  52   739     0  1.8
  4  3577 J8  1058  2838 J8  2194  2265 J8   587  7418 20453  6.5  5.3  0.53  0.30   8.69  -4.46   2.15   3.02  55   486     0  2.8
  5  5106 J8  1373  4196 J8  3018  2833 J8   694 10107 24472  5.9  4.5  0.82  0.29  14.39   1.25   8.54   9.25  47   326     0  3.1
  6  5110 J8  1453  3832 J8  2373  2904 J8   380 11414 27103  7.1  5.8  1.30  0.26  18.02   9.07  13.55  13.82  62   148     5  2.0
  7  4242 J8  1750  3141 J8  3021  2533 J8   338 10643 25421  6.8  6.3  1.65  0.23  20.15  11.57  15.73  16.28  67    85     8  1.2
  8  3404 J8  1242  3415 J8  3030  1781 J8   389  8223 21443  5.9  5.3  1.59  0.19  17.18   8.84  12.98  13.81  74   174     9  0.4
  9  2067 J8   915  2021 J8  2172  1298 J8   280  5224 17363  6.9  6.4  0.72  0.16   9.66   1.26   5.41   6.62  70   386     0  0.6
 10   926 J8   617  1758 J8  1907   486 J8   164  2514 13205  6.4  5.9  0.59  0.13  -1.00  -7.28  -3.82  -3.07  88   697     0  1.1
 11   202 J8   103   444 J9   691   158 J8    62   794  8936  7.4  7.1  0.52  0.11 -13.05 -19.54 -16.28 -16.01  85  1039     0  1.0
 12    63 J8    25   381 J9   319    46 J8    14   231  6112  4.1  3.4  0.40  0.11 -12.67 -19.53 -15.73 -15.38  74  1067     0  1.6
 13  2287 J8  1934  2079 J8  1392  1356 J8  1093  5273 16714  6.0  5.2  0.78  0.21   2.98  -6.10  -1.41  -0.70  66  7284    22  1.5
 1993
  1   187 J8   118   719 J9   630   122 J8    60   534  7883  3.2  2.9  0.37  0.12 -14.20 -21.68 -17.47 -17.01  63  1124     0  0.4
  2   801 J8   403  1840 J8  1393   432 J8   167  1866 12025  4.0  3.6  0.56  0.13  -9.82 -17.25 -13.21 -12.33  57   892     0  0.9
  3  2311 J8   743  4129 J8  2066   961 J8   279  4322 16251  2.7  2.4  0.47  0.14  -4.43 -15.89  -9.64  -8.58  52   883     0  1.3
  4  4049 J8   970  5053 J8  2509  1832 J8   511  7397 20437  4.0  2.9  0.67  0.15   0.57  -9.15  -3.73  -2.84  63   679     0  1.5
  5  4772 J8  1528  4460 J8  3471  2491 J8   599 10093 24449  6.5  5.4  1.08  0.15  13.04   2.98   8.45   9.11  48   320     0  1.4
  6  6497 J8   807  7105 J8  2225  2494 J8   495 11413 27099  5.1  3.8  1.42  0.15  19.49   9.88  14.89  15.21  55   110     0  1.5
  7  5407 J8  1033  5292 J8  2447  2502 J8   456 10656 25450  6.6  5.3  1.89  0.12  22.11  12.67  17.46  17.98  58    51    22  1.3
  8  3555 J8  1184  3734 J8  2587  1812 J8   403  8244 21472  7.5  6.6  1.59  0.10  16.11   9.25  12.41  13.04  70   176     1  1.5
  9  2299 J8   815  2454 J8  2120  1390 J8   358  5246 17390  7.9  6.9  1.07  0.07   8.33   2.43   5.37   6.00  77   388     0  2.1
 10   897 J8   511  1253 J8  1240   585 J8   225  2532 13232  8.0  7.4  0.83  0.06  -0.13  -4.01  -2.11  -1.65  82   632     0  1.6
 11   268 J8   146   832 J8   810   182 J8    88   802  8971  7.1  6.2  0.52  0.05 -10.01 -16.14 -13.12 -13.07  82   942     0  1.1
 12    67 J8    29   500 J8   515    47 J8    20   232  6114  5.9  4.8  0.49  0.05 -12.96 -20.04 -16.05 -15.63  77  1080     0  0.9
 13  2592 J8  2232  3114 J8  2152  1237 J8   971  5278 16731  5.7  4.9  0.91  0.11   2.34  -5.58  -1.39  -0.81  65  7277    23  1.3
 1994
  1   161 J8   107   442 J8   522   125 J8    69   528  7855  6.6  5.9  0.49  0.07 -15.02 -20.04 -17.32 -16.96  62  1112     0  2.1
  2   693 J8   296  1397 J8  1457   438 J8   152  1849 11987  6.3  5.7  0.41  0.09 -14.75 -21.73 -17.94 -16.87  61  1024     0  1.8
  3  2216 J8   789  3520 J8  1864  1038 J8   300  4298 16220  5.4  4.3  0.43  0.10 -10.10 -19.65 -14.59 -13.48  62  1029     0  1.1
  4  4128 J8  1174  5030 J8  2565  1857 J8   401  7371 20397  5.6  4.3  0.60  0.12   3.31  -6.05  -1.11  -0.25  58   591     0  1.6
  5  5743 J8  1027  6448 J8  2534  2341 J8   476 10075 24417  5.8  4.1  0.98  0.12  14.67   4.27   9.97  10.69  46   275     0  1.6
  6  5569 J8  1188  5217 J8  2577  2621 J8   424 11409 27092  7.0  5.6  1.41  0.12  17.37   8.88  13.14  13.44  65   158     2  1.8
  7  5229 J8  1339  5391 J8  3035  2336 J8   500 10670 25479  6.6  5.8  1.79  0.10  20.15  11.57  15.73  16.27  67    85     8  1.1
  8  3581 J8  1300  3848 J8  3013  1795 J8   398  8267 21504  7.0  6.2  1.80  0.08  17.18   8.84  12.98  13.81  74   174     9  1.7
  9  2658 J8   661  3816 J8  2171  1286 J8   396  5270 17424  6.3  5.2  1.00  0.05  10.03   1.40   5.64   6.91  69   378     0  0.9
 10   982 J8   556  1680 J8  1967   588 J8   209  2550 13270  8.1  7.3  0.59  0.04  -4.21  -9.45  -6.49  -5.92  79   780     0  0.9
 11   301 J8   171  1065 J8  1262   193 J8   112   811  9007  6.6  6.2  0.39  0.03 -12.53 -19.75 -16.13 -15.86  78  1034     0  1.5
 12    60 J8    25   259 J8   312    49 J8    18   233  6122  7.8  7.1  0.39  0.04 -17.91 -26.08 -21.92 -21.73  73  1250     0  0.6
 13  2610 J8  2195  3176 J8  2133  1222 J8   947  5278 16731  6.6  5.6  0.86  0.08   0.68  -7.32  -3.17  -2.49  66  7891    20  1.4
 1995
  1   165 J8    84   351 J8   327   140 J8    67   522  7826  6.9  6.1  0.44  0.05 -18.68 -25.87 -21.95 -21.36  76  1259     0  0.4
  2   728 J8   384  1340 J8  1246   469 J8   169  1833 11949  7.0  6.3  0.44  0.07 -11.99 -20.12 -15.81 -14.97  68   963     0  0.9
  3  2320 J8   869  4133 J8  2356   952 J8   293  4274 16189  5.1  4.1  0.40  0.09  -9.86 -20.30 -14.78 -13.43  62  1036     0  1.2
  4  4210 J8  1136  5709 J8  2894  1676 J8   447  7346 20358  5.2  3.7  0.71  0.11   6.66  -3.20   2.07   3.00  56   498     0  0.9
  5  5673 J8   888  6506 J8  2277  2300 J8   464 10057 24385  5.4  4.1  1.05  0.11  14.51   4.40   9.86  10.54  56   275     0  1.7
  6  5680 J8  1386  5875 J8  3164  2444 J8   459 11406 27084  6.1  5.5  1.55  0.11  17.98   9.19  13.69  14.00  60   143     0  1.7
  7  5610 J8  1375  6289 J8  3154  2212 J8   515 10684 25498  6.4  5.0  1.90  0.09  19.78  11.29  15.69  16.16  62    87     0  1.6
  8  3677 J8  1009  3693 J8  2460  1910 J8   470  8290 21537  7.5  6.7  1.57  0.07  15.66   8.50  11.90  12.67  75   194     0  1.2
  9  2626 J8   680  3496 J8  2075  1376 J8   421  5295 17457  6.4  5.7  1.48  0.05  13.17   5.62   9.41  10.35  71   268     0  1.1
 10   987 J8   444  1708 J8  1549   608 J8   212  2569 13307  6.8  6.3  0.72  0.03  -1.97  -6.16  -4.07  -3.50  78   694     0  1.1
 11   286 J8   136   922 J8  1057   199 J8    86   820  9035  6.6  6.2  0.42  0.03 -12.10 -18.91 -15.33 -14.79  63  1015     0  1.0
 12    79 J8    32   632 J9   545    53 J8    18   234  6134  5.2  3.9  0.43  0.03 -17.72 -22.59 -20.04 -20.11  65  1193     0  1.6
 13  2670 J8  2246  3388 J8  2341  1195 J8   901  5278 16730  6.2  5.3  0.92  0.07   1.29  -6.51  -2.45  -1.79  66  7624     1  1.2
 1996
  1   184 J8    99   814 J8   695   124 J8    71   516  7796  6.1  5.0  0.34  0.05 -22.79 -29.20 -25.53 -24.84  81  1374     0  0.4
  2   849 J8   395  2078 J8  1425   448 J8   157  1853 11990  5.9  4.3  0.33  0.07 -15.47 -24.10 -19.25 -18.37  66  1105     0  0.9
  3  2217 J8   757  3746 J8  2356  1023 J8   346  4347 16285  5.8  3.8  0.47  0.09  -2.79 -13.44  -7.61  -6.39  54   820     0  1.4
  4  4033 J8  1104  4661 J8  2617  1935 J8   428  7421 20458  7.0  4.9  0.57  0.11   2.38  -7.55  -2.32  -1.42  51   627     0  1.5
  5  4941 J8  1135  4669 J8  2468  2562 J8   481 10110 24473  7.3  5.2  0.98  0.11  13.51   3.03   8.71   9.46  48   312     0  1.4
  6  5202 J8  1342  4715 J8  2704  2649 J8   413 11414 27101  7.5  5.9  1.44  0.11  18.07   7.91  13.26  13.59  56   160     0  1.2
  7  5287 J8  1616  5618 J8  3394  2314 J8   424 10641 25419  7.9  5.1  1.76  0.09  19.04  10.06  14.64  15.10  66   122     5  1.6
  8  3200 J8  1198  3187 J8  3232  1790 J8   400  8220 21440  8.3  6.6  1.42  0.07  17.40   8.19  12.70  13.53  70   173     1  1.9
  9  2752 J8   937  3821 J8  2489  1373 J8   320  5221 17360  7.3  5.2  0.93  0.05   7.84   0.77   4.18   5.12  68   421     0  1.4
 10  1012 J8   412  2106 J8  2086   570 J8   260  2512 13198  7.0  6.1  0.49  0.03  -5.85 -13.04  -9.43  -8.79  75   861     0  1.0
 11   337 J8   144  1549 J8   939   198 J8   120   793  8935  5.5  4.1  0.54  0.03 -12.97 -20.05 -16.33 -15.92  53  1045     0  1.0
 12    87 J8    31  1115 J8   692    43 J8    17   231  6112  3.4  2.8  0.38  0.03 -19.63 -27.40 -23.13 -22.70  60  1297     0  0.3
 13  2508 J8  2018  3173 J8  1605  1252 J8   980  5273 16714  6.6  4.9  0.80  0.07  -0.10  -8.74  -4.18  -3.47  62  8318     6  1.2
 1997
  1   205 J8   101  1243 J8   793   118 J8    71   535  7890  3.1  2.7  0.35  0.05 -21.67 -28.60 -25.35 -24.84  63  1347     0  0.7
  2   846 J8   293  2088 J8  1219   470 J8   205  1868 12028  5.4  4.1  0.53  0.07  -8.15 -16.73 -12.22 -11.55  67   861     0  0.8
  3  2522 J8   872  4682 J8  2527  1005 J8   332  4325 16255  5.3  2.6  0.33  0.09  -6.57 -17.79 -12.12 -10.84  47   946     0  1.5
  4  4251 J8  1390  6053 J8  3657  1635 J8   484  7400 20442  5.1  3.0  0.65  0.11   5.29  -5.69   0.27   1.18  52   556     0  1.4
  5  5828 J8  1395  7106 J8  3733  2228 J8   712 10096 24451  4.6  3.2  0.92  0.11  13.61   3.10   8.74   9.39  48   309     0  2.0
  6  5806 J8  1459  5922 J8  3292  2575 J8   502 11413 27101  6.4  4.9  1.46  0.11  20.63  10.72  15.85  16.18  54    96    16  1.8
  7  5454 J8  1770  6319 J8  3915  2180 J8   583 10654 25445  6.4  4.2  1.95  0.09  20.56  10.64  15.85  16.42  67    91     6  1.2
  8  4286 J8  1179  5983 J8  3059  1592 J8   424  8240 21467  6.1  3.7  1.82  0.07  15.38   8.10  11.73  12.30  77   204     0  1.3
  9  2887 J8   826  4838 J8  2887  1228 J8   533  5243 17388  5.6  3.8  1.32  0.05  13.10   4.13   8.46   9.77  46   291     0  1.2
 10  1203 J8   446  2969 J8  2214   566 J8   286  2529 13229  5.7  5.0  0.50  0.03  -5.71 -11.24  -8.45  -7.84  72   831     0  1.7
 11   351 J8   202  1675 J8  1357   174 J8    99   801  8967  5.1  4.2  0.52  0.03  -8.52 -15.12 -11.81 -11.44  79   904     0  0.5
 12    63 J8    26   528 J8   601    42 J8    15   232  6114  5.8  5.4  0.34  0.03 -16.56 -23.87 -19.73 -19.15  72  1195     0  0.6
 13  2808 J8  2261  4117 J8  2289  1151 J8   892  5278 16731  5.4  3.9  0.89  0.07   1.78  -6.86  -2.40  -1.70  62  7632    22  1.2
 1998
  1   192 J8    95  1218 J8   923   106 J8    55   529  7858  3.3  3.0  0.43  0.05 -19.19 -24.95 -21.78 -21.36  63  1253     0  0.9
  2   827 J8   396  2599 J8  1896   360 J8   139  1851 11991  3.8  3.5  0.54  0.07 -12.21 -19.48 -15.54 -14.84  66   957     0  0.8
  3  2526 J8   638  5599 J8  1785   787 J8   308  4301 16228  2.4  1.4  0.60  0.09  -2.49 -13.39  -7.41  -6.15  58   814     0  0.9
  4  4534 J8   887  7069 J8  2425  1473 J8   466  7375 20399  2.7  1.9  0.65  0.11   6.00  -3.55   1.50   2.44  57   513     0  1.1
  5  5709 J8  1333  7193 J8  3279  2132 J8   587 10077 24421  4.4  3.5  0.90  0.11  12.07   1.88   7.45   8.08  54   352     0  1.7
  6  5593 J8  1574  6024 J8  3523  2475 J8   500 11410 27091  5.9  4.6  1.53  0.11  16.97   8.08  12.87  13.16  59   175     0  1.2
  7  4841 J8  1883  4749 J8  3691  2338 J8   531 10668 25475  7.3  5.5  2.04  0.09  18.95  11.10  15.08  15.51  66   108     6  1.3
  8  3625 J8  1122  4194 J8  3312  1750 J8   510  8263 21497  6.9  6.1  1.73  0.07  13.55   7.31  10.46  11.02  69   245     0  2.0
  9  2820 J8   963  4922 J8  3127  1083 J8   379  5267 17420  5.1  4.5  1.30  0.05  10.67   3.53   7.00   7.88  69   337     0  1.4
 10  1284 J8   656  3878 J8  2686   394 J8   149  2548 13265  4.1  3.7  0.73  0.03  -0.32  -6.25  -3.16  -2.44  65   670     0  1.1
 11   351 J8   217  1961 J8  1524   142 J8    66   810  8999  4.5  4.1  0.70  0.03 -11.58 -17.54 -14.21 -13.78  72   987     0  0.5
 12    75 J8    26   838 J8   624    44 J8    21   233  6122  4.1  3.8  0.46  0.03 -16.75 -23.21 -19.69 -19.26  66  1188     0  1.1
 13  2698 J8  2142  4187 J8  2157  1090 J8   915  5278 16730  4.5  3.8  0.97  0.07   1.31  -6.37  -2.29  -1.65  64  7598     6  1.2
 1999
  1   205 J8   113  1369 J8   778   103 J8    53   522  7829  2.5  2.3  0.41  0.05 -20.05 -28.14 -24.10 -23.92  68  1315     0  0.8
  2   922 J8   340  3164 J8  1441   353 J8   132  1835 11956  2.3  2.0  0.35  0.07 -23.06 -31.86 -27.23 -26.33  80  1282     0  0.1
  3  2413 J8   788  5073 J8  2470   836 J8   330  4277 16190  3.1  2.4  0.45  0.09  -7.95 -18.23 -12.98 -11.83  53   974     0  1.1
  4  4151 J8  1090  5789 J8  3181  1660 J8   533  7349 20361  4.7  3.9  0.60  0.11   3.04  -6.55  -1.41  -0.58  51   603     0  1.5
  5  5244 J8  1680  6187 J8  3712  2139 J8   461 10059 24388  5.0  4.4  0.85  0.11  11.21   2.85   7.27   7.79  47   350     0  1.8
  6  5984 J8  1682  7117 J8  4454  2284 J8   794 11406 27087  5.4  4.4  1.42  0.11  19.25   9.53  14.67  14.98  56   121     3  1.2
  7  4801 J8  2065  4970 J8  4455  2207 J8   517 10681 25497  6.1  5.5  1.91  0.09  18.25  11.02  14.81  15.14  63   120     6  1.4
  8  4128 J8  1405  5743 J8  3736  1553 J8   530  8287 21532  5.7  4.7  1.86  0.07  17.46   9.40  13.12  13.98  64   153     1  0.6
  9  2789 J8   844  4862 J8  3325  1157 J8   554  5292 17454  4.8  4.4  1.20  0.05  11.88   2.91   7.15   8.68  42   328     0  1.2
 10   952 J8   494  1653 J8  1954   573 J8   135  2567 13301  7.9  6.6  0.72  0.03  -3.41  -7.54  -5.38  -4.86  77   738     0  1.0
 11   337 J8   186  1586 J8  1265   170 J8    81   819  9031  5.3  4.7  0.66  0.03 -14.40 -21.05 -17.41 -16.86  63  1082     0  0.6
 12    78 J8    34   684 J8   541    51 J8    24   234  6132  6.4  5.0  0.51  0.03 -17.36 -25.88 -21.93 -21.98  52  1239     0  0.6
 13  2667 J8  2149  4016 J8  2206  1090 J8   858  5277 16730  5.0  4.2  0.91  0.07  -0.43  -8.63  -4.45  -3.82  60  8305    10  1.0
 2000
  1   166 J8    98   444 J8   583   131 J8    64   516  7800  8.5  7.3  0.40  0.05 -17.47 -24.99 -21.04 -20.60  70  1226     0  0.8
  2   835 J8   384  2233 J8  1353   428 J8   158  1855 11993  4.5  3.7  0.53  0.07  -8.97 -17.26 -12.61 -12.17  74   912     0  0.7
  3  2374 J8   639  3942 J8  1410  1079 J8   295  4350 16287  5.9  3.5  0.56  0.09  -4.39 -13.71  -8.84  -7.79  62   849     0  1.3
  4  4653 J8   786  6233 J8  1490  1819 J8   368  7424 20473  6.0  3.5  0.61  0.11   3.24  -5.90  -1.04  -0.11  49   590     0  1.3
  5  6683 J8   530  9371 J8  2022  1782 J8   593 10112 24479  3.1  2.0  0.85  0.11   9.85   0.98   5.70   6.29  51   400     0  1.6
  6  6259 J8  1689  7221 J8  3749  2336 J8   550 11414 27103  6.3  3.8  1.55  0.11  21.31  10.85  16.43  16.76  46    78    10  1.2
  7  4734 J8  1563  4763 J8  3442  2275 J8   470 10639 25417  6.9  5.9  1.78  0.09  18.07   9.86  13.87  14.28  69   136     1  1.3
  8  3010 J8  1225  2633 J8  2843  1780 J8   395  8217 21435  7.7  7.3  1.55  0.07  13.08   6.35   9.71  10.37  76   267     0  1.3
  9  2300 J8   913  2935 J8  2869  1259 J8   450  5218 17355  7.2  6.5  0.99  0.05   8.60   1.82   4.96   5.86  75   394     0  1.0
 10  1077 J8   640  2733 J8  2650   434 J8   159  2510 13195  6.2  5.6  0.68  0.03  -2.61  -8.91  -5.60  -4.98  81   747     0  0.9
 11   338 J8   185  1604 J9  1124   173 J8    89   792  8932  6.6  3.8  0.67  0.03  -9.77 -16.97 -13.19 -12.74  79   951     0  1.1
 12    78 J8    32   786 J9   677    46 J8    13   231  6111  5.9  3.3  0.57  0.03 -13.87 -23.57 -18.52 -18.12  74  1149     0  0.9
 13  2709 J8  2371  3742 J8  2704  1129 J8   862  5273 16715  6.2  4.7  0.90  0.07   1.42  -6.79  -2.51  -1.91  67  7698    11  1.1
 2001
  1   181 J8   110   612 J9   778   132 J8    79   536  7893  7.3  6.2  0.54  0.05 -14.57 -22.30 -18.39 -18.48  69  1140     0  0.9
  2   944 J8   405  2630 J8  1617   440 J8   154  1870 12034  5.7  2.8  0.49  0.07 -13.44 -21.83 -17.45 -16.44  64  1007     0  0.5
  3  2581 J8   672  5095 J8  1863   956 J8   296  4328 16262  4.0  1.9  0.47  0.09  -4.59 -15.76  -9.98  -8.63  54   884     0  1.4
  4  4187 J8  1235  5260 J8  2810  1885 J8   409  7403 20444  6.0  4.1  0.61  0.11   4.03  -6.08  -0.73   0.18  55   581     0  1.6
  5  5674 J8  1775  6647 J8  3846  2259 J8   500 10098 24455  5.9  3.6  0.80  0.11  10.14   0.37   5.71   6.36  46   405     0  2.0
  6  6195 J8  2105  7626 J8  4353  2103 J8   571 11413 27101  5.3  3.5  1.57  0.11  20.73  11.29  16.11  16.41  50    87    17  1.5
  7  5398 J8  1851  6026 J8  3837  2228 J8   440 10652 25441  7.0  4.5  1.86  0.09  18.56  10.36  14.45  14.82  69   120     0  1.5
  8  4283 J8  1380  6024 J8  3598  1551 J8   537  8237 21460  6.1  3.9  1.82  0.07  17.91   9.36  13.47  14.36  70   146     1  2.5
  9  2887 J8   886  4560 J8  2799  1293 J8   403  5239 17380  5.9  3.8  1.26  0.05  10.41   2.72   6.55   7.33  71   353     0  1.0
 10   926 J8   414  1531 J8  1741   598 J8   232  2527 13224  8.6  6.8  0.68  0.03  -1.00  -7.28  -3.82  -3.07  80   697     0  0.9
 11   297 J8   141  1028 J9  1001   200 J8   106   800  8965  7.2  5.4  0.54  0.03 -13.05 -19.54 -16.28 -16.01  77  1039     0  1.3
 12    77 J8    25   588 J9   334    53 J8    16   232  6114  6.6  2.7  0.37  0.03 -12.67 -19.53 -15.73 -15.38  77  1067     0  1.5
 13  2802 J8  2300  3969 J8  2547  1141 J8   853  5278 16731  6.3  4.1  0.92  0.07   1.87  -6.52  -2.18  -1.55  65  7525    18  1.4
 2002
  1   198 J8   123   922 J9   818   120 J8    62   529  7862  4.7  4.2  0.59  0.05 -14.20 -21.68 -17.47 -17.01  67  1124     0  1.0
  2   879 J8   369  2673 J8  1752   395 J8   140  1853 11998  4.2  3.1  0.43  0.07  -9.82 -17.25 -13.21 -12.33  72   892     0  0.7
  3  2263 J8   766  3900 J8  2456  1041 J8   332  4304 16234  5.4  3.9  0.41  0.09  -4.43 -15.89  -9.64  -8.58  52   883     0  1.4
  4  3386 J8  1239  4299 J8  3669  1587 J8   432  7378 20400  5.5  5.0  0.71  0.11   0.57  -9.15  -3.73  -2.84  59   679     0  2.0
  5  5635 J8  1953  7178 J8  4489  1993 J8   492 10080 24427  4.6  3.2  0.98  0.11  14.81   3.74   9.69  10.40  45   283     2  1.8
  6  5618 J8  1303  6008 J8  2993  2418 J8   416 11410 27091  5.6  4.7  1.66  0.11  18.77   8.83  13.81  14.16  56   137     1  1.2
  7  5071 J8  1278  5513 J8  3009  2355 J8   482 10666 25465  5.9  5.0  2.04  0.09  20.43  11.29  15.90  16.37  61    83     6  1.5
  8  2819 J8  1685  3003 J8  3880  1426 J8   309  8260 21494  7.9  7.3  1.74  0.07  16.06   7.32  11.61  12.42  70   211     5  1.1
  9  2432 J8   825  3330 J8  3034  1294 J8   407  5264 17414  6.2  5.7  1.45  0.05  10.75   3.46   6.97   7.86  76   337     0  0.9
 10  1114 J8   519  2884 J8  2191   487 J8   233  2546 13262  5.4  4.9  1.02  0.03   1.29  -4.37  -1.49  -0.79  78   616     0  1.1
 11   314 J8   185  1520 J8  1271   164 J8    86   809  8994  4.6  4.2  0.83  0.03  -4.70 -11.11  -7.58  -7.12  77   787     0  0.7
 12    71 J8    35   781 J8   750    39 J8    11   233  6121  5.5  5.2  0.62  0.03 -11.15 -17.02 -14.40 -14.40  80  1005     0  0.1
 13  2483 J8  2081  3501 J8  1999  1110 J8   870  5278 16730  5.5  4.7  1.04  0.07   3.20  -5.15  -0.79  -0.16  66  7037    15  1.1
 2003
  1   209 J8   126  1330 J8   928   103 J8    45   523  7834  3.1  2.9  0.54  0.05 -14.60 -21.55 -17.92 -17.59  66  1128     0  0.7
  2   846 J8   402  2467 J8  1609   389 J8   171  1837 11960  4.5  4.0  0.71  0.07  -8.26 -14.58 -11.03 -10.21  72   833     0  0.7
  3  2272 J8   807  4455 J8  2662   881 J8   363  4280 16192  3.8  2.7  0.43  0.09  -7.15 -16.58 -11.71 -10.52  57   936     0  1.2
  4  4240 J8  1306  6313 J8  3260  1514 J8   421  7353 20367  4.0  2.9  0.70  0.11   4.47  -5.80  -0.14   0.91  53   570     0  1.0
  5  4928 J8  1543  5094 J8  3500  2369 J8   568 10061 24393  5.5  4.7  0.98  0.11  11.61   2.53   7.27   7.86  52   349     0  1.3
  6  5803 J8  1756  6612 J8  4264  2358 J8   618 11407 27087  5.5  4.2  1.64  0.11  18.94   9.12  14.35  14.66  55   129     0  1.6
  7  5236 J8  1843  6242 J8  4395  2045 J8   581 10679 25494  5.8  4.8  2.08  0.09  19.72  10.44  15.17  15.52  63   110     9  1.5
  8  3894 J8  1450  4948 J8  3764  1595 J8   468  8283 21528  6.2  5.1  1.83  0.07  17.06   8.73  12.64  13.39  73   169     1  1.0
  9  2972 J8   841  5777 J8  3415  1019 J8   524  5288 17448  3.9  3.5  1.09  0.05   8.58   1.10   4.77   5.83  63   405     0  0.9
 10  1064 J8   651  2569 J8  2613   467 J8   174  2565 13297  6.4  5.9  1.07  0.03   2.65  -2.40   0.14   0.86  78   564     0  0.8
 11   254 J8   123  1022 J8  1317   163 J8    77   818  9026  7.4  7.1  0.70  0.03  -8.93 -14.51 -11.60 -11.11  76   901     0  1.1
 12    80 J8    37   925 J8   691    41 J8    12   234  6132  4.1  3.4  0.45  0.03 -17.85 -25.61 -21.46 -21.13  66  1242     0  0.4
 13  2650 J8  2136  3980 J8  2185  1079 J8   876  5277 16730  5.0  4.3  1.02  0.07   2.19  -5.76  -1.63  -0.96  64  7337    10  1.0
 2004
  1   208 J8   128  1376 J8   974    99 J8    45   517  7803  3.2  2.9  0.31  0.05 -19.04 -25.83 -22.18 -21.81  61  1264     0  1.1
  2   861 J8   439  2558 J8  1707   365 J8   122  1857 11996  4.0  3.6  0.56  0.07 -12.34 -19.93 -15.93 -15.32  67  1000     0  0.7
  3  2478 J8   791  5106 J8  2336   858 J8   307  4353 16290  2.7  2.4  0.45  0.09  -9.12 -19.97 -14.35 -13.19  51  1019     0  0.8
  4  4252 J8  1017  6217 J8  2818  1628 J8   585  7427 20475  4.2  2.9  0.80  0.11   6.31  -3.27   1.79   2.74  54   504     0  1.1
  5  4561 J8  1511  4392 J8  3665  2304 J8   617 10114 24484  6.9  6.0  1.46  0.11  14.84   6.08  10.43  10.98  62   244     0  1.3
  6  6114 J8  1749  7269 J8  3760  2154 J8   493 11414 27103  5.5  4.3  2.07  0.11  21.97  12.37  17.24  17.53  59    60    25  0.9
  7  5312 J8  1457  6139 J8  3442  2109 J8   527 10637 25415  5.9  4.9  2.24  0.09  21.07  12.28  16.53  17.03  67    59     8  1.0
  8  4598 J8  1393  7326 J8  3381  1229 J8   424  8213 21430  4.2  3.3  2.18  0.07  21.13  11.00  15.91  16.86  66    90    20  0.5
  9  2568 J8  1195  4099 J8  3632  1106 J8   365  5214 17349  5.8  5.4  0.98  0.05   6.65  -0.44   3.07   4.08  70   457     0  1.0
 10   882 J8   567  1474 J8  2276   532 J8   175  2507 13192  7.9  7.3  0.90  0.03   0.48  -4.32  -1.68  -1.20  80   628     0  1.1
 11   299 J8   185  1278 J8  1208   171 J8    89   791  8929  6.6  6.0  0.65  0.03  -9.78 -15.60 -12.48 -12.17  82   931     0  0.5
 12    69 J8    31   722 J8   721    41 J8    11   231  6109  5.0  4.4  0.51  0.03 -14.38 -21.52 -17.71 -17.39  69  1125     0  0.6
 13  2683 J8  2208  3996 J8  2452  1050 J8   839  5273 16715  5.2  4.4  1.09  0.07   2.31  -5.76  -1.61  -0.99  66  7379    52  0.9
 2005
  1   228 J8   142  1402 J8  1051   108 J8    37   536  7897  3.9  2.5  0.49  0.05 -17.95 -25.18 -21.31 -20.78  54  1237     0  0.6
  2   837 J8   407  2562 J8  1768   365 J8   126  1872 12037  3.5  3.0  0.49  0.07 -14.56 -23.50 -18.66 -17.76  79  1046     0  0.2
  3  2303 J8   822  4567 J8  2496   846 J8   309  4331 16273  4.0  3.1  0.56  0.09  -4.06 -12.84  -8.22  -7.23  65   830     0  1.2
  4  4423 J8  1335  6881 J8  3473  1448 J8   470  7406 20445  3.0  2.2  0.63  0.11   3.35  -7.09  -1.39  -0.35  53   606     0  0.8
  5  5770 J8  1097  7042 J8  2922  2107 J8   532 10100 24462  4.4  3.6  1.33  0.11  14.71   4.18   9.79  10.48  53   275     0  1.1
  6  5450 J8  1747  5924 J8  3883  2265 J8   508 11413 27102  6.0  5.2  1.83  0.11  19.41   9.83  14.95  15.25  57   112     0  0.9
  7  5868 J8  1390  7445 J8  3715  2002 J8   687 10650 25436  4.7  3.9  1.91  0.09  19.04  10.29  14.62  15.07  65   115     1  1.3
  8  3658 J8  2035  4774 J8  4146  1415 J8   272  8234 21453  6.0  5.3  1.79  0.07  15.30   7.47  11.32  12.05  74   217     1  0.8
  9  2105 J8   862  1986 J8  2347  1403 J8   399  5236 17376  8.6  7.8  1.54  0.05   8.78   1.39   5.03   5.96  66   397     0  1.0
 10   856 J8   516  1418 J8  2004   530 J8   170  2525 13221  7.5  7.1  0.82  0.03   0.28  -5.20  -2.49  -1.65  71   644     0  0.9
 11   305 J8   188  1588 J8  1532   146 J8    68   799  8958  5.7  5.5  0.39  0.03  -8.96 -15.40 -11.89 -11.39  76   915     0  0.6
 12    71 J8    32   732 J8   718    42 J8    17   232  6114  5.8  5.1  0.69  0.03 -15.87 -23.99 -19.88 -19.51  72  1186     0  0.2
 13  2656 J8  2277  3860 J8  2520  1056 J8   821  5278 16731  5.3  4.5  1.04  0.07   1.62  -6.67  -2.34  -1.65  65  7581     3  0.8
 2006
  1   195 J8   128  1074 J8   939   107 J8    61   530  7865  4.0  3.5  0.34  0.05 -14.53 -22.11 -18.08 -17.68  66  1136     0  0.1
  2   811 J8   340  2342 J8  1564   394 J8   179  1855 12003  4.2  3.8  0.49  0.07  -9.60 -18.02 -13.46 -12.65  76   900     0  1.0
  3  2213 J8   971  4477 J8  3042   810 J8   292  4307 16235  3.6  3.2  0.43  0.09  -4.96 -14.44  -9.34  -8.29  56   869     0  1.3
  4  4252 J8  1339  5927 J8  3192  1599 J8   468  7381 20406  4.6  3.5  0.58  0.11   3.63  -7.53  -1.37  -0.43  54   608     0  0.9
  5  5568 J8  1670  7061 J8  4021  1986 J8   542 10082 24430  3.8  3.4  1.11  0.11  12.24   1.93   7.52   8.19  48   349     0  1.0
  6  5779 J8  1594  6313 J8  3394  2364 J8   449 11410 27091  6.6  4.6  1.71  0.11  18.01   8.77  13.65  13.95  59   148     0  1.6
  7  4615 J8  1541  4640 J8  3687  2247 J8   455 10664 25458  7.0  6.2  2.11  0.09  19.94  11.31  15.84  16.27  60    89     5  1.4
  8  3433 J8  1229  3736 J8  3345  1727 J8   471  8257 21489  7.7  6.3  1.78  0.07  16.32   7.84  12.00  12.79  71   199     5  0.6
  9  2724 J8  1095  4367 J8  3286  1150 J8   407  5261 17411  5.3  4.9  1.50  0.05  11.11   2.99   7.01   7.98  71   338     0  0.5
 10  1089 J8   610  2593 J8  2188   465 J8   174  2543 13258  6.5  6.0  0.96  0.03   0.54  -5.13  -2.32  -1.51  71   639     0  0.8
 11   346 J8   156  1952 J8  1296   161 J8    84   808  8988  3.6  3.2  0.33  0.03  -8.63 -15.56 -11.79 -11.19  74   913     0  0.7
 12    78 J8    35   888 J8   650    42 J8    11   233  6121  3.5  3.3  0.46  0.03 -13.10 -19.62 -16.22 -16.13  71  1075     0  0.1
 13  2592 J8  2116  3781 J8  2042  1088 J8   870  5278 16730  5.0  4.3  0.98  0.07   2.58  -5.80  -1.38  -0.73  65  7265    11  0.8
 2007
  1   200 J8   134  1202 J8   989   103 J8    51   524  7837  4.3  3.9  0.46  0.05 -18.82 -24.80 -21.61 -21.18  59  1244     0  0.2
  2   950 J8   393  3234 J8  1400   347 J8   114  1839 11965  2.1  1.9  0.38  0.07 -12.28 -19.69 -15.69 -15.00  50   961     0  0.6
  3  2637 J8   780  6068 J8  2202   751 J8   263  4283 16195  2.0  1.5  0.25  0.09  -5.58 -15.54 -10.35  -9.28  56   896     0  0.7
  4  4301 J8  1029  6193 J8  2551  1617 J8   430  7356 20376  4.0  3.0  0.74  0.11   3.96  -7.61  -1.20  -0.29  57   605     0  0.9
  5  5272 J8  1560  6262 J8  3967  2053 J8   584 10064 24396  5.3  4.7  1.15  0.11  14.56   3.56   9.66  10.40  44   287     0  1.3
  6  4784 J8  1736  4064 J8  3533  2574 J8   407 11407 27087  8.1  6.2  1.76  0.11  18.15   9.22  13.84  14.14  55   140     0  1.0
  7  4263 J8  1479  3641 J8  2953  2341 J8   457 10677 25492  7.6  6.8  2.25  0.09  19.78  11.29  15.69  16.16  62    87     0  0.7
  8  3310 J8  1248  3616 J8  3379  1682 J8   489  8280 21523  7.5  6.4  2.11  0.07  15.66   8.50  11.90  12.67  75   194     0  0.5
  9  2189 J8   902  2254 J8  2510  1359 J8   330  5285 17445  8.0  7.5  1.39  0.05  13.17   5.62   9.41  10.35  71   268     0  0.7
 10   726 J8   385   804 J8  1569   550 J8   221  2562 13290  8.6  8.4  0.71  0.03  -0.62  -5.53  -3.01  -2.38  78   663     0  0.5
 11   300 J8   169  1383 J8  1313   168 J8    90   817  9025  5.7  5.4  0.66  0.03  -9.07 -15.56 -12.34 -12.23  82   919     0  0.1
 12    65 J8    37   603 J8   664    41 J8    13   234  6129  6.0  5.8  0.45  0.03 -11.90 -19.36 -15.21 -14.74  79  1053     0  0.6
 13  2416 J8  1944  3277 J8  2095  1132 J8   917  5277 16730  5.8  5.1  1.03  0.07   2.25  -5.82  -1.58  -0.95  64  7317     1  0.6
 2008
  1   141 J8    84   442 J8   652   109 J8    56   518  7806  7.6  7.2  0.42  0.05 -15.35 -22.53 -18.75 -18.19  69  1155     0  0.4
  2   793 J8   432  2326 J8  1964   366 J8   120  1859 12001  4.4  4.0  0.37  0.07 -10.10 -18.58 -13.78 -13.31  67   947     0  1.1
  3  1881 J8  1043  3152 J8  3163   862 J8   236  4356 16298  5.8  5.4  0.57  0.09  -5.77 -17.54 -11.30 -10.01  57   930     0  0.9
  4  3286 J8  1503  3969 J8  3910  1574 J8   368  7431 20477  6.1  5.6  0.68  0.11   1.51  -8.82  -3.06  -2.28  60   660     0  1.0
  5  4409 J8  1533  4574 J8  3609  2114 J8   457 10117 24488  6.3  5.7  1.04  0.11  11.22   1.68   6.86   7.42  52   368     0  1.1
  6  4265 J8  1662  3486 J8  3468  2435 J8   367 11414 27103  7.4  6.8  1.70  0.11  16.43   8.21  12.75  13.03  65   180     0  1.1
  7  4238 J8  2002  4119 J8  4336  2154 J8   411 10635 25407  6.8  6.3  1.97  0.09  17.72   9.66  13.67  14.05  69   149     5  1.2
  8  3590 J8  1405  4727 J8  4125  1496 J8   536  8210 21427  5.9  5.3  1.62  0.07  13.80   6.55  10.15  10.82  74   253     0  0.4
  9  2167 J8   973  2774 J8  2863  1192 J8   334  5211 17346  6.8  6.4  1.31  0.05  10.60   2.10   6.25   7.48  75   359     0  0.6
 10   809 J8   424  1483 J8  2032   502 J8   195  2505 13187  7.3  6.9  0.56  0.03  -4.95 -10.97  -7.56  -6.95  80   815     0  0.4
 11   282 J8   154  1222 J8  1308   165 J8    80   790  8926  7.0  6.8  0.46  0.03 -11.84 -19.79 -15.71 -15.12  74  1024     0  0.2
 12    66 J8    31   628 J8   677    42 J8    12   231  6109  5.6  5.4  0.52  0.03 -14.97 -22.05 -18.17 -17.88  78  1142     0  0.7
 13  2161 J8  1729  2742 J8  1515  1084 J8   865  5273 16714  6.4  6.0  0.94  0.07   0.69  -7.67  -3.22  -2.58  69  7982     5  0.7
 2009
  1   178 J8    87  1041 J8   948   109 J8    53   537  7903  4.6  4.3  0.42  0.05 -20.06 -26.99 -23.62 -23.69  65  1298     0  0.8
  2   606 J8   373  1259 J8  1612   372 J8   126  1874 12040  7.4  7.1  0.52  0.07 -11.25 -19.64 -15.34 -14.56  80   946     0  0.5
  3  2051 J8   855  3716 J8  2943   892 J8   339  4334 16277  5.0  4.6  0.46  0.09  -3.98 -12.77  -8.05  -7.03  64   828     0  1.5
  4  3858 J8  1494  5198 J8  3854  1573 J8   402  7410 20447  4.9  4.3  0.67  0.11   4.63  -6.40  -0.23   0.76  59   576     0  0.9
  5  5142 J8  1785  6352 J8  4450  2003 J8   556 10103 24464  4.6  4.0  0.99  0.11  13.54   3.36   8.79   9.48  47   306     0  0.8
  6  4348 J8  1848  3800 J8  3864  2425 J8   464 11413 27102  7.3  6.5  1.64  0.11  15.90   7.39  11.74  12.01  65   201     0  1.1
  7  5126 J8  1735  5889 J8  3781  2019 J8   415 10648 25432  6.0  5.1  2.05  0.09  21.94  12.72  17.36  17.91  62    45    14  0.7
  8  3119 J8  1424  3426 J8  3741  1620 J8   400  8230 21449  7.3  6.7  1.71  0.07  15.68   8.94  11.92  12.53  76   187     1  0.7
  9  2432 J8  1204  3792 J8  3635  1043 J8   335  5233 17371  5.9  5.8  1.33  0.05  11.33   2.99   7.01   8.05  75   335     0  0.4
 10   924 J8   433  2095 J8  2164   497 J8   208  2522 13217  6.0  5.7  1.08  0.03   2.28  -2.56  -0.20   0.47  77   573     0  0.4
 11   338 J8   215  1750 J8  1522   149 J8    66   798  8954  5.1  4.9  0.42  0.03  -8.36 -14.63 -11.56 -11.54  81   895     0  0.6
 12    79 J8    25   909 J8   623    44 J8    15   232  6114  4.2  3.6  0.64  0.03 -13.42 -20.83 -16.78 -16.49  77  1099     0  0.2
 13  2350 J8  1941  3269 J8  1886  1062 J8   844  5278 16731  5.7  5.2  1.00  0.07   2.35  -5.70  -1.58  -1.01  69  7288    14  0.7
 2010
  1   179 J8   108   872 J8   836   112 J8    56   531  7872  4.5  4.4  0.44  0.05 -14.43 -21.55 -17.83 -17.57  66  1126     0  0.7
  2   743 J8   262  2193 J8  1580   377 J8   155  1858 12007  4.4  4.0  0.50  0.07 -12.32 -19.81 -15.89 -15.22  68   963     0  0.1
  3  2295 J8   981  4424 J8  2725   843 J8   208  4310 16238  3.6  3.3  0.41  0.09  -5.92 -15.75 -10.44  -9.48  59   904     0  1.0
  4  4088 J8  1135  5719 J8  3198  1609 J8   482  7384 20414  4.9  3.7  0.68  0.11   3.22  -5.70  -0.95  -0.03  49   587     0  1.0
  5  4931 J8  1771  5915 J8  3858  1984 J8   417 10084 24434  5.3  4.6  1.15  0.11  15.00   3.74   9.81  10.53  45   280     2  0.9
  6  3834 J8  1960  2867 J8  3539  2250 J8   352 11410 27093  8.1  7.6  1.73  0.11  19.12   9.57  14.61  14.90  57   123     3  0.9
  7  3789 J8  1770  3119 J8  3984  2196 J8   446 10661 25455  8.0  7.5  2.07  0.09  20.01  11.48  15.64  16.17  68    85     5  1.2
  8  3218 J8  1485  3244 J8  3455  1643 J8   343  8254 21483  7.7  7.1  1.96  0.07  16.30   9.09  12.40  13.08  69   175     0  0.8
  9  2908 J8   757  5822 J8  3169   941 J8   459  5257 17406  3.4  2.9  1.25  0.05   8.44   0.93   4.61   5.65  62   409     0  0.7
 10   977 J8   606  2284 J8  2667   471 J8   160  2541 13253  6.4  6.1  0.75  0.03   2.39  -2.90  -0.23   0.52  79   576     0  0.5
 11   308 J8   174  1395 J8  1295   166 J8    85   807  8984  6.1  5.8  0.69  0.03 -10.02 -16.14 -13.07 -12.94  82   942     0  0.2
 12    85 J8    29  1124 J8   633    41 J8    12   233  6121  2.8  2.3  0.36  0.03 -15.79 -24.12 -19.81 -19.20  79  1187     0  0.2
 13  2280 J8  1744  3248 J8  1835  1053 J8   843  5278 16730  5.4  4.9  1.00  0.07   2.17  -5.93  -1.76  -1.13  65  7358    11  0.7
