722103 ST LUCIE CO INTL       FL  -5  N27 29  W080 22     7  1012
 1991-2010
 MO AVGLO FL SDGLO AVDIR FL SDDIR AVDIF FL SDDIF AVETR AETRN  TOT  OPQ   H2O   TAU  MAX_T  MIN_T  AVG_T  AVGDT  RH  HTDD  CLDD AVWS
  1  3353 K6   357  4392 K7  1118  1244 K6   164  6393 14959  4.5  4.2  2.41  0.08  21.88  10.12  16.00  18.90  75   104    31  3.1
  2  4173 K6   406  4846 K7   983  1472 K6   168  7644 15688  4.3  4.1  2.43  0.09  23.40  12.09  17.87  20.31  74    58    41  3.3
  3  5148 K6   414  5177 K7   914  1870 K6   170  9148 16540  4.2  3.9  2.52  0.12  25.46  14.79  20.23  22.36  72    27    83  3.7
  4  6056 K6   451  5437 K7   850  2212 K6   190 10400 17356  4.0  3.7  2.72  0.16  26.79  16.42  21.91  23.91  70     8   106  3.7
  5  6414 K6   400  5296 K7   658  2501 K6   137 11117 17998  4.1  3.7  3.39  0.19  29.38  20.22  24.96  26.51  73     0   201  3.5
  6  5968 K6   544  4380 K7   911  2659 K6   252 11348 18278  5.1  4.2  4.54  0.22  31.35  22.66  26.81  28.29  79     1   261  2.8
  7  6106 K6   279  4605 K7   437  2666 K6   202 11175 18034  4.3  3.6  4.72  0.23  31.79  23.41  27.36  28.78  80     1   288  2.5
  8  5648 K6   364  4361 K7   651  2462 K6   251 10571 17381  4.3  3.7  4.90  0.22  31.91  23.55  27.34  28.88  81     0   291  2.4
  9  4894 K6   284  3927 K7   639  2230 K6   204  9497 16583  4.9  4.3  4.76  0.19  30.67  23.17  26.74  28.32  80     1   258  2.8
 10  4234 K6   419  4082 K7   898  1803 K6   137  8057 15761  4.7  4.3  3.82  0.15  28.38  19.48  23.98  26.05  75     3   176  3.1
 11  3516 K6   386  4094 K7  1010  1413 K6   131  6675 15033  4.5  4.3  2.93  0.12  25.54  15.09  20.44  22.66  76    20    80  3.1
 12  3086 K6   276  3960 K7   869  1241 K6   148  5982 14677  4.7  4.5  2.61  0.09  22.34  11.17  16.74  19.36  78    92    43  2.9
 13  4883 K6   239  4546 K7   634  1981 K6   150  9001 16524  4.5  4.0  3.48  0.16  27.41  17.68  22.53  24.53  76   313  1860  3.1
 1991
  1  3302 J8   752  3942 J8  1947  1362 J8   332  6386 14956  5.2  4.5  3.09  0.07  24.13  15.75  19.70  21.77  71    32    82  3.0
  2  3943 J8  1284  4548 J8  2792  1427 J8   389  7627 15676  4.6  4.3  2.59  0.08  22.46  13.31  17.80  19.90  68    50    37  3.6
  3  4750 J8  1561  4676 J8  2994  1765 J8   537  9126 16524  4.7  4.6  2.81  0.10  24.35  14.98  19.81  21.52  70    30    71  3.6
  4  5607 J8  1279  4698 J8  2188  2272 J8   442 10384 17345  4.8  4.4  3.35  0.15  26.30  19.58  23.17  24.27  61     0   138  3.6
  5  6073 J8  1540  4692 J8  2393  2571 J8   451 11109 17989  5.1  4.5  3.96  0.18  27.98  20.41  24.24  25.42  72     0   182  3.3
  6  6285 J8   949  4427 J8  1683  2885 J8   527 11347 18277  5.8  4.8  4.64  0.21  31.65  21.66  26.27  28.06  77     0   250  2.2
  7  6165 J8  1141  4606 J8  1940  2729 J8   470 11181 18041  5.7  4.3  4.93  0.23  32.28  24.32  28.24  29.64  71     0   309  1.8
  8  5773 J8   991  3870 J8  1682  2869 J8   557 10584 17392  5.0  4.0  4.93  0.26  32.37  24.08  27.82  29.34  77     0   307  1.9
  9  5027 J8   986  3638 J8  1712  2481 J8   459  9517 16598  4.9  4.2  4.81  0.27  30.86  23.65  27.13  28.66  77     0   268  1.9
 10  3855 J8  1130  2800 J8  1885  2114 J8   421  8080 15771  5.4  4.9  4.21  0.26  28.10  16.37  22.73  25.58  76    19   141  2.9
 11  2913 J8   810  2135 J8  1583  1764 J8   314  6692 15045  5.7  5.3  3.24  0.25  24.86  12.33  18.85  21.15  72    41    49  3.0
 12  2822 J8   627  2409 J8  1498  1630 J8   266  5984 14678  4.9  4.4  3.09  0.25  22.45  12.14  17.12  19.62  81    66    34  2.4
 13  4709 J8  1300  3870 J8   938  2156 J8   556  9002 16524  5.2  4.5  3.80  0.19  27.32  18.22  22.74  24.58  73   238  1868  2.8
 1992
  1  2650 J8   755  1931 J8  1354  1650 J8   293  6379 14951  5.6  5.3  2.73  0.26  23.07  11.15  17.39  20.15  66    72    34  3.1
  2  3277 J8  1095  2227 J8  1981  1954 J8   382  7640 15685  6.5  5.9  2.68  0.27  22.65  10.78  16.85  18.88  67    88    41  3.3
  3  4730 J8  1409  3696 J8  2380  2226 J8   451  9161 16543  5.4  4.9  2.62  0.28  25.23  15.77  20.60  22.47  69    21    88  3.0
  4  5558 J8  1280  3762 J8  2116  2784 J8   519 10408 17360  5.4  4.7  2.87  0.30  27.63  17.21  22.67  24.68  71     3   125  3.5
  5  6431 J8  1195  4853 J8  2166  2772 J8   524 11120 18002  4.1  3.7  2.90  0.32  29.42  17.91  23.99  26.00  70     0   165  3.0
  6  5378 J8  1421  2881 J8  1855  3146 J8   532 11347 18279  7.3  6.1  5.18  0.33  32.24  23.87  27.86  29.35  78     0   292  2.5
  7  6604 J8   709  4558 J8  1540  3132 J8   584 11172 18030  3.4  2.9  4.25  0.33  32.28  24.32  28.24  29.64  78     0   309  2.2
  8  5599 J8   965  3626 J8  1560  2893 J8   486 10564 17372  6.3  4.9  4.88  0.31  32.37  24.08  27.82  29.35  81     0   307  1.9
  9  4635 J8  1284  3018 J8  1774  2520 J8   413  9486 16579  6.1  5.3  4.87  0.26  30.80  23.62  27.10  28.62  79     0   266  2.7
 10  4066 J8  1037  3527 J8  2081  1929 J8   430  8044 15757  4.7  4.3  3.55  0.21  28.31  17.91  23.26  25.96  74     0   148  3.3
 11  2913 J8   961  2498 J8  1916  1602 J8   362  6664 15029  5.8  5.1  3.93  0.17  25.75  13.97  20.17  22.67  75    21    67  4.3
 12  3074 J8   686  3633 J8  1893  1329 J8   288  5980 14677  4.9  4.3  2.75  0.14  21.45   9.25  15.39  18.21  86   146    53  2.5
 13  4576 J8  1379  3351 J8   880  2328 J8   630  8997 16522  5.5  4.8  3.60  0.26  27.60  17.49  22.61  24.67  74   350  1896  2.9
 1993
  1  2747 J8   862  2462 J8  1698  1500 J8   280  6403 14966  6.3  5.7  3.39  0.12  23.68  14.71  19.44  21.49  74    46    73  3.2
  2  3582 J8  1253  3446 J8  2437  1621 J8   339  7655 15697  5.5  5.3  2.46  0.12  22.90  11.06  17.11  19.58  71    71    33  3.0
  3  4468 J8  1612  3811 J8  2996  1980 J8   545  9153 16546  5.3  4.9  2.55  0.14  26.99  16.84  21.77  23.77  66    14   125  3.6
  4  5729 J8  1470  4913 J8  2588  2294 J8   515 10404 17358  4.5  4.1  2.32  0.18  26.57  15.66  21.42  23.58  70     9    93  3.7
  5  6085 J8  1543  4726 J8  2506  2536 J8   554 11120 18004  5.2  4.8  3.27  0.22  30.70  20.64  25.55  26.89  70     9   237  3.7
  6  6540 J8  1042  4667 J8  1894  2945 J8   552 11348 18281  4.8  4.0  4.18  0.24  31.59  22.14  26.71  28.30  75     0   256  3.0
  7  6245 J8   994  4729 J8  1728  2725 J8   444 11174 18035  5.0  4.3  4.67  0.25  31.45  22.71  26.54  28.04  85     0   271  2.6
  8  5782 J8  1021  4141 J8  1750  2781 J8   471 10568 17378  5.2  4.2  4.81  0.24  31.65  23.76  27.22  28.54  83     0   291  2.6
  9  5054 J8  1145  4002 J8  2076  2303 J8   524  9493 16579  5.3  4.4  4.84  0.20  30.67  21.47  26.04  27.54  81    11   243  2.8
 10  3472 J8  1178  2712 J8  2122  1871 J8   370  8052 15756  5.9  5.7  4.70  0.16  27.68  20.94  24.08  24.93  67    13   199  2.6
 11  3074 J8  1069  2971 J8  2030  1480 J8   283  6671 15029  5.3  5.0  3.67  0.12  24.90  14.74  20.06  22.23  73    27    72  3.6
 12  2884 J8   799  3374 J8  2023  1304 J8   291  5981 14678  4.5  4.1  2.52  0.09  20.42   6.29  13.54  16.90  85   173    18  3.0
 13  4638 J8  1432  3830 J8   844  2112 J8   565  9002 16526  5.2  4.7  3.62  0.17  27.43  17.58  22.46  24.32  75   373  1910  3.1
 1994
  1  2706 J8  1079  2539 J8  2499  1454 J8   358  6395 14961  6.7  6.0  2.78  0.08  21.25   7.35  14.25  17.54  84   140    16  4.1
  2  3655 J8  1062  3596 J8  2302  1588 J8   375  7642 15688  5.9  5.7  2.94  0.09  25.69  14.66  20.26  22.78  60    15    66  4.2
  3  5007 J8  1040  4914 J8  2275  1887 J8   560  9140 16535  4.4  4.1  2.85  0.11  24.43  11.94  18.43  20.66  71    42    38  4.1
  4  5353 J8  1420  4268 J8  2506  2380 J8   533 10395 17352  4.9  4.7  3.47  0.15  26.45  17.49  22.03  23.85  71     2   111  4.2
  5  6099 J8  1220  4820 J8  2362  2581 J8   734 11115 17996  5.3  4.5  3.59  0.19  29.82  21.53  25.61  27.18  77     0   228  3.1
  6  5545 J8  1591  3613 J8  2337  2808 J8   514 11348 18278  7.3  6.1  4.91  0.22  32.30  23.75  27.82  29.37  78     0   291  2.3
  7  6122 J8   962  4421 J8  1808  2847 J8   474 11177 18038  5.9  4.8  4.58  0.23  32.00  23.19  27.51  28.66  79    13   300  2.5
  8  5395 J8  1246  3643 J8  1971  2752 J8   463 10575 17389  6.0  5.2  4.77  0.22  32.37  24.08  27.82  29.34  81     0   307  2.3
  9  4544 J8  1225  2999 J8  1742  2438 J8   389  9504 16587  7.3  6.0  4.97  0.19  30.86  23.65  27.13  28.66  79     0   268  2.3
 10  4262 J8   945  4016 J8  1987  1815 J8   395  8065 15765  4.8  4.5  3.91  0.15  28.31  17.91  23.26  25.96  74     0   148  2.7
 11  3334 J8   963  3551 J8  2272  1481 J8   351  6681 15035  4.8  4.6  3.38  0.11  26.14  14.21  20.51  23.07  70    18    73  3.7
 12  2711 J8   797  2773 J8  1978  1398 J8   289  5983 14677  6.4  6.0  2.99  0.08  21.12   8.32  15.03  17.53  82   146    34  3.2
 13  4561 J8  1227  3763 J8   761  2119 J8   571  9002 16525  5.8  5.2  3.76  0.15  27.56  17.34  22.47  24.55  75   375  1879  3.2
 1995
  1  3187 J8  1180  4058 J8  2915  1191 J8   362  6387 14956  4.9  4.7  2.30  0.07  19.07   5.86  12.14  15.51  78   197    15  3.0
  2  4275 J8  1165  5176 J8  2940  1385 J8   539  7629 15676  4.2  3.7  2.34  0.08  25.69  14.66  20.26  22.78  78    15    66  3.7
  3  4741 J8  1124  4337 J8  2215  1933 J8   443  9127 16526  5.4  4.7  2.68  0.10  25.67  15.89  20.85  22.74  67    16    92  4.0
  4  5625 J8  1622  4792 J8  2843  2251 J8   610 10386 17345  5.6  4.8  2.99  0.15  27.34  15.64  22.02  24.13  69     9   104  3.8
  5  6443 J8  1076  5508 J8  2002  2388 J8   542 11110 17989  4.5  3.8  3.57  0.18  29.14  20.71  25.26  26.69  74     0   204  3.4
  6  6063 J8  1113  4214 J8  1915  2863 J8   488 11347 18277  6.2  5.0  4.57  0.21  30.93  23.20  27.08  28.50  80     0   262  3.5
  7  6137 J8  1189  4442 J8  2006  2808 J8   500 11180 18040  5.7  4.5  4.80  0.22  32.28  24.32  28.24  29.64  78     0   309  2.9
  8  5523 J8  1272  4079 J8  2218  2536 J8   509 10583 17392  6.0  5.1  4.95  0.21  32.37  24.08  27.82  29.34  81     0   307  3.2
  9  5317 J8   918  4421 J8  1693  2265 J8   423  9516 16596  5.3  4.2  4.64  0.18  30.86  23.65  27.13  28.66  79     0   268  2.1
 10  4002 J8   950  3328 J8  1975  1975 J8   465  8078 15770  6.4  5.5  4.61  0.14  28.31  17.91  23.26  25.95  74     0   148  3.7
 11  3466 J8   968  4046 J8  2397  1371 J8   364  6691 15043  4.0  3.9  2.90  0.10  25.67  13.40  19.94  22.40  76    28    64  3.0
 12  2837 J8   913  3256 J8  2317  1290 J8   279  5984 14677  5.3  5.0  2.65  0.08  19.44   4.27  11.69  15.08  73   202     1  2.7
 13  4801 J8  1232  4305 J8   655  2021 J8   595  9002 16524  5.3  4.6  3.58  0.15  27.23  16.97  22.14  24.29  76   467  1842  3.3
 1996
  1  3095 J8   962  3768 J8  2694  1308 J8   454  6380 14952  4.8  4.5  2.31  0.07  18.19   4.70  11.19  14.74  70   221     7  3.6
  2  4223 J8  1099  4958 J8  2495  1512 J8   429  7642 15685  3.4  3.3  2.05  0.08  24.68  12.62  18.71  21.48  83    49    59  3.2
  3  5097 J8  1480  5100 J8  2747  1806 J8   547  9162 16545  4.1  3.6  2.26  0.11  27.09  15.91  21.42  23.46  77    12   110  4.2
  4  5744 J8  1681  5219 J8  2707  2134 J8   528 10409 17362  4.1  3.9  2.50  0.15  26.02  15.23  20.95  22.98  71    30    99  3.8
  5  5909 J8  1322  4533 J8  2402  2617 J8   582 11120 18002  5.2  4.6  3.57  0.19  28.78  20.32  24.88  26.37  70     0   193  3.4
  6  5514 J8  1547  3475 J8  2428  3010 J8   551 11347 18278  6.3  5.4  4.40  0.21  31.28  20.54  25.96  27.24  77    21   248  3.0
  7  6190 J8   824  4653 J8  1498  2823 J8   520 11172 18028  2.9  2.6  4.22  0.23  32.28  24.32  28.24  29.64  78     0   309  3.1
  8  5712 J8   730  4648 J8  1249  2529 J8   403 10563 17372  3.0  2.7  4.42  0.21  32.42  23.85  27.69  29.25  81     0   304  2.6
  9  4735 J8   776  3230 J8  1364  2521 J8   396  9485 16577  5.7  5.2  4.31  0.18  31.22  23.66  27.24  28.82  79     0   273  2.8
 10  3542 J8  1052  2868 J8  2206  1904 J8   435  8042 15756  6.0  5.5  3.82  0.14  28.26  17.76  23.17  25.87  75     0   145  3.8
 11  2943 J8   976  2850 J8  2138  1494 J8   331  6663 15029  5.5  5.1  2.74  0.10  25.87  13.24  19.96  22.54  74    27    63  4.5
 12  2712 J8   809  2983 J8  2043  1344 J8   297  5980 14677  5.3  5.0  2.46  0.08  23.00  11.34  17.21  19.97  80    80    45  2.7
 13  4618 J8  1269  4024 J8   919  2083 J8   604  8997 16522  4.7  4.3  3.25  0.15  27.42  16.96  22.22  24.36  76   441  1856  3.4
 1997
  1  3082 J8   830  3557 J8  2122  1361 J8   354  6404 14967  5.0  4.6  2.35  0.07  19.95   6.16  12.92  16.57  76   164     1  3.2
  2  3710 J8   972  3621 J8  1986  1738 J8   314  7656 15698  5.2  4.8  2.83  0.08  24.45  12.39  18.50  21.26  83    49    52  3.9
  3  4379 J8  1043  3517 J8  1852  2181 J8   366  9155 16547  5.1  4.9  2.93  0.10  27.69  17.60  22.45  24.47  83     6   140  3.9
  4  5028 J8  1425  3523 J8  2189  2549 J8   557 10405 17360  6.1  5.4  3.20  0.15  26.57  15.66  21.42  23.58  76     9    93  4.3
  5  5439 J8  1466  3678 J8  2120  2756 J8   495 11120 18004  6.1  5.5  3.72  0.18  29.39  20.41  25.11  26.67  77     0   204  3.3
  6  5603 J8   822  3521 J8  1517  3064 J8   475 11348 18280  6.4  5.4  4.08  0.21  32.16  23.88  27.84  29.37  78     0   291  2.8
  7  5619 J8   817  3378 J8  1490  3174 J8   482 11174 18034  6.3  5.3  4.59  0.22  32.28  24.32  28.24  29.64  78     0   309  1.9
  8  5187 J8   849  3151 J8  1476  2980 J8   463 10567 17377  6.3  5.4  4.67  0.21  32.37  24.08  27.82  29.34  81     0   307  1.8
  9  4335 J8   704  2455 J8  1286  2692 J8   405  9491 16578  6.9  5.8  4.73  0.18  30.86  23.65  27.13  28.66  79     0   268  2.9
 10  3764 J8   995  3083 J8  1784  1948 J8   337  8051 15756  5.5  4.8  3.27  0.14  28.31  17.91  23.26  25.96  74     0   148  3.2
 11  2877 J8   933  2581 J8  2001  1561 J8   349  6670 15027  5.9  5.4  3.22  0.10  25.80  14.13  20.27  22.74  76    21    70  3.0
 12  2671 J8   978  2923 J8  2737  1312 J8   420  5981 14678  6.1  5.7  2.80  0.08  19.72   5.46  12.23  15.95  73   180     2  3.2
 13  4308 J8  1081  3249 J8   413  2276 J8   680  9002 16525  5.9  5.3  3.53  0.15  27.46  17.14  22.27  24.52  78   430  1884  3.1
 1998
  1  3215 K4  1051  3794 K6  2674  1361 K4   468  6396 14961  6.3  5.9  2.55  0.07  22.65  11.70  17.07  19.66  78    69    34  3.5
  2  3989 K4  1556  4785 K6  3295  1362 K4   531  7643 15688  4.5  4.3  2.36  0.08  23.85  12.55  18.25  20.90  79    46    42  4.4
  3  5445 K4  1415  5921 K6  2755  1718 K4   604  9142 16537  4.9  4.5  2.26  0.10  27.69  17.60  22.45  24.47  83     6   140  4.3
  4  6316 K4  1154  5750 K6  2204  2285 K4   575 10396 17353  4.1  3.7  2.48  0.15  26.57  15.66  21.42  23.58  76     9    93  4.2
  5  6759 K4  1396  5931 K6  2452  2330 K4   589 11116 17996  4.1  3.8  3.20  0.18  30.36  20.47  25.44  27.10  80     0   220  2.9
  6  6946 K4   897  5967 K6  1620  2438 K4   420 11348 18278  4.9  4.1  4.05  0.21  32.30  23.87  27.82  29.37  78     0   293  2.9
  7  6160 K4  1296  4756 K6  1894  2586 K4   382 11177 18037  5.7  5.0  4.79  0.22  32.28  24.32  28.24  29.64  78     0   309  2.5
  8  6100 K4  1205  5260 K6  1921  2200 K4   363 10574 17388  5.3  4.7  4.83  0.21  32.37  24.08  27.82  29.34  81     0   307  2.5
  9  4910 K4  1006  3917 K6  1810  2211 K4   411  9503 16586  7.2  6.1  4.93  0.18  30.67  23.53  27.08  28.63  79     0   263  2.9
 10  4774 K4   739  5109 K6  1568  1757 K4   392  8064 15765  4.6  4.2  3.44  0.14  28.32  17.91  23.32  25.99  74     0   148  2.9
 11  3870 K4   902  4999 K6  1983  1323 K4   325  6680 15035  4.5  4.3  2.68  0.10  25.77  17.70  21.77  23.41  77     8   110  2.4
 12  3494 K4   622  4974 K6  1975  1190 K4   373  5982 14677  4.6  4.3  2.54  0.08  22.45  12.14  17.12  19.62  77    66    34  2.8
 13  5165 K4  1309  5097 K6   733  1897 K4   500  9002 16525  5.1  4.6  3.34  0.15  27.94  18.46  23.15  25.14  78   206  1993  3.2
 1999
  1  3534 K4   878  4768 K6  2285  1269 K4   399  6388 14957  4.6  4.4  2.18  0.07  23.35  12.19  17.97  20.49  73    61    44  3.4
  2  4668 K4   975  5994 K6  2141  1321 K4   424  7630 15676  3.4  3.4  1.93  0.08  19.57   7.80  13.78  16.23  72   143    13  3.2
  3  5875 K4  1083  6740 K6  2179  1656 K4   564  9129 16526  3.1  2.9  1.80  0.10  22.15   9.89  16.27  18.96  72    85    14  3.1
  4  6392 K4  1435  6074 K6  2380  2024 K4   523 10387 17347  4.3  4.1  2.56  0.15  26.45  17.49  22.03  23.85  71     2   111  3.2
  5  6792 K4   984  5918 K6  1694  2407 K4   416 11111 17990  4.9  4.3  2.91  0.18  29.82  21.53  25.61  27.18  77     0   228  3.3
  6  5275 K4  1772  3555 K6  2297  2567 K4   426 11347 18277  7.5  6.0  4.66  0.21  32.30  23.87  27.82  29.37  78     0   293  2.4
  7  6628 K4   843  5439 K6  1515  2525 K4   334 11180 18040  4.6  4.0  4.22  0.22  31.49  22.94  26.98  28.47  84     0   275  2.9
  8  5507 K4  1349  4256 K6  1897  2377 K4   335 10582 17391  3.2  2.8  4.87  0.21  32.33  23.27  26.95  28.53  83     0   294  2.2
  9  4716 K4  1381  3765 K6  2264  2185 K4   422  9514 16596  4.8  4.1  4.55  0.18  30.55  22.53  26.29  28.00  81     0   246  2.9
 10  3911 K4  1371  3610 K6  2376  1766 K4   422  8077 15770  5.4  4.9  3.71  0.14  27.74  21.34  24.38  25.64  80     0   192  3.9
 11  3969 K4   557  4938 K6  1440  1422 K4   307  6690 15041  4.0  3.9  2.25  0.10  25.47  17.13  21.26  22.96  77     4    94  3.3
 12  3169 K4  1046  4524 K6  2679  1111 K4   359  5984 14677  4.3  4.2  2.40  0.08  22.66  12.87  17.75  20.12  79    56    39  2.4
 13  5036 K4  1237  4965 K6  1069  1886 K4   529  9002 16524  4.5  4.1  3.17  0.15  26.99  17.74  22.26  24.15  77   352  1842  3.0
 2000
  1  3450 K4  1028  4913 K6  2515  1144 K4   354  6381 14952  3.6  3.4  1.89  0.07  22.28  10.51  16.50  19.49  77    80    20  2.9
  2  4565 K4  1246  5685 K6  2691  1358 K4   496  7643 15686  3.6  3.5  1.88  0.08  22.48  12.17  17.40  19.76  75    54    25  3.0
  3  5553 K4  1129  5889 K6  2165  1889 K4   508  9164 16545  3.5  3.3  2.31  0.11  26.55  15.00  20.98  23.32  75     4    80  3.4
  4  6328 K4  1573  6031 K6  2501  2072 K4   509 10410 17363  3.2  3.0  2.25  0.15  26.57  15.30  21.20  23.39  72    12    90  3.6
  5  7018 K4   612  6101 K6  1166  2481 K4   350 11121 18002  2.9  2.7  3.00  0.19  29.48  19.90  25.14  26.73  70     0   197  3.8
  6  6469 K4  1449  5447 K6  2022  2403 K4   386 11347 18278  3.7  3.1  4.17  0.21  30.63  21.97  26.35  27.80  77     0   239  3.5
  7  6034 K4  1277  4592 K6  1798  2545 K4   319 11171 18027  4.1  3.4  4.85  0.23  31.90  22.52  26.66  28.24  81     0   275  2.6
  8  5851 K4  1167  4788 K6  1791  2371 K4   388 10562 17371  3.4  2.8  4.66  0.21  31.30  22.52  26.71  28.47  80     0   266  2.6
  9  4971 K4  1443  4332 K6  2239  2059 K4   374  9483 16577  4.1  3.3  4.64  0.18  30.97  22.80  26.79  28.59  81     0   257  2.8
 10  4511 K4  1090  4887 K6  2083  1642 K4   394  8040 15754  3.5  3.3  2.98  0.14  27.55  19.38  23.21  25.15  76     0   159  3.2
 11  3896 K4   992  5166 K6  2148  1261 K4   329  6662 15029  3.2  2.9  2.42  0.10  25.27  13.75  19.65  22.24  77    24    59  2.7
 12  3354 K4   720  4533 K6  1952  1263 K4   316  5980 14676  4.4  4.1  2.05  0.08  22.46  12.29  17.43  19.68  78    75    46  3.3
 13  5167 K4  1225  5197 K6   617  1874 K4   524  8997 16522  3.6  3.3  3.09  0.15  27.29  17.34  22.34  24.40  77   250  1713  3.1
 2001
  1  3778 K4   830  5543 K6  2054  1117 K4   391  6405 14967  3.9  3.6  1.75  0.07  20.83   7.07  13.69  17.23  73   151    15  2.7
  2  4805 K4   917  6132 K6  1797  1383 K4   346  7658 15699  3.7  3.5  2.47  0.08  25.69  14.66  20.26  22.75  78    15    66  3.2
  3  5069 K4  1475  5023 K6  2933  1880 K4   613  9156 16549  4.0  3.7  2.41  0.10  25.98  13.81  19.83  22.32  72    33    82  3.6
  4  6444 K4  1291  6248 K6  2273  2047 K4   570 10407 17360  3.1  2.8  2.41  0.15  27.04  16.47  22.08  24.08  69     6   109  3.9
  5  6371 K4  1341  5109 K6  2292  2574 K4   522 11121 18004  3.8  3.3  3.02  0.18  28.60  19.32  24.02  25.56  74     0   175  3.9
  6  6047 K4  1069  4668 K6  1456  2488 K4   284 11348 18280  4.2  3.3  4.32  0.21  31.20  21.42  25.92  27.62  82     0   239  3.1
  7  5786 K4  1537  4344 K6  2084  2571 K4   392 11173 18033  4.5  3.7  4.88  0.22  30.74  22.77  26.30  27.66  84     0   261  3.0
  8  5754 K4  1454  4780 K6  2157  2277 K4   421 10566 17375  3.6  2.9  4.83  0.21  31.29  22.73  26.86  28.54  83     0   269  2.8
  9  4481 K4  1555  3547 K6  2348  2142 K4   337  9490 16575  5.3  4.5  4.76  0.18  29.33  21.96  25.28  26.86  85     0   220  3.0
 10  4039 K4  1278  3544 K6  2149  1869 K4   327  8049 15756  6.0  5.3  3.62  0.14  27.65  20.79  24.14  25.51  78     3   186  3.6
 11  3665 K4   992  4478 K6  2257  1343 K4   358  6669 15027  4.4  4.2  2.61  0.10  25.43  16.80  21.05  23.12  81     0    84  3.4
 12  3338 K4   737  4491 K6  2045  1232 K4   363  5981 14677  4.1  3.9  2.44  0.08  24.82  15.47  20.12  22.50  80    29    85  3.0
 13  4965 K4  1108  4826 K6   860  1910 K4   532  9002 16525  4.2  3.7  3.29  0.15  27.38  17.77  22.46  24.48  78   237  1790  3.3
 2002
  1  3490 K4  1140  5026 K6  2601  1128 K4   404  6397 14961  3.4  3.3  2.52  0.07  22.90  11.12  16.99  19.91  83    84    43  2.9
  2  4140 K4  1198  4804 K6  2425  1497 K4   436  7645 15691  5.1  4.7  2.72  0.08  22.57  12.39  17.55  19.55  79    51    27  3.0
  3  5351 K4  1588  5628 K6  2863  1795 K4   520  9143 16538  3.8  3.6  2.78  0.10  26.13  15.75  21.24  23.26  77     9    90  3.6
  4  6502 K4   982  6061 K6  1733  2202 K4   443 10397 17353  3.2  3.1  3.27  0.15  27.63  17.88  23.26  25.08  74     0   133  3.6
  5  6718 K4  1403  5875 K6  2199  2364 K4   511 11116 17996  3.7  3.6  3.42  0.18  29.14  20.71  25.26  26.69  74     0   204  3.9
  6  5184 K4  1498  3165 K6  2154  2772 K4   376 11348 18279  6.6  5.7  4.86  0.21  29.52  22.12  25.52  26.74  86     0   225  2.8
  7  5645 K4  1440  4021 K6  1945  2651 K4   346 11176 18037  5.3  4.8  4.96  0.22  30.65  22.55  26.33  27.67  85     0   256  2.1
  8  5946 K4  1253  4887 K6  1716  2315 K4   309 10573 17386  4.5  4.0  4.82  0.21  31.06  22.91  26.53  28.19  83     0   268  2.5
  9  5079 K4  1128  4169 K6  2001  2284 K4   401  9501 16584  4.8  4.3  5.07  0.18  30.90  23.53  27.04  28.63  82     0   267  3.0
 10  4773 K4   651  5104 K6  1357  1771 K4   321  8062 15764  3.3  3.2  4.17  0.14  29.62  20.60  25.10  27.19  81     0   210  2.3
 11  3874 K4   913  5045 K6  1976  1280 K4   341  6679 15035  3.8  3.6  3.01  0.10  25.23  13.60  19.40  21.84  78    30    62  2.5
 12  3031 K4   983  3870 K6  2407  1231 K4   356  5982 14677  4.9  4.5  2.62  0.08  23.00  11.34  17.21  19.95  80    80    45  2.8
 13  4978 K4  1164  4805 K6   863  1941 K4   568  9002 16525  4.4  4.0  3.69  0.15  27.36  17.88  22.62  24.56  80   254  1830  2.9
 2003
  1  3701 K4   818  5371 K6  2336  1138 K4   449  6389 14957  3.1  2.9  1.79  0.07  19.78   6.14  12.79  16.45  77   167     1  2.7
  2  4383 K4  1070  5140 K6  2537  1522 K4   558  7632 15680  3.9  3.7  2.71  0.08  24.45  12.39  18.50  21.27  83    49    52  3.1
  3  4970 K4  1295  4444 K6  2426  2122 K4   510  9130 16529  5.0  4.7  3.41  0.10  27.69  17.60  22.45  24.47  83     6   140  2.8
  4  6050 K4  1424  5358 K6  2310  2249 K4   506 10388 17348  3.7  3.5  2.96  0.15  26.57  15.66  21.42  23.58  76     9    93  3.2
  5  6335 K4  1328  5203 K6  2001  2543 K4   379 11111 17990  3.4  3.1  3.97  0.18  30.20  20.16  25.35  27.05  80     0   212  3.1
  6  5668 K4  1495  4142 K6  2178  2550 K4   380 11347 18277  5.0  4.3  4.83  0.21  30.59  22.40  26.09  27.43  85     0   245  2.8
  7  5980 K4  1135  4546 K6  1651  2555 K4   303 11180 18040  4.7  4.0  4.75  0.22  31.14  22.55  26.56  28.07  87     0   264  2.5
  8  5382 K4  1287  4246 K6  1886  2225 K4   328 10581 17391  5.3  4.6  5.11  0.21  30.35  22.51  25.93  27.30  86     0   251  2.4
  9  4862 K4  1380  4111 K6  2204  2064 K4   379  9513 16595  4.7  4.1  4.84  0.18  29.31  22.30  25.44  26.97  88     0   224  2.3
 10  4483 K4   852  4589 K6  1976  1768 K4   443  8075 15768  4.5  4.1  3.75  0.14  28.48  20.16  24.47  26.41  80     0   186  2.8
 11  3805 K4   979  4942 K6  2179  1325 K4   296  6689 15039  4.7  4.5  3.18  0.10  26.28  17.92  22.15  23.92  80     9   122  3.1
 12  3256 K4   926  4576 K6  2275  1146 K4   306  5984 14677  4.5  4.3  2.20  0.08  21.87  11.06  16.60  18.96  75    80    23  3.0
 13  4906 K4  1007  4722 K6   464  1934 K4   539  9002 16524  4.4  4.0  3.62  0.15  27.23  17.57  22.31  24.32  82   322  1813  2.8
 2004
  1  3735 K4   983  5734 K6  2434   995 K4   291  6382 14953  3.8  3.6  2.28  0.07  22.04   9.89  15.93  19.10  80    85    12  2.6
  2  4348 K4  1203  5148 K6  2663  1470 K4   501  7645 15687  5.5  5.3  2.58  0.08  23.52  13.02  18.43  20.59  77    45    43  3.1
  3  5535 K4  1255  5979 K6  2468  1821 K4   567  9166 16545  3.8  3.6  2.26  0.11  25.06  15.19  20.19  22.35  69    19    75  4.0
  4  6447 K4  1288  6187 K6  2459  2046 K4   517 10411 17364  3.4  3.2  2.41  0.15  26.34  14.96  21.10  23.38  67    16    85  3.9
  5  7064 K4  1019  6435 K6  1860  2298 K4   462 11121 18002  3.3  3.2  3.09  0.19  28.78  20.32  24.88  26.37  69     0   193  4.4
  6  6702 K4   886  5727 K6  1331  2392 K4   314 11347 18277  4.1  3.5  4.71  0.21  32.14  22.43  27.17  29.05  76     0   269  3.0
  7  6238 K4  1146  4957 K6  1747  2554 K4   415 11171 18027  4.0  3.4  4.77  0.23  32.29  22.40  27.02  28.75  77     0   280  2.5
  8  4964 K4  1294  3600 K6  1800  2325 K4   290 10561 17371  5.7  4.7  5.25  0.21  31.65  23.19  26.64  28.09  83     0   282  2.2
  9  4620 K4  1607  3833 K6  2301  2058 K4   430  9482 16577  4.6  4.1  4.93  0.18  30.65  24.10  27.03  28.30  78     0   271  4.8
 10  4596 K4  1032  4837 K6  1932  1684 K4   368  8039 15753  4.0  3.8  3.52  0.14  28.07  20.06  24.27  26.04  76     0   178  2.8
 11  3545 K4   984  4243 K6  2140  1402 K4   317  6661 15028  4.6  4.4  2.84  0.10  26.03  17.20  21.76  23.69  73     1   100  3.2
 12  3063 K4  1102  4104 K6  2569  1129 K4   312  5980 14676  5.3  5.2  2.58  0.08  22.45  12.05  17.38  19.60  74    70    36  2.9
 13  5071 K4  1322  5065 K6   962  1848 K4   515  8997 16522  4.3  4.0  3.43  0.15  27.42  17.90  22.65  24.61  75   237  1824  3.3
 2005
  1  3736 K4   768  5504 K6  2158  1100 K4   421  6406 14968  4.3  4.2  2.40  0.07  22.58  12.06  17.34  19.80  76    68    37  3.1
  2  4188 K4  1185  4767 K6  2430  1544 K4   484  7660 15701  4.1  3.9  2.63  0.08  23.21  11.50  17.64  20.23  72    50    22  2.9
  3  5013 K4  1681  5026 K6  3025  1828 K4   680  9158 16549  4.5  4.0  2.63  0.10  23.75  13.35  18.65  20.68  73    58    65  3.3
  4  6547 K4  1045  6306 K6  1835  2097 K4   478 10408 17360  3.0  2.8  2.27  0.15  25.67  14.10  20.37  22.65  68    12    59  3.7
  5  6125 K4  1813  4925 K6  2632  2522 K4   542 11121 18005  4.3  4.0  3.43  0.18  27.96  19.72  24.16  25.51  74     0   171  3.3
  6  5016 K4  1812  3225 K6  2408  2598 K4   529 11349 18280  7.0  5.8  4.95  0.21  29.63  23.00  26.11  27.02  83     0   240  3.0
  7  6474 K4  1167  5271 K6  1811  2510 K4   360 11173 18031  3.7  3.3  4.82  0.22  31.71  24.35  28.03  29.23  79     0   301  3.1
  8  6049 K4  1121  5085 K6  1676  2312 K4   325 10565 17373  3.9  3.5  5.18  0.21  32.20  23.87  27.84  29.47  78     0   301  2.6
  9  4723 K4  1502  3991 K6  2407  2089 K4   400  9488 16574  4.8  4.3  4.57  0.18  30.77  23.23  26.72  28.35  79     0   260  3.3
 10  4057 K4  1337  3898 K6  2242  1784 K4   339  8047 15756  5.1  4.8  4.03  0.14  28.33  21.15  24.61  26.11  78     4   202  3.5
 11  3507 K4  1064  4007 K6  2391  1457 K4   373  6668 15026  4.8  4.7  3.02  0.10  25.77  17.70  21.76  23.41  77     8   110  3.1
 12  3243 K4   957  4506 K6  2499  1122 K4   345  5981 14677  4.3  4.1  2.46  0.08  22.45  12.14  17.12  19.62  77    66    34  3.0
 13  4890 K4  1180  4709 K6   836  1914 K4   529  9002 16525  4.5  4.1  3.53  0.15  27.00  18.02  22.53  24.34  76   266  1802  3.2
 2006
  1  3765 K4   677  5484 K6  2106  1164 K4   431  6398 14962  3.2  2.8  2.24  0.07  23.23  11.87  17.90  20.47  72    66    42  3.5
  2  4378 K4  1468  5719 K6  2934  1216 K4   423  7647 15691  3.2  3.1  2.18  0.08  24.01  12.48  18.36  20.69  77    41    39  3.0
  3  5880 K4   959  6754 K6  1883  1658 K4   480  9145 16540  2.1  2.0  2.26  0.10  24.93  13.41  19.67  22.10  67    23    49  3.5
  4  6454 K4  1235  6146 K6  2319  2091 K4   539 10399 17355  3.4  3.2  2.77  0.15  28.12  17.87  23.20  25.20  68     0   140  3.7
  5  6512 K4  1623  5614 K6  2605  2328 K4   531 11117 17997  1.9  1.9  3.28  0.18  29.42  17.91  23.99  26.00  70     0   165  2.8
  6  6068 K4  1818  4882 K6  2478  2367 K4   406 11348 18278  2.9  2.6  4.33  0.21  30.51  22.58  26.38  27.65  77     0   246  3.0
  7  6004 K4  1459  4571 K6  2099  2557 K4   351 11176 18036  2.8  2.6  4.80  0.22  30.83  23.27  27.00  28.24  78     0   270  2.8
  8  5643 K4  1230  4502 K6  1867  2362 K4   396 10572 17386  2.4  2.2  4.95  0.21  31.75  22.70  26.95  28.67  78     0   276  2.6
  9  5107 K4   959  4597 K6  1717  2043 K4   287  9500 16583  2.6  2.3  4.60  0.18  31.13  22.20  26.36  28.27  77     0   250  2.4
 10  4536 K4  1135  4784 K6  1970  1725 K4   330  8060 15762  2.8  2.6  3.48  0.14  28.95  18.73  23.95  26.26  70     2   173  3.0
 11  3679 K4   950  4436 K6  2130  1376 K4   320  6678 15035  3.9  3.3  2.64  0.10  24.99  14.70  19.62  21.83  73    38    83  3.3
 12  3061 K4   874  3815 K6  2177  1257 K4   309  5982 14677  5.3  4.8  3.38  0.08  24.95  18.19  21.55  23.01  74    11   112  3.8
 13  5091 K4  1179  5109 K6   839  1845 K4   509  9002 16525  3.1  2.8  3.41  0.15  27.73  17.99  22.91  24.87  73   182  1846  3.1
 2007
  1  3418 K4   980  4600 K6  2511  1238 K4   404  6390 14957  4.5  4.3  2.95  0.07  23.68  14.71  19.44  21.49  74    46    73  3.1
  2  4052 K4  1647  4918 K6  3195  1289 K4   477  7634 15682  3.7  3.5  2.56  0.08  22.90  11.06  17.11  19.59  71    71    33  3.1
  3  5424 K4  1259  5669 K6  2450  1847 K4   537  9132 16529  3.8  3.5  2.43  0.10  25.27  15.90  20.63  22.48  67    21    91  4.1
  4  6287 K4  1461  5998 K6  2284  2037 K4   426 10389 17349  2.8  2.6  2.62  0.15  27.24  15.57  21.79  23.93  66     9   101  3.6
  5  6555 K4   983  5278 K6  1639  2652 K4   407 11112 17991  4.4  4.1  3.20  0.18  28.23  20.00  24.31  25.68  67     0   179  4.2
  6  6049 K4  1696  4728 K6  2302  2508 K4   332 11347 18276  3.6  3.0  4.31  0.21  30.49  21.87  26.26  27.63  75     0   235  3.2
  7  5859 K4  1221  4538 K6  1682  2457 K4   364 11179 18040  2.8  2.3  5.08  0.22  32.00  23.03  26.97  28.44  79     0   285  2.1
  8  6324 K4   852  5543 K6  1399  2271 K4   298 10580 17391  2.5  2.2  4.64  0.21  32.08  23.55  27.80  29.45  77     0   294  2.3
  9  5128 K4  1312  4499 K6  2047  2075 K4   317  9511 16592  4.0  3.6  4.77  0.18  30.85  23.11  26.76  28.49  78     0   259  2.5
 10  4215 K4  1130  3979 K6  2120  1822 K4   325  8073 15767  5.0  4.7  4.59  0.14  29.29  23.69  26.35  27.49  77     0   253  3.8
 11  3895 K4   829  5074 K6  1936  1306 K4   339  6688 15038  3.7  3.6  2.91  0.10  25.60  15.96  20.84  22.93  74     8    81  2.5
 12  3328 K4   720  4550 K6  1902  1219 K4   326  5984 14677  4.2  4.1  3.07  0.08  25.22  15.35  20.23  22.68  80    17    77  2.0
 13  5044 K4  1201  4948 K6   583  1893 K4   528  9002 16524  3.8  3.4  3.59  0.15  27.74  18.65  23.21  25.02  74   171  1962  3.0
 2008
  1  3352 K4  1141  4526 K6  2723  1203 K4   389  6383 14953  5.1  4.8  2.69  0.07  22.98  13.15  18.30  20.39  73    55    47  2.7
  2  4530 K4   968  5482 K6  2261  1497 K4   477  7646 15689  3.8  3.6  2.72  0.08  25.33  14.22  20.24  22.48  73    30    72  2.9
  3  5331 K4  1222  5279 K6  2307  1967 K4   467  9167 16548  4.3  3.9  2.65  0.11  25.57  15.66  20.88  22.76  69    14    85  3.5
  4  6465 K4  1030  6000 K6  2096  2192 K4   568 10412 17366  3.4  3.1  2.68  0.15  27.17  16.64  22.37  24.36  67     6   113  3.2
  5  6825 K4  1109  5920 K6  1872  2474 K4   434 11122 18003  3.4  3.2  3.28  0.19  30.85  20.63  25.81  27.59  66     0   230  3.7
  6  6175 K4  1271  4782 K6  1875  2513 K4   347 11347 18276  2.8  2.5  4.41  0.21  31.59  22.14  26.71  28.30  75     0   256  2.6
  7  5795 K4  1313  4338 K6  1807  2547 K4   359 11170 18027  3.3  2.7  4.82  0.23  31.40  22.67  26.50  28.00  79     0   270  2.0
  8  4905 K4  1687  3587 K6  2140  2254 K4   431 10560 17371  3.2  2.9  5.14  0.21  31.65  23.76  27.22  28.55  79     0   291  3.0
  9  5065 K4  1383  4322 K6  2123  2134 K4   403  9480 16574  4.0  3.8  4.59  0.18  30.16  23.99  27.04  28.32  78     0   262  3.2
 10  4220 K4  1045  4216 K6  2156  1743 K4   413  8037 15751  4.8  4.4  3.67  0.14  27.67  20.65  24.09  25.52  73     9   190  3.2
 11  4002 K4   683  5379 K6  1927  1249 K4   392  6660 15027  3.2  3.0  2.38  0.10  23.99  13.00  18.21  20.74  76    49    54  2.4
 12  3358 K4   761  4767 K6  2054  1186 K4   336  5980 14676  4.5  4.4  2.50  0.08  23.74  14.10  19.13  21.41  76    36    54  3.1
 13  5002 K4  1162  4883 K6   737  1913 K4   522  8997 16522  3.8  3.5  3.46  0.15  27.67  18.38  23.04  24.87  74   199  1924  3.0
 2009
  1  3697 K4  1027  5476 K6  2466  1081 K4   382  6407 14968  2.3  2.1  2.10  0.07  22.16   8.91  15.59  19.11  74   100    13  2.5
  2  4738 K4   948  5949 K6  1979  1381 K4   404  7661 15701  3.3  3.1  2.04  0.08  22.31  10.36  16.62  19.31  69    78    23  3.0
  3  5225 K4  1278  5397 K6  2517  1870 K4   522  9160 16549  4.1  3.9  2.40  0.10  24.87  13.80  19.83  22.00  70    29    60  3.7
  4  6343 K4  1226  5943 K6  2223  2162 K4   521 10409 17361  3.0  2.7  2.49  0.15  27.20  16.77  22.29  24.27  67    14   124  4.1
  5  6169 K4  1611  5167 K6  2374  2359 K4   407 11122 18006  3.3  3.0  3.73  0.18  29.66  20.32  24.98  26.43  77     0   206  3.6
  6  6333 K4  1361  5075 K6  1997  2411 K4   335 11349 18280  2.6  2.3  4.54  0.21  31.65  22.65  26.73  28.21  80     0   265  2.4
  7  6232 K4  1166  4964 K6  1641  2501 K4   268 11172 18031  2.4  2.1  4.80  0.22  32.25  22.95  27.05  28.69  79     0   287  2.0
  8  5972 K4   945  5054 K6  1360  2276 K4   277 10564 17371  2.5  2.2  4.88  0.21  31.86  23.83  27.75  29.25  80     0   295  2.4
  9  5307 K4   855  4755 K6  1668  2098 K4   388  9486 16574  3.2  2.8  5.03  0.18  31.16  23.12  26.90  28.65  80     0   264  1.9
 10  4605 K4   986  4893 K6  1809  1699 K4   347  8046 15754  3.1  2.9  4.26  0.14  30.27  20.50  25.49  27.53  77     5   224  2.6
 11  3468 K4  1018  3865 K6  2306  1482 K4   391  6667 15026  4.2  4.1  2.90  0.10  26.27  16.21  21.26  23.49  75    16   104  3.0
 12  2765 K4  1049  3326 K6  2396  1266 K4   330  5980 14677  4.9  4.7  3.21  0.08  23.86  14.90  19.50  21.45  80    46    79  3.3
 13  5071 K4  1234  4989 K6   761  1882 K4   490  9002 16525  3.2  3.0  3.53  0.15  27.79  17.86  22.83  24.87  76   289  1944  2.9
 2010
  1  3420 K4  1118  4847 K6  2806  1109 K4   435  6399 14963  2.9  2.8  1.95  0.07  19.87   7.45  13.54  16.61  72   168    23  3.5
  2  4016 K4  1530  4827 K6  2967  1369 K4   424  7648 15693  3.2  3.0  1.93  0.08  19.57   7.80  13.78  16.22  72   143    13  3.4
  3  5119 K4  1781  5729 K6  3132  1559 K4   478  9147 16541  2.7  2.5  2.02  0.10  22.15   9.89  16.27  18.96  72    85    14  3.8
  4  5904 K4  1562  5458 K6  2484  2067 K4   488 10400 17356  3.6  3.3  2.61  0.15  26.45  17.49  22.03  23.85  71     2   111  3.8
  5  6567 K4  1020  5631 K6  1726  2466 K4   466 11117 17998  3.0  2.7  3.67  0.18  29.82  21.53  25.61  27.18  77     0   228  3.5
  6  6496 K4  1053  5445 K6  1749  2445 K4   376 11348 18279  2.2  2.1  4.64  0.21  32.30  23.87  27.82  29.37  78     0   293  2.8
  7  6213 K4  1192  4971 K6  1891  2527 K4   338 11175 18036  2.5  2.2  4.80  0.22  32.28  24.32  28.24  29.64  78     0   309  3.0
  8  5591 K4  1420  4476 K6  2063  2332 K4   347 10571 17385  2.9  2.6  5.40  0.21  32.37  24.08  27.82  29.34  81     0   307  2.4
  9  5257 K4  1400  4941 K6  2103  1931 K4   360  9498 16583  3.2  2.8  4.71  0.18  30.86  23.65  27.13  28.66  79     0   268  3.1
 10  4991 K4   837  5858 K6  1677  1475 K4   304  8059 15761  2.9  2.7  3.11  0.14  28.31  17.91  23.26  25.96  74     0   148  2.6
 11  3624 K4  1062  4672 K6  2310  1274 K4   288  6676 15032  4.5  4.2  2.74  0.10  25.80  14.13  20.29  22.75  76    21    70  2.8
 12  3557 K4   983  5823 K6  2453   853 K4   258  5982 14678  2.2  2.0  1.58  0.08  19.17   4.39  11.50  15.30  71   205     3  3.1
 13  5063 K4  1160  5223 K6   486  1784 K4   584  9002 16525  3.0  2.7  3.26  0.15  26.58  16.38  21.44  23.65  75   625  1786  3.1
