702986 BIG RIVER LAKE         AK  -9  N60 49  W152 18    12  1012
 1991-2010
 MO AVGLO FL SDGLO AVDIR FL SDDIR AVDIF FL SDDIF AVETR AETRN  TOT  OPQ   H2O   TAU  MAX_T  MIN_T  AVG_T  AVGDT  RH  HTDD  CLDD AVWS
  1   334 J8    35   863 J8   315   236 J8    22   925  9263  6.2  5.7  0.61  0.07  -3.95 -11.22  -7.40  -6.41  70   803     0  2.3
  2   969 J8   125  1581 J8   665   614 J8    59  2359 12634  6.6  5.8  0.64  0.10  -1.17  -8.59  -4.71  -3.44  77   656     0  1.9
  3  2302 J8   321  3105 J8  1157  1213 J8   114  4816 16290  5.8  5.0  0.57  0.12   1.15  -5.97  -2.43  -1.24  75   643     0  2.8
  4  3610 J8   415  3340 J8  1037  2036 J8   145  7750 19890  7.0  5.9  0.76  0.14   6.68  -0.07   3.27   4.04  71   451     0  2.0
  5  5033 J8   452  4510 J8   980  2597 J8   130 10233 23159  6.7  5.4  1.06  0.14  12.97   4.51   8.72   9.40  72   297     0  2.0
  6  5575 J8   434  4821 J8  1072  2831 J8   207 11410 25033  7.0  5.5  1.54  0.14  18.04   8.82  13.33  13.82  77   149     2  2.1
  7  4727 J8   431  3857 J8  1001  2578 J8   180 10739 23879  7.5  6.5  1.96  0.11  19.41  11.10  14.95  15.55  82   100     5  1.9
  8  3792 J8   354  3611 J8   875  2030 J8   116  8541 20746  7.3  6.3  1.89  0.09  18.37  10.17  13.83  14.72  81   128     2  1.8
  9  2482 J8   278  3016 J8   870  1325 J8    83  5714 17261  7.0  6.1  1.41  0.06  13.27   5.56   9.05  10.37  79   268     0  1.8
 10  1294 J8   121  2330 J8   621   705 J8    60  3049 13667  6.5  5.6  0.95  0.05   5.75   0.20   2.77   3.83  78   476     0  2.4
 11   462 J8    73  1295 J8   626   282 J8    27  1239 10123  6.4  5.8  0.72  0.04   1.56  -6.19  -2.67  -2.50  76   619     0  2.5
 12   190 J8    23   687 J8   317   135 J8     9   569  7966  6.8  6.0  0.64  0.05  -3.52  -9.13  -6.26  -5.78  74   764     0  2.7
 13  2564 J8   115  2751 J8   343  1382 J8    38  5612 16659  6.7  5.8  1.06  0.09   7.38  -0.07   3.54   4.36  76  5354     9  2.2
 1991
  1   296 J8   160   943 J8  1091   192 J8    79   919  9246  5.8  5.7  0.64  0.06  -6.45 -15.01 -10.91  -9.90  83   901     0  2.2
  2   848 J8   480   997 J8  1394   613 J8   248  2336 12591  7.0  6.4  0.70  0.08  -2.13  -9.79  -5.92  -4.68  77   680     0  3.5
  3  2332 J8   926  3296 J8  2591  1160 J8   384  4774 16235  4.6  3.9  0.65  0.11  -1.05  -8.71  -5.00  -3.84  80   720     0  2.4
  4  3070 J8  1102  2190 J8  2673  2055 J8   589  7707 19838  8.2  7.3  0.72  0.13   6.52   1.32   3.82   4.48  72   432     0  1.9
  5  4683 J8  1752  3428 J8  3444  2750 J8   624 10203 23114  8.1  6.8  0.99  0.13  10.99   4.66   7.79   8.29  74   326     0  1.9
  6  5529 J8  1565  4667 J8  3213  2804 J8   631 11405 25028  7.0  5.8  1.65  0.13  17.09   8.64  12.78  13.17  78   164     0  2.5
  7  4353 J8  1469  2913 J8  2674  2686 J8   472 10762 23919  8.5  7.4  1.70  0.11  16.65   9.82  13.04  13.50  85   158     0  1.9
  8  3617 J8  1221  3217 J8  3082  2018 J8   595  8581 20801  7.9  6.6  1.82  0.11  16.10   9.78  12.71  13.27  81   167     0  1.8
  9  1821 J8   914  1127 J8  1783  1352 J8   322  5757 17314  9.1  8.4  1.53  0.12  12.58   7.10   9.63  10.36  86   255     0  1.0
 10  1173 J8   564  1700 J8  1827   708 J8   217  3084 13721  6.1  5.5  1.03  0.13   5.93   0.48   2.98   4.10  74   469     0  2.1
 11   344 J8   162   439 J8   755   278 J8   100  1257 10172  7.8  7.3  0.82  0.15   2.54  -4.80  -1.53  -1.45  87   584     0  2.4
 12   146 J8    40    76 J8   140   139 J8    34   571  7974  7.9  7.2  0.71  0.18  -3.30  -8.06  -5.67  -5.45  81   744     0  2.9
 13  2351 J8  1876  2083 J8  1421  1396 J8  1032  5613 16663  7.3  6.5  1.08  0.12   6.29  -0.38   2.81   3.49  80  5599     0  2.2
 1992
  1   282 J8   129   293 J8   556   241 J8    84   912  9220  6.8  6.6  0.66  0.22  -2.11  -8.56  -4.92  -3.90  76   734     0  2.7
  2   885 J8   363  1162 J8  1321   611 J8   195  2357 12625  4.8  4.7  0.58  0.26  -5.14 -12.74  -8.71  -7.23  68   791     0  3.6
  3  1699 J8   878  1318 J8  1775  1211 J8   388  4844 16325  6.8  6.4  0.56  0.30  -0.07  -6.31  -3.14  -2.21  76   667     0  2.4
  4  3968 J8   966  3368 J8  2107  2288 J8   508  7777 19920  5.1  4.5  0.65  0.32   5.40  -0.95   2.25   2.94  63   483     0  2.8
  5  5478 J8  1529  4935 J8  3151  2696 J8   627 10251 23184  4.3  3.5  1.04  0.30  11.78   3.22   7.65   8.32  59   336     0  2.8
  6  5088 J8  1636  3316 J8  2994  3075 J8   578 11412 25036  7.1  6.1  1.42  0.28  17.07   8.80  13.10  13.55  72   163     1  2.4
  7  4454 J8  1573  2623 J8  2304  2890 J8   514 10724 23858  8.2  7.0  1.86  0.24  18.82  10.97  14.76  15.37  81   108     1  2.2
  8  3174 J8  1211  1625 J8  1701  2309 J8   596  8516 20719  8.7  7.7  1.79  0.20  15.74   9.74  12.50  13.20  86   173     0  1.6
  9  2495 J8   918  3014 J8  2528  1337 J8   457  5686 17229  5.1  4.5  1.07  0.16  10.06   2.09   5.79   7.13  64   368     0  3.3
 10  1121 J8   549  1777 J8  1739   639 J8   203  3026 13636  5.4  5.0  0.82  0.13   4.68  -1.73   1.25   2.64  76   522     0  1.9
 11   323 J8   206   466 J8   851   250 J8    97  1227 10094  7.1  7.0  0.75  0.12   2.32  -5.18  -1.50  -1.18  78   593     0  1.9
 12   144 J8    47   213 J8   356   126 J8    35   567  7963  6.7  6.4  0.62  0.11  -5.98 -11.20  -8.53  -8.12  72   834     0  2.4
 13  2426 J8  1961  2009 J8  1460  1473 J8  1119  5608 16651  6.4  5.8  0.99  0.22   6.05  -0.99   2.54   3.38  73  5772     2  2.5
 1993
  1   312 J8   168   504 J8   732   245 J8    97   934  9290  6.3  5.9  0.52  0.13  -7.41 -14.92 -10.93 -10.06  68   914     0  2.7
  2   743 J8   394   805 J8  1250   566 J8   237  2372 12660  7.5  7.0  0.68  0.14  -1.30  -8.38  -4.73  -3.71  79   649     0  1.6
  3  1954 J8   708  1645 J8  1785  1365 J8   458  4823 16299  7.3  6.5  0.57  0.16   2.69  -3.53  -0.44   0.46  71   581     0  2.3
  4  3121 J8  1180  2011 J8  2464  2134 J8   511  7757 19900  8.5  7.4  0.82  0.17   8.82   1.60   5.22   5.90  65   394     0  1.8
  5  4836 J8  1882  4121 J8  3928  2531 J8   597 10239 23169  6.6  5.6  1.26  0.17  14.74   6.04  10.33  11.00  72   248     1  2.2
  6  5497 J8  1565  4425 J8  3077  2894 J8   511 11411 25035  7.0  5.8  1.48  0.16  17.78   8.54  13.20  13.66  78   155     0  2.8
  7  5294 J8  2104  5480 J8  4544  2192 J8   680 10736 23872  5.6  5.2  1.96  0.13  20.29  11.55  15.74  16.37  81    85    10  2.6
  8  3530 J8  1457  3381 J8  3263  1859 J8   505  8534 20736  7.2  6.4  2.04  0.11  17.38  10.41  13.72  14.39  86   141     3  2.2
  9  2137 J8  1021  2248 J8  2633  1243 J8   384  5707 17250  7.7  6.9  1.50  0.08  12.22   5.71   8.66   9.59  82   281     0  2.4
 10  1173 J8   538  1824 J8  2009   698 J8   249  3043 13657  6.7  5.8  1.08  0.06   7.35   1.74   4.34   5.60  76   427     0  2.5
 11   408 J8   217   860 J8  1145   288 J8   111  1236 10115  6.4  5.9  0.76  0.05   1.31  -6.16  -2.73  -2.54  74   623     0  2.5
 12   160 J8    68   385 J8   618   128 J8    39   568  7962  8.1  7.7  0.70  0.06   0.84  -4.85  -1.79  -1.26  79   630     0  2.1
 13  2430 J8  1990  2307 J8  1680  1345 J8   966  5613 16662  7.1  6.3  1.11  0.12   7.89   0.65   4.22   4.95  76  5128    15  2.3
 1994
  1   281 J8   132   403 J8   523   236 J8   109   927  9272  7.6  6.9  0.66  0.08  -1.95  -8.23  -4.77  -3.96  80   726     0  1.9
  2  1140 J8   500  2601 J8  1857   536 J8   219  2355 12626  3.5  3.3  0.60  0.10  -4.31 -12.74  -8.55  -6.87  62   752     0  2.4
  3  1869 J8   798  1772 J8  2061  1235 J8   381  4800 16269  7.5  6.6  0.55  0.12  -2.12  -7.57  -4.85  -4.14  69   719     0  3.6
  4  3232 J8  1102  2191 J8  2237  2200 J8   623  7734 19869  8.2  7.1  0.71  0.14   6.07  -0.39   2.80   3.44  74   465     0  2.5
  5  4128 J8  1591  2469 J8  2769  2752 J8   579 10222 23144  8.9  7.8  0.99  0.14  11.92   4.00   8.04   8.64  70   321     0  2.5
  6  5622 J8  1688  4900 J8  3407  2785 J8   611 11409 25032  6.8  5.4  1.51  0.13  18.01   8.74  13.29  13.82  75   149     0  2.3
  7  4432 J8  1529  3217 J8  3128  2622 J8   548 10748 23895  7.8  7.2  1.92  0.11  17.65  10.01  13.83  14.37  83   139     0  2.0
  8  4373 J8  1202  5093 J8  3358  1831 J8   658  8556 20764  6.0  5.1  2.08  0.08  17.83   9.44  13.63  14.53  80   146     0  2.1
  9  2594 J8  1054  3454 J8  3138  1232 J8   387  5730 17280  6.4  5.7  1.25  0.06  12.44   4.51   8.27   9.68  79   296     0  1.4
 10  1298 J8   536  2312 J8  2231   703 J8   287  3062 13686  6.7  5.9  0.84  0.04   4.36  -0.53   1.69   2.65  68   509     0  4.1
 11   432 J8   169  1315 J8  1339   271 J8   119  1246 10140  5.7  5.4  0.59  0.04  -2.90 -10.47  -7.17  -7.07  72   750     0  4.8
 12   170 J8    64   421 J8   664   134 J8    34   570  7968  7.8  7.0  0.53  0.04  -8.43 -14.55 -11.31 -10.47  81   924     0  3.4
 13  2464 J8  1871  2512 J8  1499  1378 J8  1026  5613 16662  6.9  6.1  1.02  0.09   5.71  -1.48   2.08   2.89  74  5896     0  2.7
 1995
  1   305 J8   152   826 J8  1098   212 J8    84   920  9249  6.5  5.9  0.65  0.06  -1.71  -9.59  -5.41  -4.43  67   743     0  1.4
  2   988 J8   544  1803 J8  2076   569 J8   270  2339 12599  6.6  5.9  0.63  0.08  -2.59 -10.90  -6.59  -4.63  90   702     0  3.1
  3  2598 J8   730  4769 J8  2757   987 J8   485  4776 16240  2.9  2.7  0.52  0.11  -2.49 -11.31  -7.05  -5.62  73   782     0  5.5
  4  3470 J8  1315  2963 J8  2888  2058 J8   537  7710 19842  7.7  6.6  0.85  0.13   7.95   1.99   4.79   5.46  75   401     0  1.4
  5  4232 J8  1383  2676 J8  2790  2782 J8   607 10206 23118  8.2  7.1  1.13  0.13  10.89   2.76   7.02   7.55  82   357     0  1.7
  6  5788 J8  1291  4724 J8  2807  3000 J8   588 11406 25028  7.7  5.6  1.65  0.13  16.59   8.18  12.24  12.70  82   183     5  2.1
  7  4840 J8  1786  3975 J8  3266  2528 J8   542 10760 23912  8.1  6.6  1.97  0.10  17.67   9.99  13.60  14.14  93   139     0  1.7
  8  3878 J8  1414  3735 J8  3306  1997 J8   483  8578 20794  7.4  6.4  1.82  0.08  17.91   9.61  13.35  14.25  86   142     1  2.5
  9  2040 J8   990  1472 J8  2066  1421 J8   398  5754 17310  8.9  8.1  1.70  0.05  13.63   7.81  10.50  11.42  95   228     0  0.7
 10  1225 J8   569  1855 J8  2101   746 J8   300  3081 13718  7.5  6.8  0.96  0.04   5.95   0.49   3.08   4.25  89   468     0  2.7
 11   577 J8   247  2533 J8  1686   224 J8   104  1256 10169  3.6  3.4  0.60  0.03   1.85  -6.26  -2.81  -2.97  56   616     0  2.7
 12   197 J8    82   767 J8  1099   134 J8    37   571  7976  7.0  6.1  0.65  0.04  -1.63  -6.51  -4.08  -3.52  65   694     0  0.6
 13  2511 J8  1909  2675 J8  1396  1388 J8  1054  5613 16663  6.8  5.9  1.09  0.08   7.00  -0.31   3.22   4.05  79  5457     5  2.2
 1996
  1   351 J8   108  1315 J8  1049   210 J8    67   912  9225  4.3  3.9  0.51  0.06  -9.35 -15.31 -12.24 -11.50  59   950     0  1.2
  2   949 J8   426  1720 J8  1699   573 J8   179  2359 12628  6.3  5.5  0.52  0.08  -5.70 -13.00  -9.27  -8.61  68   803     0  2.4
  3  2447 J8   925  3732 J8  2625  1132 J8   392  4847 16328  4.5  4.1  0.61  0.11   3.08  -6.24  -1.55   0.24  74   617     0  0.9
  4  3201 J8  1131  2507 J8  2463  2032 J8   479  7780 19924  7.8  6.8  0.68  0.13   7.41  -0.67   3.31   4.30  68   449     0  1.6
  5  4695 J8  1969  4287 J8  3940  2373 J8   729 10253 23189  7.3  5.9  1.01  0.13  12.02   4.07   8.08   8.68  72   319     0  1.9
  6  5655 J8  1671  5116 J8  3523  2764 J8   604 11412 25036  7.1  5.1  1.39  0.13  16.98   8.24  12.68  13.16  73   172     0  1.8
  7  5348 J8  2043  5722 J8  4641  2162 J8   705 10723 23854  5.6  5.2  1.77  0.10  19.65  10.77  14.77  15.42  75   103     6  2.0
  8  3784 J8  1154  3577 J8  2918  2065 J8   471  8513 20711  7.1  6.3  1.64  0.08  18.21   9.21  13.42  14.41  76   143     0  2.0
  9  2676 J8  1018  3580 J8  2679  1275 J8   338  5683 17226  6.9  5.8  1.08  0.05  12.83   3.97   7.90   9.41  68   298     0  2.8
 10  1521 J8   567  3346 J8  2325   661 J8   277  3024 13632  5.3  3.8  0.79  0.04   3.77  -4.19  -0.67   1.17  52   575     0  2.6
 11   519 J8   240  1746 J8  1348   272 J8   111  1225 10089  6.1  4.6  0.75  0.03  -1.32  -8.80  -5.35  -4.84  63   702     0  2.4
 12   215 J8    69  1208 J8   937   123 J8    44   567  7961  4.6  3.8  0.53  0.04  -6.40 -12.26  -9.41  -8.79  55   857     0  3.0
 13  2613 J8  1955  3155 J8  1480  1303 J8   942  5608 16650  6.1  5.1  0.94  0.08   5.93  -2.02   1.81   2.75  67  5988     6  2.1
 1997
  1   383 J8   142  1082 J8   852   261 J8   111   935  9294  5.9  4.7  0.53  0.06  -5.16 -12.48  -8.78  -7.60  59   842     0  2.2
  2   835 J8   397   772 J8   968   658 J8   216  2374 12664  9.0  8.3  0.68  0.08   2.91  -2.49   0.43   1.24  82   507     0  0.8
  3  2728 J8   883  4708 J8  2540  1060 J8   327  4826 16305  3.7  3.0  0.49  0.11   0.20  -7.65  -3.74  -2.37  73   684     0  2.4
  4  3886 J8  1250  4260 J8  3455  1931 J8   618  7761 19903  5.8  5.0  0.70  0.13   7.45   0.20   3.73   4.67  60   435     0  2.3
  5  5403 J8  1551  5494 J8  3272  2431 J8   554 10241 23170  6.2  4.9  1.02  0.13  15.17   5.03  10.05  10.90  58   255     0  2.5
  6  5763 J8  1691  5401 J8  3715  2687 J8   609 11411 25034  6.6  4.9  1.44  0.13  19.83   9.55  14.60  15.15  66   120    11  3.1
  7  4784 J8  1445  3776 J8  2868  2688 J8   588 10734 23867  7.4  6.4  2.08  0.10  21.55  11.60  15.93  16.63  78    59     5  2.6
  8  3973 J8  1110  3863 J8  2751  2123 J8   569  8531 20735  7.1  5.6  2.10  0.08  20.26  11.01  14.97  15.99  78    87     3  2.3
  9  2515 J8   988  2967 J8  2695  1358 J8   348  5704 17247  7.4  6.2  1.50  0.05  14.53   6.97  10.38  11.71  79   227     0  2.7
 10  1635 J8   659  4230 J8  2397   530 J8   172  3041 13653  4.0  3.3  0.67  0.04   4.96  -2.07   1.18   2.65  60   524     0  4.7
 11   412 J8   172   837 J8   972   302 J8   132  1235 10111  7.8  7.4  0.68  0.03   3.77  -3.74  -0.32  -0.29  77   549     0  2.9
 12   188 J8    66   601 J8   654   142 J8    43   568  7962  7.7  6.7  0.48  0.04  -4.82 -11.29  -7.97  -7.61  66   818     0  4.9
 13  2709 J8  2036  3166 J8  1861  1348 J8   984  5613 16662  6.5  5.5  1.03  0.08   8.39   0.39   4.20   5.09  70  5107    19  2.8
 1998
  1   309 J8   118   705 J8   769   238 J8   104   928  9275  6.9  6.3  0.61  0.06  -4.43 -11.22  -7.52  -6.40  62   811     0  1.5
  2  1004 J8   434  1481 J8  1559   665 J8   236  2357 12631  7.1  5.9  0.68  0.08   2.68  -4.80  -1.05   0.35  72   543     0  1.4
  3  2287 J8   807  3017 J8  2264  1241 J8   337  4803 16273  6.4  5.5  0.75  0.11   3.34  -3.59  -0.27   0.84  75   572     0  1.9
  4  3129 J8  1702  2808 J8  3393  1793 J8   473  7737 19875  7.3  6.6  0.77  0.13   6.30   0.17   3.27   3.86  81   453     0  1.6
  5  4252 J8  1752  3276 J8  3327  2492 J8   570 10224 23149  7.7  6.8  1.04  0.13  10.25   3.83   6.86   7.37  79   350     0  1.4
  6  5745 J8  1468  5268 J8  3207  2743 J8   607 11409 25033  6.8  5.2  1.57  0.13  16.81   8.27  12.42  12.90  76   174     0  2.4
  7  4943 J8  1492  4273 J8  3565  2633 J8   712 10746 23891  7.6  6.1  1.91  0.10  17.38  10.21  13.63  14.21  82   142     1  1.7
  8  3544 J8  1177  3054 J8  2508  2118 J8   430  8553 20763  7.4  6.6  1.69  0.08  15.66   8.66  11.74  12.55  81   191     0  2.0
  9  2553 J8   702  2955 J8  2020  1459 J8   409  5727 17276  7.5  6.3  1.39  0.05  12.68   5.56   8.79   9.96  79   276     0  2.5
 10  1436 J8   599  2966 J8  2213   672 J8   258  3060 13684  5.8  4.8  0.86  0.04   6.57   0.62   3.47   4.63  82   457     0  1.8
 11   494 J8   214  1338 J8  1255   314 J8   135  1245 10138  6.4  5.5  0.82  0.03   2.17  -5.02  -1.73  -1.50  85   593     0  2.4
 12   219 J8    53   943 J8   736   145 J8    38   570  7967  6.5  5.5  0.52  0.04  -6.10 -11.67  -9.07  -8.63  81   844     0  4.4
 13  2493 J8  1871  2674 J8  1354  1376 J8   972  5613 16663  7.0  5.9  1.05  0.08   6.94   0.09   3.38   4.18  78  5405     1  2.1
 1999
  1   376 J8   215  1384 J8  1435   206 J8    74   920  9250  5.0  4.7  0.51  0.06  -8.46 -16.04 -11.96 -10.97  68   948     0  3.4
  2   977 J8   358  2144 J8  1884   542 J8   226  2341 12603  4.7  4.4  0.37  0.08 -10.21 -18.75 -14.11 -12.51  59   919     0  3.7
  3  1839 J8   732  1916 J8  2388  1219 J8   516  4779 16243  7.3  6.8  0.53  0.11  -0.28  -6.78  -3.60  -2.46  82   678     0  2.6
  4  3511 J8  1449  3354 J8  3270  1936 J8   552  7713 19846  7.2  6.2  0.68  0.13   5.06  -1.64   1.61   2.38  88   499     0  2.4
  5  5384 J8  1468  5111 J8  3567  2614 J8   776 10208 23120  6.1  4.9  0.80  0.13  12.29   3.49   7.90   8.66  87   324     0  3.1
  6  5453 J8  1359  4220 J8  3127  3052 J8   604 11406 25028  7.4  5.6  1.59  0.13  17.97   9.07  13.38  13.86  74   144     0  2.4
  7  4720 J8  1932  3979 J8  3837  2490 J8   656 10758 23907  7.3  6.4  2.07  0.10  18.86  11.49  14.84  15.35  80   105     8  2.8
  8  3507 J8  1252  2999 J8  3068  2056 J8   537  8575 20790  7.8  6.8  2.11  0.08  17.30  10.61  13.51  14.31  84   136     1  1.8
  9  2735 J8   766  3529 J8  2704  1401 J8   498  5751 17307  6.9  5.5  1.39  0.05  13.81   6.17   9.57  10.90  80   250     0  1.6
 10  1339 J8   561  2615 J8  2169   672 J8   251  3079 13716  6.1  5.4  0.82  0.04   4.92   0.03   2.37   3.13  76   491     0  3.1
 11   506 J8   232  1693 J8  1535   272 J8   109  1255 10164  5.4  4.8  0.67  0.03   1.56  -7.04  -3.18  -2.95  80   632     0  2.2
 12   188 J8    78   831 J8   910   123 J8    47   571  7974  5.7  5.0  0.59  0.04  -6.34 -12.46  -9.09  -8.54  70   860     0  4.2
 13  2545 J8  1953  2815 J8  1278  1382 J8  1033  5613 16662  6.4  5.5  1.01  0.08   5.54  -1.82   1.77   2.60  77  5986     8  2.8
 2000
  1   291 J8   115   816 J8   977   208 J8    74   913  9230  6.2  6.0  0.51  0.06  -8.35 -15.31 -11.63 -10.62  66   935     0  4.3
  2   995 J8   480  1407 J8  1544   676 J8   284  2361 12631  7.4  6.1  0.70  0.08   1.43  -5.35  -1.65  -0.56  86   588     0  0.2
  3  2066 J8   848  2029 J8  2294  1343 J8   459  4850 16331  8.0  7.2  0.68  0.11   3.13  -2.33   0.36   1.09  83   556     0  1.6
  4  4064 J8  1277  4210 J8  3054  2069 J8   549  7783 19926  6.3  5.2  0.78  0.13   7.87   0.94   4.44   5.24  66   418     0  2.0
  5  5314 J8  1570  5120 J8  3245  2558 J8   585 10255 23192  5.7  4.3  0.84  0.13  12.85   4.06   8.37   9.15  61   306     0  2.1
  6  5137 J8  1282  3482 J8  2243  3197 J8   437 11412 25036  8.4  6.3  1.35  0.13  18.32   8.78  13.45  14.00  76   143     0  2.2
  7  4072 J8  1386  2407 J8  2174  2728 J8   483 10721 23854  8.7  7.8  1.74  0.10  17.98  10.60  13.87  14.42  84   125     0  2.3
  8  3826 J8  1148  3468 J8  2861  2165 J8   582  8510 20702  7.4  6.4  1.68  0.08  19.21   9.53  13.51  14.64  77   123     0  2.9
  9  2580 J8   871  3368 J8  2688  1319 J8   409  5680 17221  6.8  5.9  1.20  0.05  13.97   4.42   8.61  10.42  73   274     0  4.0
 10  1223 J8   501  2188 J8  2304   687 J8   300  3022 13627  6.9  6.3  0.92  0.04   5.83   0.85   3.11   3.89  81   465     0  3.2
 11   454 J8   250  1211 J8  1312   279 J8   109  1224 10085  7.1  6.1  0.79  0.03   5.00  -2.52   0.91   0.84  84   513     0  1.6
 12   180 J8    69   511 J8   730   140 J8    42   567  7960  8.0  6.9  0.80  0.04   1.31  -3.94  -1.11  -0.61  86   609     0  1.3
 13  2517 J8  1909  2518 J8  1428  1447 J8  1072  5608 16650  7.2  6.2  1.00  0.08   8.21   0.81   4.35   5.16  77  5055     0  2.3
 2001
  1   302 J8   156   588 J8   854   235 J8   102   936  9295  8.3  7.4  0.63  0.06   1.40  -4.91  -1.36  -0.45  77   623     0  2.3
  2   896 J8   488  1340 J8  1704   599 J8   279  2376 12666  6.8  6.3  0.65  0.08   0.93  -6.86  -2.93  -1.52  83   596     0  0.9
  3  2039 J8   948  2292 J8  2499  1217 J8   301  4829 16308  7.5  6.7  0.61  0.11   2.07  -4.42  -1.35  -0.10  73   605     0  3.0
  4  3392 J8  1428  2915 J8  2728  2005 J8   513  7764 19906  7.9  6.7  0.72  0.13   6.08   0.04   3.05   3.71  70   458     0  2.3
  5  5175 J8  1630  4879 J8  3637  2530 J8   612 10243 23174  6.5  5.3  0.86  0.13  12.00   3.40   7.52   8.27  64   330     0  4.2
  6  6813 J8  1019  8136 J8  2843  2251 J8   625 11412 25034  4.6  3.0  1.38  0.13  21.46  10.38  15.63  16.24  71    82    10  4.3
  7  4394 J8  1629  3081 J8  2970  2703 J8   472 10732 23865  8.4  7.1  1.96  0.10  19.10  10.77  14.35  14.94  80   105     0  3.0
  8  3699 J8  1325  3169 J8  2977  2129 J8   521  8528 20730  7.4  6.6  1.90  0.08  19.32  10.77  14.47  15.42  80   102     0  3.3
  9  2565 J8   975  3156 J8  2674  1326 J8   366  5701 17242  7.6  6.3  1.42  0.05  14.82   6.92  10.50  11.99  76   224     0  3.2
 10  1274 J8   457  2375 J8  2118   706 J8   315  3039 13647  6.6  5.8  0.78  0.04   2.79  -2.43  -0.02   0.87  64   563     0  4.5
 11   459 J8   187  1092 J8  1172   311 J8   127  1234 10107  7.5  6.7  0.72  0.03   0.96  -6.78  -3.22  -3.01  73   637     0  3.3
 12   218 J8    70   986 J8   856   141 J8    35   568  7962  5.9  4.9  0.48  0.04  -7.18 -12.91  -9.82  -9.41  59   880     0  4.3
 13  2602 J8  2131  2834 J8  2063  1346 J8   946  5613 16661  7.1  6.1  1.01  0.08   7.81   0.33   3.90   4.75  73  5204    10  3.2
 2002
  1   337 J8   162   642 J8   716   256 J8   101   929  9278  7.9  6.8  0.73  0.06  -1.18  -8.06  -4.32  -3.48  75   711     0  3.8
  2  1041 J8   447  1359 J8  1156   719 J8   239  2359 12635  8.2  6.7  0.56  0.08  -1.02  -7.68  -4.00  -2.90  79   635     0  2.4
  3  2734 J8   834  4580 J8  2451  1127 J8   387  4806 16278  4.1  3.1  0.41  0.11   0.43  -8.05  -3.85  -2.36  68   686     0  2.0
  4  4202 J8  1011  4894 J8  3016  1970 J8   705  7740 19881  4.7  4.0  0.65  0.13   4.22  -4.27   0.14   1.24  65   551     0  2.0
  5  5726 J8  1485  6163 J8  3506  2412 J8   656 10227 23151  5.5  4.1  1.02  0.13  14.40   4.26   9.29  10.17  65   279     0  2.0
  6  5554 J8  1453  4620 J8  3216  2978 J8   619 11409 25033  7.1  5.6  1.46  0.13  17.34   7.98  12.60  13.10  81   170     0  0.9
  7  5030 J8  1357  3930 J8  2809  2814 J8   580 10744 23888  7.7  6.4  1.82  0.10  20.20  11.18  15.24  15.93  82    89     7  1.3
  8  4077 J8  1555  4336 J8  3910  1943 J8   696  8550 20762  6.8  5.8  1.71  0.08  19.40  10.02  13.97  15.04  85   116     4  0.8
  9  2481 J8   933  2700 J8  2606  1430 J8   366  5724 17271  7.4  6.7  1.41  0.05  14.20   6.64   9.98  11.30  81   237     0  1.6
 10  1214 J8   532  1657 J8  1923   785 J8   259  3058 13680  8.1  7.1  1.21  0.04   8.61   3.81   6.18   7.04  88   376     0  1.0
 11   423 J8   201   709 J8   906   324 J8   114  1244 10135  8.2  7.4  1.00  0.03   6.22  -0.83   2.99   3.92  82   469     0  0.9
 12   197 J8    55   532 J8   571   156 J8    44   570  7966  7.9  6.8  0.69  0.04  -0.04  -3.85  -2.00  -1.70  74   629     0  2.5
 13  2751 J8  2108  3010 J8  1974  1409 J8  1003  5613 16663  7.0  5.9  1.06  0.08   8.56   0.93   4.68   5.61  77  4948    11  1.8
 2003
  1   333 J8   124   541 J8   650   271 J8    93   921  9252  7.9  7.1  0.75  0.06   1.41  -6.15  -2.26  -1.11  74   642     0  1.1
  2   803 J8   376   730 J8   976   642 J8   213  2343 12605  9.0  8.0  0.90  0.08   1.59  -4.04  -0.75   0.27  90   548     0  0.1
  3  2558 J8   839  3781 J8  2292  1234 J8   396  4782 16246  4.8  4.3  0.43  0.11   1.06  -6.45  -2.73  -1.40  63   652     0  3.0
  4  4083 J8  1303  4497 J8  3211  1974 J8   546  7716 19850  6.1  4.4  0.74  0.13   8.60   0.89   4.62   5.58  69   407     0  2.0
  5  5262 J8  1308  4881 J8  3156  2685 J8   555 10210 23121  6.6  5.1  0.89  0.13  14.02   5.22   9.65  10.39  69   270     0  2.3
  6  5671 J8  1325  5013 J8  3152  2849 J8   594 11406 25028  6.9  5.5  1.50  0.13  18.01   8.86  13.20  13.69  80   147     0  1.6
  7  5218 J8  1518  4851 J8  3418  2541 J8   597 10757 23904  6.9  5.7  1.95  0.10  21.37  12.09  16.43  17.09  80    61    11  2.1
  8  3709 J8  1627  3585 J8  3481  1944 J8   460  8572 20787  7.7  6.6  1.78  0.08  18.31  10.53  14.03  14.90  83   127     5  1.3
  9  2985 J8  1098  4707 J8  3195  1172 J8   380  5748 17303  5.2  4.5  1.13  0.05  15.63   5.10   9.73  11.80  72   239     0  1.1
 10  1239 J8   396  1837 J8  1800   806 J8   306  3077 13711  7.3  6.4  1.11  0.04   8.72   3.94   6.11   6.94  83   372     0  1.4
 11   490 J8   210  1485 J8  1295   287 J8   110  1254 10162  6.1  5.5  0.71  0.03   1.50  -7.22  -3.52  -3.54  62   636     0  2.6
 12   203 J8    67   787 J8   883   141 J8    41   571  7975  6.7  6.0  0.54  0.04  -0.25  -8.93  -5.03  -4.26  61   711     0  3.5
 13  2713 J8  2072  3058 J8  1830  1379 J8   990  5613 16662  6.8  5.7  1.04  0.08   9.16   1.15   4.96   5.86  74  4810    17  1.8
 2004
  1   375 J8   119  1389 J8   948   229 J8    98   914  9233  4.3  4.0  0.38  0.06  -6.61 -15.87 -11.25  -9.83  53   917     0  1.1
  2   949 J8   420  1150 J8  1204   685 J8   207  2363 12635  8.3  7.0  0.70  0.08   3.23  -5.32  -1.40  -0.42  80   562     0  0.6
  3  2523 J8   992  3413 J8  2471  1269 J8   432  4853 16336  5.8  4.5  0.48  0.11  -0.79  -7.91  -4.22  -3.12  71   703     0  2.4
  4  3365 J8  1030  2242 J8  1929  2323 J8   536  7786 19930  8.1  6.9  0.86  0.13   6.80   0.49   3.70   4.38  77   441     0  0.2
  5  5039 J8  1497  4506 J8  3297  2645 J8   653 10258 23194  7.3  5.3  1.34  0.13  14.55   6.18  10.30  10.97  80   247     0  0.6
  6  5576 J8  1497  4594 J8  2866  2922 J8   523 11412 25037  7.5  5.7  1.70  0.13  19.70   9.74  14.54  15.08  82   111     3  1.4
  7  4842 J8  1664  3983 J8  3189  2640 J8   505 10719 23848  7.6  6.5  1.95  0.10  21.12  12.11  16.20  16.85  85    66    13  1.1
  8  4338 J8  1159  4924 J8  3283  1947 J8   647  8507 20701  6.4  5.1  1.83  0.08  22.42  11.67  16.27  17.50  83    49     9  1.2
  9  2536 J8  1061  3330 J8  2838  1244 J8   335  5677 17218  6.3  6.0  1.07  0.05  12.77   3.89   7.77   9.42  79   300     0  1.2
 10  1304 J8   451  2111 J8  1776   784 J8   260  3019 13620  7.2  6.0  0.94  0.04   6.97   2.00   4.36   5.24  88   429     0  0.5
 11   392 J8   253   747 J8  1278   274 J8    95  1223 10083  8.0  7.5  0.77  0.03   3.60  -3.60  -0.60  -0.72  80   550     0  0.5
 12   183 J8    64   551 J8   684   139 J8    37   567  7959  7.4  6.7  0.62  0.04  -1.14  -6.86  -3.84  -3.33  73   692     0  1.1
 13  2618 J8  1989  2745 J8  1579  1425 J8  1032  5608 16650  7.0  5.9  1.05  0.08   8.55   0.54   4.32   5.17  78  5067    25  1.0
 2005
  1   392 J8   178  1126 J8  1098   255 J8   104   937  9298  5.7  5.3  0.63  0.06  -3.04 -10.40  -6.78  -5.68  72   777     0  0.1
  2  1011 J8   475  1840 J8  1879   610 J8   261  2378 12669  6.3  5.9  0.56  0.08  -2.13  -9.67  -5.61  -4.18  75   678     0  0.9
  3  2140 J8   909  2250 J8  2217  1331 J8   383  4832 16313  7.4  6.6  0.64  0.11   2.65  -2.96  -0.11   0.88  78   573     0  1.1
  4  4052 J8  1522  4930 J8  3813  1768 J8   506  7767 19912  5.4  4.6  0.75  0.13   8.28   0.70   4.34   5.22  74   415     0  1.0
  5  4875 J8  1387  4011 J8  3271  2744 J8   634 10245 23177  7.1  5.7  1.18  0.13  15.05   6.01  10.43  11.14  78   242     0  0.7
  6  5782 J8  1526  5497 J8  3042  2677 J8   409 11412 25036  6.5  5.2  1.51  0.13  19.96   9.49  14.49  15.08  79   109     1  2.1
  7  5217 J8  1607  4649 J8  3364  2618 J8   653 10730 23863  7.0  5.7  1.81  0.10  20.98  12.09  16.29  16.93  81    63     7  2.0
  8  4396 J8  1024  5071 J8  3022  1939 J8   565  8525 20724  6.7  4.9  1.73  0.08  20.10  10.92  14.74  15.80  82    90     3  1.3
  9  2488 J8   977  3068 J8  2886  1306 J8   330  5697 17238  7.7  6.2  1.48  0.05  14.49   6.72  10.17  11.55  80   232     0  1.5
 10  1295 J8   428  2419 J8  1826   723 J8   295  3036 13641  6.6  5.5  0.83  0.04   6.76   1.23   3.79   4.78  82   444     0  2.6
 11   486 J8   265  1383 J8  1487   289 J8   113  1232 10103  6.4  5.9  0.50  0.03  -2.50 -10.33  -6.73  -6.36  80   742     0  3.1
 12   170 J8    66   321 J8   435   143 J8    39   568  7962  8.9  8.4  0.86  0.04   1.79  -2.83  -0.49  -0.21  86   584     0  1.5
 13  2692 J8  2069  3047 J8  1746  1367 J8   979  5613 16661  6.8  5.8  1.04  0.08   8.53   0.91   4.54   5.41  79  4950    11  1.5
 2006
  1   353 J8   165   838 J8   905   251 J8    71   929  9281  7.3  6.4  0.56  0.06  -9.40 -15.76 -12.44 -11.83  59   958     0  3.4
  2   857 J8   479  1106 J8  1476   595 J8   201  2362 12641  7.6  7.1  0.63  0.08   0.68  -6.50  -2.61  -1.50  84   595     0  2.9
  3  2344 J8   870  3460 J8  2746  1158 J8   370  4809 16283  5.8  5.0  0.61  0.11   1.98  -5.85  -1.88  -0.50  77   628     0  3.1
  4  3466 J8  1354  2788 J8  2615  2127 J8   414  7743 19883  7.8  6.3  0.74  0.13   7.24   1.04   4.08   4.83  65   426     0  2.5
  5  5322 J8  1703  5437 J8  3720  2414 J8   637 10229 23153  5.8  4.6  1.17  0.13  12.04   3.04   7.62   8.32  60   335     0  2.3
  6  5342 J8  1451  4381 J8  2963  2979 J8   531 11409 25033  7.5  5.3  1.71  0.13  17.17   9.00  12.96  13.38  81   159     1  1.7
  7  4536 J8  1768  3667 J8  3291  2520 J8   494 10742 23887  7.7  6.7  2.10  0.10  18.27  10.81  14.39  14.91  84   118     1  1.7
  8  3564 J8  1163  2917 J8  2530  2129 J8   421  8547 20759  8.2  7.0  2.06  0.08  18.64   9.85  14.04  14.98  78   130     3  1.3
  9  2364 J8   932  2564 J8  2403  1387 J8   389  5721 17267  7.6  6.9  1.71  0.05  12.76   4.25   8.25   9.71  81   295     0  1.0
 10  1338 J8   461  2523 J8  2052   736 J8   349  3055 13677  6.1  5.3  1.18  0.04   5.42   0.08   2.52   3.41  84   483     0  1.9
 11   616 J8   268  2839 J8  1514   218 J8    99  1242 10134  2.2  1.8  0.40  0.03   2.75  -5.20  -1.60  -1.68  78   587     0  3.3
 12   182 J8    75   609 J8   762   133 J8    41   570  7966  7.2  6.7  0.69  0.04  -5.43 -11.62  -8.48  -8.03  68   832     0  4.0
 13  2524 J8  1904  2761 J8  1423  1387 J8  1014  5613 16663  6.7  5.8  1.13  0.08   6.84  -0.57   3.07   3.84  75  5545     5  2.4
 2007
  1   341 J8   121   952 J8   890   236 J8    89   922  9255  5.6  4.9  0.64  0.06  -0.12  -7.40  -3.68  -2.74  70   685     0  4.0
  2  1266 J8   529  3371 J8  2134   503 J8   143  2345 12608  3.7  3.1  0.62  0.08   1.50  -5.89  -2.07  -0.77  79   575     0  1.9
  3  2866 J8   739  5456 J8  2094   992 J8   359  4785 16249  1.7  1.5  0.31  0.11   2.11  -5.13  -1.52  -0.27  73   615     0  6.1
  4  3439 J8  1278  2807 J8  2273  2120 J8   449  7719 19852  7.9  6.5  0.94  0.13   6.12   0.06   3.02   3.67  77   457     0  2.0
  5  4893 J8  1386  4088 J8  3315  2737 J8   626 10212 23124  7.3  5.7  1.25  0.13  12.94   4.77   8.83   9.37  79   294     0  1.2
  6  5876 J8  1757  5809 J8  3958  2613 J8   732 11406 25028  6.3  4.7  1.61  0.13  17.21   8.45  12.74  13.22  79   170     5  1.5
  7  4449 J8  1667  3503 J8  3486  2571 J8   619 10755 23902  7.5  6.7  2.17  0.10  19.15  10.28  14.36  15.00  81   114     1  0.8
  8  3995 J8  1324  4147 J8  3311  2027 J8   562  8569 20782  6.5  5.6  2.16  0.08  16.12   9.78  12.73  13.35  83   167     0  0.9
  9  2580 J8   787  3453 J8  2641  1324 J8   410  5745 17300  6.2  5.2  1.64  0.05  12.62   5.93   9.01  10.06  79   272     0  0.9
 10  1291 J8   676  2367 J8  2648   677 J8   229  3074 13709  6.3  5.7  0.93  0.04   5.10  -0.74   1.98   3.07  82   501     0  2.2
 11   398 J8   171   669 J8   988   308 J8    99  1252 10158  8.3  7.8  0.95  0.03   0.78  -7.09  -3.44  -3.07  81   645     0  2.3
 12   204 J8    72   979 J8   945   127 J8    40   571  7973  5.2  4.8  0.67  0.04  -1.05  -6.90  -3.91  -3.53  73   691     0  3.3
 13  2633 J8  1938  3133 J8  1677  1353 J8  1008  5613 16662  6.0  5.2  1.16  0.08   7.71   0.51   4.00   4.78  78  5184     6  2.3
 2008
  1   347 J8   170  1088 J8  1095   220 J8    78   915  9234  4.9  4.4  0.60  0.06  -0.47  -8.84  -4.46  -3.31  76   713     0  4.8
  2  1031 J8   360  2258 J8  1756   570 J8   247  2365 12639  4.5  4.1  0.59  0.08  -2.83 -11.07  -6.69  -5.25  74   733     0  1.9
  3  2366 J8   869  3093 J8  2691  1258 J8   363  4856 16339  6.4  5.5  0.76  0.11   2.57  -2.92  -0.12   0.82  78   574     0  2.5
  4  4514 J8  1216  5572 J8  3140  1844 J8   529  7789 19934  4.5  3.6  0.77  0.13   5.11  -2.53   1.45   2.24  67   511     0  2.9
  5  5267 J8  1602  4940 J8  3291  2646 J8   660 10260 23197  6.8  4.6  1.13  0.13  14.25   5.00   9.70  10.42  68   270     0  2.1
  6  4687 J8  1773  3541 J8  3410  2711 J8   595 11413 25039  8.0  6.8  1.61  0.13  18.02   8.13  13.01  13.56  78   158     0  1.3
  7  4123 J8  1567  2769 J8  2962  2615 J8   497 10717 23845  8.5  7.5  2.12  0.10  19.27  11.53  15.13  15.67  85    91     0  0.9
  8  3461 J8  1099  2840 J8  2248  2110 J8   432  8504 20699  8.0  6.8  1.90  0.08  20.03  10.87  14.81  15.81  78    93     3  1.1
  9  2216 J8   647  2376 J8  2423  1367 J8   404  5674 17213  7.5  6.8  1.63  0.05  12.97   5.47   8.92  10.20  82   273     0  0.5
 10  1266 J8   516  2302 J8  2196   714 J8   321  3017 13617  6.8  5.8  0.79  0.04   4.49  -1.77   1.17   2.35  84   526     0  1.4
 11   484 J8   236  1299 J8  1300   298 J8   108  1222 10080  6.3  5.9  0.67  0.03  -0.43  -8.74  -5.00  -4.95  62   688     0  2.6
 12   202 J8    66   843 J8   864   138 J8    54   567  7960  5.8  5.2  0.71  0.04  -5.48 -10.62  -7.86  -7.05  82   818     0  1.2
 13  2497 J8  1854  2743 J8  1433  1374 J8   992  5608 16650  6.5  5.6  1.10  0.08   7.29  -0.46   3.34   4.21  76  5446     3  1.9
 2009
  1   356 J8   153  1008 J8   897   249 J8   111   938  9304  5.4  5.2  0.67  0.06  -6.24 -14.13  -9.95  -8.92  68   884     0  1.8
  2  1125 J8   441  2016 J8  1516   675 J8   221  2380 12675  5.3  4.3  0.60  0.08  -0.24  -7.05  -3.26  -2.15  83   615     0  1.9
  3  2269 J8   699  2731 J8  2277  1348 J8   463  4835 16317  6.0  5.1  0.63  0.11   2.34  -6.36  -2.05  -0.62  82   631     0  3.5
  4  3573 J8  1328  3124 J8  3120  2090 J8   521  7770 19918  7.4  6.1  0.82  0.13   4.91  -0.41   2.19   2.76  80   482     0  1.4
  5  5535 J8  1247  5713 J8  3424  2512 J8   774 10247 23179  5.7  4.3  1.07  0.13  13.30   5.29   9.11   9.76  74   280     0  1.2
  6  5950 J8  1516  5689 J8  3305  2706 J8   636 11412 25037  6.2  4.9  1.57  0.13  17.82   8.48  13.03  13.52  76   155     0  1.4
  7  5400 J8  1832  5587 J8  4046  2351 J8   640 10728 23861  5.9  5.0  2.26  0.10  21.37  12.09  16.43  17.09  80    61    11  1.6
  8  4136 J8  1323  4470 J8  3127  1927 J8   502  8522 20721  6.7  5.4  1.92  0.08  17.42   9.96  13.53  14.23  81   147     3  1.3
  9  2336 J8   821  2552 J8  2346  1386 J8   352  5694 17234  7.5  6.4  1.60  0.05  12.62   5.93   9.01  10.06  79   272     0  1.0
 10  1304 J8   460  2312 J8  1881   738 J8   274  3034 13639  6.5  5.5  1.38  0.04   5.88   1.05   3.25   4.05  78   461     0  1.6
 11   542 J8   249  1669 J8  1245   298 J8   110  1231 10101  5.8  5.0  0.66  0.03   4.42  -3.64  -0.20  -0.20  83   538     0  3.2
 12   216 J8    65   960 J8   836   140 J8    36   568  7962  6.3  4.9  0.84  0.04  -7.24 -13.18 -10.02  -9.70  81   885     0  1.3
 13  2729 J8  2127  3153 J8  1779  1368 J8   938  5613 16662  6.2  5.2  1.17  0.08   7.20  -0.16   3.42   4.16  79  5411    15  1.8
 2010
  1   358 J8   149   825 J8   796   261 J8   103   930  9282  6.1  5.4  0.78  0.06   0.57  -6.12  -2.46  -1.55  78   654     0  0.5
  2  1034 J8   455  1556 J8  1507   681 J8   234  2364 12646  7.7  6.6  0.83  0.08  -0.77  -8.77  -4.64  -3.12  80   647     0  1.3
  3  2373 J8   741  2848 J8  1930  1372 J8   480  4812 16286  6.7  5.4  0.67  0.11   2.24  -5.27  -1.54  -0.10  75   615     0  3.3
  4  3461 J8  1347  3168 J8  3157  1997 J8   564  7746 19887  7.4  6.4  0.84  0.13   7.37   0.08   3.62   4.54  61   438     0  2.4
  5  5160 J8  1307  4660 J8  2850  2628 J8   544 10231 23158  6.4  5.2  1.13  0.13  13.94   5.77   9.87  10.56  80   263     0  2.2
  6  4981 J8  1430  3622 J8  2315  2933 J8   539 11409 25032  8.1  6.7  1.67  0.13  17.77   9.11  13.19  13.66  79   151     5  1.9
  7  4091 J8  1640  2747 J8  2994  2566 J8   511 10741 23883  8.7  7.5  2.18  0.10  20.91  11.97  16.21  16.86  81    66     7  1.7
  8  3251 J8  1225  2750 J8  3111  1963 J8   531  8544 20748  8.0  7.3  2.10  0.08  20.07  11.09  14.91  15.89  79    89     3  1.8
  9  2936 J8   902  4698 J8  3073  1163 J8   487  5718 17264  5.0  4.2  1.51  0.05  13.72   6.02   9.49  10.80  83   254     0  1.4
 10  1202 J8   588  1887 J8  2328   705 J8   270  3053 13672  7.2  6.6  1.00  0.04   5.95   1.10   3.27   4.03  81   459     0  2.1
 11   480 J8   163  1567 J8  1320   282 J8   117  1241 10130  6.2  5.3  0.85  0.03  -2.49 -10.34  -6.72  -6.41  79   742     0  2.6
 12   212 J8    75  1221 J8   940   117 J8    39   569  7964  4.2  3.7  0.55  0.04  -3.43  -8.13  -5.73  -5.45  81   747     0  2.3
 13  2462 J8  1788  2629 J8  1273  1389 J8  1006  5613 16663  6.8  5.9  1.17  0.08   7.99   0.54   4.12   4.98  78  5125    15  2.0
