702607 HOONAH                 AK  -9  N58  5  W135 27     6  1012
 1991-2010
 MO AVGLO FL SDGLO AVDIR FL SDDIR AVDIF FL SDDIF AVETR AETRN  TOT  OPQ   H2O   TAU  MAX_T  MIN_T  AVG_T  AVGDT  RH  HTDD  CLDD AVWS
  1   448 J8    63   959 J8   435   307 J8    21  1319 10205  7.4  6.6  0.90  0.07   0.38  -3.44  -1.53  -0.94  86   616     0  3.0
  2  1142 J8   179  1758 J8   797   692 J8    53  2815 13091  7.3  6.1  0.88  0.09   1.99  -2.98  -0.57   0.46  85   532     0  2.6
  3  2307 J8   264  2775 J8   876  1256 J8   105  5248 16320  6.8  5.8  0.80  0.12   3.67  -2.59   0.52   1.60  81   551     0  2.6
  4  4200 J8   374  4098 J8  1048  2167 J8   189  8057 19501  6.1  5.1  0.96  0.13   8.99  -0.43   4.47   5.98  79   422     0  2.2
  5  5256 J8   429  4696 J8  1232  2621 J8   290 10370 22297  6.3  5.3  1.26  0.14  13.60   2.62   8.61   9.97  75   317     0  2.1
  6  4822 J8   336  3628 J8   811  2697 J8   163 11441 23803  7.2  6.5  1.69  0.13  16.67   6.27  11.92  13.05  79   206     0  1.9
  7  4365 J8   537  2709 J8  1146  2811 J8   214 10830 22872  8.1  7.5  2.13  0.11  17.69   9.69  13.85  14.68  83   144     0  1.7
  8  3802 J8   432  3318 J8  1079  2089 J8   168  8798 20227  7.2  6.5  2.14  0.09  17.57   8.28  13.14  14.41  85   168     0  1.6
  9  2466 J8   268  2238 J8   900  1535 J8   126  6117 17163  7.9  7.3  1.75  0.06  13.31   6.11   9.80  11.01  89   259     0  1.9
 10  1274 J8   153  1748 J8   637   770 J8    43  3509 13982  7.8  7.2  1.28  0.05   8.29   2.63   5.42   6.53  89   399     0  2.2
 11   637 J8    80  1248 J8   553   425 J8    35  1657 10916  7.4  6.7  0.97  0.04   3.40  -0.74   1.32   2.05  87   510     0  2.6
 12   308 J8    36   761 J8   403   222 J8    16   928  9136  7.6  7.1  0.90  0.05   1.09  -2.42  -0.59  -0.13  89   589     0  2.8
 13  2586 J8   141  2495 J8   508  1466 J8    86  5924 16626  7.2  6.5  1.30  0.09   8.89   1.92   5.53   6.56  84  4712     1  2.3
 1991
  1   458 J8   221  1199 J8  1501   287 J8   117  1313 10192  6.4  5.9  1.01  0.06   0.21  -5.10  -2.53  -1.79  84   644     0  2.4
  2   936 J8   506   871 J8  1565   700 J8   173  2792 13053  8.6  7.6  1.04  0.08   3.08  -0.83   0.87   1.73  95   482     0  2.1
  3  2362 J8   953  2915 J8  2589  1272 J8   483  5207 16271  6.6  5.5  0.90  0.10   3.76  -2.89   0.28   1.46  85   555     0  1.8
  4  3592 J8  1639  2774 J8  3543  2208 J8   535  8017 19453  7.3  6.3  1.15  0.12   6.48  -0.09   3.45   4.33  87   454     0  1.9
  5  4776 J8  1507  3437 J8  3071  2797 J8   607 10342 22261  7.7  6.6  1.28  0.13  13.10   2.50   8.20   9.43  82   326     0  2.2
  6  5123 J8  1998  4156 J8  3891  2620 J8   543 11437 23797  7.0  6.4  1.69  0.13  17.30   5.49  11.81  13.02  82   208     0  2.0
  7  4242 J8  1659  2286 J8  2920  2882 J8   471 10851 22902  8.6  7.8  2.07  0.11  16.86  10.38  13.67  14.29  84   146     0  1.8
  8  4145 J8  1549  3872 J8  3325  2094 J8   515  8836 20274  5.6  5.5  2.32  0.12  16.10   9.44  12.87  13.82  85   172     0  1.5
  9  1872 J8   673   671 J8  1213  1595 J8   396  6159 17210  9.4  8.9  2.04  0.12  12.50   7.78  10.02  10.81  93   246     0  2.1
 10  1243 J8   554  1628 J8  1813   775 J8   248  3544 14030  6.7  5.8  1.26  0.13   7.79   2.07   4.84   6.02  83   415     0  2.4
 11   469 J8   173   290 J8   541   418 J8   129  1676 10959  8.7  8.4  1.23  0.15   3.72   0.65   2.19   2.74  93   484     0  3.2
 12   247 J8    66    51 J8    69   240 J8    61   930  9142  9.1  8.8  1.07  0.18   1.25  -1.14   0.15   0.47  94   566     0  2.6
 13  2455 J8  1829  2013 J8  1423  1491 J8  1007  5925 16629  7.6  7.0  1.42  0.12   8.51   2.36   5.48   6.36  87  4699     0  2.2
 1992
  1   357 J8   148   212 J8   415   322 J8    99  1305 10169  9.3  8.5  1.16  0.22   2.67   0.37   1.49   1.89  94   521     0  2.8
  2   923 J8   364   607 J8   823   763 J8   259  2812 13081  8.0  7.2  1.04  0.26   2.60  -1.40   0.36   1.27  85   514     0  3.1
  3  2128 J8   892  1603 J8  1902  1472 J8   422  5275 16348  7.3  6.6  1.02  0.29   5.55  -1.40   1.73   3.02  83   504     0  2.2
  4  3893 J8  1429  2955 J8  2910  2367 J8   490  8083 19527  5.9  5.3  1.04  0.31  11.44  -0.09   5.86   7.71  76   380     0  2.4
  5  5132 J8  1483  3045 J8  2385  3325 J8   630 10386 22319  6.7  5.4  1.23  0.30  13.41   1.60   7.93   9.48  70   336     0  1.9
  6  4642 J8  1786  2563 J8  2888  3044 J8   601 11442 23803  7.8  7.1  1.61  0.27  17.01   5.18  11.61  12.91  77   217     0  2.0
  7  3880 J8  1300  1388 J8  1920  3080 J8   479 10817 22857  8.9  8.3  2.12  0.23  17.63   9.28  13.57  14.41  85   151     0  1.7
  8  3720 J8  1407  2503 J8  2496  2388 J8   548  8775 20201  7.3  6.5  2.11  0.19  16.90   8.36  12.76  13.93  84   177     0  1.8
  9  2249 J8   922  1380 J8  1750  1636 J8   398  6091 17136  7.8  7.5  1.44  0.16  11.89   3.37   7.69   8.81  87   321     0  2.2
 10  1194 J8   584  1529 J8  1909   744 J8   235  3487 13953  7.1  6.4  1.10  0.13   6.54   0.46   3.27   4.45  85   460     0  2.1
 11   492 J8   229   441 J8   781   410 J8   110  1644 10888  8.2  7.4  1.18  0.11   4.84   1.38   3.03   3.70  90   457     0  2.7
 12   267 J8    97   374 J8   628   222 J8    49   926  9132  7.0  6.5  0.93  0.11  -0.52  -3.97  -2.26  -1.63  86   638     0  3.1
 13  2407 J8  1777  1550 J8  1022  1648 J8  1161  5920 16618  7.6  6.9  1.33  0.22   9.16   1.93   5.59   6.66  84  4675     0  2.3
 1993
  1   534 J8   218  1420 J8  1137   309 J8    89  1329 10231  5.2  4.2  0.75  0.12  -0.28  -4.52  -2.42  -1.63  81   643     0  2.3
  2   899 J8   428   863 J8  1494   676 J8   181  2828 13112  7.9  7.1  0.95  0.14   2.18  -2.42  -0.04   0.81  72   517     0  2.5
  3  2233 J8  1059  2465 J8  2616  1252 J8   362  5255 16331  6.6  6.0  0.74  0.15   4.83  -1.62   1.58   2.78  78   518     0  2.6
  4  4140 J8  1287  3307 J8  2718  2441 J8   534  8065 19510  7.0  5.9  1.01  0.17  12.40   1.40   6.92   8.70  76   343     0  2.1
  5  5455 J8  1811  4621 J8  3630  2731 J8   663 10375 22304  6.1  5.1  1.47  0.17  17.29   3.90  11.08  12.68  74   240     0  2.1
  6  4763 J8  1720  2967 J8  2626  2974 J8   406 11442 23804  7.6  6.8  1.61  0.16  19.43   6.32  13.50  14.95  79   164     1  1.8
  7  5240 J8  1801  3821 J8  3615  2947 J8   593 10827 22867  7.0  6.4  1.99  0.13  20.70  10.23  15.62  16.73  77    93     5  1.5
  8  3400 J8  1740  2472 J8  3250  2052 J8   322  8792 20217  8.0  7.3  2.05  0.11  19.37   9.70  14.53  15.99  83   118     0  1.4
  9  2545 J8  1089  2219 J8  2585  1593 J8   389  6110 17152  8.0  7.4  1.84  0.08  14.64   6.50  10.60  11.99  88   233     0  1.9
 10  1263 J8   643  1489 J8  2113   809 J8   236  3503 13972  8.0  7.4  1.53  0.06  10.07   4.84   7.35   8.49  92   337     0  2.7
 11   600 J8   254   879 J8  1172   447 J8   158  1654 10910  8.3  7.5  1.00  0.05   4.14  -0.45   1.86   2.74  90   495     0  3.0
 12   271 J8    79   299 J8   444   237 J8    54   927  9133  8.5  8.1  0.95  0.05   2.92   0.52   1.69   2.11  91   515     0  3.1
 13  2612 J8  1938  2235 J8  1304  1539 J8  1058  5926 16629  7.3  6.6  1.33  0.12  10.64   2.87   6.86   8.03  82  4215     6  2.3
 1994
  1   367 J8   159   353 J8   654   317 J8   123  1322 10209  9.2  8.6  0.99  0.07   0.32  -2.41  -1.20  -0.87  87   601     0  4.3
  2  1347 J8   407  2299 J8  1406   762 J8   283  2811 13085  6.0  4.3  0.65  0.09  -3.01  -7.45  -5.30  -4.38  66   660     0  4.4
  3  1926 J8   972  1221 J8  1372  1422 J8   495  5233 16303  8.8  7.8  0.88  0.11   4.59  -1.15   1.68   2.72  88   515     0  2.7
  4  4050 J8  1367  3632 J8  3242  2245 J8   714  8042 19484  6.1  5.4  0.94  0.13   9.15   0.55   5.08   6.46  80   404     0  2.1
  5  4446 J8  1489  2584 J8  2831  2956 J8   543 10360 22286  8.0  7.4  1.23  0.14  13.08   3.75   8.50   9.56  80   307     0  2.6
  6  4811 J8  1891  3330 J8  3625  2814 J8   600 11440 23803  7.8  7.1  1.66  0.13  16.25   6.08  11.83  12.93  73   215     0  2.1
  7  4375 J8  1379  2269 J8  2898  3114 J8   678 10838 22884  8.2  7.8  2.03  0.11  20.63   9.24  15.27  16.51  74   106     1  1.7
  8  4249 J8  1580  4174 J8  3280  2042 J8   493  8812 20242  6.3  5.8  2.31  0.09  20.80  10.10  15.40  17.00  83    92     2  1.8
  9  2372 J8   865  1709 J8  2196  1659 J8   378  6133 17181  8.0  7.6  1.59  0.06  13.73   6.54  10.15  11.37  90   246     0  2.4
 10  1064 J8   512   910 J8  1776   805 J8   243  3522 13999  8.3  7.9  1.10  0.04   8.04   2.95   5.47   6.52  92   398     0  2.8
 11   613 J8   301   953 J8  1449   440 J8   150  1665 10929  8.3  7.1  0.68  0.04   0.49  -3.00  -1.24  -0.62  95   588     0  2.7
 12   290 J8   125   646 J8  1089   215 J8    59   929  9138  7.9  7.2  0.75  0.04   0.21  -2.66  -1.19  -0.67  93   606     0  2.8
 13  2493 J8  1780  2007 J8  1250  1566 J8  1065  5925 16629  7.8  7.0  1.23  0.09   8.69   1.88   5.37   6.38  83  4737     3  2.7
 1995
  1   444 J8   204   996 J8  1164   303 J8   115  1314 10195  6.6  5.9  0.84  0.06   0.78  -3.35  -1.31  -0.43  89   608     0  2.4
  2  1179 J8   637  1985 J8  2007   645 J8   236  2794 13060  6.7  5.4  0.70  0.08   1.18  -4.20  -1.78  -0.54  83   556     0  2.7
  3  1858 J8   777  2125 J8  2691  1118 J8   382  5210 16273  7.2  6.7  0.68  0.10   2.97  -3.45  -0.23   0.90  79   576     0  2.6
  4  4046 J8  1472  3039 J8  2678  2476 J8   539  8020 19458  7.3  5.8  0.99  0.12  12.12   0.29   6.25   8.27  74   364     0  2.4
  5  5093 J8  1563  4248 J8  3421  2693 J8   679 10344 22262  7.0  5.9  1.35  0.13  16.75   4.02  10.72  12.33  74   246     0  2.0
  6  4638 J8  1792  3100 J8  2951  2779 J8   555 11437 23799  7.8  7.3  1.76  0.13  17.58   5.72  12.12  13.48  81   201     0  1.8
  7  3865 J8  1826  2044 J8  3371  2659 J8   489 10850 22899  8.6  8.1  2.19  0.10  18.26   9.44  13.88  14.78  85   139     0  1.9
  8  3675 J8  1683  3162 J8  3586  2026 J8   443  8833 20271  7.5  6.7  1.93  0.08  17.19   7.13  12.52  13.98  87   191     0  1.8
  9  2544 J8   972  2038 J8  2263  1662 J8   438  6156 17207  8.0  7.4  2.14  0.05  17.14   7.41  12.30  13.89  86   182     0  1.8
 10  1098 J8   444  1103 J8  1636   786 J8   216  3542 14028  8.3  8.0  1.12  0.04   8.58   2.95   5.76   6.92  92   389     0  2.5
 11   545 J8   216   696 J8  1389   436 J8   135  1675 10959  8.0  7.6  0.82  0.03   2.02  -1.12   0.45   1.11  82   536     0  3.2
 12   257 J8   110   408 J8   864   209 J8    55   930  9142  8.8  8.6  0.86  0.04  -0.71  -3.28  -2.05  -1.63  87   630     0  3.2
 13  2437 J8  1760  2079 J8  1155  1483 J8  1012  5925 16630  7.6  7.0  1.28  0.08   9.49   1.80   5.72   6.92  83  4618     1  2.4
 1996
  1   592 J8   258  2082 J8  1510   271 J8    93  1306 10172  4.4  3.9  0.56  0.06  -3.22  -7.72  -5.74  -4.61  80   738     0  3.1
  2  1140 J8   687  2010 J8  2246   605 J8   190  2814 13087  6.7  5.7  0.85  0.08   0.59  -5.02  -2.10  -1.00  90   596     0  2.6
  3  2489 J8  1263  3478 J8  3121  1107 J8   316  5278 16352  5.6  5.3  0.80  0.10   4.20  -2.96   0.62   2.00  76   549     0  2.5
  4  4275 J8  1653  4737 J8  3999  1911 J8   583  8086 19529  4.9  4.4  0.84  0.12   9.78  -0.04   5.05   6.54  76   404     0  2.6
  5  5779 J8  1647  6222 J8  4015  2314 J8   754 10388 22322  4.8  4.1  1.01  0.13  13.80   3.23   9.26  10.53  74   304     0  1.6
  6  4381 J8  1754  2766 J8  3000  2786 J8   591 11443 23804  8.2  7.4  1.52  0.12  15.78   5.56  10.92  12.04  86   230     0  2.2
  7  4384 J8  1320  2477 J8  2844  3002 J8   564 10815 22854  8.4  7.7  1.87  0.10  16.77   9.64  13.37  14.06  84   160     1  1.7
  8  4163 J8  1652  4357 J8  3860  1949 J8   593  8772 20196  5.6  5.5  1.98  0.08  16.66   7.64  12.31  13.69  92   192     0  2.0
  9  2493 J8  1306  2573 J8  3328  1396 J8   350  6088 17131  7.5  7.1  1.38  0.05  12.99   4.97   8.97  10.31  88   280     0  2.3
 10  1085 J8   526  1148 J8  1742   753 J8   216  3484 13950  8.8  8.2  1.07  0.04   7.45   2.34   4.62   5.62  93   417     0  2.7
 11   708 J8   299  1959 J8  1939   382 J8   180  1643 10884  5.5  4.9  0.78  0.03   2.53  -1.50   0.30   1.29  83   534     0  3.2
 12   345 J8   112  1144 J8  1248   221 J8    68   926  9132  5.9  5.4  0.60  0.04  -0.19  -3.67  -1.96  -1.38  76   628     0  3.6
 13  2653 J8  1879  2913 J8  1528  1391 J8   987  5920 16618  6.4  5.8  1.11  0.08   8.10   1.04   4.63   5.76  83  5032     1  2.5
 1997
  1   435 J8   211   840 J8  1273   313 J8   100  1330 10233  7.4  7.0  0.80  0.06   0.11  -3.25  -1.68  -1.09  81   617     0  3.5
  2   862 J8   437   598 J8  1037   713 J8   214  2830 13117  9.3  8.3  0.99  0.08   3.94   0.61   2.10   2.89  90   450     0  3.0
  3  1928 J8   788  1589 J8  1406  1342 J8   390  5258 16332  8.6  7.4  0.66  0.10   4.08  -1.03   1.41   2.16  88   521     0  2.9
  4  4276 J8  1483  4235 J8  3088  2194 J8   467  8068 19513  5.9  4.8  0.87  0.12  11.23   0.36   5.75   7.46  77   376     0  2.3
  5  5305 J8  1991  4941 J8  4027  2511 J8   594 10377 22307  6.3  5.0  1.31  0.13  16.13   3.17  10.08  11.70  73   269     0  2.5
  6  4841 J8  1925  3503 J8  3334  2749 J8   525 11442 23806  7.6  6.8  1.75  0.13  18.92   6.91  13.37  14.73  78   163     1  1.8
  7  3885 J8  1293  1523 J8  2094  3025 J8   443 10825 22867  9.1  8.4  2.10  0.10  18.04  10.27  14.34  15.17  89   129     0  1.8
  8  3579 J8  1346  2513 J8  2612  2268 J8   399  8789 20214  8.2  7.3  2.35  0.08  19.48  10.06  14.71  16.12  88   110     0  2.0
  9  2628 J8  1242  2785 J8  2840  1419 J8   342  6107 17150  7.3  7.0  1.69  0.05  16.02   7.25  11.68  13.22  85   201     0  2.1
 10  1325 J8   802  1912 J8  2686   729 J8   183  3501 13968  7.9  7.5  1.03  0.04   8.82   3.72   6.23   7.17  82   374     0  2.2
 11   671 J8   273  1493 J8  1765   420 J8   182  1653 10907  6.5  5.8  1.02  0.03   6.01   2.13   3.93   4.65  93   428     0  2.5
 12   276 J8    90   366 J8   630   234 J8    51   927  9133  8.6  8.3  0.89  0.04   2.97   0.10   1.57   1.97  94   521     0  2.8
 13  2501 J8  1823  2191 J8  1446  1493 J8  1018  5926 16629  7.7  7.0  1.29  0.08  10.48   3.36   6.96   8.01  85  4159     1  2.4
 1998
  1   462 J8   163  1017 J8  1041   321 J8    83  1323 10212  7.8  6.5  0.84  0.06  -0.57  -3.43  -2.07  -1.57  80   630     0  3.9
  2  1047 J8   392  1111 J8  1343   781 J8   271  2813 13091  8.2  7.2  0.92  0.08   6.42   1.74   3.66   4.81  78   399     0  3.4
  3  2406 J8   827  3157 J8  2985  1276 J8   509  5236 16304  6.2  5.4  0.84  0.10   6.42  -1.02   2.30   3.75  78   485     0  2.6
  4  4225 J8  1473  4153 J8  3754  2211 J8   744  8045 19486  6.3  5.1  0.91  0.12  10.06   0.12   5.22   6.82  81   397     0  2.4
  5  4787 J8  1818  3556 J8  3781  2783 J8   608 10362 22289  7.3  6.1  1.39  0.13  14.72   2.66   9.30  10.79  79   299     0  2.3
  6  4928 J8  1908  4049 J8  3845  2647 J8   588 11440 23803  7.0  6.0  1.84  0.13  17.66   5.94  12.27  13.63  81   196     0  2.3
  7  4740 J8  2045  3628 J8  4083  2693 J8   548 10837 22882  7.7  6.7  2.09  0.10  18.42   9.47  13.94  14.91  85   136     0  2.0
  8  3939 J8  1887  3923 J8  4251  1923 J8   610  8810 20239  6.4  6.0  1.90  0.08  16.45   8.40  12.50  13.72  85   183     0  1.9
  9  2401 J8   881  2079 J8  2582  1601 J8   445  6130 17177  8.0  7.3  1.63  0.05  12.79   6.44   9.82  10.82  88   262     0  2.1
 10  1161 J8   591  1288 J8  2049   792 J8   213  3520 13993  8.3  7.8  1.22  0.04   8.80   3.14   6.00   7.10  88   383     0  2.8
 11   786 J8   328  2295 J8  1880   383 J8   160  1663 10928  5.1  4.6  0.76  0.03   4.20  -0.13   1.84   2.86  90   489     0  2.7
 12   322 J8   129   929 J8  1206   220 J8    58   929  9137  6.9  6.5  0.73  0.04   0.67  -2.47  -0.93  -0.33  88   596     0  3.1
 13  2600 J8  1830  2599 J8  1284  1469 J8   973  5925 16628  7.1  6.3  1.26  0.08   9.67   2.57   6.15   7.28  83  4454     0  2.6
 1999
  1   401 J8   219   744 J8  1256   288 J8    97  1315 10196  7.9  7.3  0.69  0.06  -0.37  -3.93  -2.09  -1.38  89   635     0  3.1
  2  1059 J8   580  1232 J8  1662   731 J8   245  2796 13062  8.3  7.2  0.60  0.08   1.30  -3.06  -1.12  -0.05  87   538     0  3.3
  3  2094 J8   963  2020 J8  2342  1317 J8   337  5213 16278  8.0  7.2  0.66  0.10   4.11  -2.05   0.86   2.06  83   536     0  2.9
  4  3684 J8  1747  3278 J8  3816  2041 J8   504  8023 19460  6.9  6.1  0.91  0.12   9.92  -0.43   4.80   6.39  82   408     0  2.4
  5  5010 J8  1544  4007 J8  3201  2806 J8   506 10346 22264  6.9  5.7  1.01  0.13  12.45   0.97   7.21   8.66  76   360     0  2.5
  6  4553 J8  1782  3049 J8  3136  2762 J8   498 11437 23800  7.8  7.0  1.62  0.13  16.74   4.98  11.23  12.58  83   224     0  2.2
  7  4984 J8  2077  3771 J8  3680  2735 J8   535 10848 22896  7.8  6.7  2.06  0.10  18.45   9.18  14.02  14.98  82   142     2  2.0
  8  3442 J8  1403  2317 J8  2844  2304 J8   481  8830 20266  8.6  7.4  2.17  0.08  17.04   8.88  12.93  14.04  89   167     0  1.8
  9  2297 J8   818  1445 J8  2153  1720 J8   416  6153 17204  8.8  8.2  1.75  0.05  11.92   7.30   9.61  10.37  92   262     0  2.2
 10  1011 J8   432   666 J8  1126   818 J8   183  3539 14023  9.4  9.0  1.27  0.04   7.95   3.71   5.77   6.63  94   388     0  2.9
 11   624 J8   248   771 J8   985   498 J8   172  1674 10953  8.6  7.7  0.83  0.03   4.00   0.87   2.25   2.89  95   477     0  3.0
 12   317 J8   107   476 J8   576   263 J8    75   930  9142  8.9  8.0  0.93  0.04   2.68  -0.15   1.24   1.68  95   529     0  2.5
 13  2456 J8  1813  1981 J8  1282  1524 J8   995  5925 16629  8.2  7.3  1.21  0.08   8.85   2.19   5.56   6.57  87  4664     2  2.6
 2000
  1   447 J8   199   814 J8  1054   329 J8   119  1307 10176  7.6  6.3  0.62  0.06  -0.55  -3.98  -2.30  -1.58  92   638     0  2.9
  2  1266 J8   469  2176 J8  1883   734 J8   269  2816 13089  6.7  4.6  0.74  0.08   3.46  -2.22   0.09   1.42  92   514     0  2.0
  3  1962 J8   659  1949 J8  2316  1268 J8   345  5281 16357  7.8  7.0  0.82  0.10   5.68  -0.76   2.31   3.54  86   492     0  3.4
  4  3911 J8  1436  3336 J8  2981  2276 J8   500  8089 19534  7.9  6.4  0.77  0.12   7.53  -0.71   3.64   4.99  84   448     0  2.4
  5  5616 J8  1716  5387 J8  3980  2666 J8   807 10390 22324  6.4  4.8  0.94  0.13  12.98   1.85   7.85   9.22  80   338     0  2.2
  6  4939 J8  1875  3848 J8  3574  2780 J8   580 11443 23804  6.8  6.0  1.38  0.12  16.98   4.35  11.23  12.65  83   230     0  1.9
  7  3917 J8  1489  1806 J8  2598  2904 J8   560 10813 22847  8.9  8.2  1.78  0.10  16.84   9.24  13.20  14.04  87   164     0  1.8
  8  3669 J8  1392  2833 J8  2882  2259 J8   465  8769 20195  7.7  6.8  1.79  0.08  17.45   7.80  12.56  14.01  86   177     0  2.0
  9  2343 J8  1063  1608 J8  2270  1659 J8   375  6085 17130  8.3  7.8  1.51  0.05  11.38   4.29   8.45   9.42  95   315     0  2.2
 10  1261 J8   588  1453 J8  1968   836 J8   215  3482 13946  8.4  7.7  1.08  0.04   8.38   2.82   5.51   6.69  90   395     0  2.9
 11   670 J8   265  1289 J8  1384   466 J8   201  1642 10882  7.5  6.5  0.88  0.03   3.53  -0.10   1.50   2.32  88   498     0  2.1
 12   315 J8   134   900 J8  1303   215 J8    63   926  9132  7.2  7.0  0.77  0.04   1.15  -1.99  -0.48   0.10  90   581     0  2.7
 13  2526 J8  1827  2283 J8  1350  1533 J8  1015  5920 16618  7.6  6.6  1.09  0.08   8.73   1.72   5.30   6.40  88  4790     0  2.4
 2001
  1   379 J8   162   375 J8   633   322 J8    95  1332 10237  9.2  8.2  0.83  0.06   4.08   1.57   2.70   3.12  91   481     0  2.9
  2  1230 J8   489  2177 J8  2119   692 J8   252  2832 13121  6.6  5.2  0.63  0.08   2.22  -3.32  -0.79   0.47  88   529     0  2.6
  3  2257 J8   921  2363 J8  2286  1360 J8   368  5261 16338  7.6  6.1  0.62  0.10   3.90  -1.80   0.83   1.82  83   536     0  3.1
  4  3757 J8  1360  2835 J8  2719  2387 J8   587  8071 19518  8.0  6.6  0.69  0.12   9.03   0.06   4.53   5.91  82   414     0  2.4
  5  4622 J8  1572  2935 J8  2825  3026 J8   540 10379 22311  8.1  6.4  0.93  0.13  11.38   1.98   6.98   8.10  80   361     0  2.7
  6  4020 J8  1711  2188 J8  2878  2752 J8   460 11442 23806  8.2  7.7  1.45  0.13  16.24   5.74  11.37  12.51  82   220     0  2.2
  7  3777 J8  1421  1648 J8  2534  2851 J8   432 10824 22865  8.7  8.1  1.79  0.10  17.58   9.23  13.64  14.55  83   153     0  2.3
  8  3620 J8  1446  2704 J8  2971  2247 J8   475  8786 20212  7.7  7.2  1.85  0.08  18.78   9.15  13.90  15.40  85   135     0  2.1
  9  2191 J8   947  1468 J8  2241  1597 J8   368  6104 17146  8.8  8.1  1.47  0.05  13.03   7.67  10.42  11.22  88   239     0  2.6
 10  1320 J8   632  1751 J8  1930   802 J8   255  3499 13964  7.8  6.9  0.94  0.04   7.59   2.73   5.06   6.07  90   408     0  2.2
 11   622 J8   218  1096 J8  1401   454 J8   187  1651 10906  7.5  6.9  0.71  0.03   2.79  -0.44   0.98   1.69  89   515     0  2.9
 12   278 J8   103   392 J8   742   233 J8    53   927  9132  8.4  7.8  0.73  0.04   0.66  -1.84  -0.59  -0.12  91   586     0  3.4
 13  2339 J8  1569  1828 J8   875  1560 J8  1057  5926 16630  8.1  7.1  1.05  0.08   8.94   2.56   5.75   6.73  86  4577     0  2.6
 2002
  1   432 J8   210   803 J8  1145   315 J8   108  1324 10214  8.3  7.2  1.00  0.06   1.67  -1.95  -0.17   0.45  92   572     0  2.9
  2  1131 J8   566  1643 J8  1920   716 J8   217  2815 13093  7.5  6.1  0.82  0.08   1.83  -2.69  -0.60   0.47  95   525     0  2.6
  3  2865 J8  1071  4790 J8  2918  1055 J8   377  5238 16309  4.5  3.6  0.54  0.10   0.35  -5.75  -2.66  -1.69  67   652     0  3.1
  4  5156 J8  1385  6696 J8  3417  1803 J8   558  8048 19491  3.8  2.9  0.78  0.12   7.89  -2.05   3.50   5.03  71   462     0  1.8
  5  5695 J8  1608  6199 J8  3989  2272 J8   725 10363 22290  4.5  4.1  1.29  0.13  13.04   2.72   8.32   9.64  68   324     0  2.2
  6  4960 J8  2080  4126 J8  4135  2538 J8   681 11440 23803  6.6  6.0  1.82  0.13  16.39   7.75  12.54  13.39  72   191     3  2.1
  7  4052 J8  1594  2437 J8  3266  2740 J8   481 10835 22877  7.8  7.5  2.23  0.10  15.84   8.87  12.70  13.35  85   185     0  1.2
  8  3404 J8  1906  2676 J8  3876  1973 J8   405  8807 20235  7.8  7.3  2.32  0.08  16.14   9.52  12.89  13.85  85   171     0  1.5
  9  2496 J8  1129  2461 J8  3043  1467 J8   442  6127 17174  7.6  7.2  1.78  0.05  12.87   6.00   9.50  10.78  89   267     0  1.4
 10  1124 J8   410  1229 J8  1432   780 J8   252  3518 13992  8.5  8.0  1.72  0.04   9.52   4.51   7.03   8.01  92   351     0  1.8
 11   601 J8   205  1108 J8  1404   412 J8   138  1662 10926  8.5  7.7  1.50  0.03   6.60   2.67   4.82   5.40  90   411     0  2.3
 12   295 J8   128   852 J8  1036   200 J8    46   929  9137  7.1  6.6  1.05  0.04   2.37  -1.80   0.52   0.89  96   559     0  1.9
 13  2684 J8  1972  2918 J8  2067  1356 J8   899  5925 16628  6.9  6.2  1.40  0.08   8.71   2.32   5.70   6.63  84  4671     3  2.1
 2003
  1   419 J8   184   877 J8  1209   291 J8    93  1316 10197  7.3  6.9  1.19  0.06   2.68  -1.45   0.72   1.18  85   549     0  3.2
  2  1064 J8   569  1637 J8  2130   644 J8   234  2798 13065  8.0  6.9  1.10  0.08   2.15  -2.43  -0.07   0.80  82   517     0  1.9
  3  2568 J8   884  3680 J8  2683  1197 J8   420  5216 16279  6.2  4.9  0.82  0.10   2.59  -3.50  -0.34   0.64  73   582     0  2.9
  4  4779 J8  1431  5792 J8  3617  1910 J8   627  8026 19463  4.0  3.1  0.96  0.12  10.17  -1.37   4.77   6.73  74   418     0  2.4
  5  5766 J8  1629  6195 J8  4055  2355 J8   828 10348 22266  4.9  4.0  1.19  0.13  12.74   1.42   7.74   9.29  71   349     0  2.2
  6  4487 J8  1868  3157 J8  3549  2638 J8   438 11437 23800  7.6  7.0  1.81  0.13  15.21   7.35  11.49  12.27  81   212     0  1.8
  7  4707 J8  1933  3682 J8  3992  2567 J8   578 10846 22894  7.1  6.6  2.38  0.10  18.25  10.00  14.38  15.25  82   130     0  1.3
  8  4041 J8  1577  4104 J8  3717  1997 J8   562  8827 20263  6.2  6.0  1.98  0.08  17.58   7.98  13.07  14.46  83   172     0  1.5
  9  2608 J8   996  2806 J8  2878  1422 J8   451  6150 17200  7.6  7.2  1.88  0.05  12.31   5.84   9.30  10.37  91   278     0  1.9
 10  1493 J8   633  2759 J8  2484   705 J8   248  3537 14019  6.4  6.1  1.44  0.04   9.93   2.40   6.29   7.90  87   377     0  1.9
 11   712 J8   343  1637 J8  1702   401 J8   116  1673 10949  7.4  6.6  0.93  0.03   3.11  -2.34   0.16   1.24  82   538     0  1.6
 12   305 J8   107   706 J8   825   221 J8    38   930  9143  8.2  8.0  1.04  0.04   2.37  -2.08   0.33   0.56  86   564     0  2.9
 13  2746 J8  1949  3086 J8  1749  1362 J8   911  5925 16628  6.7  6.1  1.39  0.08   9.09   1.82   5.65   6.72  81  4686     0  2.1
 2004
  1   425 J8   205  1098 J8  1446   273 J8   102  1308 10177  6.9  6.6  0.85  0.06  -0.71  -4.96  -2.74  -2.31  76   656     0  3.4
  2  1192 J8   586  1879 J8  2046   683 J8   173  2818 13094  7.6  6.4  1.16  0.08   4.62  -1.18   1.68   2.87  88   482     0  2.0
  3  2359 J8  1015  3084 J8  2557  1177 J8   312  5284 16360  6.7  5.6  0.88  0.10   4.26  -1.62   1.13   2.14  83   527     0  2.1
  4  4183 J8  1773  4262 J8  3850  2053 J8   502  8091 19537  5.7  5.0  1.19  0.12   6.80  -0.12   3.64   4.68  82   450     0  2.0
  5  5722 J8  1942  6224 J8  4255  2232 J8   659 10392 22326  4.5  4.0  1.43  0.13  15.16   3.58   9.99  11.44  70   278     0  1.9
  6  5667 J8  2329  5905 J8  5046  2278 J8   738 11443 23804  5.3  4.7  1.95  0.12  19.40   7.79  14.13  15.41  72   145     3  1.8
  7  4796 J8  1997  3857 J8  4104  2598 J8   577 10812 22846  7.0  6.5  2.44  0.10  19.32  11.14  15.36  16.25  82    96     0  1.5
  8  5030 J8  1395  6519 J8  3875  1712 J8   687  8766 20192  4.3  3.8  2.32  0.08  21.29   9.10  15.35  17.30  78   102     4  1.4
  9  2795 J8  1268  3546 J8  3773  1353 J8   438  6082 17123  6.5  6.1  1.63  0.05  13.11   4.13   8.89  10.49  82   291     0  2.0
 10  1376 J8   497  2431 J8  2275   723 J8   288  3479 13943  7.1  6.6  1.38  0.04   8.37   1.39   5.03   6.25  86   417     0  1.7
 11   615 J8   295  1190 J8  1499   401 J8   119  1640 10880  8.0  7.3  1.15  0.03   4.07  -0.53   1.81   2.36  92   497     0  1.7
 12   329 J8   121   990 J8  1189   218 J8    61   926  9131  7.4  6.6  1.00  0.04   2.65  -2.00   0.24   0.79  82   558     0  2.5
 13  2874 J8  2108  3415 J8  2007  1308 J8   853  5920 16618  6.4  5.8  1.45  0.08   9.86   2.23   6.21   7.31  81  4498     7  2.0
 2005
  1   401 J8   182   882 J8  1306   280 J8    94  1333 10240  7.8  7.2  1.05  0.06  -0.29  -5.26  -2.74  -2.03  84   654     0  2.7
  2  1010 J8   433  1186 J8  1558   710 J8   225  2834 13125  8.5  7.4  1.01  0.08   1.43  -3.36  -0.69   0.03  93   540     0  2.0
  3  2441 J8  1118  3392 J8  2946  1149 J8   329  5264 16340  6.4  5.2  0.97  0.10   5.82  -0.71   2.61   3.72  79   489     0  2.6
  4  4520 J8  1580  5194 J8  3813  1945 J8   569  8073 19523  4.9  4.6  1.08  0.12  10.04   0.42   5.54   7.07  78   393     0  2.2
  5  5746 J8  1576  6022 J8  4121  2400 J8   875 10381 22313  4.8  3.9  1.52  0.13  14.54   2.82   9.45  10.94  69   299     0  2.2
  6  5047 J8  2040  4297 J8  4229  2526 J8   637 11443 23806  6.4  6.0  1.79  0.13  17.73   7.33  13.04  14.15  77   174     0  1.8
  7  4294 J8  1311  2437 J8  2805  2928 J8   531 10822 22863  8.4  7.7  2.17  0.10  17.00  10.46  13.83  14.47  84   143     0  1.7
  8  3872 J8  1761  3902 J8  4103  1888 J8   536  8783 20207  6.2  5.8  2.28  0.08  18.75   9.35  14.11  15.54  84   133     0  1.4
  9  2372 J8   937  1811 J8  2092  1605 J8   303  6101 17143  8.5  7.8  1.90  0.05  13.72   7.30  10.64  11.77  87   235     0  1.5
 10  1418 J8   610  2376 J8  2155   722 J8   231  3496 13960  7.4  6.6  1.30  0.04   7.97   2.17   5.01   6.05  92   411     0  1.8
 11   652 J8   238  1530 J8  1649   409 J8   153  1650 10902  6.9  6.3  1.20  0.03   4.63  -0.47   1.98   2.62  86   487     0  2.9
 12   312 J8   115   790 J8  1077   219 J8    47   927  9132  7.6  7.2  1.26  0.04   3.75  -0.31   1.81   2.10  90   515     0  2.7
 13  2674 J8  1951  2818 J8  1736  1398 J8   944  5926 16629  7.0  6.3  1.46  0.08   9.59   2.48   6.22   7.20  83  4473     0  2.1
 2006
  1   494 J8   201  1033 J8   954   343 J8   116  1325 10216  8.0  6.4  0.88  0.06   0.86  -2.98  -0.90  -0.46  93   601     0  2.3
  2  1534 J8   518  3697 J8  2118   594 J8   198  2817 13095  4.5  3.2  0.76  0.08   2.05  -4.89  -1.42  -0.00  77   553     0  2.4
  3  2606 J8   723  3722 J8  2458  1204 J8   367  5241 16310  5.4  4.6  0.73  0.10   1.30  -5.56  -2.09  -0.93  67   634     0  2.5
  4  4186 J8  1229  3702 J8  2439  2353 J8   505  8051 19494  7.1  5.3  1.06  0.12   6.34  -1.02   2.98   4.20  82   470     0  2.1
  5  5109 J8  1961  4681 J8  4005  2479 J8   532 10365 22293  6.8  5.5  1.39  0.13  11.61   3.38   7.83   8.77  79   336     0  2.0
  6  4759 J8  1979  3452 J8  4204  2716 J8   696 11440 23803  7.4  6.9  1.76  0.13  15.33   7.60  11.70  12.50  79   206     0  1.6
  7  4505 J8  1629  3118 J8  3462  2713 J8   556 10833 22875  7.5  7.2  2.16  0.10  16.88   9.29  13.35  14.11  82   162     0  1.1
  8  3233 J8  1160  1903 J8  2271  2242 J8   422  8804 20232  9.1  8.1  2.26  0.08  14.39   9.97  12.15  12.76  88   191     0  1.1
  9  2511 J8   851  2561 J8  2746  1496 J8   421  6124 17168  7.6  7.3  1.92  0.05  12.93   6.77   9.70  10.82  87   254     0  1.6
 10  1400 J8   578  2431 J8  2324   711 J8   267  3515 13989  6.9  6.4  1.52  0.04   8.03   1.79   4.96   6.16  92   416     0  1.2
 11   786 J8   372  2480 J8  2201   350 J8   154  1661 10922  5.0  4.7  0.60  0.03  -2.51  -8.17  -4.83  -3.90  67   710     0  3.0
 12   329 J8   104   868 J8   887   232 J8    52   928  9137  7.8  7.0  1.11  0.04   2.67  -1.19   0.84   1.10  90   545     0  2.9
 13  2621 J8  1731  2804 J8  1148  1453 J8   998  5925 16628  6.9  6.1  1.35  0.08   7.49   1.25   4.52   5.43  82  5079     0  2.0
 2007
  1   530 J8   201  1323 J8  1084   331 J8   108  1317 10198  6.9  5.7  0.97  0.06   0.76  -3.68  -1.34  -0.89  90   613     0  1.8
  2  1181 J8   469  2181 J8  1930   650 J8   197  2800 13067  7.0  5.6  0.86  0.08  -1.45  -5.27  -3.12  -2.43  74   607     0  3.3
  3  2277 J8   850  2736 J8  2288  1265 J8   370  5219 16284  6.6  5.8  0.73  0.10  -0.13  -5.32  -2.53  -1.87  85   653     0  2.7
  4  4447 J8  1233  4750 J8  3587  2155 J8   764  8028 19466  6.1  4.9  1.03  0.12   7.05  -1.57   2.84   4.20  79   468     0  2.5
  5  4843 J8  1711  3954 J8  3696  2671 J8   639 10350 22271  7.1  6.0  1.43  0.13  10.45   1.95   6.73   7.77  79   376     0  1.7
  6  5122 J8  1890  4160 J8  3356  2660 J8   459 11437 23799  6.6  6.0  1.86  0.13  15.53   7.04  11.63  12.50  77   211     0  1.4
  7  4738 J8  1362  3053 J8  2348  2926 J8   504 10845 22893  8.2  7.2  2.43  0.10  16.25  10.36  13.38  13.95  85   156     0  1.4
  8  4280 J8  1546  4215 J8  3901  2085 J8   737  8824 20258  6.8  5.9  2.07  0.08  18.61   9.04  13.97  15.40  80   140     0  1.2
  9  2561 J8   972  2505 J8  2673  1518 J8   368  6147 17197  8.1  7.1  1.89  0.05  13.29   6.45   9.85  11.13  88   254     0  1.3
 10  1402 J8   489  1966 J8  1420   837 J8   251  3534 14016  7.6  7.2  1.27  0.04   8.02   1.49   4.73   6.03  89   421     0  1.6
 11   642 J8   243  1110 J8  1109   451 J8   114  1671 10945  7.4  6.9  1.03  0.03   3.79  -1.89   1.13   2.22  93   521     0  1.6
 12   337 J8   135   832 J8  1096   242 J8    62   930  9142  7.8  7.0  0.86  0.04  -0.27  -4.02  -1.94  -1.56  84   635     0  2.8
 13  2697 J8  1880  2732 J8  1317  1483 J8   990  5925 16628  7.2  6.3  1.37  0.08   7.66   1.22   4.61   5.54  84  5055     0  1.9
 2008
  1   545 J8   234  1519 J8  1410   311 J8   112  1309 10180  6.5  5.2  0.80  0.06  -0.79  -5.85  -3.15  -2.43  85   671     0  2.5
  2  1195 J8   418  1780 J8  1437   747 J8   214  2820 13096  7.4  6.4  0.93  0.08   0.37  -4.50  -1.95  -1.30  91   592     0  1.9
  3  2514 J8   860  3217 J8  2342  1270 J8   356  5287 16364  6.5  5.5  0.91  0.10   3.93  -2.30   0.93   2.03  87   543     0  0.2
  4  4018 J8  1603  3874 J8  3523  2128 J8   493  8094 19541  6.4  5.5  0.99  0.12   6.67  -1.70   2.77   4.12  80   475     0  1.5
  5  4981 J8  1725  4051 J8  3678  2755 J8   670 10394 22327  7.3  6.1  1.34  0.13  11.76   2.41   7.65   8.70  74   349     0  2.2
  6  5023 J8  1764  4182 J8  3637  2643 J8   496 11443 23804  6.8  6.1  1.59  0.12  12.75   4.95   9.43  10.21  78   284     0  1.7
  7  3725 J8  1241  1509 J8  1978  2902 J8   316 10810 22843  8.8  8.5  2.16  0.10  14.15   8.86  11.58  12.04  85   212     0  1.7
  8  3350 J8  1122  2246 J8  2546  2201 J8   443  8763 20189  8.6  7.8  2.20  0.08  14.94  -6.02   7.82   8.80  86   430     0  1.3
  9  2278 J8   694  1694 J8  1977  1590 J8   381  6079 17123  8.7  8.1  2.04  0.05  11.92   5.39   9.17  10.06  92   290     0  1.4
 10  1246 J8   537  1512 J8  1690   805 J8   236  3477 13937  8.2  7.8  1.37  0.04   7.15   1.78   4.45   5.34  89   430     0  2.2
 11   629 J8   231  1298 J8  1630   413 J8   123  1639 10878  7.5  6.8  1.05  0.03   3.26  -0.67   1.46   1.84  89   511     0  2.3
 12   389 J8   111  1769 J8  1438   195 J8    73   926  9131  5.3  4.9  0.71  0.04  -2.16  -7.39  -4.42  -3.65  80   716     0  2.5
 13  2491 J8  1710  2388 J8  1113  1497 J8  1006  5920 16618  7.3  6.5  1.34  0.08   6.99  -0.42   3.81   4.65  85  5503     0  1.8
 2009
  1   399 J8   187   516 J8   924   328 J8   126  1334 10241  8.9  7.9  1.05  0.06  -1.39  -4.99  -3.16  -2.83  84   667     0  3.7
  2  1479 J8   568  3157 J8  2181   644 J8   215  2836 13127  5.1  3.7  0.75  0.08   0.39  -6.77  -2.71  -1.33  88   602     0  1.5
  3  2524 J8   929  3344 J8  2413  1247 J8   369  5267 16345  6.5  5.2  0.78  0.10   0.81  -5.34  -1.70  -0.78  80   638     0  2.8
  4  4572 J8  1523  5130 J8  3586  2042 J8   555  8076 19524  5.3  4.2  0.92  0.12   7.23  -2.43   2.54   4.23  79   478     0  2.0
  5  5554 J8  1796  5613 J8  3878  2366 J8   610 10383 22319  5.3  4.7  1.19  0.13  12.89   1.51   7.65   9.19  71   345     0  1.8
  6  4938 J8  2134  4006 J8  4047  2598 J8   531 11443 23806  6.3  5.9  1.58  0.13  16.25   6.08  11.83  12.93  73   215     0  1.6
  7  5549 J8  2353  5905 J8  5209  2187 J8   760 10820 22860  5.3  4.9  2.29  0.10  20.54   9.57  15.28  16.52  74   103     1  1.7
  8  3836 J8  1534  3278 J8  3251  2152 J8   548  8781 20203  7.8  6.7  2.39  0.08  16.40   9.87  13.16  14.06  85   161     0  1.6
  9  2522 J8   936  2510 J8  2586  1483 J8   437  6098 17139  7.8  7.3  1.84  0.05  12.79   6.19   9.53  10.70  89   265     0  1.6
 10  1428 J8   625  2462 J8  2433   715 J8   234  3494 13960  7.3  6.7  1.48  0.04   8.19   3.05   5.72   6.62  85   394     0  2.0
 11   667 J8   210  1177 J8  1040   468 J8   117  1649 10897  7.9  7.5  1.02  0.03   3.06  -0.88   1.34   1.77  88   517     0  2.5
 12   338 J8   123  1232 J8  1248   200 J8    59   927  9132  6.6  6.4  0.97  0.04  -0.27  -4.78  -2.37  -1.88  89   647     0  1.8
 13  2817 J8  2002  3194 J8  1751  1369 J8   878  5926 16629  6.7  5.9  1.35  0.08   8.07   0.93   4.76   5.77  82  5032     1  2.1
 2010
  1   443 J8   196  1072 J8  1269   287 J8    95  1326 10221  7.1  6.5  1.13  0.06   1.66  -2.02  -0.07   0.50  86   574     0  3.2
  2  1174 J8   524  2064 J8  1890   640 J8   171  2819 13099  7.4  6.5  1.04  0.08   4.48  -0.94   1.56   2.74  92   464     0  1.8
  3  2352 J8   824  2656 J8  1773  1345 J8   367  5244 16316  6.8  5.6  0.96  0.10   4.41  -1.51   1.71   2.59  87   523     0  2.9
  4  4293 J8  1123  4278 J8  2578  2197 J8   487  8054 19499  5.6  4.7  1.03  0.12   8.41  -0.14   4.34   5.81  79   426     0  1.9
  5  5679 J8  1845  6002 J8  4015  2288 J8   663 10367 22295  5.0  4.3  1.31  0.13  14.74   3.01   9.64  11.07  73   293     0  1.9
  6  4800 J8  1844  3747 J8  3406  2629 J8   432 11440 23804  7.1  6.5  1.69  0.13  14.85   7.28  11.47  12.24  79   218     0  2.1
  7  3640 J8  1155  1516 J8  2147  2767 J8   363 10832 22872  9.0  8.7  2.16  0.10  15.35   9.61  12.63  13.21  86   181     0  1.4
  8  3387 J8  1555  2693 J8  3439  1972 J8   414  8801 20230  8.0  7.5  2.23  0.08  17.00  10.05  13.39  14.39  90   149     0  1.0
  9  3242 J8  1172  4887 J8  3718  1221 J8   523  6121 17167  5.0  4.5  1.67  0.05  15.28   4.68   9.74  11.88  87   250     0  1.5
 10  1559 J8   534  2917 J8  1938   746 J8   281  3513 13988  6.7  6.0  1.33  0.04   8.64   2.27   5.36   6.56  93   399     0  2.0
 11   647 J8   203  1269 J8  1506   447 J8   170  1660 10921  7.1  6.6  1.08  0.03   3.73  -0.78   1.37   2.09  74   506     0  2.2
 12   345 J8   108  1194 J8  1078   214 J8    53   928  9137  6.2  5.7  0.88  0.04  -0.44  -4.33  -1.95  -1.52  90   642     0  3.7
 13  2630 J8  1809  2858 J8  1590  1396 J8   940  5925 16629  6.7  6.1  1.38  0.08   9.01   2.27   5.77   6.80  85  4625     0  2.1
