703670 GUSTAVUS               AK  -9  N58 25  W135 42    12  1012
 1991-2010
 MO AVGLO FL SDGLO AVDIR FL SDDIR AVDIF FL SDDIF AVETR AETRN  TOT  OPQ   H2O   TAU  MAX_T  MIN_T  AVG_T  AVGDT  RH  HTDD  CLDD AVWS
  1   400 J8    51   805 J8   323   283 J8    22  1269 10101  7.7  7.0  0.89  0.07   0.62  -5.10  -2.27  -1.41  82   638     0  2.1
  2  1051 J8   140  1513 J8   577   660 J8    52  2759 13039  7.6  6.6  0.87  0.09   2.24  -4.79  -1.15   0.24  78   554     0  2.2
  3  2175 J8   275  2574 J8   905  1197 J8    92  5196 16316  7.0  6.2  0.79  0.11   4.51  -2.58   1.21   2.41  71   538     0  2.8
  4  4021 J8   519  3784 J8  1218  2152 J8   173  8020 19544  6.7  5.7  0.96  0.13   8.94  -0.68   4.60   6.09  69   426     0  2.4
  5  5022 J8   566  4368 J8  1170  2543 J8   196 10352 22392  6.7  5.8  1.25  0.14  12.53   2.38   8.08   9.30  68   337     0  2.4
  6  4877 J8   472  3798 J8   988  2606 J8   170 11436 23932  7.2  6.6  1.68  0.13  15.21   7.04  11.33  12.03  77   216     0  1.9
  7  4378 J8   609  2813 J8  1167  2719 J8   164 10819 22982  8.2  7.6  2.12  0.11  16.55   9.27  13.02  13.72  81   168     0  1.7
  8  3617 J8   636  3063 J8  1449  2007 J8   156  8768 20286  7.7  7.1  2.13  0.09  16.46   8.82  12.76  13.76  81   177     0  1.7
  9  2351 J8   387  2110 J8  1062  1473 J8    98  6069 17174  8.1  7.6  1.75  0.06  12.89   6.23   9.70  10.80  82   263     0  2.1
 10  1187 J8   175  1600 J8   701   733 J8    51  3454 13946  7.9  7.4  1.28  0.05   8.41   2.44   5.57   6.65  80   400     0  2.6
 11   590 J8    94  1129 J8   602   400 J8    37  1605 10829  7.7  7.1  0.97  0.04   3.71  -1.67   1.12   1.98  81   519     0  2.6
 12   290 J8    35   740 J8   361   209 J8    15   882  9008  7.6  7.1  0.90  0.05   1.90  -3.26  -0.52   0.04  81   589     0  2.5
 13  2496 J8   235  2358 J8   585  1415 J8    68  5886 16629  7.5  6.8  1.30  0.09   8.66   1.51   5.29   6.30  78  4826     0  2.2
 1991
  1   400 J8   191   831 J8  1155   279 J8    89  1263 10082  7.1  6.5  1.04  0.06  -0.87  -7.79  -4.84  -3.72  84   703     0  2.5
  2   916 J8   540   861 J8  1520   683 J8   196  2735 13002  9.2  7.9  1.09  0.08   3.16  -1.08   0.89   1.80  86   484     0  3.3
  3  2135 J8   979  2381 J8  2331  1224 J8   353  5154 16264  7.1  6.2  0.94  0.10   3.61  -3.16   0.40   1.65  79   561     0  3.0
  4  2928 J8  1198  1416 J8  2035  2247 J8   432  7979 19495  8.8  8.1  1.21  0.12   8.88  -2.35   4.30   5.97  79   452     0  3.0
  5  4504 J8  1648  3056 J8  2812  2761 J8   491 10325 22352  8.0  7.0  1.33  0.13  12.39   0.58   7.25   8.81  79   367     0  3.2
  6  4459 J8  1982  3187 J8  3486  2558 J8   453 11432 23925  7.5  7.0  1.73  0.12  14.97   4.54  10.31  11.17  82   257     0  2.7
  7  3447 J8  1336  1143 J8  2110  2794 J8   439 10840 23011  9.4  9.0  2.13  0.11  15.88   6.78  11.82  12.75  88   217     0  2.5
  8  2825 J8  1188  1229 J8  1770  2186 J8   360  8805 20335  9.2  8.5  2.40  0.11  15.97   7.37  11.91  13.11  85   206     0  2.7
  9  1894 J8   850   795 J8  1201  1543 J8   342  6111 17223  9.4  8.7  2.13  0.12  12.53   7.20  10.04  10.85  90   254     0  2.7
 10  1087 J8   419  1213 J8  1585   745 J8   209  3488 13994  7.1  6.5  1.33  0.13   7.45   0.35   4.04   5.43  83   447     0  3.0
 11   396 J8   137   227 J8   637   358 J8    94  1624 10870  9.1  8.9  1.30  0.15   4.05   0.49   2.28   2.94  88   482     0  3.2
 12   207 J8    52    34 J8   104   202 J8    44   884  9019  9.4  8.9  1.12  0.18   2.38  -0.49   1.04   1.32  86   539     0  3.6
 13  2100 J8  1544  1364 J8  1011  1465 J8  1009  5887 16631  8.5  7.8  1.48  0.12   8.37   1.04   4.95   6.01  84  4970     0  2.9
 1992
  1   296 J8   116    41 J8   154   288 J8    98  1255 10063  9.8  9.4  1.21  0.22   3.68   0.52   2.12   2.83  85   503     0  3.5
  2   797 J8   305   483 J8   875   676 J8   175  2756 13030  8.1  7.6  1.08  0.26   2.60  -2.16   0.28   1.36  85   525     0  3.3
  3  1652 J8   636   544 J8   711  1442 J8   458  5223 16346  8.4  7.5  1.06  0.29   5.03  -2.29   1.71   2.96  84   526     0  3.2
  4  3158 J8  1309  1392 J8  2012  2447 J8   610  8045 19570  8.8  7.5  1.09  0.31   8.65  -2.19   4.13   5.75  79   453     0  3.1
  5  3879 J8  1437  1552 J8  1801  2970 J8   549 10369 22411  8.5  7.9  1.30  0.30  11.71   0.74   7.09   8.45  80   375     0  3.5
  6  4263 J8  1672  1846 J8  2306  3061 J8   492 11438 23934  8.2  7.7  1.65  0.27  15.72   5.99  11.51  12.34  82   225     1  2.1
  7  3528 J8  1369  1103 J8  1878  2850 J8   514 10805 22967  9.3  8.9  2.17  0.23  15.53   7.74  11.94  12.79  87   208     0  1.4
  8  3032 J8  1245  1526 J8  1841  2224 J8   432  8744 20258  8.8  8.1  2.15  0.19  16.06   6.72  11.74  13.07  84   215     0  1.2
  9  1786 J8   685   808 J8  1370  1447 J8   322  6042 17146  8.7  8.5  1.49  0.16  10.61   1.83   6.73   8.26  82   363     0  1.6
 10   941 J8   531   960 J8  1772   669 J8   192  3431 13917  8.0  7.7  1.17  0.13   6.39   0.76   3.76   4.73  81   457     0  2.0
 11   381 J8   130   124 J8   243   361 J8   104  1592 10801  8.5  8.2  1.25  0.11   4.85   0.19   2.59   3.43  88   474     0  1.9
 12   230 J8    77   267 J8   581   200 J8    46   880  9004  6.3  6.1  0.99  0.11  -0.59  -7.83  -3.79  -2.59  81   699     0  1.9
 13  1995 J8  1501   887 J8   606  1553 J8  1113  5882 16621  8.4  7.9  1.39  0.21   8.35   0.84   4.98   6.11  83  5024     1  2.4
 1993
  1   431 J8   202   754 J8   783   314 J8   120  1279 10127  7.7  6.4  0.76  0.12  -1.31  -9.55  -4.95  -3.46  83   736     0  1.9
  2  1029 J8   326  1072 J8   992   759 J8   224  2772 13061  7.9  6.3  0.97  0.14   2.67  -5.94  -1.59   0.03  82   559     0  1.4
  3  2253 J8   793  2498 J8  2088  1280 J8   332  5203 16326  6.5  5.9  0.75  0.15   4.82  -3.27   1.05   2.61  77   544     0  1.7
  4  4811 J8   789  4878 J8  1803  2361 J8   503  8027 19554  5.7  3.9  1.04  0.16  11.08  -0.18   6.03   7.88  73   386     0  1.5
  5  5407 J8  1653  4732 J8  3139  2610 J8   514 10358 22402  6.8  5.8  1.48  0.17  14.65   3.19   9.50  10.86  77   292     0  1.6
  6  4603 J8  1459  2940 J8  2345  2836 J8   460 11437 23935  7.9  7.4  1.64  0.16  16.71   7.61  12.32  13.11  84   185     0  1.0
  7  5131 J8  1869  3945 J8  3282  2718 J8   492 10816 22975  7.6  6.8  2.04  0.13  18.38   9.18  14.00  15.04  81   141     0  1.2
  8  3838 J8  1528  3082 J8  2694  2173 J8   410  8762 20278  8.0  7.1  2.10  0.11  17.29   8.19  13.13  14.43  82   173     0  1.1
  9  2273 J8   964  1643 J8  1785  1549 J8   288  6062 17165  8.8  8.1  1.89  0.08  13.37   6.60  10.24  11.32  88   250     0  1.4
 10  1047 J8   409   912 J8  1149   786 J8   210  3448 13936  9.3  8.1  1.58  0.06   9.86   4.24   7.22   8.21  92   350     0  1.4
 11   522 J8   269   641 J8  1080   403 J8   110  1602 10819  8.6  8.3  1.04  0.05   4.94  -0.33   2.20   2.76  90   481     0  2.3
 12   255 J8    71   388 J8   498   212 J8    37   881  9004  8.4  8.0  0.98  0.05   4.12  -0.67   2.01   2.18  87   515     0  1.9
 13  2633 J8  2008  2290 J8  1623  1500 J8  1003  5887 16632  7.8  6.8  1.36  0.11   9.71   1.59   5.93   7.08  83  4613     0  1.5
 1994
  1   325 J8   182   311 J8   461   278 J8   123  1272 10108  9.3  8.5  1.02  0.07   0.29  -4.02  -1.63  -1.30  88   626     0  0.9
  2   998 J8   497  1193 J8  1288   688 J8   250  2755 13034  8.0  7.0  0.66  0.09  -3.64 -11.70  -7.03  -5.44  61   728     0  1.9
  3  1952 J8   870  1762 J8  1769  1258 J8   293  5180 16298  8.3  7.6  0.91  0.11   4.78  -0.80   2.02   2.67  80   507     0  2.3
  4  3629 J8  1341  2681 J8  2078  2262 J8   449  8005 19527  7.8  7.0  0.98  0.13   9.58   0.25   5.03   6.55  76   402     0  1.7
  5  5270 J8  1518  4414 J8  2889  2692 J8   457 10342 22380  7.4  6.0  1.26  0.14  11.61   3.38   7.92   8.76  72   336     0  1.9
  6  4381 J8  1674  2703 J8  2528  2677 J8   339 11435 23932  8.5  7.7  1.71  0.13  15.33   7.68  11.61  12.29  72   205     0  1.6
  7  5038 J8  1657  3814 J8  3134  2727 J8   507 10827 22996  8.1  7.0  2.06  0.11  16.83   8.77  12.89  13.78  73   171     0  1.4
  8  4136 J8  1592  3852 J8  3158  2022 J8   491  8782 20305  7.6  6.9  2.36  0.08  18.09   8.70  13.42  14.71  74   153     0  1.1
  9  2670 J8  1026  2489 J8  2356  1605 J8   413  6085 17192  8.3  7.2  1.63  0.06  12.74   5.45   9.37  10.68  76   277     0  1.6
 10  1242 J8   490  1494 J8  1748   807 J8   260  3467 13964  8.2  7.5  1.15  0.04   7.97   2.74   5.52   6.45  77   402     0  2.2
 11   580 J8   248   734 J8   794   448 J8   167  1612 10844  8.4  7.8  0.70  0.04   0.96  -5.09  -1.75  -1.08  76   612     0  2.5
 12   290 J8    92   439 J8   489   242 J8    60   883  9008  8.2  7.4  0.77  0.04   0.82  -5.10  -1.80  -1.29  75   635     0  1.9
 13  2543 J8  1884  2157 J8  1392  1475 J8   979  5887 16632  8.2  7.3  1.27  0.09   7.95   0.86   4.63   5.56  75  5054     0  1.7
 1995
  1   393 J8   179   735 J8   933   286 J8    93  1264 10086  8.0  6.8  0.86  0.06   0.71  -5.73  -2.46  -1.54  82   646     0  0.8
  2   999 J8   464  1105 J8  1348   709 J8   258  2738 13005  7.7  6.9  0.71  0.08   0.85  -7.27  -2.87  -1.09  69   603     0  1.7
  3  1978 J8   783  1974 J8  1646  1221 J8   276  5157 16268  8.2  7.6  0.69  0.10   2.21  -4.56  -0.60   0.36  60   605     0  2.3
  4  4129 J8   912  3508 J8  2228  2416 J8   491  7982 19500  7.4  6.0  1.01  0.12  10.28  -0.21   5.53   7.28  64   399     0  1.9
  5  5678 J8  1140  5099 J8  2286  2664 J8   543 10327 22358  7.5  5.8  1.38  0.13  13.58   3.94   9.10  10.27  66   297     0  1.5
  6  5060 J8  1608  3967 J8  2973  2626 J8   489 11432 23927  7.5  6.8  1.80  0.12  14.61   6.57  10.87  11.57  70   232     0  1.5
  7  4211 J8  1438  2083 J8  2046  2885 J8   530 10839 23009  9.1  8.5  2.25  0.10  15.62   9.75  12.52  13.07  76   175     0  1.1
  8  3720 J8  1305  2950 J8  2628  2101 J8   399  8802 20329  8.5  7.6  1.98  0.08  15.43   8.02  11.70  12.70  76   205     0  1.1
  9  2517 J8   633  2111 J8  1892  1650 J8   400  6108 17219  8.4  7.6  2.21  0.05  15.55   6.95  11.31  12.87  74   212     0  1.0
 10  1270 J8   462  1742 J8  1525   781 J8   235  3486 13990  8.0  7.1  1.14  0.04   8.45   2.50   5.55   6.72  74   398     0  1.6
 11   670 J8   289  1330 J8  1258   437 J8   115  1623 10867  7.3  6.5  0.84  0.03   2.41  -3.03   0.18   1.17  59   559     0  2.1
 12   292 J8    89   565 J8   581   227 J8    53   884  9018  8.4  8.0  0.89  0.04  -1.19  -7.20  -3.81  -2.87  73   698     0  1.2
 13  2576 J8  1915  2264 J8  1375  1500 J8  1009  5887 16631  8.0  7.1  1.31  0.08   8.21   0.81   4.75   5.88  70  5029     0  1.5
 1996
  1   490 J8   232  1229 J8  1211   306 J8   106  1256 10066  6.9  5.8  0.56  0.06  -4.49 -16.01 -11.05  -8.37  72   886     0  1.0
  2  1081 J8   447  1536 J8  1470   705 J8   201  2758 13034  7.9  6.0  0.88  0.08   1.36  -6.14  -2.22  -0.82  72   601     0  2.0
  3  2370 J8  1116  2947 J8  2497  1185 J8   213  5226 16349  6.7  6.0  0.80  0.10   4.33  -5.17   0.24   1.90  56   581     0  2.1
  4  4095 J8  1062  3664 J8  2320  2277 J8   507  8048 19575  7.2  6.0  0.86  0.12   8.53  -2.12   3.81   5.46  56   454     0  1.9
  5  5216 J8  1525  4604 J8  3233  2643 J8   645 10371 22414  6.6  5.6  1.03  0.13  13.25   0.64   7.90   9.57  48   353     0  1.5
  6  4889 J8  1669  3655 J8  3047  2721 J8   530 11438 23934  7.7  6.9  1.55  0.12  14.17   6.25  10.37  11.03  84   244     0  1.5
  7  4591 J8  1243  2764 J8  2632  2947 J8   538 10804 22964  8.3  7.8  1.91  0.10  17.27   8.28  13.12  13.98  81   175     2  1.4
  8  4440 J8  1586  5119 J8  3905  1772 J8   606  8741 20257  5.7  5.2  2.04  0.08  15.54   9.21  12.43  13.15  86   185     0  1.2
  9  3185 J8  1169  4529 J8  3389  1316 J8   532  6039 17144  5.3  4.9  1.43  0.05  12.81   3.55   8.42  10.26  82   305     0  1.7
 10  1238 J8   614  1852 J8  2247   717 J8   264  3428 13914  7.9  7.4  1.10  0.04   6.53   1.43   4.21   5.06  85   445     0  1.8
 11   704 J8   299  2190 J8  1988   346 J8   176  1591 10799  5.2  4.9  0.81  0.03   2.19  -4.75  -1.36  -0.11  72   588     0  2.0
 12   323 J8   100  1120 J8  1134   203 J8    61   880  9004  6.3  5.8  0.62  0.04   0.09  -6.20  -2.93  -2.19  72   663     0  2.5
 13  2718 J8  1890  2934 J8  1384  1428 J8  1015  5882 16621  6.8  6.0  1.13  0.08   7.63  -0.92   3.58   4.91  72  5478     2  1.7
 1997
  1   458 J8   171  1109 J8  1212   303 J8   101  1280 10130  6.3  6.0  0.82  0.06   1.23  -4.38  -1.48  -0.77  85   617     0  1.7
  2  1064 J8   502  1430 J8  1700   704 J8   251  2774 13065  8.0  6.6  1.03  0.08   4.12  -1.29   1.49   2.46  89   473     0  1.2
  3  2339 J8  1012  2939 J8  2652  1220 J8   413  5206 16329  6.2  5.4  0.67  0.10   2.92  -2.84   0.46   1.25  71   567     0  2.2
  4  3987 J8  1402  3885 J8  3337  2132 J8   571  8030 19559  6.6  5.5  0.88  0.12   9.12  -0.72   4.72   6.25  75   424     0  2.0
  5  5000 J8  1491  4172 J8  3435  2726 J8   738 10360 22404  6.6  5.7  1.33  0.13  12.68   2.23   8.15   9.38  72   337     0  1.9
  6  5187 J8  1870  4184 J8  3472  2672 J8   533 11438 23934  7.0  6.1  1.79  0.12  16.62   7.87  12.55  13.31  74   182     0  1.8
  7  4156 J8  1472  2155 J8  2266  2939 J8   605 10814 22974  8.6  8.0  2.16  0.10  17.13  11.91  14.43  14.89  83   118     0  1.7
  8  3609 J8  1337  2852 J8  3014  2123 J8   612  8759 20275  8.0  7.3  2.39  0.08  17.25   9.86  13.77  14.71  86   148     0  1.6
  9  2488 J8  1109  2394 J8  2619  1469 J8   409  6059 17162  7.6  7.3  1.73  0.05  13.97   6.47  10.41  11.72  84   243     0  2.0
 10  1411 J8   849  2531 J8  2909   652 J8   198  3445 13934  6.5  6.2  1.06  0.04   8.16   2.02   5.11   6.10  75   410     0  2.4
 11   676 J8   295  1630 J8  1755   405 J8   160  1601 10817  6.9  6.0  1.05  0.03   4.90  -0.07   2.41   3.32  88   478     0  1.9
 12   297 J8   104   673 J8   861   222 J8    67   881  9005  7.9  7.4  0.91  0.04   4.26   0.05   2.23   2.48  83   502     0  2.1
 13  2556 J8  1790  2496 J8  1174  1464 J8  1019  5887 16632  7.2  6.5  1.32  0.08   9.36   2.59   6.19   7.09  80  4500     0  1.9
 1998
  1   496 J8   205  1539 J8  1175   278 J8   103  1273 10110  6.3  5.3  0.86  0.06  -0.83  -7.70  -4.28  -3.15  84   700     0  1.1
  2  1212 J8   383  2125 J8  1503   699 J8   235  2757 13038  6.8  5.3  0.94  0.08   5.84  -0.50   2.59   3.85  80   439     0  2.2
  3  2198 J8   831  3072 J8  2956  1081 J8   347  5183 16300  5.7  5.5  0.85  0.10   5.79  -3.72   1.23   3.30  74   536     0  1.7
  4  4340 J8  1303  4028 J8  2832  2298 J8   486  8008 19531  7.7  5.6  0.93  0.12   8.67   1.06   5.33   6.43  73   404     0  2.6
  5  5315 J8  1700  4999 J8  3559  2457 J8   559 10344 22382  6.2  5.1  1.40  0.13  12.25   3.80   8.38   9.35  74   319     0  2.3
  6  5304 J8  2006  4910 J8  4094  2391 J8   576 11435 23932  6.3  5.8  1.87  0.12  14.80   6.92  10.99  11.68  79   224     0  1.9
  7  4866 J8  1530  3452 J8  3122  2819 J8   682 10825 22995  7.5  6.8  2.12  0.10  16.07   8.74  12.70  13.39  83   184     0  1.6
  8  3950 J8  1734  3541 J8  3791  2027 J8   517  8779 20298  7.7  7.0  1.92  0.08  15.07   9.02  12.23  12.94  81   195     0  2.0
  9  2431 J8   967  2289 J8  2844  1480 J8   471  6082 17188  8.0  7.6  1.66  0.05  12.40   6.53   9.52  10.51  83   266     0  2.1
 10  1468 J8   756  2710 J8  2830   672 J8   249  3464 13960  6.9  6.4  1.26  0.04   8.80   2.39   5.68   6.93  80   395     0  2.8
 11   667 J8   331  1740 J8  2040   365 J8   145  1611 10839  6.5  6.0  0.79  0.03   3.60  -3.15   0.06   1.50  86   543     0  1.8
 12   318 J8   100   992 J8  1100   213 J8    62   883  9007  7.4  6.7  0.74  0.04   2.14  -2.11   0.09   0.61  80   568     0  2.8
 13  2714 J8  1937  2950 J8  1289  1398 J8   962  5887 16632  6.9  6.1  1.28  0.08   8.72   1.77   5.38   6.45  80  4773     0  2.1
 1999
  1   371 J8   199   593 J8  1032   278 J8    81  1265 10090  8.9  7.9  0.71  0.06   1.90  -3.00  -0.33   0.09  83   585     0  2.9
  2  1128 J8   539  1657 J8  1790   689 J8   199  2740 13011  7.7  6.7  0.62  0.08   1.20  -4.47  -1.17  -0.06  78   559     0  2.4
  3  2097 J8  1136  2432 J8  2706  1162 J8   345  5160 16272  7.1  6.5  0.68  0.10   3.95  -2.17   1.02   2.10  72   541     0  3.3
  4  3452 J8  1258  2375 J8  2460  2318 J8   467  7985 19501  7.9  7.1  0.93  0.12   6.15  -0.38   3.10   4.10  79   463     0  3.1
  5  4361 J8  1578  3051 J8  3242  2670 J8   637 10329 22361  7.8  7.2  1.05  0.13   9.84   2.63   6.67   7.51  76   375     0  2.8
  6  5094 J8  2020  4214 J8  4097  2659 J8   598 11432 23927  7.0  6.1  1.66  0.12  14.31   7.21  11.00  11.62  76   227     0  1.8
  7  5256 J8  2043  4595 J8  4263  2588 J8   699 10837 23006  6.7  6.0  2.11  0.10  16.43   9.06  12.77  13.48  79   173     0  1.9
  8  3961 J8  1859  3804 J8  4032  1904 J8   452  8800 20326  7.1  6.4  2.20  0.08  16.41   9.15  12.78  13.72  82   172     0  1.9
  9  1995 J8   744  1135 J8  2091  1556 J8   359  6105 17216  8.9  8.7  1.77  0.05  11.77   7.75   9.72  10.36  83   257     0  2.5
 10  1053 J8   287   929 J8  1092   815 J8   212  3483 13988  8.9  8.6  1.30  0.04   8.37   3.76   6.08   6.82  81   380     0  3.5
 11   613 J8   219  1043 J8  1211   438 J8   118  1622 10864  8.2  7.2  0.85  0.03   4.74  -0.04   2.58   3.14  81   479     0  2.7
 12   280 J8    89   638 J8   762   211 J8    53   884  9017  8.5  7.4  0.97  0.04   4.41  -0.04   2.33   2.94  81   500     0  3.6
 13  2472 J8  1864  2206 J8  1433  1441 J8   964  5887 16632  7.9  7.1  1.24  0.08   8.29   2.46   5.55   6.32  79  4712     0  2.7
 2000
  1   396 J8   183   849 J8  1119   274 J8   102  1257 10069  7.3  6.7  0.60  0.06  -0.28  -5.70  -3.01  -2.44  81   661     0  2.8
  2  1106 J8   479  2026 J8  1979   615 J8   233  2760 13036  6.0  5.4  0.72  0.08   3.31  -4.04  -0.44   1.13  83   542     0  1.5
  3  2247 J8   644  2543 J8  1991  1300 J8   363  5229 16353  7.4  6.2  0.80  0.10   5.59  -0.48   2.60   3.60  76   489     0  3.2
  4  4468 J8  1515  4761 J8  3445  2075 J8   545  8051 19578  6.4  5.2  0.77  0.12   8.13   0.38   4.43   5.53  71   422     0  2.7
  5  5248 J8  1684  4974 J8  3761  2496 J8   634 10373 22416  5.7  5.0  0.93  0.13  11.88   2.39   7.76   8.88  71   347     0  2.3
  6  5178 J8  2257  4813 J8  4696  2399 J8   687 11438 23934  6.4  5.7  1.35  0.12  14.43   6.56  10.83  11.58  76   235     0  1.8
  7  4038 J8  1393  2131 J8  2618  2892 J8   442 10802 22959  8.5  7.9  1.71  0.10  15.04   9.22  12.32  12.89  83   192     0  1.7
  8  4049 J8  1457  4269 J8  3486  1889 J8   574  8738 20253  6.6  6.2  1.72  0.08  15.56   7.87  12.03  13.03  81   205     0  2.0
  9  2652 J8   994  2825 J8  2764  1461 J8   400  6036 17139  7.3  6.8  1.45  0.05  12.09   5.27   9.00  10.13  82   290     0  2.3
 10  1272 J8   658  1846 J8  2354   728 J8   208  3426 13910  7.6  7.1  1.04  0.04   8.00   2.34   5.36   6.36  79   408     0  3.2
 11   621 J8   288  1177 J8  1589   416 J8   135  1590 10797  7.8  7.3  0.84  0.03   4.90   0.34   2.83   3.43  78   471     0  2.4
 12   326 J8   115  1254 J8  1106   193 J8    57   880  9005  6.3  5.4  0.73  0.04   1.58  -3.55  -0.99  -0.23  82   599     0  2.7
 13  2633 J8  1892  2789 J8  1527  1395 J8   948  5882 16621  7.0  6.2  1.06  0.08   8.35   1.72   5.23   6.16  79  4862     0  2.4
 2001
  1   422 J8   155   669 J8   743   334 J8   119  1281 10134  8.0  7.0  0.79  0.06   4.96   1.44   3.25   3.77  82   469     0  3.3
  2  1307 J8   533  2616 J8  1969   650 J8   301  2776 13067  5.8  5.0  0.60  0.08   1.72  -6.15  -2.16  -0.62  80   575     0  2.1
  3  2297 J8  1116  2580 J8  2482  1285 J8   372  5209 16332  7.9  6.0  0.59  0.10   4.85  -1.03   2.02   2.98  74   509     0  3.3
  4  4381 J8  1499  4611 J8  3109  2120 J8   628  8033 19562  6.0  4.7  0.67  0.12   8.47  -0.54   4.35   5.73  71   431     0  2.7
  5  5003 J8  1679  3911 J8  3077  2749 J8   654 10362 22407  7.4  6.2  0.90  0.13  10.92   1.04   6.70   7.83  73   383     0  3.9
  6  4950 J8  1727  3708 J8  3367  2777 J8   540 11438 23936  7.0  6.5  1.41  0.12  15.78   6.53  11.44  12.22  75   215     0  2.5
  7  4305 J8  1874  2717 J8  3148  2733 J8   657 10812 22973  8.2  7.7  1.73  0.10  15.98   8.76  12.53  13.17  82   185     0  2.4
  8  3781 J8  1433  3335 J8  3219  2075 J8   588  8756 20269  7.4  6.8  1.79  0.08  16.93   8.98  12.90  13.96  81   167     0  2.5
  9  2445 J8  1003  2165 J8  2483  1549 J8   424  6056 17158  8.2  7.5  1.41  0.05  13.87   6.34  10.29  11.51  81   247     0  2.9
 10  1282 J8   608  1974 J8  1940   743 J8   279  3443 13930  7.5  7.0  0.90  0.04   7.42   1.93   4.80   5.77  81   423     0  3.3
 11   663 J8   189  1615 J8  1420   420 J8   175  1599 10814  6.5  5.5  0.69  0.03   3.78  -1.98   1.01   1.94  75   523     0  2.8
 12   328 J8   106   881 J8   917   229 J8    47   881  9004  7.7  7.0  0.71  0.04   0.02  -5.41  -2.51  -2.02  80   652     0  2.3
 13  2597 J8  1808  2565 J8  1197  1472 J8   996  5887 16632  7.3  6.4  1.02  0.08   8.73   1.66   5.38   6.35  78  4778     0  2.8
 2002
  1   433 J8   228   894 J8  1149   299 J8   120  1274 10113  7.4  6.9  0.98  0.06   2.54  -2.92  -0.38   0.27  81   574     0  2.9
  2  1150 J8   569  1643 J8  1761   715 J8   234  2759 13041  6.9  6.2  0.80  0.08   2.98  -4.55  -0.63   0.50  80   535     0  3.7
  3  2950 J8   889  5011 J8  2594  1085 J8   454  5186 16307  3.3  2.6  0.52  0.10   1.45  -7.21  -2.56  -0.86  53   658     0  3.0
  4  4818 J8  1077  6192 J8  3152  1798 J8   610  8011 19534  3.4  3.1  0.76  0.12   6.10  -3.31   1.94   3.50  55   508     0  2.6
  5  4617 J8  2080  4124 J8  4456  2336 J8   597 10346 22383  6.0  5.8  1.26  0.13  11.41   2.62   7.56   8.58  66   351     0  2.7
  6  5010 J8  1912  3974 J8  3895  2603 J8   668 11435 23932  7.0  6.5  1.80  0.12  14.66   7.26  11.06  11.70  77   221     0  2.2
  7  4239 J8  1924  2851 J8  3705  2591 J8   596 10824 22992  7.9  7.4  2.23  0.10  15.01   8.90  12.06  12.62  81   198     0  1.7
  8  3327 J8  1801  2523 J8  3551  1985 J8   401  8776 20296  8.1  7.4  2.29  0.08  15.06   9.64  12.48  13.11  82   185     0  2.3
  9  2543 J8  1112  2605 J8  2697  1443 J8   438  6079 17184  7.7  7.1  1.74  0.05  12.80   6.39   9.76  10.80  82   262     0  2.0
 10   941 J8   379   712 J8   995   752 J8   234  3462 13959  8.8  8.6  1.69  0.04   9.29   4.03   6.80   7.70  87   362     0  2.2
 11   584 J8   261  1142 J8  1421   392 J8   132  1610 10839  8.1  7.4  1.46  0.03   6.64   2.26   4.39   5.09  88   416     0  2.4
 12   276 J8   119   697 J8  1098   201 J8    56   882  9008  7.6  7.2  1.02  0.04   2.71  -1.90   0.35   0.94  88   556     0  2.0
 13  2574 J8  1837  2697 J8  1810  1350 J8   898  5887 16632  6.9  6.3  1.38  0.08   8.39   1.77   5.24   6.16  77  4826     0  2.5
 2003
  1   377 J8   180   705 J8   959   272 J8    79  1266 10095  7.6  7.3  1.15  0.06   1.74  -3.13  -0.56   0.10  88   590     0  1.7
  2   905 J8   554  1298 J8  2163   570 J8   159  2742 13014  8.0  7.7  1.09  0.08   2.99  -2.15   0.48   1.44  85   501     0  1.8
  3  2315 J8   972  3441 J8  2956  1057 J8   412  5163 16277  5.7  5.1  0.79  0.10   3.26  -3.45   0.07   1.13  63   571     0  3.6
  4  4332 J8  1336  4924 J8  3558  1922 J8   651  7988 19508  5.0  4.5  0.93  0.12  10.48  -0.89   5.42   7.21  62   406     0  2.5
  5  5701 J8  1416  5715 J8  3779  2461 J8   740 10331 22365  5.0  4.4  1.17  0.13  12.94   2.29   8.33   9.69  63   332     0  2.6
  6  5009 J8  1645  3918 J8  3212  2598 J8   471 11433 23927  7.7  6.7  1.80  0.12  14.80   8.10  11.54  12.09  77   206     0  2.2
  7  4434 J8  2056  3326 J8  4148  2470 J8   490 10835 23005  7.4  7.1  2.38  0.10  17.52  10.55  13.87  14.53  81   133     0  1.7
  8  4149 J8  1614  4129 J8  3651  1938 J8   511  8797 20321  6.6  6.1  1.98  0.08  17.39   8.97  13.33  14.41  78   160     0  2.0
  9  2447 J8  1047  2513 J8  2823  1412 J8   443  6102 17213  8.0  7.6  1.85  0.05  12.77   6.50   9.65  10.61  83   261     0  2.2
 10  1404 J8   654  2709 J8  2622   651 J8   229  3481 13985  6.1  5.8  1.43  0.04  10.17   2.46   6.20   7.77  81   373     0  2.0
 11   638 J8   346  1409 J8  1869   385 J8   129  1621 10862  7.0  6.6  0.91  0.03   2.90  -3.73  -0.30   0.97  84   562     0  2.6
 12   291 J8   104   720 J8  1033   212 J8    53   884  9017  8.1  7.6  1.02  0.04   4.07  -1.61   1.31   1.66  80   530     0  3.3
 13  2667 J8  1969  2901 J8  1640  1329 J8   919  5887 16632  6.8  6.4  1.37  0.08   9.25   1.99   5.78   6.80  77  4626     0  2.3
 2004
  1   406 J8   193  1167 J8  1420   251 J8    82  1258 10075  6.3  5.9  0.83  0.06   0.26  -5.76  -2.73  -1.79  69   653     0  2.3
  2   992 J8   578  1514 J8  1983   590 J8   141  2762 13040  7.9  7.3  1.13  0.08   6.66   0.17   3.05   4.41  81   433     0  2.8
  3  2354 J8   931  3057 J8  2473  1185 J8   363  5231 16355  6.9  5.3  0.86  0.10   6.35  -1.38   2.38   3.72  74   491     0  3.3
  4  4185 J8  1617  4234 J8  3745  2092 J8   662  8054 19582  6.0  5.1  1.16  0.12  10.90   0.57   5.99   7.58  69   378     0  2.6
  5  6075 J8  1437  6894 J8  3633  2226 J8   736 10375 22419  4.5  3.7  1.43  0.13  15.62   3.87  10.30  11.79  68   266     0  2.0
  6  5760 J8  2106  5617 J8  4229  2405 J8   652 11438 23934  5.3  4.9  1.94  0.12  18.70   7.38  13.22  14.16  77   161     2  2.0
  7  5018 J8  2108  4299 J8  4370  2459 J8   642 10800 22956  7.0  6.4  2.43  0.10  18.77  11.53  14.96  15.62  82    99     0  1.7
  8  4965 J8  1655  6682 J8  4053  1567 J8   625  8736 20248  4.2  3.7  2.29  0.08  21.07   9.58  15.41  17.02  74    95     2  1.4
  9  2681 J8  1187  3231 J8  3241  1338 J8   364  6033 17135  6.9  6.2  1.61  0.05  13.50   6.58  10.01  11.07  75   249     0  2.8
 10  1329 J8   487  2290 J8  2409   713 J8   270  3424 13906  7.2  6.8  1.37  0.04   9.14   1.91   5.94   7.17  78   397     0  2.9
 11   596 J8   277   765 J8   958   465 J8   150  1589 10795  9.0  8.3  1.14  0.03   4.50  -0.12   2.16   2.91  84   484     0  3.0
 12   286 J8   116   784 J8  1128   202 J8    53   880  9004  7.5  7.1  0.98  0.04   3.61  -1.73   1.20   1.71  75   539     0  3.7
 13  2887 J8  2205  3378 J8  2197  1291 J8   852  5882 16621  6.6  5.9  1.43  0.08  10.76   2.72   6.82   7.95  76  4245     4  2.5
 2005
  1   333 J8   147   717 J8  1276   245 J8    84  1282 10135  7.6  7.2  1.01  0.06  -0.16  -5.58  -2.70  -1.76  80   657     0  1.4
  2   986 J8   533  1178 J8  1434   676 J8   273  2778 13073  8.6  7.4  0.99  0.08   2.43  -2.69   0.08   0.73  82   517     0  2.5
  3  2236 J8  1033  2969 J8  2964  1106 J8   369  5211 16336  6.8  5.8  0.95  0.10   5.95  -0.73   2.94   4.17  62   487     0  3.2
  4  4298 J8  1421  4604 J8  3377  2001 J8   588  8036 19565  6.1  5.4  1.06  0.12  11.85  -1.36   5.79   7.97  62   393     0  2.3
  5  5594 J8  1700  5498 J8  3707  2413 J8   539 10364 22411  5.8  4.9  1.50  0.13  14.48   2.68   9.31  10.69  54   302     0  2.0
  6  5599 J8  2099  5257 J8  4171  2439 J8   667 11438 23937  6.1  5.4  1.80  0.12  15.38   7.48  11.56  12.21  76   207     0  1.8
  7  4430 J8  1310  2709 J8  2354  2830 J8   431 10811 22971  8.3  7.8  2.18  0.10  18.34   8.67  13.78  14.76  75   150     0  1.8
  8  3933 J8  1663  3813 J8  3954  1934 J8   626  8753 20266  6.8  6.2  2.27  0.08  15.51   9.63  12.56  13.22  82   179     0  2.1
  9  2211 J8   953  1695 J8  2366  1504 J8   358  6053 17154  8.7  8.2  1.90  0.05  12.66   5.71   9.46  10.55  84   274     0  2.7
 10  1377 J8   680  2425 J8  2358   667 J8   194  3441 13924  7.2  6.6  1.29  0.04   8.43   1.91   5.34   6.57  74   408     0  2.7
 11   582 J8   192   971 J8  1240   438 J8   155  1598 10813  8.0  7.4  1.17  0.03   2.68  -3.26   0.05   1.02  84   559     0  3.5
 12   292 J8   128   880 J8  1185   195 J8    51   881  9003  8.0  7.3  1.24  0.04   2.84  -1.58   0.83   1.23  85   549     0  2.1
 13  2656 J8  2019  2726 J8  1730  1371 J8   937  5887 16632  7.3  6.6  1.45  0.08   9.20   1.74   5.75   6.78  75  4681     0  2.3
 2006
  1   411 J8   151   800 J8   797   294 J8    95  1275 10115  8.1  7.2  0.83  0.06  -0.28  -5.68  -3.00  -2.43  81   661     0  2.1
  2  1273 J8   625  2671 J8  2283   584 J8   196  2761 13044  5.0  4.3  0.74  0.08   2.31  -6.02  -1.66  -0.10  72   565     0  2.2
  3  2389 J8   794  3464 J8  2730  1103 J8   324  5189 16309  5.6  5.2  0.69  0.10   5.06  -0.88   2.10   2.94  76   503     0  2.5
  4  4319 J8  1455  4361 J8  3163  2158 J8   493  8013 19537  7.3  5.5  1.02  0.12   9.03   0.25   4.95   6.25  73   411     0  2.9
  5  4864 J8  1854  3999 J8  3799  2586 J8   642 10348 22384  7.2  6.3  1.34  0.13  11.83   2.36   7.72   8.83  72   348     0  2.8
  6  4929 J8  1814  3684 J8  3479  2645 J8   533 11435 23933  7.5  6.9  1.70  0.12  13.76   6.73  10.30  10.87  79   243     0  1.8
  7  4589 J8  1968  3358 J8  3766  2617 J8   584 10822 22988  7.7  7.0  2.07  0.10  15.80   8.35  12.32  13.00  80   194     0  1.6
  8  2667 J8  1088  1135 J8  2323  2065 J8   416  8773 20293  9.3  9.0  2.20  0.08  16.16   9.63  12.97  13.81  80   168     0  1.9
  9  2179 J8   923  1734 J8  2472  1457 J8   384  6076 17181  8.2  7.7  1.83  0.05  12.89   7.72  10.36  11.03  83   241     0  1.8
 10  1153 J8   504  1436 J8  1955   754 J8   239  3460 13955  8.0  7.6  1.46  0.04   8.86   2.85   5.94   7.01  77   387     0  2.5
 11   758 J8   369  2484 J8  2234   334 J8   156  1609 10835  4.7  4.4  0.56  0.03   1.59  -5.72  -1.88  -0.66  78   612     0  2.6
 12   302 J8    88   588 J8   642   238 J8    57   882  9008  8.4  7.8  1.06  0.04   3.31  -1.98   0.86   1.53  74   548     0  3.9
 13  2486 J8  1780  2476 J8  1312  1403 J8   969  5887 16632  7.3  6.6  1.29  0.08   8.36   1.47   5.08   6.01  77  4880     0  2.4
 2007
  1   405 J8   171   846 J8  1045   277 J8    79  1267 10097  8.3  7.4  0.93  0.06  -0.44  -6.12  -3.38  -2.59  78   670     0  3.0
  2  1035 J8   584  1619 J8  1955   605 J8   188  2744 13016  7.6  6.9  0.81  0.08   1.12  -8.69  -3.70  -1.54  76   619     0  1.7
  3  2068 J8   933  2248 J8  2098  1202 J8   331  5166 16279  7.3  6.8  0.69  0.10   5.40  -1.98   1.90   3.19  72   515     0  3.1
  4  4257 J8  1494  4530 J8  3509  1992 J8   643  7991 19509  6.0  4.9  0.98  0.12   8.76  -1.08   4.37   5.90  64   435     0  2.5
  5  4271 J8  1638  3189 J8  3445  2490 J8   544 10333 22368  7.4  7.0  1.37  0.13  11.98   2.41   7.78   8.90  71   345     0  2.1
  6  4999 J8  1920  4317 J8  3676  2420 J8   600 11433 23929  6.9  6.5  1.78  0.12  15.04   8.00  11.59  12.18  77   204     0  1.7
  7  4367 J8  1550  2769 J8  2669  2693 J8   439 10833 23002  8.3  7.6  2.33  0.10  17.40  10.52  13.82  14.46  81   136     0  1.6
  8  3576 J8  1635  3150 J8  3779  1935 J8   435  8794 20316  7.4  7.0  1.98  0.08  18.52   9.73  14.10  15.29  77   132     1  1.3
  9  1934 J8   853  1277 J8  2277  1433 J8   319  6099 17208  8.8  8.6  1.82  0.05  13.50   6.58  10.01  11.07  75   249     0  2.3
 10   953 J8   315   620 J8   867   787 J8   189  3479 13982  9.1  8.7  1.22  0.04   8.28   3.42   6.11   6.87  78   387     0  2.7
 11   510 J8   185   529 J8  1001   428 J8   147  1619 10860  8.5  8.2  1.00  0.03   1.45  -4.58  -1.23  -0.43  77   597     0  2.7
 12   274 J8   136   685 J8  1154   197 J8    41   884  9012  8.3  8.0  0.83  0.04   2.25  -1.72   0.36   0.65  83   560     0  2.4
 13  2387 J8  1792  2148 J8  1436  1372 J8   916  5887 16632  7.8  7.3  1.31  0.08   8.60   1.37   5.14   6.16  76  4848     1  2.3
 2008
  1   423 J8   266  1006 J8  1521   262 J8    74  1259 10077  7.4  7.1  0.77  0.06   3.78   0.38   2.05   2.48  83   504     0  2.5
  2  1153 J8   657  1829 J8  2124   668 J8   248  2764 13045  7.9  6.0  0.89  0.08   3.54  -3.91  -0.23   1.39  83   537     0  2.6
  3  1911 J8  1017  1859 J8  2223  1195 J8   326  5234 16359  7.9  7.4  0.87  0.10   4.76  -1.79   1.56   2.50  73   522     0  3.0
  4  3491 J8  1590  2725 J8  3341  2135 J8   494  8057 19584  7.3  6.5  0.96  0.12   7.24  -0.11   3.77   4.77  75   443     0  2.5
  5  4272 J8  2120  3387 J8  3967  2290 J8   458 10377 22421  7.3  6.9  1.26  0.13  11.94   3.91   8.22   9.05  71   323     0  2.3
  6  3793 J8  1628  2116 J8  3016  2633 J8   405 11438 23934  8.3  7.7  1.53  0.12  14.94   7.17  11.15  11.85  75   218     0  1.7
  7  3388 J8  1287  1162 J8  2161  2711 J8   329 10798 22951  9.5  9.0  2.08  0.10  15.50   9.59  12.50  13.02  80   179     0  1.9
  8  2839 J8  1068  1523 J8  2257  2086 J8   333  8733 20247  9.2  8.6  2.10  0.08  14.20   9.72  11.90  12.35  85   197     0  1.8
  9  1794 J8   444   661 J8  1016  1519 J8   287  6030 17132  9.5  9.3  1.97  0.05  12.45   7.03   9.66  10.52  85   258     0  1.7
 10   947 J8   385   698 J8  1381   764 J8   205  3421 13902  8.9  8.7  1.31  0.04   8.42   1.43   5.34   6.59  83   416     0  3.8
 11   562 J8   271  1132 J8  1725   364 J8   119  1587 10792  7.9  7.4  1.01  0.03   3.33  -2.85   0.25   1.35  83   543     0  2.4
 12   366 J8   102  1707 J8  1392   186 J8    65   880  9005  5.3  4.7  0.69  0.04  -1.41  -7.82  -4.47  -3.72  78   711     0  1.9
 13  2078 J8  1423  1650 J8   814  1401 J8   948  5882 16621  8.0  7.4  1.29  0.08   8.22   1.90   5.14   6.01  80  4850     0  2.3
 2009
  1   366 J8   184   545 J8  1070   287 J8   103  1283 10137  8.3  7.9  1.03  0.06   0.20  -5.40  -2.90  -1.94  85   649     0  2.2
  2  1110 J8   712  1783 J8  2257   611 J8   210  2780 13077  7.5  6.7  0.72  0.08  -2.02 -10.45  -5.83  -4.20  61   688     0  2.4
  3  1978 J8   818  2310 J8  2295  1131 J8   316  5214 16340  7.5  6.8  0.75  0.10   4.54  -5.17   0.38   2.07  61   578     0  2.9
  4  3910 J8  1657  3927 J8  3749  1984 J8   506  8039 19569  6.2  5.7  0.89  0.12   8.18   1.36   5.18   6.07  76   407     0  2.4
  5  4945 J8  2232  4771 J8  4538  2308 J8   616 10366 22413  5.9  5.3  1.14  0.13  12.23   2.30   7.94   9.15  65   343     0  2.0
  6  4800 J8  2278  4173 J8  4632  2403 J8   644 11438 23937  6.8  6.3  1.49  0.12  14.96   6.78  11.17  11.84  77   224     0  2.0
  7  5185 J8  2280  4854 J8  4475  2356 J8   680 10809 22970  6.7  5.8  2.16  0.10  17.67  10.32  13.95  14.65  80   134     0  1.9
  8  2904 J8  1224  1493 J8  2460  2172 J8   365  8750 20262  9.1  8.4  2.31  0.08  16.34   8.21  12.40  13.47  77   188     1  2.0
  9  1933 J8   706  1086 J8  1696  1502 J8   278  6050 17151  8.7  8.4  1.77  0.05  12.97   7.70  10.44  11.35  85   240     0  2.3
 10  1303 J8   684  1953 J8  2185   707 J8   190  3438 13923  8.2  7.4  1.44  0.04   9.09   4.05   6.71   7.61  85   365     0  2.6
 11   542 J8   233   722 J8  1077   414 J8   123  1597 10809  8.9  8.2  0.99  0.03   5.55   1.58   3.58   4.00  82   443     0  3.8
 12   290 J8   113   836 J8  1184   199 J8    54   881  9003  7.4  7.3  0.94  0.04   2.38  -2.55  -0.04   0.68  87   571     0  1.7
 13  2439 J8  1854  2371 J8  1622  1340 J8   878  5887 16633  7.6  7.0  1.30  0.08   8.51   1.56   5.25   6.23  77  4829     1  2.3
 2010
  1   361 J8   194   763 J8  1151   257 J8   100  1276 10118  7.7  7.2  1.09  0.06  -0.23  -5.97  -3.07  -2.41  81   664     0  1.4
  2   769 J8   399   626 J8  1284   613 J8   195  2763 13046  9.1  8.2  1.01  0.08   1.51  -6.85  -2.24  -0.48  70   588     0  1.9
  3  1782 J8   809  1448 J8  1938  1224 J8   368  5191 16313  8.5  7.7  0.92  0.10   5.57   0.45   3.19   3.93  79   475     0  3.7
  4  3428 J8  1409  2977 J8  3211  2012 J8   486  8016 19540  7.1  6.5  1.00  0.12   8.67  -2.08   3.89   5.57  56   451     0  2.2
  5  5230 J8  1952  5214 J8  3926  2306 J8   523 10350 22386  5.8  5.2  1.24  0.13  13.41   0.64   8.01   9.69  47   351     0  2.2
  6  4273 J8  1670  2776 J8  3130  2607 J8   444 11436 23934  7.7  7.3  1.62  0.12  14.43   8.09  11.32  11.83  77   212     0  2.4
  7  3336 J8  1122  1030 J8  1732  2769 J8   472 10820 22984  9.3  9.0  2.09  0.10  14.92   8.84  12.02  12.56  82   200     0  1.6
  8  2634 J8  1172  1253 J8  2566  1967 J8   336  8770 20288  8.9  8.8  2.14  0.08  15.38   8.25  12.05  12.93  82   202     0  1.4
  9  2960 J8  1241  4204 J8  3952  1234 J8   531  6073 17178  5.9  5.5  1.61  0.05  12.63   6.51   9.56  10.49  83   263     0  1.7
 10  1019 J8   433   993 J8  1527   744 J8   183  3457 13950  8.8  8.4  1.28  0.04   9.03   2.22   5.73   7.08  79   394     0  3.0
 11   541 J8   218   976 J8  1553   384 J8   146  1608 10834  7.9  7.7  1.04  0.03   4.24   0.48   2.34   2.94  87   479     0  3.0
 12   268 J8    97   661 J8   946   201 J8    52   882  9008  7.5  7.1  0.83  0.04   0.22  -5.67  -2.61  -2.20  81   653     0  1.6
 13  2217 J8  1666  1910 J8  1529  1360 J8   940  5887 16632  7.8  7.4  1.32  0.08   8.32   1.24   5.02   5.99  75  4931     0  2.2
