722016 MARATHON AIRPORT       FL  -5  N24 44  W081  3     2  1013
 1991-2010
 MO AVGLO FL SDGLO AVDIR FL SDDIR AVDIF FL SDDIF AVETR AETRN  TOT  OPQ   H2O   TAU  MAX_T  MIN_T  AVG_T  AVGDT  RH  HTDD  CLDD AVWS
  1  3850 K6   273  4688 K7   788  1393 K6   145  6829 15205  3.9  3.6  2.68  0.14  23.91  18.28  20.91  22.00  76    20   106  3.9
  2  4654 K6   317  5067 K7   768  1637 K6   165  8009 15830  3.5  3.3  2.66  0.15  24.75  19.03  21.70  22.76  75    10   111  3.7
  3  5771 K6   340  5891 K7   713  1838 K6   170  9389 16554  3.3  3.2  2.72  0.15  26.33  20.50  23.19  24.24  72     4   161  3.9
  4  6485 K6   571  6153 K7  1066  2043 K6   238 10486 17244  3.4  3.1  2.91  0.15  28.08  22.41  25.02  26.11  69     0   208  4.0
  5  6745 K6   514  6064 K7   905  2237 K6   225 11069 17782  3.5  3.1  3.55  0.16  30.05  24.60  27.12  28.05  71     0   279  3.4
  6  6302 K6   573  5303 K7  1004  2335 K6   224 11235 18013  4.4  3.5  4.60  0.16  31.55  26.29  28.72  29.50  73     0   318  2.9
  7  6411 K6   515  5369 K7   876  2369 K6   223 11095 17795  3.7  3.0  4.56  0.18  32.16  26.81  29.29  30.10  73     0   346  2.7
  8  6112 K6   413  5440 K7   725  2124 K6   227 10605 17232  3.8  3.0  4.77  0.15  32.41  26.87  29.47  30.41  74     0   350  2.7
  9  5245 K6   374  4641 K7   784  2033 K6   221  9681 16552  4.6  3.7  4.90  0.15  31.52  26.30  28.73  29.66  76     0   317  3.0
 10  4664 K6   463  4746 K7  1027  1717 K6   199  8379 15857  4.3  3.7  4.18  0.15  29.56  24.85  27.01  27.90  76     0   275  3.9
 11  3930 K6   360  4342 K7   866  1521 K6   145  7090 15245  4.1  3.7  3.24  0.16  26.76  22.01  24.18  25.00  75     1   183  4.2
 12  3502 K6   292  4192 K7   711  1361 K6    96  6434 14952  3.9  3.6  2.87  0.15  24.60  19.51  21.86  22.80  77    10   126  3.9
 13  5306 K6   298  5158 K7   625  1884 K6   152  9192 16522  3.9  3.4  3.64  0.15  28.47  23.12  25.60  26.54  74    46  2779  3.5
 1991
  1  3581 J8   857  3911 J8  2047  1497 J8   379  6823 15200  4.7  4.3  3.33  0.12  25.80  21.25  23.28  24.24  80     0   161  2.9
  2  4835 J8   591  5313 J8  1635  1672 J8   456  7994 15820  3.0  2.7  2.75  0.14  25.22  19.62  22.36  23.40  77     8   122  4.4
  3  5580 J8  1271  5678 J8  2446  1787 J8   494  9368 16548  3.6  3.5  2.83  0.14  26.81  20.91  23.69  24.68  73     1   173  4.0
  4  6349 J8   935  5980 J8  1817  2030 J8   469 10472 17234  3.9  3.7  3.29  0.14  28.99  23.19  25.91  27.02  68     0   233  4.8
  5  6397 J8  1123  5541 J8  2125  2317 J8   547 11062 17777  4.6  4.1  3.99  0.15  30.33  25.05  27.45  28.37  62     0   290  4.4
  6  6252 J8  1253  5135 J8  2606  2453 J8   722 11235 18012  5.3  4.5  4.76  0.15  31.28  25.71  28.28  29.02  75     0   305  2.7
  7  6297 J8   866  4769 J8  1731  2684 J8   521 11100 17804  5.9  4.3  4.75  0.18  32.03  26.58  29.04  29.80  72     0   340  2.3
  8  6265 J8   888  5293 J8  1770  2360 J8   555 10616 17241  4.4  3.7  4.68  0.19  32.54  26.35  29.42  30.25  74     0   345  2.4
  9  5044 J8  1232  3661 J8  2077  2411 J8   584  9699 16563  6.2  5.2  4.76  0.23  31.70  25.74  28.58  29.63  78     0   312  2.3
 10  4077 J8  1037  2814 J8  1603  2229 J8   398  8401 15871  6.8  5.5  4.56  0.25  29.43  24.37  26.73  27.74  81     0   266  4.0
 11  3790 J8   821  3323 J8  1780  1861 J8   392  7107 15252  4.2  3.7  3.43  0.30  26.36  21.90  23.98  24.63  77     1   175  4.8
 12  3241 J8   643  2994 J8  1493  1648 J8   312  6436 14954  4.0  3.8  3.11  0.30  25.04  20.01  22.46  23.46  80     0   130  4.1
 13  5142 J8  1212  4534 J8  1127  2079 J8   381  9193 16523  4.7  4.1  3.85  0.19  28.79  23.39  25.93  26.85  75    10  2851  3.6
 1992
  1  3336 J8   739  2617 J8  1573  1868 J8   375  6815 15198  5.4  5.0  3.02  0.31  23.65  18.05  20.86  21.87  79    13    91  4.4
  2  4237 J8   702  3281 J8  1545  2173 J8   417  8005 15826  5.4  4.7  2.75  0.32  25.50  19.85  22.50  23.63  76     0   126  4.8
  3  5161 J8  1335  3875 J8  1967  2427 J8   491  9400 16557  3.8  3.6  2.74  0.31  25.75  20.13  22.73  23.72  75     1   144  4.1
  4  5709 J8  1178  3913 J8  1779  2775 J8   518 10491 17247  4.9  4.3  3.19  0.29  27.25  20.58  23.81  25.05  71     7   174  4.7
  5  6973 J8   470  5489 J8  1300  2793 J8   574 11070 17781  3.0  2.3  2.90  0.28  28.74  23.30  25.96  26.86  67     0   238  3.3
  6  6189 J8  1191  4507 J8  2158  2722 J8   541 11234 18012  5.9  4.8  5.15  0.27  30.66  25.00  27.62  28.49  78     0   285  3.3
  7  6824 J8   738  5349 J8  1446  2734 J8   557 11093 17792  3.7  2.8  4.20  0.28  31.94  26.21  28.94  29.81  77     0   333  3.3
  8  6428 J8   633  5227 J8  1555  2549 J8   583 10600 17229  4.4  3.2  4.67  0.23  32.44  26.53  29.33  30.46  79     0   346  2.5
  9  5215 J8  1026  3953 J8  1580  2375 J8   416  9672 16548  6.4  4.9  4.83  0.22  30.57  25.55  27.94  28.88  78     0   292  2.6
 10  4994 J8   621  5008 J8  1543  1829 J8   415  8367 15854  3.5  2.9  3.77  0.21  28.90  23.87  26.37  27.30  71     0   250  3.9
 11  3631 J8   674  3133 J8  1423  1846 J8   306  7080 15244  5.5  4.6  4.01  0.21  27.90  23.17  25.38  26.34  81     0   216  4.0
 12  3558 J8   634  4036 J8  1725  1480 J8   338  6433 14951  3.2  2.8  2.65  0.19  25.03  19.98  22.14  23.22  78     2   132  3.7
 13  5188 J8  1284  4199 J8   932  2298 J8   450  9188 16520  4.6  3.8  3.66  0.26  28.20  22.69  25.30  26.30  76    23  2628  3.7
 1993
  1  3636 J8   910  3931 J8  2004  1502 J8   311  6838 15211  3.9  3.6  3.38  0.17  25.83  20.50  22.88  23.90  81     0   150  3.5
  2  4623 J8   914  4979 J8  1897  1645 J8   387  8019 15837  3.9  3.3  2.57  0.18  24.23  18.12  21.13  22.27  79     5    84  3.6
  3  5659 J8   982  5617 J8  2160  1854 J8   522  9393 16552  4.1  3.7  2.75  0.18  25.36  19.26  22.19  23.23  76    10   134  3.6
  4  6402 J8   921  5822 J8  2106  2240 J8   626 10489 17247  4.2  3.4  2.48  0.18  26.71  20.67  23.63  24.71  75     0   161  4.0
  5  6236 J8  1597  5239 J8  2769  2387 J8   658 11071 17785  4.1  3.6  3.41  0.18  28.33  23.37  25.79  26.60  76     0   233  3.5
  6  6631 J8  1279  5906 J8  2269  2288 J8   547 11236 18013  3.9  3.3  4.20  0.18  30.91  26.27  28.45  29.21  77     0   308  2.6
  7  6645 J8   976  5809 J8  2102  2317 J8   638 11094 17792  3.8  3.3  4.37  0.20  32.10  26.85  29.28  30.13  79     0   346  2.2
  8  6300 J8   720  5391 J8  1861  2352 J8   707 10603 17230  4.5  3.4  4.34  0.16  32.14  26.88  29.23  30.27  77     0   347  2.5
  9  5817 J8   777  5493 J8  1659  1994 J8   490  9677 16548  4.1  3.1  4.79  0.16  31.72  26.50  28.94  29.94  77     0   323  2.7
 10  4622 J8   775  4594 J8  2009  1797 J8   488  8375 15852  4.6  3.6  4.70  0.15  29.94  24.88  27.22  28.25  83     0   281  3.0
 11  3905 J8   744  4335 J8  1753  1498 J8   308  7087 15242  4.2  3.6  3.53  0.16  27.34  22.73  24.77  25.61  85     0   201  4.4
 12  3639 J8   719  4523 J8  1951  1299 J8   326  6433 14950  3.7  3.1  2.83  0.15  23.56  18.25  20.82  21.56  80    12    91  4.0
 13  5343 J8  1185  5137 J8   656  1931 J8   386  9193 16522  4.1  3.4  3.61  0.17  28.18  22.86  25.36  26.31  79    26  2659  3.3
 1994
  1  3683 J8   645  4121 J8  1683  1502 J8   320  6831 15206  4.2  3.8  2.95  0.14  24.62  18.70  21.52  22.66  84     5   108  4.3
  2  4510 J8  1055  4797 J8  2316  1623 J8   465  8007 15829  4.0  3.7  3.11  0.15  26.42  20.70  23.27  24.35  82     3   149  3.7
  3  5596 J8  1089  5617 J8  2238  1837 J8   485  9382 16550  3.2  3.0  2.93  0.15  26.50  20.80  23.55  24.57  78     0   165  3.6
  4  5908 J8  1169  5141 J8  2233  2230 J8   520 10481 17239  4.4  3.8  3.34  0.15  29.24  23.90  26.29  27.36  77     0   247  3.5
  5  6673 J8  1207  5823 J8  2138  2309 J8   550 11067 17782  3.8  3.4  3.90  0.16  30.06  24.82  27.28  28.10  74     0   282  2.8
  6  6294 J8  1303  5031 J8  2331  2495 J8   561 11235 18011  5.5  4.3  4.59  0.16  31.86  27.10  29.20  29.94  74     0   334  2.8
  7  6202 J8  1317  4922 J8  2206  2524 J8   529 11097 17798  4.8  4.0  4.42  0.18  31.52  26.68  29.04  29.63  72     0   334  3.1
  8  5866 J8  1112  4766 J8  1832  2397 J8   438 10609 17235  5.8  4.4  4.62  0.15  31.03  26.03  28.39  29.19  76     0   316  2.2
  9  5308 J8  1149  4451 J8  2209  2195 J8   551  9687 16557  6.1  4.9  4.84  0.15  30.67  26.21  28.16  28.97  77     0   303  2.5
 10  4955 J8   684  5292 J8  1906  1687 J8   551  8387 15860  3.8  3.2  3.97  0.14  29.27  24.39  26.78  27.68  77     0   264  2.9
 11  3730 J8   936  3959 J8  1971  1544 J8   349  7096 15247  5.0  4.2  3.48  0.15  27.48  23.09  25.08  25.91  81     0   209  3.8
 12  3430 J8   734  4088 J8  1977  1331 J8   321  6435 14950  4.1  3.7  2.99  0.14  25.58  20.83  22.86  23.86  78     0   151  3.5
 13  5179 J8  1112  4834 J8   597  1973 J8   429  9193 16522  4.6  3.9  3.76  0.15  28.69  23.60  25.95  26.85  77     8  2863  3.2
 1995
  1  3681 J8   882  4273 J8  2280  1406 J8   381  6823 15200  4.6  4.2  2.53  0.12  23.19  17.96  20.50  21.53  77    13    82  3.5
  2  4739 J8   822  5366 J8  1798  1561 J8   423  7995 15822  3.4  3.0  2.38  0.14  23.60  17.51  20.52  21.73  75    16    79  3.3
  3  5560 J8  1196  5619 J8  2211  1822 J8   453  9370 16548  3.7  3.4  2.68  0.14  25.75  20.23  22.91  23.91  76     0   144  3.5
  4  5876 J8  1339  5042 J8  2486  2243 J8   575 10473 17234  5.0  4.4  3.12  0.14  28.12  22.96  25.48  26.43  72     0   216  2.9
  5  6914 J8   941  6689 J8  1894  2053 J8   565 11063 17779  3.4  2.7  3.63  0.15  30.57  25.00  27.73  28.67  74     0   293  2.1
  6  6010 J8  1448  4545 J8  2538  2618 J8   581 11235 18012  5.6  4.7  4.67  0.15  30.71  25.65  28.03  28.72  77     0   295  2.4
  7  6054 J8  1162  4356 J8  2176  2735 J8   637 11099 17803  5.8  4.6  4.78  0.17  31.65  27.05  29.16  29.86  74     0   342  1.8
  8  6085 J8  1234  5214 J8  2261  2263 J8   564 10615 17239  5.5  4.2  4.80  0.14  31.76  27.16  29.24  30.17  75     0   345  2.3
  9  5278 J8  1009  4486 J8  2052  2175 J8   545  9698 16562  5.8  4.8  5.05  0.14  31.61  26.63  28.85  29.72  77     0   324  2.1
 10  4183 J8  1053  3481 J8  2019  1997 J8   423  8399 15871  6.3  5.5  5.16  0.14  29.72  25.80  27.54  28.28  81     0   292  3.4
 11  3896 J8   908  4389 J8  2018  1479 J8   363  7105 15251  4.0  3.4  3.16  0.15  25.96  21.44  23.49  24.20  76     0   161  3.7
 12  3245 J8   940  3674 J8  2124  1335 J8   250  6436 14955  4.4  4.2  2.90  0.13  22.95  18.28  20.42  21.22  78    29   100  3.9
 13  5127 J8  1157  4761 J8   884  1974 J8   464  9193 16523  4.8  4.1  3.74  0.14  27.97  22.97  25.32  26.20  76    58  2674  2.9
 1996
  1  3563 J8  1081  4320 J8  2614  1346 J8   364  6816 15200  3.9  3.8  2.56  0.12  22.89  17.06  19.76  20.91  78    28    79  3.6
  2  4964 J8  1052  6119 J8  2127  1395 J8   411  8007 15826  1.9  1.9  2.08  0.14  23.04  15.76  19.33  20.69  74    37    68  3.1
  3  5223 J8  1627  5317 J8  2847  1727 J8   430  9401 16559  3.8  3.6  2.61  0.14  24.13  18.43  21.00  22.00  76    17   108  4.0
  4  5951 J8  1449  5465 J8  2427  2078 J8   454 10492 17248  3.6  3.4  2.78  0.15  27.17  21.89  24.27  25.26  73     1   187  3.7
  5  5832 J8  1492  4753 J8  2337  2310 J8   439 11071 17781  5.5  4.8  3.97  0.15  29.50  23.36  26.32  27.43  77     0   251  3.2
  6  5573 J8  1463  4045 J8  2321  2596 J8   468 11234 18012  6.6  5.4  4.65  0.15  30.97  25.16  27.91  28.81  73     0   292  2.7
  7  7119 J8   586  6799 J8  1300  2101 J8   470 11092 17792  4.1  1.6  4.40  0.17  31.79  25.71  28.51  29.50  78     0   323  3.1
  8  6566 J8   779  6333 J8  1546  2061 J8   540 10599 17227  4.7  2.1  4.55  0.14  31.61  25.63  28.47  29.40  77     0   319  2.9
  9  4479 J8  1347  3218 J8  2337  2326 J8   518  9670 16548  6.8  5.4  4.51  0.14  31.27  25.74  28.45  29.38  75     0   305  2.5
 10  3503 J8  1294  2671 J8  2454  1878 J8   393  8366 15852  7.2  6.7  4.33  0.14  29.29  25.06  26.93  27.71  76     0   274  4.2
 11  3280 J8   904  2893 J8  1794  1682 J8   325  7079 15243  6.2  5.4  3.19  0.15  27.73  22.42  25.07  25.95  66     0   202  4.8
 12  3168 J8   852  3484 J8  1941  1413 J8   280  6433 14951  4.4  4.1  2.83  0.13  26.06  20.28  22.78  23.91  74     5   155  3.4
 13  4935 J8  1340  4618 J8  1401  1909 J8   406  9188 16520  4.9  4.0  3.54  0.14  27.95  22.21  24.90  25.91  75    87  2564  3.4
 1997
  1  3407 J8  1195  3977 J8  2803  1363 J8   399  6839 15211  4.7  4.5  2.72  0.12  24.61  19.35  21.87  22.83  74    15   128  3.7
  2  4004 J8   959  3575 J8  1993  1908 J8   391  8021 15837  4.8  4.4  3.06  0.14  27.31  22.19  24.52  25.58  78     0   180  3.5
  3  5113 J7  1128  4646 J8  2159  2089 J7   511  9395 16554  4.1  3.9  3.05  0.14  29.26  23.94  26.20  27.27  72     0   256  3.7
  4  4982 J8  1545  3696 J8  2379  2315 J8   351 10490 17250  5.9  5.6  3.59  0.14  29.18  23.63  26.27  27.33  70     0   242  3.5
  5  5362 J8  1221  3531 J8  1852  2788 J8   397 11071 17786  6.6  6.1  3.88  0.15  31.15  25.23  27.98  28.99  72     0   306  3.1
  6  5019 J8  1555  3233 J8  2390  2694 J8   518 11236 18014  7.2  6.2  4.51  0.15  32.04  26.56  28.84  29.65  73     0   329  2.8
  7  4692 J8  1023  2600 J8  1494  2886 J8   345 11094 17792  7.6  6.8  4.70  0.17  33.19  27.98  30.35  31.15  72     0   380  2.3
  8  4809 J8  1065  3002 J8  1525  2676 J8   319 10602 17228  7.2  6.2  4.62  0.14  33.93  28.99  31.06  31.95  72     0   407  2.3
  9  4251 J8  1205  2609 J8  1902  2472 J8   386  9675 16548  7.2  6.5  5.10  0.14  31.95  26.98  29.15  30.10  76     0   334  2.8
 10  4099 J8  1123  3444 J8  2181  1934 J8   404  8373 15850  6.4  5.3  3.59  0.14  30.48  25.31  27.59  28.70  79     0   297  3.6
 11  2879 J8  1070  2128 J8  1918  1703 J8   279  7086 15241  7.0  6.1  3.88  0.15  28.26  23.19  25.56  26.26  77     0   222  3.7
 12  2727 J7  1068  2660 J8  2589  1402 J7   328  6433 14950  5.6  5.3  3.17  0.13  25.52  20.34  22.75  23.53  77     1   144  3.3
 13  4279 J8   884  3258 J8   701  2186 J8   533  9193 16522  6.2  5.6  3.82  0.14  29.74  24.47  26.84  27.78  74    16  3224  3.2
 1998
  1  3718 K4  1001  4118 K6  2253  1545 K4   426  6832 15207  6.1  5.5  3.06  0.12  25.75  20.98  23.22  24.23  79     0   156  3.6
  2  4475 K4  1233  4589 K6  2163  1720 K4   401  8009 15830  5.6  5.3  2.56  0.14  24.67  19.96  22.29  23.14  79     2   114  3.7
  3  5844 K4  1334  6049 K6  2239  1782 K4   419  9383 16551  5.0  4.7  2.62  0.14  25.98  20.05  22.75  23.73  67     4   149  4.5
  4  7077 K4   553  7202 K6  1289  1855 K4   429 10482 17239  3.8  3.6  2.42  0.14  29.70  23.33  26.00  27.25  65     0   246  3.9
  5  7087 K4  1042  6565 K6  2284  2108 K4   702 11067 17782  3.1  2.6  3.23  0.15  31.32  25.09  27.96  29.13  73     0   306  2.5
  6  7129 K4  1008  6800 K6  1973  2003 K4   513 11235 18013  2.9  2.0  4.12  0.15  32.83  27.43  29.94  30.97  77     0   354  2.4
  7  6553 K4  1430  5770 K6  2262  2189 K4   402 11096 17798  2.9  2.2  4.54  0.17  32.43  27.00  29.70  30.48  81     0   353  2.8
  8  6486 K4  1020  6215 K6  1871  1919 K4   492 10608 17235  3.4  2.7  4.85  0.14  32.94  27.59  30.03  31.03  77     0   370  2.7
  9  5194 K4  1423  4422 K6  2589  2112 K4   619  9686 16557  4.6  3.3  4.90  0.14  31.77  27.23  29.20  30.06  76     0   335  3.5
 10  5135 K4   728  5705 K6  1738  1625 K4   456  8385 15858  3.4  3.0  3.89  0.14  30.24  25.74  27.64  28.59  73     0   299  4.2
 11  3974 K4  1002  4567 K6  2087  1496 K4   372  7095 15247  3.3  3.0  3.04  0.15  27.53  23.30  25.25  26.05  77     0   213  3.7
 12  3894 K4   592  5146 K6  1686  1274 K4   307  6435 14950  2.7  2.5  2.85  0.13  26.26  21.58  23.70  24.65  76     1   174  3.8
 13  5547 K4  1321  5596 K6  1020  1802 K4   282  9193 16522  3.9  3.4  3.51  0.14  29.29  24.11  26.47  27.44  75     7  3069  3.5
 1999
  1  4042 K4   984  5289 K6  2107  1264 K4   311  6824 15200  3.4  3.3  2.49  0.12  24.79  19.06  21.67  22.75  76    14   125  4.2
  2  5078 K4   848  6055 K6  1752  1481 K4   368  7997 15824  2.0  1.9  2.14  0.14  24.50  18.78  21.50  22.57  70     5    98  3.3
  3  6144 K4   944  6593 K6  1579  1804 K4   398  9371 16548  1.9  1.7  1.95  0.14  25.29  19.13  22.08  23.16  67     2   122  3.5
  4  6883 K4   911  6833 K6  1572  1956 K4   391 10474 17235  2.1  1.9  2.76  0.14  28.59  22.87  25.46  26.56  71     0   222  3.3
  5  7081 K4  1143  6765 K6  2006  1999 K4   531 11063 17780  2.1  2.0  3.15  0.15  30.30  24.35  27.15  28.13  70     0   279  2.8
  6  5924 K4  1552  4728 K6  2437  2347 K4   445 11235 18012  2.7  2.3  4.72  0.15  30.71  25.77  28.08  28.65  76     0   297  2.7
  7  6719 K4  1145  5998 K6  1852  2205 K4   437 11099 17802  2.5  2.1  4.20  0.17  31.78  26.74  29.08  29.86  74     0   339  2.9
  8  5466 K4  1938  4781 K6  2721  1997 K4   483 10615 17239  2.4  1.8  4.80  0.14  31.95  26.65  29.13  29.92  78     0   340  2.4
  9  4980 K4  1630  4361 K6  2613  1945 K4   435  9696 16562  4.3  3.4  4.69  0.14  31.19  25.49  28.24  29.17  83     0   300  2.9
 10  4148 K4  1631  4088 K6  2807  1639 K4   445  8398 15870  4.8  3.9  4.13  0.14  28.82  24.35  26.38  27.17  86     0   256  4.4
 11  4219 K4   592  4892 K6  1600  1483 K4   373  7104 15251  2.9  2.6  2.89  0.15  26.16  21.40  23.49  24.36  80     0   164  4.8
 12  3652 K4   652  4430 K6  1833  1416 K4   328  6436 14955  3.4  3.2  2.41  0.13  24.81  19.61  21.86  22.99  83     5   126  3.4
 13  5361 K4  1195  5401 K6   999  1794 K4   337  9193 16523  2.9  2.5  3.36  0.14  28.24  22.85  25.34  26.27  76    26  2668  3.4
 2000
  1  4176 K4   639  5544 K6  1665  1262 K4   316  6817 15200  2.6  2.6  2.31  0.12  24.29  18.52  21.18  22.36  83    12   107  3.6
  2  4867 K4  1178  5632 K6  2186  1547 K4   400  8008 15826  2.7  2.6  2.38  0.14  24.24  18.87  21.38  22.35  79     7   101  3.6
  3  6068 K4   995  6444 K6  1737  1761 K4   344  9403 16561  2.9  2.8  2.82  0.14  27.19  21.39  24.02  25.14  75     0   185  3.3
  4  6756 K4  1202  6622 K6  2012  1975 K4   470 10494 17250  2.8  2.6  2.59  0.15  27.33  21.93  24.50  25.48  70     0   189  3.9
  5  7233 K4   648  6837 K6  1437  2130 K4   486 11071 17781  2.3  2.1  3.25  0.15  30.00  24.77  27.02  27.97  72     0   281  3.3
  6  6661 K4  1314  5947 K6  2210  2229 K4   506 11234 18012  5.1  2.4  4.30  0.15  31.55  26.63  28.85  29.67  72     0   323  2.5
  7  6502 K4  1195  5532 K6  1967  2348 K4   461 11092 17791  3.6  2.6  4.44  0.17  31.97  26.99  29.26  30.03  73     0   346  2.2
  8  6178 K4  1225  5510 K6  1994  2109 K4   422 10598 17227  3.1  2.4  4.53  0.14  32.37  27.00  29.43  30.38  76     0   352  3.1
  9  5732 K4   876  5408 K6  1706  1933 K4   367  9669 16546  3.0  2.2  4.87  0.14  32.14  27.26  29.45  30.41  75     0   341  2.8
 10  5012 K4  1139  5732 K6  2188  1411 K4   435  8364 15851  2.6  2.4  3.45  0.14  28.42  23.62  25.93  26.88  72     0   238  4.3
 11  4133 K4   974  4803 K6  1943  1455 K4   289  7078 15243  5.7  5.0  3.02  0.15  26.48  21.54  23.84  24.80  75     1   171  4.1
 12  3252 K4  1092  3664 K6  2368  1372 K4   313  6432 14951  4.3  4.0  2.99  0.13  23.46  19.08  21.10  21.74  80    15   106  4.7
 13  5548 K4  1245  5640 K6   844  1794 K4   375  9188 16520  3.4  2.8  3.41  0.14  28.29  23.13  25.50  26.43  75    35  2740  3.5
 2001
  1  4222 K4   659  5758 K6  1653  1226 K4   314  6840 15211  2.3  2.2  2.02  0.12  21.18  15.06  17.98  19.16  77    55    48  3.9
  2  5012 K4   739  5611 K6  1649  1668 K4   369  8022 15838  2.1  2.0  2.99  0.14  26.61  21.78  23.81  24.88  78     0   164  4.1
  3  6309 K4   501  6919 K6  1182  1670 K4   368  9396 16556  2.0  1.8  2.69  0.14  26.65  20.64  23.54  24.65  75     2   166  3.9
  4  6588 K4  1238  6331 K6  2365  2051 K4   589 10491 17251  2.4  2.1  2.85  0.14  27.80  22.85  25.03  26.09  70     0   210  4.8
  5  6237 K4  1680  5127 K6  2858  2371 K4   663 11072 17787  3.9  3.0  3.64  0.15  28.40  23.37  25.74  26.56  73     0   234  4.2
  6  6963 K4  1142  6427 K6  1835  2100 K4   463 11236 18014  2.5  1.7  4.20  0.15  31.50  26.70  28.91  29.69  72     0   323  3.2
  7  6230 K4  1529  5117 K6  2268  2326 K4   449 11093 17792  3.4  2.3  4.48  0.17  31.59  26.21  28.78  29.69  73     0   328  3.4
  8  6159 K4  1533  5654 K6  2582  2018 K4   560 10601 17228  2.9  2.1  4.64  0.14  32.12  27.13  29.46  30.49  72     0   350  3.1
  9  5030 K4  1594  4515 K6  2720  1954 K4   491  9674 16546  3.6  2.6  4.82  0.14  30.97  25.55  28.16  29.08  74     0   298  3.2
 10  4484 K4  1270  4208 K6  2510  1859 K4   496  8372 15849  3.8  3.0  4.29  0.14  28.90  24.62  26.57  27.36  76     0   261  4.7
 11  4269 K4   555  4992 K6  1410  1497 K4   371  7084 15240  3.4  3.2  2.94  0.15  26.15  22.10  23.80  24.55  73     0   174  4.9
 12  3660 K4   887  4617 K6  2049  1294 K4   321  6433 14950  3.3  3.0  3.08  0.13  25.61  21.20  23.18  24.07  77     3   160  4.2
 13  5430 K4  1106  5440 K6   830  1836 K4   372  9193 16522  3.0  2.4  3.55  0.14  28.12  23.10  25.41  26.36  74    59  2717  4.0
 2002
  1  4124 K4   779  5357 K6  1923  1303 K4   307  6833 15207  2.7  2.5  2.64  0.12  24.46  18.98  21.44  22.56  82    21   127  3.7
  2  4386 K4  1365  4623 K6  2757  1679 K4   486  8010 15832  4.3  4.1  3.02  0.14  24.38  19.36  21.73  22.57  77     5   104  4.1
  3  5699 K4  1555  5890 K6  2554  1794 K4   388  9385 16551  3.2  3.1  2.93  0.14  27.29  21.76  24.33  25.39  77     1   194  4.1
  4  6866 K4   606  6752 K6  1282  2127 K4   450 10483 17240  2.5  2.4  3.12  0.14  29.37  23.98  26.32  27.43  69     0   250  4.1
  5  6933 K4  1259  6406 K6  2113  2215 K4   486 11068 17782  3.9  3.7  3.60  0.15  30.68  25.71  27.92  28.76  72     0   306  4.3
  6  5482 K4  1751  3951 K6  2353  2521 K4   483 11235 18013  6.4  5.3  4.92  0.15  31.51  26.53  28.98  29.57  75     0   321  3.3
  7  6339 K4  1167  5281 K6  2043  2340 K4   459 11096 17798  3.9  3.3  4.76  0.17  32.82  27.54  29.90  30.75  71     0   367  2.5
  8  6352 K4  1166  5865 K6  2223  1987 K4   519 10607 17235  3.8  3.3  4.85  0.14  33.19  27.42  30.13  31.16  70     0   371  2.7
  9  5503 K4  1150  4999 K6  2179  2011 K4   491  9684 16555  5.1  4.3  5.21  0.14  32.40  27.22  29.54  30.55  74     0   344  3.3
 10  5099 K4   840  5776 K6  1670  1613 K4   393  8384 15857  2.8  2.6  4.28  0.14  31.03  26.21  28.39  29.39  73     0   319  3.0
 11  4154 K4   995  4949 K6  1998  1413 K4   312  7094 15246  3.6  3.4  3.19  0.15  26.37  21.03  23.48  24.19  75     2   163  3.9
 12  3666 K4   716  4507 K6  1878  1391 K4   331  6434 14950  4.1  3.9  2.98  0.13  24.49  19.05  21.84  22.75  78     7   114  3.8
 13  5384 K4  1116  5363 K6   815  1866 K4   397  9193 16522  3.9  3.5  3.79  0.14  29.00  23.73  26.17  27.09  75    38  2981  3.6
 2003
  1  3986 K4   917  5085 K6  2207  1317 K4   385  6825 15201  3.7  2.9  2.23  0.12  20.62  13.97  17.06  18.44  74    57    25  3.5
  2  4956 K4   936  5772 K6  2018  1513 K4   398  7998 15824  2.8  2.7  2.90  0.14  25.75  20.00  22.51  23.75  79     3   130  2.9
  3  6009 K4   743  6183 K6  1751  1858 K4   491  9373 16549  3.2  3.0  3.31  0.14  29.04  23.03  25.87  27.01  76     2   241  3.0
  4  6433 K4  1438  5994 K6  2379  2025 K4   460 10475 17235  3.8  3.6  3.00  0.14  27.49  21.75  24.42  25.47  72     0   189  3.8
  5  7082 K4   838  6583 K6  1671  2212 K4   489 11064 17780  3.1  2.9  4.07  0.15  31.28  26.41  28.42  29.31  74     0   326  2.8
  6  6195 K4  1357  5069 K6  2273  2394 K4   484 11235 18012  5.0  4.1  4.91  0.15  31.62  26.27  28.68  29.47  74     0   318  3.0
  7  6925 K4   622  6116 K6  1420  2293 K4   455 11098 17801  3.9  3.4  4.54  0.17  31.94  26.87  29.18  29.99  73     0   343  3.3
  8  5945 K4  1450  5251 K6  2247  2072 K4   502 10614 17239  4.4  3.6  5.05  0.14  32.13  26.29  29.07  29.91  76     0   337  3.0
  9  5369 K4  1229  5031 K6  1973  1913 K4   453  9695 16560  4.6  3.9  5.03  0.14  31.54  26.63  28.76  29.67  78     0   323  2.9
 10  5087 K4  1044  5742 K6  2119  1523 K4   521  8396 15869  3.0  2.7  4.00  0.14  29.97  25.45  27.43  28.33  76     0   291  3.8
 11  4105 K4   931  4954 K6  1914  1358 K4   239  7103 15251  4.0  3.7  3.48  0.15  27.51  22.74  24.98  25.65  76     0   204  4.8
 12  3620 K4   768  4351 K6  1747  1368 K4   279  6436 14956  4.7  4.6  2.53  0.13  22.74  17.36  19.99  20.81  76    22    76  4.3
 13  5476 K4  1152  5511 K6   650  1821 K4   390  9193 16523  3.9  3.4  3.75  0.14  28.47  23.07  25.53  26.48  75    84  2803  3.4
 2004
  1  4064 K4   865  5349 K6  2102  1281 K4   326  6818 15200  3.5  3.5  2.52  0.12  23.34  17.71  20.34  21.43  75     9    77  4.0
  2  4786 K4   925  5218 K6  2016  1644 K4   416  8010 15829  4.1  4.0  2.68  0.14  25.00  19.21  21.93  22.86  77     8   118  3.9
  3  6117 K4   909  6514 K6  1806  1745 K4   431  9404 16563  3.2  3.1  2.41  0.14  26.29  20.84  23.23  24.25  73     0   162  5.0
  4  7014 K4   833  7112 K6  1713  1866 K4   542 10495 17250  3.0  2.8  2.80  0.15  27.11  21.60  24.10  25.16  71     0   181  4.5
  5  7150 K4   723  6665 K6  1667  2229 K4   551 11071 17782  3.1  3.0  3.24  0.15  29.39  24.29  26.63  27.53  75     0   264  4.6
  6  7187 K4   699  6898 K6  1594  2100 K4   522 11234 18012  3.0  2.6  4.45  0.15  32.63  27.48  29.62  30.55  69     0   352  3.1
  7  6617 K4  1344  5899 K6  1994  2183 K4   391 11091 17791  3.7  3.4  4.68  0.17  32.62  26.52  29.43  30.34  70     0   348  2.6
  8  6367 K4  1032  5739 K6  2106  2013 K4   599 10597 17226  4.3  3.6  5.08  0.14  32.97  26.77  29.68  30.82  73     0   358  2.8
  9  5391 K4  1410  5093 K6  2177  1916 K4   439  9668 16545  4.2  3.6  4.90  0.14  31.55  26.45  28.72  29.59  77     0   320  4.5
 10  5097 K4   923  5871 K6  1793  1526 K4   416  8363 15851  3.3  3.1  3.93  0.14  29.32  24.71  26.88  27.74  72     0   269  4.2
 11  4265 K4   736  5226 K6  1574  1363 K4   268  7077 15243  3.5  3.4  2.95  0.15  27.23  22.40  24.61  25.49  72     0   195  4.3
 12  3542 K4   847  4296 K6  1929  1360 K4   267  6432 14951  4.6  4.4  2.72  0.13  24.23  18.52  21.08  22.11  75    10   105  4.2
 13  5633 K4  1284  5823 K6   844  1769 K4   334  9188 16520  3.6  3.4  3.53  0.14  28.47  23.04  25.52  26.49  73    28  2749  4.0
 2005
  1  4138 K4   747  5519 K6  1960  1290 K4   370  6841 15213  3.4  3.3  2.47  0.12  23.87  18.10  20.69  21.93  72    21   103  4.2
  2  4710 K4  1075  5108 K6  2288  1629 K4   473  8024 15838  3.6  3.5  2.58  0.14  24.82  18.25  21.29  22.56  70     7    97  3.9
  3  5687 K4  1593  5863 K6  2672  1757 K4   502  9398 16558  3.4  3.2  2.87  0.14  26.00  20.13  22.88  23.98  71     0   147  3.6
  4  6703 K4  1444  6720 K6  2325  1818 K4   492 10492 17253  2.6  2.4  2.66  0.14  27.13  20.97  23.90  24.99  65     0   172  4.3
  5  6996 K4  1327  6558 K6  2255  2135 K4   567 11072 17787  3.4  3.1  3.45  0.15  29.94  24.52  27.00  27.94  68     0   276  3.6
  6  5653 K4  1923  4366 K6  3010  2375 K4   611 11236 18014  5.9  4.8  5.01  0.15  31.07  25.99  28.42  29.06  75     0   306  3.4
  7  6655 K4  1500  5983 K6  2088  2123 K4   357 11093 17791  3.8  3.4  4.80  0.17  32.78  27.60  29.89  30.75  70     0   368  3.7
  8  6254 K4  1340  5843 K6  2065  1920 K4   401 10600 17227  3.7  3.2  5.12  0.14  32.84  27.35  29.97  30.95  70     0   365  3.1
  9  5433 K4  1321  5242 K6  2216  1872 K4   491  9673 16546  4.0  3.6  5.02  0.14  31.68  26.24  28.82  29.83  73     0   319  3.4
 10  4553 K4  1331  4375 K6  2324  1797 K4   443  8370 15848  5.7  4.6  4.44  0.14  29.59  24.76  27.00  27.71  75     0   274  4.5
 11  4125 K4   793  4611 K6  1832  1542 K4   302  7083 15240  4.1  3.4  3.34  0.15  27.45  22.51  24.72  25.61  72     0   199  4.3
 12  3899 K4   613  5218 K6  1659  1245 K4   292  6433 14950  2.7  2.6  2.72  0.13  24.61  18.67  21.42  22.68  74     8   111  3.4
 13  5401 K4  1102  5451 K6   781  1792 K4   335  9193 16522  3.8  3.4  3.71  0.14  28.48  22.92  25.50  26.50  71    37  2737  3.8
 2006
  1  4149 K4   598  5342 K6  1857  1361 K4   408  6834 15207  3.6  3.5  2.54  0.12  24.41  18.78  21.48  22.55  72    13   114  4.4
  2  4746 K4  1248  5489 K6  2469  1477 K4   382  8012 15832  3.0  2.9  2.29  0.14  24.14  18.01  20.74  21.75  69    15    92  3.9
  3  6157 K4   819  6793 K6  1584  1657 K4   345  9386 16551  2.3  2.3  2.38  0.14  26.49  20.24  23.06  24.27  65     1   157  4.0
  4  7150 K4   555  7409 K6  1296  1765 K4   429 10484 17241  2.0  1.8  2.56  0.14  28.66  22.79  25.39  26.67  64     0   222  4.0
  5  6481 K4  1705  5881 K6  2959  2084 K4   681 11068 17782  1.8  1.7  3.53  0.15  29.70  23.96  26.63  27.52  67     0   263  3.0
  6  6480 K4  1797  5908 K6  2512  1989 K4   411 11235 18014  2.8  2.2  4.51  0.15  32.08  26.54  29.06  29.91  68     0   329  3.2
  7  5802 K4  1694  4630 K6  2508  2330 K4   454 11095 17795  2.9  2.5  4.72  0.17  31.58  26.21  28.80  29.51  71     0   327  3.3
  8  5857 K4  1672  5276 K6  2481  1988 K4   489 10606 17235  2.6  2.3  4.83  0.14  32.27  26.32  29.31  30.15  70     0   340  3.2
  9  5622 K4  1140  5613 K6  2126  1794 K4   439  9683 16554  2.9  2.5  4.99  0.14  32.13  26.25  28.95  30.05  70     0   326  2.6
 10  5075 K4   939  5676 K6  1777  1543 K4   361  8382 15856  3.2  2.8  4.22  0.14  29.69  24.58  26.92  27.85  69     0   273  4.1
 11  3775 K4  1078  4084 K6  2281  1512 K4   368  7093 15246  3.5  3.4  3.32  0.15  25.35  20.54  22.89  23.68  71     8   147  4.0
 12  3267 K4  1004  3522 K6  2094  1433 K4   300  6434 14951  5.3  5.2  3.75  0.13  25.89  21.85  23.65  24.47  77     0   172  4.8
 13  5380 K4  1194  5469 K6  1062  1744 K4   301  9193 16522  3.0  2.8  3.64  0.14  28.53  23.01  25.57  26.53  69    38  2763  3.7
 2007
  1  4012 K4   736  5025 K6  1727  1375 K4   316  6826 15203  4.6  3.2  3.11  0.12  25.87  20.73  23.15  24.01  72     2   156  4.2
  2  4223 K4  1680  4431 K6  2746  1574 K4   423  8000 15826  4.2  4.1  3.11  0.14  23.82  18.24  20.84  21.80  74    16    91  3.7
  3  6078 K4   672  6358 K6  1517  1848 K4   435  9374 16549  2.8  2.7  2.66  0.14  26.62  21.37  23.58  24.51  65     0   176  4.8
  4  6724 K4  1260  6751 K6  2000  1836 K4   433 10476 17237  2.2  2.1  2.95  0.14  27.55  21.83  24.55  25.58  63     0   191  3.6
  5  6805 K4  1168  6150 K6  2222  2211 K4   618 11064 17781  3.1  3.0  3.63  0.15  29.45  23.98  26.61  27.50  64     0   260  4.4
  6  6373 K4  1686  5642 K6  2516  2160 K4   640 11235 18012  3.6  3.1  4.63  0.15  30.45  24.79  27.57  28.30  73     0   279  2.6
  7  6870 K4   553  6148 K6   996  2208 K4   330 11098 17801  2.3  2.0  4.71  0.17  32.18  26.57  29.13  29.98  69     0   342  2.0
  8  6432 K4  1087  6057 K6  1786  1979 K4   438 10613 17238  2.4  2.1  4.67  0.14  31.60  26.00  28.69  29.61  71     0   325  2.7
  9  5397 K4  1174  5013 K6  2164  1830 K4   396  9693 16560  2.7  2.4  4.83  0.14  31.89  25.81  28.64  29.62  70     0   316  2.8
 10  4585 K4  1363  4635 K6  2273  1686 K4   410  8395 15867  4.0  3.9  4.80  0.14  30.23  25.83  27.87  28.64  74     0   301  4.4
 11  4343 K4   672  5280 K6  1596  1412 K4   322  7102 15251  3.7  3.5  3.00  0.15  26.86  22.00  24.05  24.93  69     0   183  3.7
 12  3877 K4   679  5176 K6  1604  1247 K4   282  6436 14956  3.0  2.8  3.15  0.13  26.99  22.06  24.22  25.24  70     0   192  3.4
 13  5476 K4  1195  5555 K6   735  1781 K4   330  9193 16523  3.2  2.9  3.77  0.14  28.62  23.27  25.74  26.64  70    18  2811  3.5
 2008
  1  3778 K4   911  4523 K6  2091  1450 K4   339  6819 15200  4.4  4.3  2.92  0.12  25.33  19.03  21.89  22.99  69    12   131  3.9
  2  4768 K4  1199  5419 K6  2131  1562 K4   352  8011 15830  3.0  2.7  3.11  0.14  27.79  22.00  24.54  25.58  69     2   192  3.4
  3  5748 K4  1363  5815 K6  2252  1917 K4   495  9406 16566  3.2  3.1  3.15  0.14  27.81  21.54  24.34  25.42  67     1   197  3.9
  4  7030 K4   933  7136 K6  1698  1823 K4   384 10496 17251  2.7  2.6  3.01  0.15  28.80  22.90  25.68  26.79  62     0   226  4.0
  5  7459 K4   323  7391 K6   769  1934 K4   329 11072 17785  2.7  2.5  3.37  0.15  31.11  25.39  27.98  28.99  63     0   308  3.7
  6  6841 K4  1022  6103 K6  1897  2241 K4   479 11234 18012  3.0  2.3  4.28  0.15  32.20  26.67  29.08  29.93  68     0   333  3.3
  7  6336 K4  1412  5384 K6  2073  2296 K4   408 11091 17790  1.8  1.6  4.33  0.17  32.10  26.87  29.17  29.95  70     0   346  2.7
  8  6109 K4  1553  5752 K6  2313  1917 K4   484 10596 17223  2.3  2.0  4.74  0.14  32.42  26.75  29.39  30.38  73     0   349  3.1
  9  5329 K4  1659  5147 K6  2529  1776 K4   401  9666 16542  3.6  3.2  4.74  0.14  30.76  26.02  28.32  29.19  76     0   302  4.2
 10  4603 K4  1213  4678 K6  2307  1662 K4   436  8361 15851  3.7  3.5  4.08  0.14  28.67  24.00  26.13  26.92  73     0   249  4.3
 11  4237 K4   689  5182 K6  1816  1406 K4   395  7076 15242  2.4  2.3  2.76  0.15  24.65  19.77  21.95  22.76  75     2   118  4.1
 12  3557 K4   910  4502 K6  1870  1297 K4   254  6432 14951  3.9  3.7  2.56  0.13  24.65  19.74  21.94  22.99  76     1   121  4.0
 13  5483 K4  1308  5586 K6   932  1773 K4   314  9188 16520  3.1  2.8  3.59  0.14  28.86  23.39  25.87  26.82  70    18  2872  3.7
 2009
  1  4025 K4   872  5215 K6  2102  1307 K4   334  6842 15213  2.9  2.8  2.42  0.12  23.21  17.26  20.12  21.31  72    20    79  3.8
  2  5011 K4   878  5748 K6  1740  1620 K4   345  8026 15839  3.1  3.0  2.11  0.14  23.12  17.19  19.77  20.97  71    19    70  4.0
  3  5889 K4   791  5926 K6  1596  1920 K4   420  9399 16558  4.4  4.2  2.65  0.14  25.68  19.27  22.38  23.44  68     7   136  4.3
  4  7106 K4   600  7264 K6  1460  1831 K4   477 10493 17253  3.0  2.9  2.79  0.14  28.33  22.77  25.30  26.42  66     0   217  4.4
  5  7078 K4   873  6731 K6  1668  2087 K4   467 11073 17787  2.7  2.5  3.50  0.15  30.26  24.82  27.26  28.22  70     0   285  3.1
  6  6387 K4  1429  5572 K6  2313  2266 K4   524 11236 18015  2.8  2.1  4.58  0.15  31.43  25.88  28.69  29.50  71     0   310  2.2
  7  6584 K4  1110  5590 K6  1815  2297 K4   384 11092 17791  1.6  1.5  4.57  0.17  33.49  27.87  30.41  31.19  67     0   383  2.4
  8  6482 K4  1133  6221 K6  1756  1957 K4   423 10599 17226  2.5  2.1  4.75  0.14  32.89  27.52  30.08  31.01  70     0   368  2.7
  9  5408 K4  1406  5200 K6  2366  1907 K4   515  9671 16545  2.7  2.2  5.19  0.14  31.47  26.32  28.87  29.77  74     0   317  2.4
 10  5110 K4   827  5639 K6  1703  1625 K4   348  8369 15848  3.2  2.8  4.17  0.14  30.41  25.13  27.55  28.57  71     0   293  3.0
 11  3822 K4  1114  4221 K6  2295  1491 K4   417  7082 15240  3.4  3.4  3.28  0.15  26.64  21.63  23.93  24.77  72     2   176  3.9
 12  3378 K4  1007  3924 K6  2163  1381 K4   345  6433 14950  3.0  2.9  3.25  0.13  25.30  20.27  22.76  23.57  77     7   145  3.8
 13  5523 K4  1280  5604 K6   933  1807 K4   327  9193 16522  2.9  2.7  3.61  0.14  28.52  22.99  25.59  26.56  71    55  2778  3.3
 2010
  1  3689 K4  1028  4479 K6  2264  1389 K4   374  6835 15208  3.6  3.1  2.42  0.12  20.47  14.46  17.35  18.26  73    87    60  4.0
  2  4152 K4  1422  4210 K6  2451  1643 K4   354  8013 15833  4.0  3.8  2.53  0.14  20.79  15.11  17.97  18.80  73    51    40  4.0
  3  5772 K4  1269  6094 K6  2280  1698 K4   411  9388 16551  2.9  2.8  2.27  0.14  22.74  16.86  19.56  20.55  71    23    68  4.0
  4  6201 K4  1572  5882 K6  2555  2023 K4   503 10485 17241  3.2  3.0  2.79  0.14  27.00  21.81  24.15  25.18  70     0   182  4.0
  5  6884 K4  1401  6559 K6  2293  2073 K4   534 11069 17782  3.6  3.3  3.66  0.15  30.44  25.27  27.57  28.42  72     0   295  3.4
  6  6791 K4  1022  6240 K6  1925  2107 K4   480 11235 18014  2.9  2.4  4.77  0.15  32.95  27.67  30.16  30.96  69     0   359  3.1
  7  6262 K4  1351  5334 K6  2120  2253 K4   446 11095 17794  2.7  2.2  4.87  0.17  31.76  26.13  28.86  29.61  74     0   329  3.0
  8  5834 K4  1721  5411 K6  2634  1949 K4   503 10605 17233  2.5  2.3  5.26  0.14  32.98  26.95  29.83  30.76  72     0   361  2.5
  9  5126 K4  1689  4911 K6  2581  1759 K4   365  9682 16554  3.4  2.9  4.92  0.14  31.33  26.25  28.78  29.65  77     0   314  3.6
 10  4864 K4  1230  5499 K6  2103  1475 K4   393  8381 15856  3.4  3.2  3.85  0.14  28.82  24.23  26.38  27.21  74     0   254  3.7
 11  4060 K4  1000  4923 K6  2138  1389 K4   331  7092 15244  3.2  3.1  2.89  0.15  25.86  21.40  23.38  24.21  74     1   160  3.7
 12  3774 K4   792  5036 K6  1895  1239 K4   293  6434 14949  3.0  3.0  1.91  0.13  19.25  13.32  16.19  17.15  73    79    15  4.1
 13  5284 K4  1167  5382 K6   716  1750 K4   332  9193 16522  3.2  2.9  3.51  0.14  27.03  21.62  24.18  25.06  73   240  2438  3.6
