702600 NENANA MUNICIPAL AP    AK  -9  N64 33  W149  6   109  1000
 1991-2010
 MO AVGLO FL SDGLO AVDIR FL SDDIR AVDIF FL SDDIF AVETR AETRN  TOT  OPQ   H2O   TAU  MAX_T  MIN_T  AVG_T  AVGDT  RH  HTDD  CLDD AVWS
  1   157 J7    16   772 J8   314   104 J7    14   448  7458  5.1  4.5  0.44  0.06 -16.41 -25.46 -20.83 -20.01  66  1217     0  2.3
  2   753 J7    54  1993 J8   589   405 J7    64  1745 11832  4.8  4.2  0.49  0.08 -10.97 -22.03 -16.28 -14.63  64   984     0  2.3
  3  2168 J7   170  3965 J8   915   948 J7   148  4203 16230  4.4  3.7  0.46  0.10  -5.59 -18.71 -11.84  -9.78  56   945     0  2.6
  4  3954 J7   324  5502 J8  1026  1582 J7   240  7308 20551  5.0  3.9  0.69  0.11   6.56  -6.32   0.56   2.22  52   546     0  2.6
  5  5075 J7   431  5881 J8   943  2100 J7   223 10058 24784  5.7  4.6  1.08  0.12  15.47   2.52   9.75  10.79  49   290     0  2.6
  6  5922 J7   442  6645 J8  1321  2401 J7   326 11421 27749  5.7  4.6  1.69  0.11  21.06   8.41  15.36  15.81  57   114     6  2.2
  7  5156 J7   437  5633 J8  1195  2258 J7   326 10648 25910  6.4  5.4  2.05  0.09  21.47  10.13  16.11  16.74  66    84     6  2.1
  8  3799 J7   422  4651 J8  1404  1682 J7   302  8188 21669  6.8  5.6  1.83  0.07  18.06   7.29  12.70  13.95  71   178     3  2.0
  9  2322 J7   247  3767 J8  1140  1016 J7   181  5152 17437  6.2  5.5  1.27  0.05  12.13   1.59   6.70   8.30  68   344     0  2.3
 10   997 J7   100  2154 J8   753   530 J7    93  2427 13142  6.5  5.9  0.80  0.04   0.39  -7.85  -3.68  -2.46  69   684     0  2.4
 11   279 J7    28  1225 J8   514   167 J7    30   718  8680  5.5  5.0  0.58  0.04 -11.17 -19.47 -15.13 -14.24  68  1009     0  2.4
 12    51 J8     6   558 J8   244    33 J8     5   173  5584  5.3  4.8  0.49  0.04 -15.06 -24.29 -19.50 -19.00  67  1178     0  2.2
 13  2553 J7   104  3562 J8   524  1102 J7   144  5207 16752  5.6  4.8  0.99  0.08   3.00  -7.85  -2.17  -1.03  63  7574    15  2.3
 1991
  1   160 J6   107   484 J7   682   125 J6    76   443  7429  6.2  5.3  0.48  0.05 -14.55 -24.76 -19.07 -18.25  70  1177     0  3.3
  2   754 J5   350  1776 J7  1532   444 J5   188  1723 11785  4.8  4.2  0.52  0.07 -13.20 -24.41 -18.90 -17.79  66  1040     0  3.2
  3  1904 J5   731  2786 J7  2449  1084 J5   485  4160 16165  6.1  5.1  0.47  0.08  -4.54 -18.66 -11.66  -9.39  72   928     0  2.9
  4  4361 J6   842  6584 J7  2174  1536 J6   453  7261 20486  4.4  2.7  0.66  0.10   8.02  -6.86   0.74   3.03  58   533     0  2.5
  5  5442 J6  1249  6260 J7  3268  2256 J6   591 10024 24721  5.8  4.2  1.04  0.11  16.24   2.76   9.98  11.22  51   274     0  2.7
  6  6109 J6   998  6206 J7  2695  2705 J6   660 11416 27736  6.4  5.0  1.67  0.10  22.85   8.44  16.18  16.75  54   103    23  2.7
  7  4798 J6  1022  3692 J7  2193  2887 J6   340 10675 25967  8.0  6.8  1.80  0.09  19.76   8.35  14.20  14.84  70   134     1  2.1
  8  3594 J6   924  3364 J7  2628  2038 J6   569  8231 21733  7.8  6.6  1.61  0.10  16.31   5.38  10.88  12.25  72   232     0  2.5
  9  2088 J6   622  2227 J7  1660  1278 J6   292  5197 17501  7.3  6.5  1.29  0.11  14.11   2.72   8.33  10.14  66   297     0  2.7
 10   967 J5   495  1589 J7  1698   601 J5   265  2461 13210  6.5  5.3  0.73  0.12   0.37  -7.69  -3.38  -1.95  79   682     0  3.4
 11   267 J5   151   520 J7   624   205 J5    91   733  8747  4.0  3.4  0.54  0.14 -13.06 -20.64 -16.65 -15.74  67  1055     0  2.7
 12    37 J6    16    33 J7    49    36 J6    15   174  5595  6.2  5.2  0.41  0.17 -16.56 -24.77 -20.31 -20.01  67  1209     0  2.2
 13  2540 J6  2217  2960 J7  2331  1266 J6  1020  5208 16756  6.1  5.0  0.94  0.10   2.98  -8.34  -2.47  -1.24  66  7664    24  2.7
 1992
  1   128 J6    72   116 J7   155   120 J6    67   437  7398  5.3  4.7  0.43  0.20 -16.38 -25.04 -20.50 -19.70  71  1210     0  2.1
  2   652 J5   304   635 J7   760   525 J5   213  1743 11818  5.4  4.5  0.45  0.24 -16.65 -25.39 -20.83 -19.40  75  1141     0  2.5
  3  1876 J5   590  1769 J7  1395  1296 J5   359  4232 16271  5.1  4.3  0.46  0.27  -3.04 -17.66 -10.30  -7.89  65   889     0  2.3
  4  3713 J5   941  3040 J7  2221  2316 J5   621  7337 20589  6.0  4.3  0.55  0.30   2.10 -10.41  -3.64  -2.08  62   674     0  2.8
  5  4659 J6  1231  3511 J7  2871  2794 J6   621 10079 24822  6.4  5.5  0.88  0.28  10.38  -0.99   5.12   6.01  56   423     0  3.2
  6  5700 J6   996  4401 J7  2410  3249 J6   532 11424 27758  6.7  5.2  1.52  0.26  21.24   7.12  14.71  15.22  61   127     3  2.4
  7  5340 J6  1002  4358 J7  2245  2946 J6   528 10632 25874  6.8  5.0  1.88  0.22  21.78   9.58  15.82  16.58  70    84     2  1.8
  8  3650 J6   985  2989 J7  2006  2185 J6   328  8160 21631  8.0  6.1  1.69  0.19  17.77   7.40  12.46  13.79  72   178     0  2.3
  9  1980 J6   779  2032 J7  1646  1234 J6   398  5123 17398  7.5  6.4  0.74  0.15   3.24  -6.65  -1.15   0.41  77   601     0  2.4
 10   915 J6   337  1235 J7  1225   637 J6   218  2404 13101  6.0  4.9  0.66  0.13  -4.74 -13.90  -8.51  -6.86  77   857     0  2.1
 11   232 J6   141   293 J7   476   199 J6   105   707  8637  7.4  6.5  0.59  0.11  -8.92 -17.19 -12.92 -12.32  73   942     0  2.3
 12    38 J6    16   139 J7   170    33 J6    12   171  5573  5.9  5.0  0.40  0.11 -17.49 -27.33 -21.70 -21.22  64  1263     0  2.3
 13  2407 J6  2112  2043 J7  1598  1461 J6  1187  5204 16739  6.4  5.2  0.85  0.20   0.78 -10.04  -4.29  -3.12  69  8389     5  2.4
 1993
  1   151 J6   100   282 J7   427   126 J6    74   456  7504  7.0  6.2  0.38  0.11 -16.51 -24.12 -20.25 -19.50  68  1198     0  2.6
  2   663 J6   269  1075 J7   965   474 J6   185  1757 11863  5.3  4.3  0.58  0.13 -11.84 -22.44 -16.56 -15.06  66   993     0  2.3
  3  2040 J6   633  2789 J7  1860  1165 J6   357  4211 16242  5.6  4.5  0.49  0.14  -2.03 -16.31  -9.02  -6.56  55   852     0  2.1
  4  4402 J6   689  5924 J7  2123  1766 J6   509  7316 20564  4.8  2.8  0.71  0.15   7.99  -5.04   1.92   3.82  48   506     0  2.3
  5  5832 J6  1137  7176 J7  3198  2142 J6   601 10064 24799  4.7  3.1  1.10  0.15  16.84   4.06  11.08  12.07  40   244     0  3.1
  6  6522 J6  1055  7274 J7  3042  2616 J6   672 11422 27755  5.4  3.5  1.64  0.14  21.39   7.57  15.30  15.81  44   116     0  2.0
  7  5595 J6  1224  6174 J7  3183  2342 J6   548 10645 25903  5.6  5.0  2.02  0.12  23.14   9.60  16.86  17.74  46    69     8  2.0
  8  3495 J6   962  2948 J7  2120  2107 J6   348  8181 21661  8.3  6.6  1.65  0.09  17.06   6.01  11.82  13.23  48   212     2  2.0
  9  2213 J6   776  2623 J7  2206  1249 J6   376  5145 17426  7.8  6.6  1.16  0.07  10.33   1.07   5.66   7.06  47   379     0  2.5
 10   947 J6   446  1436 J7  1531   636 J6   262  2421 13126  7.0  6.2  0.87  0.05   1.79  -5.50  -1.72  -0.68  44   626     0  2.1
 11   265 J6   131   653 J7   616   210 J6   109   715  8668  6.5  5.5  0.56  0.05  -9.04 -17.35 -13.08 -12.06  44   946     0  2.3
 12    55 J6    20   473 J7   370    40 J6    16   172  5578  4.3  3.3  0.51  0.05 -12.60 -21.42 -16.88 -16.84  41  1096     0  2.0
 13  2682 J6  2405  3236 J7  2685  1239 J6   937  5209 16757  6.0  4.8  0.97  0.10   3.88  -6.99  -1.24  -0.08  49  7236    10  2.3
 1994
  1   153 J6    85   563 J7   523   119 J6    72   450  7467  4.6  3.9  0.53  0.06 -14.25 -22.17 -18.11 -17.24  34  1133     0  2.2
  2   873 J6   397  2581 J7  1892   393 J6   128  1741 11826  3.6  3.0  0.40  0.08 -14.23 -26.07 -20.07 -18.00  35  1077     0  2.1
  3  2075 J5   643  2480 J7  1771  1271 J5   356  4187 16207  7.2  5.3  0.46  0.10  -7.92 -19.90 -13.62 -11.88  34   999     0  2.1
  4  3913 J6  1024  4720 J7  2786  1848 J6   487  7290 20526  7.1  4.4  0.71  0.11   5.06  -7.72  -1.07   0.67  30   590     0  2.5
  5  5458 J6  1278  6574 J7  3182  2118 J6   548 10045 24760  5.3  4.1  1.10  0.11  16.08   1.76  10.10  11.39  24   292     0  2.3
  6  5260 J6  1393  4373 J7  3076  2900 J6   495 11419 27746  7.5  6.4  1.57  0.11  18.82   6.60  13.22  13.67  41   169     0  2.1
  7  5283 J6   811  4780 J7  2505  2791 J6   622 10659 25931  7.2  6.0  2.05  0.09  22.62   9.26  16.36  17.24  40    76     2  1.9
  8  3846 J6  1037  3935 J7  2633  2037 J6   504  8205 21692  7.4  6.1  2.08  0.07  19.40   7.28  13.48  14.93  41   166    12  1.9
  9  2471 J5   623  3544 J7  2179  1225 J5   440  5169 17461  6.3  5.2  1.11  0.05  10.56  -1.05   4.52   6.66  43   407     0  1.9
 10   996 J6   454  1535 J7  1499   655 J6   259  2440 13165  7.8  6.9  0.66  0.04  -2.66 -10.65  -6.49  -5.13  37   775     0  2.0
 11   289 J6   165   708 J7   874   225 J6   133   724  8702  7.4  6.2  0.44  0.03 -14.05 -22.76 -17.75 -17.06  37  1102     0  2.6
 12    48 J6    20   236 J7   306    41 J6    17   173  5587  7.4  6.5  0.41  0.04 -16.87 -27.22 -21.38 -20.53  33  1252     0  2.2
 13  2555 J6  2119  3002 J7  1986  1302 J6  1030  5208 16756  6.6  5.3  0.96  0.07   1.88  -9.39  -3.40  -2.11  36  8038    14  2.2
 1995
  1   170 J6   102   609 J7   547   129 J6    79   444  7432  5.0  4.0  0.50  0.05 -16.69 -26.26 -21.49 -20.74  30  1234     0  1.7
  2   765 J5   325  1754 J7  1676   464 J5   230  1725 11788  5.2  4.4  0.48  0.07 -11.41 -23.31 -17.21 -15.27  30   999     0  1.8
  3  2333 J5   738  4356 J7  2672   989 J5   396  4163 16169  4.8  3.4  0.42  0.08  -9.30 -23.38 -15.82 -13.03  32  1075     0  2.0
  4  4173 J6   935  5479 J7  2303  1779 J6   511  7265 20490  6.0  3.5  0.79  0.10  10.66  -3.25   4.34   6.31  53   439     0  2.7
  5  5247 J6   943  5502 J7  2839  2404 J6   650 10027 24729  6.7  5.0  1.21  0.11  17.75   4.39  11.86  13.03  57   226     1  3.1
  6  5906 J6  1174  6133 J7  3099  2638 J6   616 11416 27737  6.7  5.3  1.74  0.10  20.58   8.67  15.30  15.72  53   122    11  2.7
  7  5331 J6  1103  5174 J7  2721  2623 J6   501 10673 25962  7.4  5.7  2.11  0.08  21.34   9.53  15.93  16.64  43    94     5  2.2
  8  3767 J6   926  3656 J7  2564  2076 J6   477  8228 21727  8.1  6.4  1.76  0.06  17.26   7.40  12.31  13.55  47   186     0  2.1
  9  2357 J6   586  2953 J7  1823  1304 J6   339  5194 17497  7.7  6.3  1.54  0.04  14.63   5.03   9.85  11.56  35   255     0  2.4
 10  1075 J6   415  1815 J7  1512   686 J6   290  2459 13203  7.1  5.9  0.79  0.03  -0.84  -9.06  -4.53  -3.05  22   722     0  1.9
 11   328 J6   155  1676 J7  1281   176 J6   110   732  8738  3.0  2.6  0.45  0.03 -15.35 -24.69 -19.81 -18.05  31  1151     0  1.3
 12    60 J6    24   659 J7   558    38 J6    17   174  5595  4.1  3.6  0.44  0.03 -18.18 -26.20 -21.99 -21.61  32  1256     0  1.7
 13  2626 J6  2186  3314 J7  1999  1275 J6   999  5208 16756  6.0  4.7  1.02  0.07   2.54  -8.43  -2.61  -1.24  39  7759    17  2.1
 1996
  1   162 J6    96   828 J7   748   107 J6    67   438  7405  4.6  3.7  0.37  0.05 -24.09 -30.87 -27.69 -26.36  56  1420     0  1.5
  2   745 J6   323  1565 J7  1513   471 J6   235  1745 11823  6.1  4.9  0.33  0.07 -14.07 -23.57 -18.65 -17.10  67  1077     0  2.2
  3  2416 J6   690  4590 J7  2146   989 J6   368  4235 16275  3.7  2.5  0.51  0.08  -1.73 -14.44  -7.69  -5.52  55   819     0  2.8
  4  3972 J6   973  5121 J7  2994  1752 J6   634  7341 20596  5.5  4.3  0.65  0.10   4.21  -8.40  -1.57   0.20  52   613     0  2.7
  5  5465 J6  1218  6243 J7  3141  2248 J6   591 10081 24825  5.9  4.2  1.05  0.11  15.15   0.48   8.86  10.12  17   326     0  2.3
  6  5865 J6  1302  5915 J7  3251  2692 J6   556 11424 27757  6.8  5.2  1.55  0.10  20.44   6.21  14.14  14.67  41   150     0  2.3
  7  4539 J7  1568  4197 J7  3810  2385 J7   534 10630 25871  7.4  6.8  1.97  0.08  21.70   9.61  16.35  17.04  70    86     3  2.2
  8  3842 J7  1270  4816 J7  3383  1638 J7   424  8157 21627  6.6  5.6  1.53  0.06  15.73   6.07  10.88  11.96  76   230     0  1.8
  9  2338 J6   902  3114 J7  2656  1195 J6   305  5120 17393  7.4  6.2  1.06  0.04   9.14   0.25   4.38   5.71  75   409     0  2.0
 10  1175 J6   467  3112 J7  1912   530 J6   257  2402 13099  4.8  4.1  0.54  0.03  -6.29 -17.15 -11.58  -9.93  69   932     0  1.5
 11   289 J6   128  1374 J7   920   170 J6    92   706  8632  3.9  3.0  0.60  0.03 -12.23 -21.59 -16.62 -15.83  57  1057     0  1.9
 12    50 J6    17   342 J7   375    39 J6    12   171  5574  5.1  4.3  0.41  0.03 -17.57 -27.14 -22.39 -21.98  64  1261     0  1.5
 13  2572 J6  2119  3435 J7  2023  1185 J6   946  5204 16740  5.7  4.6  0.88  0.07   0.87 -10.04  -4.30  -3.09  58  8380     3  2.1
 1997
  1   170 J6   101   747 J7   730   121 J6    76   456  7507  4.3  3.2  0.36  0.05 -17.95 -26.98 -22.71 -22.11  68  1265     0  2.1
  2   716 J6   295   951 J7   885   550 J6   233  1759 11867  6.8  5.7  0.57  0.07  -5.42 -15.34  -9.84  -8.56  59   804     0  2.0
  3  2415 J6   834  4529 J7  2655   986 J6   318  4214 16247  4.2  2.9  0.32  0.08  -9.08 -24.43 -16.30 -13.82  51  1088     0  1.8
  4  4209 J6   990  5684 J7  3132  1741 J6   572  7319 20569  5.9  4.0  0.70  0.10   7.37  -5.18   1.44   2.94  49   517     0  2.3
  5  5474 J6  1264  6099 J7  3132  2300 J6   547 10067 24802  6.8  4.7  0.94  0.11  15.15   1.94   9.38  10.39  50   303     0  2.3
  6  6513 J7  1548  8072 J7  4180  2211 J7   751 11423 27756  5.0  3.5  1.64  0.10  22.41   9.47  16.75  17.21  53    85    13  1.8
  7  5624 J6  1358  6377 J7  3562  2256 J6   588 10643 25897  6.1  4.8  2.16  0.08  21.04  10.08  15.88  16.50  72    87     1  1.5
  8  3692 J6   945  3478 J7  2364  2083 J6   481  8178 21655  8.4  6.3  2.01  0.06  18.68   7.01  13.21  14.56  78   176     6  1.8
  9  2434 J7   653  3722 J7  2530  1161 J7   438  5141 17423  6.3  5.2  1.41  0.04  15.88   4.59  10.07  11.56  70   243     0  1.7
 10  1026 J7   435  1575 J7  1517   678 J7   234  2419 13123  7.8  6.9  0.50  0.03   5.90  -3.53   0.44   1.39  76   532     0  2.4
 11   273 J7   147   655 J8   815   215 J7   114   714  8665  7.4  6.2  0.58  0.03 -16.99 -25.12 -20.91 -19.62  71  1182     0  3.4
 12    51 J7    21   291 J8   413    42 J7    17   172  5578  7.4  6.5  0.42  0.03 -11.72 -21.12 -16.26 -15.70  74  1077     0  2.2
 13  2716 J6  2340  3515 J7  2663  1195 J6   886  5209 16757  6.4  5.0  0.97  0.07   3.77  -7.38  -1.57  -0.44  64  7357    20  2.1
 1998
  1   162 J8   101  1050 J8   760    91 J8    52   450  7470  3.5  3.3  0.43  0.05 -18.46 -27.11 -22.62 -21.74  70  1275     0  1.5
  2   723 J8   321  2293 J8  1648   339 J8   129  1743 11831  3.4  3.2  0.54  0.07 -10.32 -21.26 -15.22 -13.37  71   955     0  1.9
  3  2333 J8   648  5062 J8  1931   804 J8   297  4190 16211  2.4  2.0  0.67  0.08   0.50 -11.66  -5.57  -3.64  57   741     0  3.0
  4  4109 J8   990  6535 J8  3068  1385 J8   493  7294 20533  3.7  3.3  0.73  0.10   9.37  -2.57   3.82   5.57  52   448     0  3.1
  5  5115 J8  1579  6101 J8  3684  2023 J8   445 10048 24764  5.3  4.4  1.16  0.11  15.17   3.26  10.10  11.05  51   283     0  3.1
  6  5537 J8  1658  5783 J8  3723  2407 J8   530 11419 27746  7.0  5.6  1.62  0.10  19.30   8.06  14.12  14.54  67   145     5  2.3
  7  4927 J8  1900  5649 J8  3996  2015 J8   410 10657 25928  6.1  5.5  2.14  0.08  20.85  10.77  16.08  16.66  75    84     6  2.1
  8  3174 J8  1328  3519 J8  3791  1633 J8   431  8201 21687  7.4  6.9  1.86  0.06  15.29   7.15  11.25  12.18  82   220     0  2.3
  9  2372 J8  1000  4262 J8  3103   902 J8   319  5166 17457  5.7  5.0  1.25  0.04  12.10   2.91   7.38   8.88  78   325     0  2.3
 10  1208 J8   636  3895 J8  2663   382 J8   167  2438 13162  3.7  3.2  0.73  0.03   1.19  -7.48  -3.06  -1.64  75   666     0  2.4
 11   298 J8   220  1679 J8  1708   128 J8    54   722  8701  4.8  4.6  0.71  0.03  -8.60 -16.65 -11.96 -11.24  76   929     0  2.6
 12    47 J8    22   586 J8   623    29 J8    13   173  5589  5.4  4.9  0.49  0.03 -15.87 -24.99 -19.64 -18.97  77  1202     0  2.4
 13  2500 J8  2049  3868 J8  2059  1011 J8   853  5208 16757  4.9  4.3  1.03  0.07   3.38  -6.63  -1.28  -0.15  69  7271    11  2.4
 1999
  1   153 J8    94  1043 J8   865    87 J8    43   445  7440  3.9  3.6  0.37  0.05 -19.29 -31.77 -24.87 -23.41  82  1360     0  2.1
  2   791 J8   382  2662 J8  1939   330 J8   126  1727 11790  4.1  3.7  0.34  0.07 -19.95 -32.66 -25.92 -23.67  82  1250     0  1.7
  3  2223 J8   830  4622 J8  2635   802 J8   272  4166 16173  3.1  2.7  0.46  0.08  -6.97 -20.48 -13.47 -11.28  65   994     0  2.3
  4  3645 J8  1156  4711 J8  3024  1654 J8   545  7268 20495  6.2  4.5  0.67  0.10   6.07  -7.39   0.21   1.99  55   570     0  2.9
  5  4779 J8  1584  5531 J8  3456  2054 J8   402 10029 24733  5.9  4.9  0.81  0.11  14.41   0.72   8.44   9.60  55   334     0  2.8
  6  6124 J8  1962  8178 J8  4366  1984 J8   503 11416 27739  4.3  3.4  1.55  0.10  21.44   8.63  15.93  16.41  62   103     4  2.2
  7  5069 J8  2044  6014 J8  4548  1959 J8   482 10671 25958  6.2  5.3  1.87  0.08  20.72  10.77  16.14  16.62  71    92    12  2.2
  8  4150 J8  1275  6018 J8  3617  1469 J8   547  8225 21725  5.2  4.4  1.98  0.06  19.19   8.06  13.69  15.11  77   153     7  1.8
  9  2649 J8  1028  5491 J8  3278   772 J8   267  5191 17493  5.1  3.9  1.12  0.04  12.34   1.37   7.12   8.86  75   344     0  2.5
 10   850 J8   457  1467 J8  2067   534 J8   232  2456 13199  8.2  7.9  0.78  0.03  -3.90 -11.46  -7.14  -5.99  84   806     0  1.7
 11   264 J8   154  1350 J8  1214   150 J8    93   731  8737  5.4  5.3  0.60  0.03 -15.63 -24.07 -19.46 -18.71  79  1145     0  1.7
 12    49 J8    30   569 J8   694    30 J8    14   174  5594  6.6  6.2  0.49  0.03 -20.83 -29.09 -24.71 -24.38  78  1342     0  1.5
 13  2562 J8  2157  3971 J8  2464   985 J8   792  5208 16756  5.4  4.7  0.92  0.07   0.63 -10.61  -4.50  -3.24  72  8492    22  2.1
 2000
  1   125 J8    84   545 J8   719    91 J8    55   439  7411  7.0  6.6  0.38  0.05 -19.15 -27.17 -22.64 -21.51  82  1286     0  2.1
  2   828 J8   383  2673 J8  1566   354 J8   134  1747 11828  3.4  3.2  0.50  0.07  -8.34 -20.62 -14.31 -12.24  73   952     0  1.5
  3  2144 J8   754  4306 J8  2721   858 J8   328  4238 16279  3.7  3.2  0.49  0.08  -2.34 -14.61  -8.21  -6.37  59   831     0  2.9
  4  4184 J8  1228  6695 J8  3315  1326 J8   398  7344 20599  3.8  2.9  0.56  0.10   4.61  -7.44  -0.79   0.75  50   592     0  2.7
  5  4326 J8  1560  4768 J8  3719  2005 J8   488 10083 24832  6.1  5.6  0.85  0.11  11.79   0.49   7.00   7.98  50   378     0  2.7
  6  6394 J8  1258  8093 J8  3217  2179 J8   573 11424 27758  4.2  3.4  1.52  0.10  21.90   8.87  16.53  17.03  52    90     2  2.4
  7  5058 J8  1870  6000 J8  4436  2035 J8   525 10627 25865  6.1  5.3  1.69  0.08  19.74   9.42  14.83  15.41  72   117     1  2.1
  8  2976 J8  1458  3198 J8  3682  1574 J8   421  8153 21622  7.5  6.9  1.43  0.06  14.57   6.18  10.49  11.42  77   247     0  2.6
  9  1840 J8   827  2442 J8  2730  1014 J8   306  5116 17389  7.3  6.9  0.98  0.04   8.87   0.73   4.98   6.25  77   406     0  2.2
 10  1048 J8   632  2880 J8  2757   404 J8   154  2400 13092  5.6  5.4  0.70  0.03  -0.70  -9.90  -4.99  -3.74  76   733     0  2.4
 11   311 J8   204  1878 J8  1545   128 J8    59   705  8628  4.2  4.0  0.59  0.03  -6.18 -14.93 -10.37  -9.42  74   867     0  2.6
 12    56 J8    26   978 J8   659    26 J8     8   171  5575  2.8  2.7  0.51  0.03  -8.45 -18.13 -13.37 -13.49  66   980     0  3.4
 13  2441 J8  2131  3705 J8  2322  1000 J8   811  5204 16740  5.1  4.7  0.85  0.07   3.03  -7.26  -1.74  -0.66  67  7479     3  2.5
 2001
  1   166 J8   107   968 J8   851    96 J8    57   457  7509  4.9  4.5  0.53  0.05  -6.13 -14.54  -9.84  -9.18  68   888     0  3.3
  2   694 J8   399  1846 J8  1904   359 J8   122  1761 11875  5.5  5.2  0.45  0.07  -6.91 -17.23 -11.70 -10.54  72   851     0  2.6
  3  1999 J8   783  3709 J8  2843   871 J8   310  4217 16252  4.2  4.0  0.44  0.08  -7.24 -18.91 -12.45 -10.62  59   974     0  2.6
  4  3840 J8  1381  5657 J8  3578  1394 J8   384  7323 20573  4.9  4.3  0.56  0.10   4.87  -5.90  -0.13   1.12  55   565     0  2.9
  5  4398 J8  1675  4864 J8  3765  2013 J8   423 10069 24804  6.2  5.7  0.77  0.11  11.29   0.06   6.46   7.31  55   392     0  2.8
  6  6021 J8  1689  7698 J8  4119  2068 J8   531 11423 27757  4.4  3.9  1.48  0.10  21.46   8.46  15.90  16.38  58   103     2  2.7
  7  4345 J8  1619  4095 J8  3611  2296 J8   404 10641 25892  7.4  6.8  1.75  0.08  19.08  10.56  15.05  15.54  75   113     4  2.5
  8  3787 J8  1353  5173 J8  3534  1470 J8   445  8174 21648  6.0  5.3  1.74  0.06  18.16   8.10  13.52  14.70  75   161     0  2.7
  9  2715 J8   805  5715 J8  2856   781 J8   393  5138 17416  4.3  3.6  1.23  0.04  14.45   0.90   7.59   9.98  71   320     0  2.5
 10   917 J8   556  1846 J8  2369   497 J8   199  2417 13120  7.5  7.1  0.69  0.03  -2.10  -9.23  -5.22  -4.24  74   744     0  2.9
 11   290 J8   167  1879 J8  1369   132 J8    88   713  8660  3.8  3.6  0.53  0.03 -12.66 -21.81 -17.50 -16.29  73  1067     0  2.6
 12    54 J8    29   796 J8   670    28 J8    10   172  5577  4.7  4.4  0.39  0.03 -16.77 -27.88 -22.18 -21.66  71  1260     0  2.9
 13  2435 J8  2027  3687 J8  2208  1000 J8   824  5209 16757  5.3  4.9  0.88  0.07   3.12  -7.28  -1.71  -0.63  67  7439     6  2.7
 2002
  1   138 J8    86   690 J8   763    97 J8    56   451  7473  6.2  5.8  0.60  0.05 -10.10 -19.14 -14.57 -14.05  73  1021     0  3.0
  2   797 J8   361  2624 J8  1733   348 J8   132  1745 11835  3.8  3.1  0.44  0.07 -10.60 -22.05 -16.12 -14.20  63   970     0  2.7
  3  2376 J8   770  5061 J8  2351   820 J8   305  4193 16215  2.6  2.2  0.37  0.08  -3.24 -15.65  -8.94  -6.97  48   861     0  3.6
  4  3257 J8  1128  4270 J8  3666  1483 J8   468  7297 20536  5.8  5.4  0.73  0.10   2.37  -9.01  -2.63  -1.21  57   650     0  2.7
  5  5299 J8  2043  6941 J8  4839  1772 J8   477 10050 24771  5.2  3.9  0.99  0.11  16.20   3.29  10.53  11.51  47   272     6  3.0
  6  5772 J8  1623  6562 J8  3921  2378 J8   560 11420 27746  5.6  4.5  1.72  0.10  19.72   7.58  14.50  14.95  62   146     6  2.0
  7  5114 J8  1686  6076 J8  4109  2088 J8   549 10655 25924  6.0  5.1  2.17  0.08  21.23  10.10  15.92  16.59  70    86     3  1.8
  8  3573 J8  1643  4404 J8  3853  1502 J8   398  8198 21682  7.3  6.5  1.81  0.06  16.46   6.84  11.65  12.83  78   208     1  1.8
  9  2221 J8   907  3733 J8  3052   970 J8   360  5163 17452  6.2  5.9  1.53  0.04  12.68   2.79   7.86   9.36  76   318     0  2.3
 10  1060 J8   493  3070 J8  2535   444 J8   239  2435 13156  5.2  4.9  1.10  0.03   3.75  -3.00   0.40   1.34  71   557     0  3.3
 11   301 J8   196  1758 J8  1511   135 J8    64   721  8694  3.8  3.6  0.89  0.03  -2.98  -9.74  -5.99  -5.63  72   741     0  2.6
 12    50 J8    25   638 J8   642    30 J8    12   173  5589  5.6  5.4  0.67  0.03 -10.77 -17.79 -13.59 -13.26  74  1011     0  2.1
 13  2496 J8  2102  3819 J8  2145  1006 J8   822  5208 16756  5.3  4.7  1.09  0.07   4.56  -5.48  -0.08   0.94  66  6841    16  2.6
 2003
  1   166 J8   111  1050 J8   836    92 J8    55   445  7445  3.7  3.3  0.55  0.05 -12.08 -21.43 -16.68 -15.86  67  1088     0  3.0
  2   766 J8   364  2369 J8  1608   353 J8   172  1729 11795  4.6  4.3  0.71  0.07  -5.79 -16.65 -10.77  -9.01  68   827     0  1.6
  3  2232 J8   751  4348 J8  2376   895 J8   362  4169 16177  4.5  3.3  0.46  0.08  -4.89 -17.54 -10.98  -8.87  58   916     0  2.2
  4  3960 J8  1377  5953 J8  3588  1430 J8   382  7271 20500  4.5  3.8  0.74  0.10   7.25  -6.03   1.22   3.01  53   532     0  2.6
  5  4885 J8  1589  6025 J8  3931  1924 J8   535 10031 24735  5.1  4.6  1.03  0.11  14.20   1.22   8.69   9.73  50   329     0  2.9
  6  6364 J8  1479  8104 J8  3544  2158 J8   547 11416 27739  4.8  3.2  1.61  0.10  20.90   7.84  15.43  15.86  56   119     0  2.5
  7  4955 J8  1918  5605 J8  4271  2068 J8   482 10669 25953  6.6  5.4  2.18  0.08  21.09   9.82  15.88  16.39  67   100    11  2.5
  8  3853 J8  1509  5244 J8  4071  1504 J8   461  8221 21719  6.1  5.0  1.91  0.06  17.75   7.02  12.55  13.87  76   184     0  1.9
  9  2523 J8   906  4987 J8  3162   811 J8   326  5187 17487  5.1  4.5  1.18  0.04   9.80   0.38   5.12   6.46  66   397     0  2.3
 10  1025 J8   614  2578 J8  2625   452 J8   142  2454 13195  6.2  5.7  1.15  0.03   5.25  -1.39   2.07   3.18  73   509     0  2.8
 11   221 J8   130   649 J8  1122   166 J8    88   730  8731  8.3  8.0  0.70  0.03  -8.39 -14.10 -11.20 -10.70  79   887     0  3.0
 12    56 J8    27   807 J8   625    30 J8    13   174  5593  5.2  4.7  0.50  0.03 -16.88 -26.85 -21.79 -21.33  72  1246     0  1.6
 13  2584 J8  2182  3977 J8  2427   990 J8   798  5208 16756  5.4  4.6  1.06  0.07   4.02  -6.48  -0.87   0.23  65  7133    11  2.4
 2004
  1   173 J8   126  1196 J8   990    84 J8    45   440  7413  4.0  3.8  0.31  0.05 -19.15 -27.60 -23.32 -22.68  69  1293     0  2.8
  2   719 J8   361  2104 J8  1716   353 J8   107  1749 11834  4.5  4.2  0.59  0.07 -10.84 -21.72 -16.24 -15.12  68  1004     0  1.9
  3  2170 J8   871  4373 J8  3013   826 J8   324  4241 16284  4.5  4.1  0.47  0.08  -8.66 -21.97 -14.84 -12.74  57  1043     0  2.4
  4  3943 J8  1018  5813 J8  2865  1432 J8   374  7347 20604  4.3  3.7  0.86  0.10   7.45  -3.53   2.35   3.86  51   491     0  2.9
  5  4466 J8  1735  4977 J8  4157  1983 J8   536 10086 24836  6.3  5.7  1.51  0.11  16.52   5.55  11.25  12.10  63   226     0  2.3
  6  6586 J8  1608  8797 J8  3781  1958 J8   557 11424 27758  4.6  3.1  2.11  0.10  24.00  12.17  18.60  19.02  61    41    33  2.0
  7  5826 J8  1507  7801 J8  3653  1831 J8   532 10625 25862  5.0  3.9  2.39  0.08  23.35  12.32  17.96  18.61  69    33    18  2.3
  8  4996 J8  1012  8715 J8  2450  1035 J8   296  8150 21617  4.2  3.0  2.25  0.06  22.13   9.19  15.74  17.35  71    94    12  1.4
  9  2202 J8  1109  3734 J8  3387   904 J8   311  5113 17386  6.1  5.7  1.03  0.04   8.01  -1.57   3.07   4.62  73   453     0  2.5
 10   982 J8   629  2358 J8  2875   449 J8   184  2397 13083  6.8  6.6  0.95  0.03   1.88  -4.11  -1.06   0.02  79   603     0  2.8
 11   271 J8   159  1449 J8  1220   141 J8    72   704  8623  6.0  5.7  0.66  0.03  -8.27 -15.76 -11.71 -10.94  77   910     0  3.4
 12    49 J8    20   706 J8   655    28 J8    11   171  5573  4.8  4.6  0.53  0.03 -15.13 -23.16 -18.87 -18.66  76  1162     0  2.3
 13  2699 J8  2365  4335 J8  2928   919 J8   736  5204 16739  5.1  4.5  1.14  0.07   3.44  -6.68  -1.42  -0.38  68  7353    62  2.4
 2005
  1   186 J8   129  1310 J8  1000    90 J8    46   458  7511  4.4  2.9  0.50  0.05 -13.76 -24.05 -19.35 -18.12  65  1154     0  3.1
  2   823 J8   328  2477 J8  1563   398 J8   181  1763 11880  4.1  3.3  0.52  0.07  -9.42 -23.18 -16.32 -13.86  65   970     0  2.4
  3  2386 J8   788  5006 J8  2355   829 J8   270  4220 16258  3.6  3.2  0.59  0.08  -3.04 -13.00  -7.77  -6.39  62   817     0  3.1
  4  4377 J8  1121  6879 J8  2924  1380 J8   386  7326 20579  3.1  2.4  0.72  0.10   6.45  -7.70   0.08   1.80  56   569     0  2.4
  5  5099 J8  1516  6053 J8  3424  2009 J8   437 10071 24809  5.8  4.6  1.44  0.11  18.76   6.12  13.28  14.34  54   183     0  2.7
  6  6281 J8  1694  7784 J8  4108  2074 J8   632 11423 27757  4.7  4.2  1.92  0.10  21.81  10.19  16.21  16.61  65    82    13  2.1
  7  5723 J8  1256  7186 J8  3457  1973 J8   516 10638 25889  5.5  4.2  2.02  0.08  21.67  10.51  16.33  16.96  67    69     0  2.2
  8  4205 J8  1657  5720 J8  3661  1479 J8   326  8171 21642  7.2  4.9  1.90  0.06  19.50   8.12  13.74  14.98  74   142     2  1.7
  9  1865 J8   939  2415 J8  2907  1022 J8   329  5135 17412  7.4  7.0  1.62  0.04  11.64   4.32   7.92   9.00  80   310     0  2.6
 10   907 J8   526  1952 J8  2413   480 J8   173  2414 13114  7.1  6.8  0.86  0.03   0.48  -5.55  -2.38  -1.45  74   647     0  2.1
 11   286 J8   190  1368 J8  1517   157 J8    98   712  8658  5.7  5.5  0.44  0.03 -17.62 -25.71 -21.48 -20.36  73  1200     0  1.2
 12    55 J8    24   766 J8   665    32 J8    14   172  5579  4.5  4.2  0.72  0.03 -10.61 -21.21 -16.20 -15.17  78  1061     0  1.6
 13  2683 J8  2325  4076 J8  2603   994 J8   776  5209 16757  5.3  4.4  1.10  0.07   3.82  -6.76  -1.33  -0.14  68  7205    15  2.3
 2006
  1   175 J8   113  1146 J8   823    99 J8    67   452  7478  4.5  3.6  0.35  0.05 -27.59 -34.69 -31.41 -30.64  81  1534     0  0.4
  2   734 J8   271  2080 J8  1562   396 J8   220  1747 11839  5.1  4.6  0.52  0.07  -6.02 -14.87  -9.90  -8.95  66   806     0  4.2
  3  2144 J8   823  4290 J8  2777   860 J8   273  4196 16221  4.0  3.4  0.45  0.08  -8.46 -20.52 -13.79 -12.09  57  1017     0  3.2
  4  4030 J8  1415  6172 J8  3565  1348 J8   409  7300 20541  4.6  4.1  0.63  0.10   3.30  -7.89  -1.72  -0.49  54   619     0  2.5
  5  5524 J8  1443  7330 J8  3535  1854 J8   458 10053 24775  3.8  3.2  1.20  0.11  16.23   2.30  10.42  11.69  50   281     0  2.4
  6  5807 J8  1391  6510 J8  3253  2288 J8   502 11420 27745  6.1  5.0  1.81  0.10  19.95   8.61  15.03  15.42  55   121     0  2.5
  7  4687 J8  1715  4869 J8  4047  2247 J8   527 10653 25917  6.8  5.9  2.21  0.08  20.44  10.98  15.94  16.47  70    83     2  1.8
  8  3530 J8  1196  4261 J8  2952  1662 J8   383  8194 21678  6.9  6.3  1.85  0.06  17.86   7.27  12.29  13.32  77   179     0  1.9
  9  2437 J8   936  4254 J8  2718   908 J8   244  5160 17446  5.8  5.1  1.57  0.04  15.88   4.59  10.07  11.56  70   243     0  2.5
 10  1034 J8   593  2247 J8  2246   512 J8   201  2433 13152  6.7  6.1  0.99  0.03   5.90  -3.53   0.44   1.39  76   532     0  2.7
 11   311 J8   134  1758 J8  1010   157 J8    77   720  8694  4.2  3.8  0.33  0.03 -16.99 -25.12 -20.91 -19.62  71  1182     0  2.5
 12    53 J8    27   608 J8   575    31 J8    14   173  5589  5.2  4.8  0.51  0.03 -11.72 -21.35 -16.34 -15.73  74  1081     0  2.9
 13  2539 J8  2129  3794 J8  2216  1030 J8   830  5208 16756  5.3  4.7  1.03  0.07   2.40  -7.85  -2.49  -1.47  67  7677     2  2.5
 2007
  1   147 J8   107   595 J8   643   104 J8    61   446  7449  6.7  6.3  0.49  0.05 -13.16 -23.45 -18.02 -17.59  74  1136     0  2.9
  2   791 J8   398  2543 J8  1598   353 J8   120  1731 11800  3.7  3.5  0.36  0.07 -13.60 -24.81 -19.22 -17.13  67  1051     0  2.4
  3  2156 J8   773  4066 J8  2423   893 J8   299  4172 16181  4.6  4.2  0.27  0.08 -13.91 -29.08 -20.71 -18.08  59  1235     0  2.0
  4  3883 J8  1163  5901 J8  2903  1404 J8   320  7275 20505  4.4  3.9  0.74  0.10  10.46  -3.63   3.82   5.72  48   447     0  2.9
  5  5071 J8  1424  6049 J8  3100  1983 J8   326 10034 24742  5.5  4.9  1.15  0.11  16.49   3.60  10.82  11.77  49   257     0  2.5
  6  5730 J8   909  6484 J8  2214  2322 J8   401 11417 27739  5.6  4.8  1.83  0.10  21.69   8.91  15.79  16.20  62    94     3  2.1
  7  5317 J8  1362  6345 J8  3313  2075 J8   439 10667 25948  6.0  4.9  2.38  0.08  23.41  10.98  17.36  17.92  70    41     6  1.6
  8  4111 J8  1112  5944 J8  3013  1459 J8   434  8218 21714  5.5  4.6  2.15  0.06  21.07   9.02  14.95  16.26  75   103     1  1.5
  9  2340 J8  1043  4143 J8  3127   925 J8   320  5184 17482  5.6  5.5  1.41  0.04  15.16   3.33   8.53   9.97  73   273     0  2.3
 10   852 J8   396  1554 J8  1767   530 J8   181  2452 13192  7.4  7.1  0.76  0.03  -1.05  -8.97  -5.22  -4.03  76   723     0  2.1
 11   315 J8   174  1768 J8  1204   148 J8    80   729  8727  4.7  4.3  0.69  0.03  -3.77 -13.71  -9.09  -8.60  74   812     0  2.7
 12    49 J8    30   503 J8   585    31 J8    10   174  5593  6.6  6.1  0.47  0.03 -12.00 -21.89 -17.45 -16.74  70  1094     0  2.7
 13  2564 J8  2165  3825 J8  2332  1019 J8   818  5208 16756  5.5  5.0  1.06  0.07   4.23  -7.48  -1.54  -0.36  66  7265    10  2.3
 2008
  1   133 J8    98   513 J8   682    96 J8    67   440  7418  7.3  7.0  0.41  0.05 -12.42 -23.77 -18.02 -17.52  57  1129     0  2.5
  2   753 J8   358  1931 J8  1518   411 J8   136  1751 11839  5.3  4.9  0.41  0.07 -12.74 -25.00 -18.97 -17.14  64  1079     0  2.7
  3  1925 J8   758  3160 J8  2328   931 J8   253  4245 16290  5.7  5.3  0.58  0.08  -4.76 -16.20 -10.73  -9.01  58   893     0  2.6
  4  3196 J8  1303  3500 J8  2987  1636 J8   379  7351 20607  6.8  6.2  0.81  0.10   5.11  -6.98  -1.22  -0.06  63   578     0  2.3
  5  4494 J8  1266  4693 J8  3153  2141 J8   427 10088 24839  6.5  5.6  1.12  0.11  15.54   2.20   9.41  10.37  56   293     0  2.3
  6  5285 J8  1273  5116 J8  2779  2473 J8   381 11424 27758  6.7  5.8  1.78  0.10  20.10   7.50  14.14  14.53  62   136     0  2.0
  7  4649 J8  1709  4817 J8  3949  2235 J8   461 10623 25856  6.8  5.9  2.05  0.08  19.71   9.52  14.74  15.15  69   121     6  2.3
  8  3809 J8   947  5019 J8  3162  1566 J8   519  8147 21612  5.8  5.2  1.62  0.06  17.49   6.53  11.80  13.01  74   196     0  1.8
  9  2298 J8   906  3927 J8  2576   963 J8   261  5110 17383  6.0  5.4  1.39  0.04  13.34   2.46   7.18   8.70  74   313     0  1.9
 10   843 J8   375  1266 J8  1574   578 J8   154  2395 13079  8.0  7.4  0.61  0.03  -5.12 -13.47  -9.29  -8.24  80   856     0  1.9
 11   257 J8   145   985 J8  1000   166 J8    87   703  8621  6.5  6.2  0.53  0.03 -12.80 -21.84 -17.08 -15.95  77  1070     0  1.7
 12    54 J8    26   724 J8   495    30 J8    11   171  5573  4.9  4.5  0.49  0.03 -15.01 -25.18 -20.23 -19.81  74  1191     0  2.6
 13  2308 J8  1928  2971 J8  1794  1102 J8   883  5204 16739  6.4  5.8  0.98  0.07   2.37  -8.69  -3.19  -2.16  67  7855     6  2.2
 2009
  1   152 J8    83   830 J8   710    98 J8    54   459  7517  5.2  4.7  0.43  0.05 -16.76 -25.95 -21.57 -21.05  74  1230     0  2.9
  2   734 J8   346  1789 J8  1340   412 J8   160  1765 11881  5.8  5.5  0.52  0.07 -10.38 -22.42 -16.35 -14.90  70   972     0  2.8
  3  2100 J8   769  3849 J8  2515   923 J8   283  4223 16264  5.0  4.6  0.47  0.08  -7.24 -20.56 -13.57 -11.96  54   999     0  3.1
  4  4052 J8  1177  6055 J8  2820  1421 J8   336  7329 20583  4.0  3.6  0.67  0.10   7.76  -7.63   0.22   2.16  53   548     0  2.3
  5  5145 J8  1564  6395 J8  3837  2008 J8   522 10074 24813  5.3  4.3  1.06  0.11  16.61   3.32  10.45  11.33  48   259     0  2.1
  6  5579 J8  1592  6433 J8  3865  2269 J8   546 11423 27760  5.5  4.8  1.72  0.10  20.98   8.26  14.79  15.18  61   112     1  2.1
  7  5906 J8  1304  8101 J8  3537  1867 J8   604 10636 25884  4.4  3.4  2.05  0.08  25.23  10.69  18.40  19.15  57    32    21  2.1
  8  3695 J8  1521  4685 J8  3732  1598 J8   406  8167 21637  6.4  5.4  1.80  0.06  18.28   6.39  12.24  13.46  71   189     3  1.8
  9  2386 J8  1094  4195 J8  3146   895 J8   205  5132 17406  5.8  5.3  1.42  0.04  14.75   2.53   7.99   9.56  70   291     0  2.0
 10  1082 J8   492  2932 J8  2236   464 J8   207  2412 13109  5.4  4.9  1.10  0.03   4.72  -5.10  -0.76   0.76  71   574     0  2.2
 11   273 J8   176  1214 J8  1173   165 J8    98   711  8650  6.4  6.0  0.45  0.03 -14.07 -22.75 -18.19 -17.36  73  1102     0  2.2
 12    55 J8    25   758 J8   569    31 J8    16   172  5579  4.6  3.9  0.65  0.03 -12.10 -21.24 -17.06 -16.27  67  1085     0  2.6
 13  2597 J8  2206  3936 J8  2478  1013 J8   798  5209 16757  5.3  4.7  1.03  0.07   3.98  -7.87  -1.95  -0.83  64  7395    25  2.3
 2010
  1   162 J8   101   870 J8   607   101 J8    54   453  7481  4.2  3.9  0.45  0.05 -19.66 -28.28 -23.95 -22.88  69  1311     0  1.4
  2   734 J8   313  2123 J8  1342   370 J8   135  1749 11842  4.7  4.4  0.54  0.07  -7.69 -17.60 -12.59 -11.36  64   867     0  2.6
  3  2124 J8   761  4153 J8  2307   878 J8   287  4199 16224  4.2  3.8  0.44  0.08  -3.99 -19.25 -11.48  -9.41  57   928     0  2.6
  4  3850 J8   802  5344 J8  2447  1602 J8   509  7304 20545  4.8  4.0  0.70  0.10  10.76  -3.77   3.73   5.33  50   445     0  2.6
  5  5313 J8  1394  6534 J8  3289  1970 J8   470 10055 24778  5.1  4.2  1.21  0.11  18.54   3.90  11.81  12.87  55   221     0  2.0
  6  5092 J8  1426  4987 J8  3018  2448 J8   391 11420 27744  6.9  5.8  1.83  0.10  20.27   9.13  14.71  15.03  69   109     0  2.0
  7  5026 J8  1267  5356 J8  3046  2243 J8   416 10650 25912  7.0  5.7  2.13  0.08  21.47  10.24  16.14  16.69  69    80     3  2.0
  8  4224 J8  1082  5939 J8  2962  1525 J8   448  8191 21672  5.7  4.8  1.99  0.06  21.22   9.33  14.95  16.15  72   107    12  1.9
  9  2716 J8   738  5817 J8  2730   799 J8   344  5156 17443  3.3  3.1  1.30  0.04  15.70   1.08   7.47   9.75  68   298     0  2.0
 10  1028 J8   529  2743 J8  2305   448 J8   181  2431 13149  5.7  5.3  0.81  0.03   3.99  -6.25  -1.61  -0.32  73   603     0  2.6
 11   241 J8   152   882 J8  1074   158 J8    76   719  8689  6.7  6.3  0.75  0.03  -5.69 -13.93  -9.89  -9.21  84   844     0  2.0
 12    52 J8    24   550 J8   451    33 J8    12   173  5588  5.5  5.3  0.36  0.03 -24.00 -31.77 -27.65 -26.66  79  1433     0  1.2
 13  2547 J8  2085  3775 J8  2216  1048 J8   874  5208 16756  5.3  4.7  1.04  0.07   4.24  -7.27  -1.53  -0.33  67  7247    16  2.1
