703860 PETERSBURG             AK  -9  N56 48  W132 57    33  1009
 1991-2010
 MO AVGLO FL SDGLO AVDIR FL SDDIR AVDIF FL SDDIF AVETR AETRN  TOT  OPQ   H2O   TAU  MAX_T  MIN_T  AVG_T  AVGDT  RH  HTDD  CLDD AVWS
  1   413 J8    51   675 J8   297   299 J8    18  1515 10582  7.9  7.2  0.88  0.11   1.04  -3.47  -1.15  -0.51  83   606     0  1.5
  2   986 J8   146  1243 J8   517   639 J8    34  3031 13282  7.5  6.6  0.85  0.14   3.08  -1.79   0.64   1.41  82   500     0  1.7
  3  1936 J8   223  1774 J8   598  1221 J8    67  5449 16334  7.4  6.5  0.79  0.18   5.11  -0.97   2.05   3.07  78   504     0  2.1
  4  3461 J8   366  2934 J8   792  1936 J8   111  8199 19342  6.9  5.7  0.92  0.21   8.80   1.22   5.15   6.24  75   400     0  2.1
  5  4380 J8   463  3228 J8   900  2489 J8   142 10435 21955  6.9  5.9  1.21  0.22  12.67   4.25   8.68   9.62  72   306     0  2.1
  6  4570 J8   553  3003 J8   999  2722 J8   129 11460 23333  7.4  6.6  1.60  0.22  15.25   8.00  11.81  12.52  76   202     1  1.8
  7  3941 J8   609  2491 J8  1165  2476 J8   110 10874 22477  7.9  7.2  2.01  0.18  16.75   9.94  13.38  14.04  81   155     0  1.5
  8  3485 J8   493  2771 J8  1021  1988 J8   108  8914 20013  7.4  6.7  2.03  0.14  16.19   9.19  12.63  13.51  83   175     0  1.4
  9  2170 J8   279  1765 J8   708  1392 J8    60  6300 17120  8.2  7.5  1.70  0.10  12.90   6.93   9.84  10.67  85   253     0  1.5
 10  1160 J8   111  1186 J8   453   794 J8    43  3723 14110  8.4  7.8  1.24  0.07   8.67   3.74   6.21   6.98  85   376     0  1.8
 11   561 J8    70   774 J8   356   410 J8    20  1860 11234  8.2  7.6  0.95  0.07   4.14   0.11   2.13   2.56  85   486     0  1.7
 12   330 J8    46   603 J8   342   249 J8    15  1110  9593  7.8  7.3  0.87  0.07   2.42  -1.75   0.43   0.78  84   558     0  1.8
 13  2283 J8   139  1871 J8   320  1385 J8    41  6072 16614  7.7  6.9  1.25  0.14   8.92   2.95   5.98   6.74  81  4519     1  1.8
 1991
  1   431 J8   180   776 J8   986   307 J8    92  1508 10569  6.5  5.9  0.90  0.10  -0.92  -5.90  -3.90  -3.06  87   674     0  2.2
  2   747 J8   472   590 J8  1100   569 J8   153  3008 13248  9.0  8.4  1.00  0.13   4.40   0.51   2.38   2.97  88   445     0  2.8
  3  1941 J8   918  2170 J8  2273  1098 J8   322  5408 16286  6.7  6.2  0.79  0.17   4.32  -1.75   1.06   2.10  78   528     0  2.6
  4  2996 J8  1564  2153 J8  2522  1833 J8   490  8160 19296  8.0  6.7  0.98  0.20   9.28   1.58   5.60   6.71  78   387     0  2.9
  5  3875 J8  1874  2803 J8  3423  2219 J8   375 10408 21923  7.3  6.6  1.25  0.21  13.72   4.11   9.48  10.59  70   292     0  3.1
  6  4905 J8  2064  3574 J8  3396  2699 J8   528 11456 23327  6.8  6.2  1.59  0.21  16.97   7.84  12.87  13.79  76   181     3  2.8
  7  3189 J8  1398  1316 J8  2186  2436 J8   374 10894 22504  9.0  8.5  1.86  0.18  16.01   8.94  12.79  13.51  85   182     0  2.1
  8  2958 J8  1300  1720 J8  2360  2029 J8   448  8951 20056  8.2  7.7  2.09  0.17  16.64   9.19  13.08  14.03  85   168     0  2.7
  9  1773 J8   715   772 J8  1219  1434 J8   392  6341 17163  9.0  8.4  1.79  0.16  14.13   9.00  11.52  12.20  88   203     0  2.3
 10  1040 J8   406   890 J8  1219   771 J8   161  3758 14156  7.3  7.1  1.31  0.16   8.51   3.63   5.89   6.62  81   380     0  2.9
 11   434 J8   207   198 J8   382   391 J8   147  1879 11273  9.4  9.0  1.13  0.17   6.33   3.25   4.66   4.99  84   406     0  3.3
 12   265 J8    80    69 J8   172   255 J8    65  1112  9599  9.2  8.9  1.05  0.20   4.52   1.81   3.16   3.36  85   470     0  3.4
 13  2046 J8  1529  1419 J8  1082  1337 J8   888  6074 16617  8.0  7.5  1.31  0.17   9.49   3.52   6.55   7.32  82  4316     3  2.8
 1992
  1   390 J8   172   250 J8   523   340 J8    92  1500 10547  9.3  8.6  0.99  0.26   5.33   2.16   3.73   4.37  83   452     0  3.2
  2   877 J8   400   577 J8   895   708 J8   203  3028 13272  7.7  6.8  0.96  0.31   4.64  -0.10   2.27   3.10  80   466     0  2.9
  3  1906 J8   853  1130 J8  1402  1409 J8   406  5476 16360  7.3  6.2  0.94  0.36   7.01   1.03   3.75   4.73  79   444     0  2.8
  4  3316 J8  1132  1946 J8  1589  2246 J8   418  8224 19367  7.7  6.2  0.90  0.39  10.25   1.52   6.17   7.45  72   373     0  3.1
  5  3905 J8  1584  1912 J8  2433  2726 J8   549 10450 21973  7.6  6.9  1.03  0.38  12.62   3.05   8.21   9.25  74   325     0  3.2
  6  5238 J8  1812  3500 J8  2941  2977 J8   489 11462 23336  6.6  5.6  1.62  0.35  17.02   7.26  12.60  13.61  70   189     3  2.6
  7  3984 J8  1815  2471 J8  2711  2509 J8   391 10861 22456  7.8  7.0  1.94  0.30  16.17   8.30  12.35  13.21  78   189     0  2.0
  8  3494 J8  1492  2412 J8  2524  2129 J8   448  8892 19990  7.6  6.9  1.89  0.25  15.34   6.28  10.91  12.09  78   233     0  2.1
  9  1956 J8   851  1037 J8  1355  1467 J8   339  6275 17096  8.9  8.2  1.41  0.19   9.04   3.38   6.01   6.81  83   364     0  3.1
 10  1157 J8   566  1110 J8  1550   797 J8   233  3701 14085  8.2  7.3  1.06  0.15   5.69   0.32   2.74   3.61  82   475     0  2.7
 11   482 J8   184   424 J8   676   405 J8   106  1846 11208  8.4  7.7  1.01  0.13   4.26   0.02   2.11   2.21  81   486     0  2.6
 12   297 J8   130   427 J8   724   238 J8    68  1108  9587  6.7  6.2  0.80  0.13  -0.58  -5.93  -3.15  -3.10  76   669     0  1.8
 13  2250 J8  1680  1433 J8  1014  1496 J8   996  6068 16606  7.8  7.0  1.21  0.27   8.90   2.27   5.64   6.44  78  4664     3  2.7
 1993
  1   381 J8   171   619 J8   937   282 J8    74  1525 10604  6.7  6.0  0.72  0.16  -0.71  -6.49  -3.47  -2.46  79   680     0  1.2
  2  1090 J8   601  1569 J8  1888   636 J8   188  3044 13303  6.1  5.6  0.94  0.19   3.35  -3.71  -0.53   1.04  78   518     0  1.3
  3  2121 J8  1083  2125 J8  2354  1213 J8   290  5456 16344  6.4  5.6  0.69  0.22   6.40  -1.58   2.33   3.84  72   493     0  1.8
  4  3425 J8  1264  2636 J8  2214  2049 J8   479  8206 19352  7.7  6.0  0.91  0.25  11.08   2.12   6.69   8.05  77   352     0  1.5
  5  4862 J8  2085  4070 J8  3643  2434 J8   683 10440 21964  5.6  4.7  1.44  0.25  14.95   6.43  10.76  11.79  75   237     0  1.6
  6  4449 J8  1755  2641 J8  2726  2767 J8   451 11461 23334  8.2  7.4  1.49  0.24  16.77   8.56  12.68  13.58  75   170     0  1.3
  7  4525 J8  1894  3451 J8  3354  2474 J8   510 10871 22475  6.9  6.1  1.90  0.20  18.83   9.85  14.41  15.38  74   124     0  1.3
  8  4065 J8  1621  3511 J8  2755  2085 J8   383  8908 20007  6.5  5.6  2.00  0.16  17.99   8.92  13.52  14.78  75   151     0  1.1
  9  2481 J8  1190  2581 J8  2654  1308 J8   297  6294 17109  7.7  7.0  1.74  0.11  14.26   6.23   9.97  11.27  82   243     0  0.8
 10  1169 J8   700  1311 J8  1783   714 J8   223  3717 14102  8.8  8.5  1.40  0.08  10.22   4.61   7.43   8.43  83   338     0  0.8
 11   438 J8   212   299 J8   501   378 J8   120  1856 11228  9.1  9.0  0.87  0.07   4.94   0.39   2.73   3.42  79   470     0  0.7
 12   296 J8   105   379 J8   614   243 J8    46  1109  9590  8.7  8.5  0.93  0.08   4.50   0.60   2.73   3.18  86   489     0  1.3
 13  2442 J8  1764  2099 J8  1273  1382 J8   940  6074 16618  7.4  6.7  1.25  0.17  10.21   2.99   6.60   7.69  78  4265     0  1.2
 1994
  1   295 J8   151   188 J8   429   262 J8    89  1517 10588  9.5  9.1  0.94  0.11   1.45  -1.77  -0.10   0.27  89   573     0  0.8
  2   945 J8   567  1116 J8  1721   620 J8   188  3027 13277  7.9  7.0  0.65  0.14  -2.01  -6.58  -4.26  -3.54  82   633     0  2.1
  3  1645 J8   810  1081 J8  1368  1183 J8   308  5434 16317  9.1  8.0  0.83  0.18   5.97   0.57   3.13   4.07  89   467     0  2.9
  4  3470 J8  1426  2963 J8  2713  1913 J8   447  8185 19326  6.6  5.6  0.89  0.21  10.30   1.28   6.02   7.42  81   376     0  2.6
  5  4388 J8  1550  2943 J8  2604  2619 J8   491 10425 21942  7.8  6.4  1.15  0.22  12.86   3.53   8.55   9.55  77   314     0  2.4
  6  4015 J8  1594  2086 J8  2522  2723 J8   408 11459 23332  8.1  7.6  1.56  0.22  15.84   7.84  12.21  13.06  79   195     0  1.7
  7  4349 J8  1877  3254 J8  3855  2459 J8   663 10882 22487  7.3  6.8  1.98  0.18  17.66   9.42  13.74  14.65  78   148     0  1.4
  8  4445 J8  1566  4707 J8  3141  1812 J8   445  8928 20029  5.9  4.8  2.22  0.14  19.26  10.35  14.80  15.92  80   110     0  1.5
  9  1905 J8   979  1197 J8  2024  1360 J8   317  6316 17139  8.5  8.0  1.50  0.10  12.94   7.15  10.23  10.98  89   248     0  1.7
 10  1094 J8   567   831 J8  1415   818 J8   247  3736 14126  8.9  8.1  1.12  0.07   9.31   4.48   6.96   7.72  85   355     0  2.2
 11   522 J8   311   573 J8  1145   403 J8   136  1867 11247  8.9  8.5  0.71  0.06   2.01  -1.22   0.47   0.90  90   538     0  1.9
 12   353 J8   132   606 J8   879   269 J8    68  1110  9597  8.2  7.2  0.76  0.07   0.93  -2.42  -0.65  -0.14  88   591     0  1.9
 13  2286 J8  1714  1795 J8  1386  1370 J8   922  6074 16617  8.1  7.3  1.19  0.14   8.88   2.72   5.92   6.74  84  4549     0  1.9
 1995
  1   385 J8   191   608 J8   915   286 J8    90  1509 10570  7.6  7.2  0.89  0.10   1.63  -2.48  -0.49   0.29  88   581     0  1.4
  2  1026 J8   594  1338 J8  1618   638 J8   212  3010 13252  6.8  6.0  0.80  0.13   2.50  -2.99  -0.17   0.76  80   520     0  2.0
  3  1767 J8   674  1750 J8  2310  1124 J8   337  5411 16290  7.2  6.6  0.74  0.17   4.67  -2.74   1.07   2.36  80   538     0  2.1
  4  3563 J8  1610  3149 J8  2906  1862 J8   385  8163 19299  6.7  5.7  0.90  0.20  10.97   0.92   6.44   7.96  73   372     0  2.2
  5  4418 J8  1706  3282 J8  2929  2475 J8   471 10410 21926  6.6  5.9  1.24  0.21  15.77   5.42  10.79  11.94  70   240     0  2.1
  6  4610 J8  1797  2948 J8  2961  2776 J8   484 11456 23328  7.7  6.8  1.72  0.21  16.86   7.94  12.88  13.78  74   179     1  2.0
  7  4239 J8  1901  3025 J8  3583  2445 J8   512 10893 22504  7.7  6.8  2.14  0.17  17.27   9.83  13.68  14.47  82   149     1  1.5
  8  3055 J8  1236  2001 J8  2182  1984 J8   283  8948 20055  8.2  7.4  1.85  0.13  15.66   7.85  11.83  12.80  86   204     0  1.4
  9  2589 J8  1032  2664 J8  2420  1378 J8   326  6338 17159  6.9  6.2  2.11  0.09  16.27   7.70  11.99  13.24  82   190     0  1.4
 10  1108 J8   548  1058 J8  1592   798 J8   238  3755 14153  8.6  8.1  1.03  0.06   8.50   4.43   6.35   7.04  87   368     0  1.7
 11   466 J8   249   376 J8  1037   388 J8   124  1878 11271  8.9  8.7  0.79  0.05   3.17  -0.70   1.39   1.89  84   513     0  1.3
 12   318 J8   137   480 J8   819   253 J8    58  1112  9599  8.8  8.0  0.85  0.06   0.58  -3.31  -1.31  -1.03  83   611     0  1.1
 13  2295 J8  1655  1890 J8  1107  1367 J8   919  6074 16617  7.6  7.0  1.26  0.13   9.49   2.66   6.21   7.12  81  4464     1  1.7
 1996
  1   551 J8   271  1421 J8  1312   301 J8   108  1501 10550  5.1  4.8  0.59  0.10  -4.42  -9.94  -7.27  -6.15  78   791     0  1.0
  2   972 J8   630  1141 J8  1747   625 J8   182  3030 13276  8.1  7.7  0.81  0.13   2.42  -2.62   0.01   0.77  85   534     0  1.7
  3  2143 J8  1127  2367 J8  2344  1153 J8   283  5478 16365  6.2  5.7  0.83  0.17   4.98  -2.43   1.32   2.66  72   529     0  1.5
  4  3296 J8  1174  2464 J8  2405  2046 J8   489  8227 19371  8.0  6.2  0.85  0.20   9.53   0.41   5.16   6.43  72   401     0  2.2
  5  5054 J8  1677  4653 J8  3374  2370 J8   531 10452 21976  5.7  4.7  1.00  0.21  13.20   3.20   8.49   9.63  67   314     0  1.9
  6  4002 J8  1573  1976 J8  2455  2765 J8   498 11462 23336  8.2  7.8  1.36  0.21  13.88   8.05  11.06  11.64  76   221     0  1.9
  7  3189 J8  1155   962 J8  1682  2616 J8   291 10860 22456  9.2  8.8  1.88  0.17  16.07   9.44  12.90  13.57  75   173     0  1.5
  8  3391 J8  1493  2285 J8  2786  2155 J8   457  8889 19985  8.5  7.4  1.97  0.13  14.54   9.47  12.15  12.73  82   196     0  1.2
  9  2304 J8   937  1963 J8  2060  1484 J8   315  6272 17093  7.8  7.0  1.40  0.09  11.98   6.15   9.02   9.87  81   278     0  1.5
 10  1058 J8   334   771 J8  1072   841 J8   201  3698 14081  8.8  8.0  1.07  0.06   7.60   3.04   5.38   6.13  81   403     0  1.8
 11   636 J8   292  1309 J8  1634   396 J8   161  1845 11206  7.1  6.6  0.81  0.05   2.26  -1.92   0.03   0.68  76   545     0  1.4
 12   411 J8   132  1152 J8  1146   261 J8    76  1108  9587  6.0  5.5  0.65  0.06  -1.67  -5.68  -3.76  -3.33  75   682     0  1.8
 13  2251 J8  1542  1872 J8  1050  1418 J8   942  6068 16607  7.4  6.7  1.10  0.13   7.53   1.43   4.54   5.38  77  5066     0  1.6
 1997
  1   412 J8   214   670 J8   993   300 J8    88  1526 10605  8.2  7.5  0.71  0.10  -0.15  -3.90  -1.86  -1.40  76   631     0  1.4
  2   902 J8   502   714 J8   874   691 J8   274  3046 13306  8.8  8.1  0.85  0.13   4.61   1.17   2.86   3.31  84   432     0  1.2
  3  1890 J8   779  1814 J8  2071  1198 J8   300  5459 16347  7.1  6.5  0.64  0.17   3.37  -1.51   0.79   1.66  75   539     0  2.1
  4  3444 J8  1418  3002 J8  2810  1917 J8   475  8209 19356  6.8  5.7  0.89  0.20   9.17   2.07   5.77   6.76  77   381     0  2.0
  5  4607 J8  1971  3757 J8  3497  2402 J8   618 10442 21967  6.4  5.4  1.37  0.21  13.16   5.52   9.46  10.23  73   279     0  2.0
  6  3935 J8  1415  1747 J8  1769  2839 J8   500 11461 23335  8.5  7.9  1.62  0.21  15.48   8.46  12.20  12.86  78   191     0  1.5
  7  3411 J8  1272  1358 J8  1615  2573 J8   490 10869 22472  9.1  8.4  1.98  0.17  16.83   9.42  13.40  14.08  87   161     0  1.2
  8  3556 J8  1659  3105 J8  3295  1937 J8   554  8906 20004  6.7  6.0  2.15  0.13  17.67  10.20  14.08  15.09  83   136     0  1.7
  9  2385 J8  1094  2284 J8  2539  1392 J8   407  6291 17103  7.8  6.8  1.67  0.09  13.92   7.98  10.92  11.77  84   221     0  1.5
 10  1246 J8   839  1610 J8  2608   712 J8   170  3715 14097  7.5  7.3  1.02  0.06   8.48   3.83   6.19   6.85  81   378     0  1.8
 11   580 J8   271   936 J8  1164   399 J8   116  1855 11224  8.1  7.4  0.96  0.05   5.42   2.07   3.70   4.06  84   438     0  1.3
 12   278 J8    97   235 J8   421   248 J8    63  1109  9591  9.1  8.4  0.88  0.06   5.22   1.19   3.36   3.70  84   469     0  2.2
 13  2221 J8  1534  1769 J8  1091  1384 J8   932  6074 16617  7.8  7.1  1.23  0.13   9.43   3.87   6.74   7.42  81  4257     0  1.7
 1998
  1   410 J8   179   735 J8   982   296 J8    94  1518 10591  7.0  6.3  0.78  0.10  -0.03  -4.99  -2.52  -1.80  80   646     0  1.6
  2  1016 J8   388  1317 J8  1390   680 J8   211  3029 13279  7.0  5.8  0.85  0.13   7.00   1.45   4.29   4.89  71   395     0  2.4
  3  2103 J8   870  2317 J8  2561  1203 J8   387  5436 16321  6.4  5.8  0.81  0.17   5.86  -0.16   2.76   3.84  78   480     0  1.3
  4  3075 J8  1266  2130 J8  2347  1978 J8   401  8187 19329  7.6  6.4  0.89  0.20   8.40   2.33   5.41   6.28  77   389     0  1.9
  5  4741 J8  1698  3881 J8  3202  2509 J8   421 10427 21945  6.4  4.9  1.42  0.21  13.50   6.05   9.83  10.62  73   265     0  2.1
  6  5665 J8  1854  4994 J8  3648  2646 J8   629 11459 23332  5.0  4.3  1.89  0.21  16.67   8.96  13.16  13.96  73   165     0  2.1
  7  4764 J8  2172  3996 J8  4046  2422 J8   684 10880 22485  6.5  5.4  2.21  0.17  16.87  10.71  13.80  14.40  79   141     0  1.6
  8  3050 J8  1464  1717 J8  2426  2114 J8   416  8925 20024  8.3  7.3  2.12  0.13  15.27   9.25  12.11  12.83  85   188     0  1.2
  9  2159 J8  1041  1921 J8  2508  1330 J8   385  6313 17136  7.7  7.1  1.60  0.09  12.26   6.65   9.40  10.19  88   266     0  1.3
 10  1173 J8   562  1226 J8  1794   795 J8   201  3734 14122  8.2  7.7  1.24  0.06   9.24   4.08   6.70   7.38  85   362     0  1.8
 11   599 J8   292  1029 J8  1368   403 J8   138  1866 11243  7.7  7.0  0.90  0.05   4.16  -0.04   2.04   2.59  76   488     0  1.5
 12   345 J8   133   590 J8   773   266 J8    75  1110  9596  7.2  6.8  0.74  0.06   1.00  -3.08  -0.98  -0.44  73   600     0  2.2
 13  2425 J8  1849  2155 J8  1414  1387 J8   909  6074 16617  7.1  6.2  1.29  0.13   9.18   3.43   6.33   7.06  78  4386     0  1.8
 1999
  1   444 J8   215   586 J8   707   337 J8   132  1510 10570  7.9  7.3  0.75  0.10   0.26  -3.93  -1.68  -1.24  76   625     0  1.6
  2   966 J8   508  1105 J8  1372   658 J8   222  3012 13253  8.0  6.9  0.62  0.13   2.74  -1.47   0.85   1.44  66   495     0  2.4
  3  1863 J8   832  1337 J8  1707  1326 J8   346  5414 16294  8.1  6.9  0.71  0.17   4.17  -0.91   1.65   2.37  68   518     0  1.9
  4  3236 J8  1338  2353 J8  2188  2021 J8   381  8165 19303  7.9  6.5  0.88  0.20   7.23   0.91   3.96   4.95  67   428     0  2.0
  5  3879 J8  1522  2204 J8  2336  2606 J8   469 10412 21928  8.4  7.0  0.93  0.21   9.47   3.96   6.79   7.39  67   360     0  2.1
  6  4263 J8  1949  2666 J8  3697  2660 J8   611 11457 23329  7.5  7.0  1.59  0.21  14.46   7.93  11.20  11.81  78   214     0  1.7
  7  4759 J8  1997  3969 J8  3910  2410 J8   555 10891 22501  6.3  6.0  1.99  0.17  17.06   9.94  13.51  14.14  80   150     0  1.6
  8  3468 J8  1595  2611 J8  2963  2056 J8   332  8945 20053  7.8  7.2  2.05  0.13  15.40   9.38  12.22  12.94  86   184     0  1.3
  9  1872 J8   704   954 J8  1483  1454 J8   279  6335 17156  9.3  8.9  1.82  0.09  11.74   7.02   9.51  10.15  90   269     0  1.4
 10   971 J8   362   481 J8   723   818 J8   235  3753 14149  9.4  8.9  1.22  0.06   8.18   4.32   6.31   6.80  89   374     0  1.7
 11   518 J8   240   335 J8   513   451 J8   143  1877 11270  8.7  8.3  0.87  0.05   5.77   1.37   3.56   3.94  85   443     0  2.1
 12   272 J8   104   222 J8   379   243 J8    65  1112  9598  9.0  8.7  0.79  0.06   3.49   0.38   1.95   2.15  91   508     0  1.3
 13  2209 J8  1629  1568 J8  1176  1420 J8   912  6074 16617  8.2  7.5  1.19  0.13   8.33   3.24   5.82   6.40  79  4568     0  1.8
 2000
  1   442 J8   246   846 J8  1137   297 J8    87  1502 10556  8.0  7.2  0.64  0.10  -0.94  -4.78  -2.68  -2.41  86   657     0  1.4
  2  1039 J8   432  1530 J8  1616   640 J8   191  3032 13280  6.3  5.9  0.73  0.13   2.80  -2.59  -0.04   0.92  84   529     0  1.2
  3  1799 J8   724  1522 J8  1948  1207 J8   319  5481 16369  8.0  7.3  0.87  0.17   5.12   0.39   2.64   3.44  84   483     0  1.9
  4  3184 J8  1543  2662 J8  3186  1807 J8   456  8229 19372  7.4  6.7  0.81  0.20   7.04   1.13   4.24   5.03  79   427     0  2.0
  5  4406 J8  1532  3158 J8  2911  2587 J8   455 10454 21976  6.9  6.0  0.95  0.21  11.49   3.80   7.82   8.68  76   331     0  2.0
  6  4472 J8  1879  2830 J8  3146  2720 J8   489 11462 23336  6.9  6.5  1.40  0.21  14.54   7.67  11.21  11.88  79   217     0  1.7
  7  3764 J8  1898  2117 J8  2972  2516 J8   411 10858 22454  8.5  7.4  1.76  0.17  15.78  10.33  13.01  13.50  85   164     0  1.4
  8  3077 J8  1152  1753 J8  1961  2165 J8   408  8886 19979  8.2  7.6  1.84  0.13  15.13   9.21  12.01  12.73  86   191     0  1.4
  9  2269 J8  1014  2112 J8  2325  1342 J8   319  6269 17090  7.6  7.0  1.61  0.09  13.03   6.57   9.70  10.49  85   256     0  1.6
 10  1131 J8   478   969 J8  1095   826 J8   188  3696 14075  8.8  8.1  1.11  0.06   8.30   3.92   6.21   6.91  86   379     0  1.7
 11   611 J8   299  1015 J8  1193   407 J8   150  1844 11203  8.1  7.1  0.97  0.05   5.63   1.51   3.55   3.82  88   443     0  2.0
 12   330 J8   154   770 J8  1035   228 J8    53  1107  9586  7.4  7.0  0.79  0.06   2.79  -1.74   0.64   0.93  86   552     0  1.6
 13  2210 J8  1537  1774 J8   813  1395 J8   938  6068 16606  7.7  7.0  1.12  0.13   8.39   2.95   5.69   6.33  84  4628     0  1.7
 2001
  1   389 J8   224   550 J8   844   294 J8    97  1527 10608  9.0  7.8  0.92  0.10   2.65  -3.04   0.09   0.99  84   574     0  1.3
  2  1162 J8   449  1933 J8  1817   651 J8   200  3048 13311  5.8  5.2  0.71  0.13   1.87  -2.84  -0.56   0.10  80   527     0  2.0
  3  1833 J8   940  1499 J8  1975  1213 J8   357  5462 16350  8.6  7.5  0.70  0.17   4.31  -2.79   0.81   2.03  79   545     0  2.2
  4  4242 J8  1015  4517 J8  2341  1934 J8   457  8212 19358  5.7  3.9  0.69  0.20   8.39   0.51   4.61   5.70  82   416     0  2.3
  5  3634 J8  1525  1796 J8  2200  2583 J8   555 10444 21969  8.4  7.6  0.95  0.21  11.44   2.39   7.27   8.23  77   354     0  2.4
  6  4285 J8  1737  2364 J8  2423  2816 J8   451 11462 23335  8.2  7.5  1.39  0.21  15.87   7.28  11.92  12.73  77   207     5  1.8
  7  3866 J8  1397  2144 J8  2363  2620 J8   452 10868 22469  8.3  7.4  1.76  0.17  15.87   9.35  12.57  13.17  80   177     0  1.7
  8  3771 J8  1861  3449 J8  3680  1894 J8   523  8903 20000  6.9  6.1  1.88  0.13  16.71   8.82  12.75  13.76  81   173     0  2.0
  9  2095 J8   931  1476 J8  1907  1448 J8   343  6288 17101  8.7  7.8  1.59  0.09  12.77   7.72  10.09  10.75  85   243     0  2.5
 10  1054 J8   426   645 J8  1060   853 J8   207  3713 14092  8.9  8.6  1.03  0.06   8.10   3.02   5.61   6.34  85   396     0  2.3
 11   603 J8   187   955 J8  1215   434 J8   130  1854 11223  7.7  7.2  0.81  0.05   2.97  -1.10   0.94   1.20  84   522     0  2.1
 12   343 J8   156   674 J8   883   248 J8    68  1109  9591  7.6  7.2  0.76  0.06   3.61  -1.02   1.48   1.97  82   528     0  2.3
 13  2273 J8  1583  1833 J8  1192  1416 J8   944  6074 16617  7.8  7.0  1.10  0.13   8.71   2.36   5.63   6.41  81  4662     5  2.1
 2002
  1   367 J8   167   353 J8   518   307 J8    92  1519 10594  9.1  8.3  1.01  0.10   3.66  -0.66   1.41   1.77  86   522     0  2.1
  2   847 J8   463   823 J8  1313   624 J8   218  3031 13282  8.2  7.8  0.86  0.13   1.95  -2.11  -0.07   0.35  87   515     0  1.7
  3  2613 J8   891  3476 J8  2366  1232 J8   443  5439 16323  4.2  3.3  0.63  0.17   4.13  -3.77   0.28   1.66  71   563     0  2.3
  4  4182 J8  1393  4483 J8  2807  1853 J8   417  8190 19332  4.1  3.3  0.90  0.20   6.00  -1.31   2.41   3.40  68   479     0  1.7
  5  3922 J8  1775  2739 J8  2937  2338 J8   451 10429 21947  7.4  6.7  1.33  0.21  11.57   3.19   7.58   8.50  72   339     0  1.7
  6  4421 J8  1919  2917 J8  3156  2611 J8   458 11459 23332  7.5  6.9  1.85  0.21  14.64   8.61  11.78  12.31  76   201     0  1.8
  7  3188 J8  1187  1203 J8  1834  2449 J8   405 10879 22484  9.0  8.7  2.16  0.17  15.53   9.89  12.52  12.97  84   174     0  1.3
  8  3350 J8  1891  2700 J8  3505  1885 J8   391  8923 20017  7.9  7.0  2.35  0.13  15.78  10.01  12.73  13.42  84   168     0  1.3
  9  2111 J8  1229  1790 J8  2704  1304 J8   321  6310 17133  8.3  7.5  1.80  0.09  12.01   7.02   9.32  10.07  88   264     0  1.2
 10  1248 J8   603  1584 J8  1956   795 J8   279  3732 14122  8.2  7.3  1.66  0.06   9.63   4.74   7.11   7.90  87   345     0  1.3
 11   576 J8   325   777 J8  1183   417 J8   134  1865 11241  8.3  7.4  1.47  0.05   7.70   2.77   5.21   5.63  87   393     0  1.4
 12   269 J8   108   322 J8   741   224 J8    35  1110  9595  8.2  8.0  1.09  0.06   4.10  -0.19   2.18   2.40  86   508     0  2.0
 13  2258 J8  1559  1931 J8  1329  1337 J8   873  6074 16617  7.5  6.8  1.43  0.13   8.89   3.18   6.04   6.70  81  4473     0  1.7
 2003
  1   378 J8   155   513 J8   838   297 J8    86  1511 10573  8.0  7.5  1.26  0.10   3.77  -0.35   1.82   2.27  87   515     0  1.6
  2   770 J8   422   645 J8  1062   592 J8   187  3014 13257  9.1  8.5  1.08  0.13   2.38  -1.02   0.63   1.10  89   494     0  0.9
  3  1973 J8   822  1950 J8  1954  1192 J8   300  5417 16297  7.0  6.1  0.89  0.17   3.78  -2.43   0.57   1.60  75   547     0  1.9
  4  3773 J8  1518  3804 J8  3134  1857 J8   451  8168 19306  4.9  4.2  1.01  0.20   9.68   1.36   5.57   6.81  70   384     0  2.1
  5  4451 J8  1837  3860 J8  3594  2283 J8   474 10414 21929  6.0  5.2  1.20  0.21  12.53   3.97   8.41   9.38  69   313     0  1.9
  6  4207 J8  1967  2579 J8  3112  2623 J8   422 11457 23329  7.7  7.0  1.85  0.21  14.50   8.66  11.53  12.11  79   202     0  1.7
  7  3913 J8  1838  2695 J8  3138  2373 J8   323 10889 22499  7.6  7.0  2.41  0.17  16.68  10.45  13.54  14.10  84   149     1  1.3
  8  3771 J8  1790  3505 J8  3444  1888 J8   445  8942 20049  6.4  5.8  1.97  0.13  16.55   9.35  12.77  13.74  81   167     0  1.4
  9  1883 J8   745  1332 J8  1963  1347 J8   272  6332 17153  8.4  8.1  1.97  0.09  12.64   7.64  10.08  10.69  88   246     0  1.7
 10  1427 J8   753  2279 J8  2495   733 J8   229  3751 14145  6.5  5.8  1.50  0.06  10.01   4.13   7.00   7.96  86   349     0  1.6
 11   695 J8   442  1331 J8  1654   398 J8    99  1875 11266  6.9  6.1  0.96  0.05   2.20  -2.12   0.01   0.70  89   549     0  1.3
 12   335 J8   132   557 J8   634   259 J8    63  1112  9599  8.2  7.6  1.08  0.06   2.71  -1.23   0.80   1.04  88   545     0  1.8
 13  2298 J8  1616  2087 J8  1236  1320 J8   866  6074 16617  7.2  6.6  1.43  0.13   8.95   3.20   6.06   6.79  82  4461     1  1.6
 2004
  1   492 J8   257  1222 J8  1415   289 J8    91  1503 10562  6.6  6.1  0.95  0.10  -0.16  -4.59  -2.28  -1.99  83   642     0  1.5
  2  1080 J8   577  1537 J8  1588   647 J8   210  3034 13284  6.3  5.8  1.17  0.13   4.84  -0.76   2.04   3.09  85   472     0  1.6
  3  1812 J8   784  1431 J8  1640  1251 J8   315  5484 16371  7.7  7.0  0.99  0.17   5.23  -0.13   2.49   3.33  82   489     0  2.0
  4  3891 J8  1541  3967 J8  3089  1836 J8   384  8232 19374  6.4  4.5  1.27  0.20   9.61   2.27   5.92   6.91  76   372     0  1.9
  5  5313 J8  1847  5188 J8  3844  2282 J8   623 10456 21978  5.2  4.2  1.39  0.21  14.29   6.24  10.41  11.32  70   250     0  2.0
  6  5752 J8  2347  5571 J8  4340  2365 J8   552 11462 23336  5.0  4.0  1.91  0.21  18.47  10.02  14.45  15.26  69   130     8  1.9
  7  4535 J8  1774  3377 J8  3280  2564 J8   472 10856 22454  7.4  6.2  2.47  0.17  18.29  11.65  14.82  15.44  81   104     0  1.4
  8  4241 J8  1576  4741 J8  3312  1796 J8   347  8884 19974  4.8  4.3  2.28  0.13  18.45  10.19  14.23  15.35  80   126     1  1.4
  9  2299 J8  1082  2124 J8  2481  1379 J8   252  6266 17086  7.4  6.6  1.75  0.09  12.95   6.70   9.76  10.83  85   255     0  1.4
 10  1241 J8   516  1617 J8  1884   768 J8   199  3693 14074  8.1  7.4  1.42  0.06   8.62   3.29   6.05   6.95  86   384     0  1.7
 11   582 J8   295  1002 J8  1300   386 J8    95  1843 11201  8.1  7.7  1.20  0.05   4.97   0.83   2.91   3.38  90   463     0  1.5
 12   324 J8   145   645 J8  1034   239 J8    53  1107  9585  7.5  7.2  1.07  0.06   3.21  -0.91   1.16   1.46  87   533     0  1.7
 13  2630 J8  1999  2702 J8  1769  1317 J8   849  6068 16607  6.7  5.9  1.49  0.13   9.90   3.73   6.83   7.61  81  4219     9  1.7
 2005
  1   420 J8   191   974 J8  1330   276 J8    93  1528 10609  7.2  6.6  1.11  0.10  -0.23  -5.13  -2.37  -1.63  86   651     0  1.5
  2   808 J8   388   780 J8  1199   604 J8   166  3050 13314  8.6  7.8  1.02  0.13   2.29  -2.02   0.36   0.82  90   510     0  1.1
  3  2130 J8  1051  2278 J8  2474  1196 J8   322  5465 16353  7.2  5.8  0.98  0.17   6.41  -0.09   3.40   4.40  77   470     0  2.2
  4  3576 J8  1656  3179 J8  3068  1890 J8   364  8215 19360  6.0  5.1  1.13  0.20   8.62   0.97   5.00   6.14  77   406     0  2.0
  5  4467 J8  1692  3386 J8  3120  2495 J8   464 10446 21972  6.1  5.5  1.52  0.21  15.05   5.72  10.61  11.64  69   246     0  1.9
  6  5313 J8  1744  3991 J8  3186  2880 J8   464 11462 23336  6.4  5.1  1.73  0.21  13.96   8.26  11.11  11.65  79   217     0  1.7
  7  3485 J8  1177  1572 J8  1863  2587 J8   371 10866 22467  8.9  8.1  2.23  0.17  16.87  10.31  13.48  14.06  82   147     0  1.4
  8  3941 J8  1758  3750 J8  3733  1909 J8   539  8900 19997  6.7  5.9  2.26  0.13  15.28   9.58  12.24  12.95  86   183     0  1.3
  9  2022 J8   693  1308 J8  1551  1445 J8   304  6285 17100  8.6  8.2  1.88  0.09  12.62   6.93   9.55  10.40  83   257     0  1.2
 10  1246 J8   550  1535 J8  1968   786 J8   238  3710 14091  7.6  7.1  1.34  0.06   9.62   5.28   7.44   8.01  88   337     0  1.8
 11   536 J8   186   637 J8   764   415 J8    97  1853 11220  8.2  7.6  1.28  0.05   2.48  -1.96   0.33   1.00  89   542     0  1.7
 12   311 J8   154   550 J8  1041   237 J8    65  1109  9590  7.9  7.8  1.25  0.06   3.98  -0.72   1.71   2.12  87   518     0  1.7
 13  2354 J8  1745  1995 J8  1272  1393 J8   950  6074 16617  7.5  6.7  1.48  0.13   8.91   3.09   6.07   6.80  83  4484     0  1.6
 2006
  1   382 J8   176   439 J8   611   302 J8    77  1520 10595  8.7  7.9  0.84  0.10  -0.65  -5.98  -2.99  -2.22  79   671     0  1.2
  2  1252 J8   616  2252 J8  1998   616 J8   147  3033 13288  5.1  4.3  0.65  0.13   2.31  -3.64  -0.58   0.37  74   532     0  1.8
  3  2062 J8   968  2035 J8  2102  1224 J8   348  5442 16328  7.1  6.4  0.67  0.17   4.76  -0.02   2.40   3.16  82   495     0  1.6
  4  2820 J8  1171  1631 J8  1967  2014 J8   358  8193 19336  8.7  7.3  0.96  0.20   9.74   2.18   6.10   7.15  76   371     0  1.7
  5  3768 J8  1399  1920 J8  2216  2646 J8   469 10431 21949  8.0  7.3  1.24  0.21  11.46   3.24   7.71   8.69  71   340     0  1.8
  6  4494 J8  2002  2828 J8  3549  2754 J8   556 11459 23332  7.5  6.8  1.51  0.21  13.84   7.49  10.83  11.41  76   230     0  1.4
  7  3907 J8  1818  2451 J8  3173  2456 J8   456 10877 22482  7.6  7.0  1.87  0.17  17.05  10.23  13.70  14.36  83   147     1  1.5
  8  2481 J8  1038   941 J8  1692  1987 J8   376  8920 20014  9.3  8.8  1.91  0.13  14.77   9.21  11.85  12.47  85   196     0  1.0
  9  1957 J8   980  1254 J8  1994  1384 J8   320  6307 17129  8.6  8.1  1.81  0.09  13.24   7.60  10.47  11.21  84   237     0  1.1
 10  1348 J8   716  1810 J8  2219   772 J8   218  3729 14117  8.1  7.2  1.33  0.06   8.66   3.98   6.30   7.00  84   372     0  1.1
 11   648 J8   285  1389 J8  1462   396 J8   107  1863 11238  6.5  5.9  0.60  0.05   4.25  -0.55   1.91   2.09  81   494     0  1.6
 12   304 J8    98   271 J8   435   267 J8    61  1110  9594  9.2  8.5  1.02  0.06  -0.01  -5.30  -2.59  -2.06  80   651     0  2.3
 13  2119 J8  1415  1602 J8   781  1401 J8   942  6074 16617  7.9  7.1  1.20  0.13   8.28   2.37   5.43   6.14  79  4737     1  1.5
 2007
  1   414 J8   210   636 J8   876   303 J8    91  1512 10576  8.6  7.6  0.89  0.10   0.90  -4.01  -1.31  -0.77  83   616     0  1.5
  2  1005 J8   482  1274 J8  1419   665 J8   240  3016 13259  8.3  6.8  0.84  0.13   2.86  -1.61   0.58   1.27  85   496     0  1.4
  3  1742 J8  1025  1226 J8  1582  1204 J8   389  5420 16299  8.9  7.5  0.75  0.17   5.56  -0.05   2.76   3.60  85   483     0  2.0
  4  3186 J8  1258  2376 J8  2596  1962 J8   447  8171 19310  7.3  6.5  0.95  0.20   7.91   0.63   4.35   5.33  73   422     0  1.8
  5  3964 J8  1776  2569 J8  2931  2454 J8   468 10416 21931  7.8  6.8  1.24  0.21  11.82   4.30   8.12   8.93  75   318     0  1.7
  6  4452 J8  1978  3063 J8  3692  2617 J8   559 11457 23329  7.6  6.7  1.62  0.21  14.26   7.61  10.89  11.55  77   222     0  1.4
  7  3349 J8  1322  1373 J8  1960  2537 J8   391 10888 22498  9.0  8.6  2.09  0.17  16.80  10.69  13.76  14.35  79   142     0  1.2
  8  3611 J8  1586  2967 J8  3103  2030 J8   447  8940 20046  7.1  6.2  1.79  0.13  15.35   9.14  12.06  12.82  84   189     0  1.1
  9  2110 J8   950  1561 J8  2284  1424 J8   341  6329 17153  8.6  8.0  1.64  0.09  12.93   6.60   9.64  10.46  85   257     0  1.3
 10  1086 J8   319   671 J8   837   886 J8   199  3748 14142  9.0  8.4  1.18  0.06   8.66   3.28   6.09   6.98  87   383     0  1.6
 11   604 J8   273   781 J8   936   443 J8   105  1874 11263  9.0  8.0  0.87  0.05   4.70   0.29   2.50   3.05  90   475     0  1.4
 12   374 J8   173   826 J8  1193   264 J8    70  1112  9599  7.7  7.0  0.72  0.06   4.35  -0.82   1.87   2.03  84   514     0  1.7
 13  2158 J8  1490  1610 J8   900  1399 J8   897  6074 16617  8.2  7.3  1.22  0.13   8.84   3.00   5.94   6.63  82  4517     0  1.5
 2008
  1   399 J8   223   516 J8   786   306 J8    94  1504 10563  8.5  8.0  0.74  0.10   4.91   0.17   2.61   3.22  83   490     0  1.5
  2   864 J8   520   846 J8  1306   620 J8   203  3036 13288  8.6  7.8  0.87  0.13   3.14  -1.77   0.62   1.56  79   512     0  1.7
  3  1954 J8   960  1644 J8  1818  1274 J8   379  5487 16375  8.2  7.0  0.81  0.17   4.45  -1.45   1.49   2.46  77   522     0  2.0
  4  3302 J8  1773  2961 J8  3434  1774 J8   351  8235 19380  6.9  6.1  0.84  0.20   7.33   0.35   4.00   4.99  72   435     0  1.9
  5  4542 J8  1997  3412 J8  3451  2505 J8   578 10458 21984  7.3  6.0  1.25  0.21  11.63   3.94   7.92   8.76  76   327     0  2.0
  6  3973 J8  1616  1896 J8  2337  2791 J8   421 11462 23336  8.6  7.8  1.38  0.21  13.74   6.82  10.44  11.17  80   241     0  1.7
  7  3125 J8  1260  1032 J8  1946  2519 J8   401 10855 22451  9.2  8.8  1.84  0.17  16.53   9.30  12.96  13.65  81   168     0  1.3
  8  2845 J8  1431  1564 J8  2291  1985 J8   312  8881 19972  8.8  8.1  1.99  0.13  15.41   9.67  12.33  12.99  86   179     0  1.2
  9  1995 J8   721  1223 J8  1373  1470 J8   315  6263 17083  9.0  8.5  1.78  0.09  13.33   6.58   9.86  10.79  84   251     0  0.8
 10  1063 J8   483   847 J8  1466   815 J8   227  3691 14071  9.2  8.4  1.26  0.06   7.73   3.36   5.68   6.37  87   396     0  1.9
 11   557 J8   237   599 J8   837   435 J8   118  1841 11199  8.8  8.0  0.99  0.05   2.47  -0.78   0.81   1.15  89   524     0  1.8
 12   389 J8   175  1289 J8  1439   221 J8    65  1107  9586  5.8  5.3  0.61  0.06  -1.77  -6.25  -3.87  -3.38  82   692     0  1.4
 13  2084 J8  1457  1486 J8   902  1393 J8   923  6068 16607  8.2  7.5  1.20  0.13   8.24   2.50   5.40   6.14  81  4738     0  1.6
 2009
  1   429 J8   226   766 J8  1102   295 J8    76  1529 10610  7.8  7.4  0.88  0.10   2.86  -1.25   0.85   1.56  83   543     0  1.5
  2  1250 J8   585  2307 J8  1951   613 J8   166  3053 13316  5.9  4.3  0.62  0.13   4.16  -1.84   1.08   2.02  82   481     0  1.0
  3  1834 J8   772  1487 J8  1641  1249 J8   347  5468 16356  8.1  7.3  0.70  0.17   5.95  -0.26   3.06   4.09  80   480     0  2.0
  4  3617 J8  1631  3227 J8  3235  1903 J8   381  8218 19365  6.4  5.7  0.77  0.20   8.36   2.09   5.39   6.16  74   393     0  1.8
  5  4582 J8  1621  3453 J8  3117  2559 J8   511 10447 21974  6.8  5.7  1.09  0.21  11.35   3.11   7.53   8.51  71   344     0  1.7
  6  4875 J8  2205  3735 J8  4014  2602 J8   652 11462 23337  6.8  6.1  1.43  0.21  14.18   7.14  10.76  11.47  77   230     0  1.8
  7  5158 J8  2376  5217 J8  4448  2119 J8   512 10864 22464  4.7  4.4  2.01  0.17  16.07  10.48  13.18  13.65  84   157     0  1.6
  8  3313 J8  1677  2549 J8  3302  1946 J8   400  8897 19994  7.7  7.1  2.05  0.13  15.08   8.84  11.79  12.52  87   198     0  1.4
  9  2329 J8  1237  2027 J8  2548  1409 J8   318  6282 17098  8.4  7.2  1.67  0.09  13.01   7.04  10.03  10.77  84   249     0  1.7
 10  1209 J8   679  1360 J8  2046   783 J8   228  3708 14088  8.5  7.9  1.32  0.06   9.58   3.87   6.70   7.56  87   360     0  1.5
 11   536 J8   214   559 J8   787   429 J8   132  1851 11217  9.0  8.2  0.91  0.05   4.55   0.84   2.77   3.14  83   469     0  1.8
 12   421 J8   157  1312 J8  1180   246 J8    61  1109  9590  6.4  6.0  0.77  0.06   3.96  -0.03   2.12   2.49  86   507     0  1.0
 13  2463 J8  1786  2333 J8  1375  1346 J8   871  6074 16617  7.2  6.4  1.18  0.13   9.09   3.34   6.27   7.00  82  4411     0  1.6
 2010
  1   446 J8   241   820 J8  1046   303 J8    93  1521 10597  8.6  7.4  1.02  0.10   1.57  -2.57  -0.56   0.22  88   584     0  1.4
  2  1110 J8   547  1473 J8  1488   674 J8   167  3035 13290  7.5  6.2  0.90  0.13   3.29  -1.33   1.10   1.79  86   486     0  1.4
  3  1594 J8   701   837 J8  1110  1265 J8   384  5445 16331  9.0  8.1  0.90  0.17   5.80   0.74   3.21   3.98  83   467     0  2.2
  4  3629 J8  1371  3083 J8  2650  2033 J8   421  8196 19340  6.8  5.0  0.89  0.20   7.10   1.12   4.25   5.08  79   427     0  1.8
  5  4826 J8  1430  3574 J8  2379  2692 J8   465 10433 21955  6.6  5.2  1.14  0.21  11.62   3.78   7.87   8.75  77   330     0  1.7
  6  4073 J8  1662  2162 J8  2584  2811 J8   424 11460 23332  8.2  7.3  1.45  0.21  13.06   7.56  10.34  10.87  80   241     0  1.8
  7  4113 J8  1914  2846 J8  3362  2435 J8   473 10875 22479  7.8  7.0  1.82  0.17  16.74  10.33  13.55  14.13  84   150     1  1.5
  8  3814 J8  1685  3438 J8  3663  1973 J8   495  8917 20011  6.9  6.3  1.92  0.13  17.44   8.88  13.22  14.34  77   160     0  1.3
  9  2899 J8  1188  3724 J8  3323  1288 J8   431  6304 17125  5.9  5.2  1.44  0.09  12.91   6.85   9.71  10.37  87   253     0  1.5
 10  1142 J8   548  1112 J8  1488   797 J8   173  3727 14113  8.9  8.4  1.22  0.06   8.68   3.17   6.04   6.98  87   384     0  1.9
 11   599 J8   235   963 J8  1381   418 J8   139  1862 11236  7.6  7.2  0.95  0.05   2.51  -0.83   0.90   1.27  90   525     0  2.0
 12   360 J8   127   692 J8   886   268 J8    65  1110  9594  7.7  7.3  0.78  0.06   3.51  -0.32   1.78   2.17  86   519     0  0.9
 13  2384 J8  1665  2060 J8  1206  1413 J8   945  6074 16617  7.6  6.7  1.20  0.13   8.68   3.12   5.95   6.66  84  4525     1  1.6
