702720 ANCHORAGE/ELMENDORF    AK  -9  N61 15  W149 48    59  1006
 1991-2010
 MO AVGLO FL SDGLO AVDIR FL SDDIR AVDIF FL SDDIF AVETR AETRN  TOT  OPQ   H2O   TAU  MAX_T  MIN_T  AVG_T  AVGDT  RH  HTDD  CLDD AVWS
  1   284 J5    25   509 J7   268   227 J5    13   865  9089  7.5  6.8  0.65  0.07  -6.24 -14.03  -9.90  -8.79  85   882     0  2.7
  2   922 J5    97  1183 J7   519   656 J5    45  2287 12551  7.5  6.5  0.68  0.10  -2.27 -11.26  -6.60  -5.03  81   709     0  2.6
  3  2159 J5   206  2495 J7   881  1271 J5   122  4745 16283  6.6  5.7  0.61  0.12   1.61  -8.60  -3.40  -1.74  68   677     0  3.1
  4  3519 J5   275  3174 J7   752  1990 J5   152  7699 19956  7.1  6.0  0.81  0.14   8.18  -1.66   3.35   4.69  62   452     0  2.8
  5  5118 J5   465  4336 J6  1252  2712 J5   243 10211 23314  7.3  5.6  1.13  0.15  14.31   4.42   9.58  10.45  59   278     0  3.0
  6  5773 J5   310  4672 J6   676  3044 J5   153 11407 25267  7.7  5.8  1.63  0.14  18.31   9.34  13.86  14.42  63   136     1  2.9
  7  4835 J5   395  3463 J7   750  2863 J5   108 10726 24067  8.3  6.9  2.08  0.12  19.31  11.62  15.36  15.90  72    93     4  2.6
  8  3706 J5   286  3111 J7   680  2143 J5   131  8501 20840  7.9  6.8  1.98  0.09  18.21  10.13  14.06  14.97  76   131     2  2.3
  9  2458 J5   156  2583 J7   679  1437 J5   120  5650 17280  7.8  6.5  1.47  0.07  13.13   5.39   9.15  10.35  77   272     0  2.4
 10  1263 J5   114  1695 J7   681   822 J5    75  2977 13614  7.6  6.5  1.01  0.05   4.96  -2.21   1.32   2.61  81   526     0  2.5
 11   427 J5    54   850 J7   508   310 J5    26  1176  9982  7.6  6.7  0.77  0.05  -2.10  -9.28  -5.51  -4.50  84   721     0  2.6
 12   161 J5    17   404 J7   295   131 J5     8   517  7749  7.8  6.8  0.69  0.05  -5.28 -12.75  -8.74  -8.05  87   848     0  2.7
 13  2552 J5    94  2373 J7   343  1467 J5    63  5563 16666  7.6  6.4  1.13  0.10   6.84  -1.58   2.71   3.78  75  5724     7  2.7
 1991
  1   270 J5   147   447 J7   638   216 J5    77   859  9071  7.8  7.3  0.79  0.06  -6.21 -12.65  -9.39  -8.58  65   861     0  1.8
  2   884 J5   402   983 J7  1189   660 J5   215  2264 12506  7.6  6.7  0.82  0.09  -3.86 -12.50  -7.62  -6.42  66   742     0  1.4
  3  1975 J5   822  2337 J7  2236  1166 J5   356  4703 16227  6.5  5.7  0.80  0.11  -1.17  -9.29  -4.89  -3.66  63   730     0  1.6
  4  3302 J5   724  2519 J7  2051  2109 J5   512  7655 19898  7.7  6.5  0.92  0.13   6.15  -1.86   2.31   3.39  57   486     0  1.7
  5  4864 J5  1445  3909 J6  2876  2718 J5   504 10181 23268  7.9  6.3  1.15  0.14  11.76   2.95   7.76   8.45  54   340     0  2.2
  6  6031 J5  1395  5267 J6  2701  2966 J5   445 11402 25258  7.1  5.1  1.77  0.13  16.39   8.14  12.33  12.86  60   182     0  2.2
  7  4829 J5  1332  3393 J6  2705  2926 J5   496 10750 24108  8.3  6.7  2.06  0.11  16.50  10.08  13.21  13.66  70   156     0  1.9
  8  4005 J5   882  3521 J7  2182  2247 J5   500  8541 20895  7.3  6.3  1.84  0.12  17.59   8.84  13.08  14.15  73   159     0  1.6
  9  2371 J5   886  2169 J7  1832  1484 J5   273  5694 17335  8.2  6.9  1.70  0.12  13.43   6.34  10.01  11.01  79   253     0  1.7
 10  1225 J5   563  1518 J7  1695   800 J5   267  3012 13671  7.1  6.4  1.11  0.13   3.41  -4.21  -0.09   1.18  81   581     0  1.6
 11   387 J5   169   418 J7   508   321 J5   102  1193 10030  8.1  7.3  0.99  0.15  -2.26  -8.17  -4.78  -4.02  87   706     0  1.9
 12   140 J5    28    64 J7    90   135 J5    25   519  7758  9.2  8.3  0.88  0.18  -4.42 -10.04  -7.18  -7.20  89   792     0  2.2
 13  2524 J5  2043  2212 J7  1606  1479 J5  1079  5564 16669  7.7  6.6  1.24  0.12   5.61  -1.86   2.06   2.90  70  5989     0  1.8
 1992
  1   263 J5    96   136 J7   301   246 J5    82   852  9045  8.0  7.2  0.90  0.22  -3.87 -11.84  -7.44  -6.54  91   812     0  1.4
  2   860 J5   330   651 J7   758   703 J5   242  2284 12545  6.9  6.1  0.75  0.26  -6.44 -15.69 -10.62  -8.82  91   852     0  1.6
  3  1890 J5   588   917 J7   860  1535 J5   397  4773 16316  7.4  6.5  0.77  0.30  -0.16  -9.86  -4.73  -3.30  77   724     0  1.8
  4  3827 J5   718  2994 J7  1811  2341 J5   516  7726 19990  5.7  4.3  0.83  0.32   5.93  -4.33   1.10   2.44  61   526     0  1.9
  5  5384 J5   984  3751 J6  1999  3181 J5   537 10229 23338  6.4  4.6  1.12  0.31  12.65   3.02   8.13   8.96  52   325     0  2.4
  6  5849 J5  1192  3955 J6  2198  3459 J5   476 11409 25273  7.4  5.1  1.51  0.28  17.49   8.47  13.47  13.94  65   161     0  1.8
  7  4435 J5  1343  2220 J6  1849  3114 J5   440 10712 24044  8.5  7.3  2.09  0.24  18.65  11.76  15.19  15.68  74    97     0  1.4
  8  3582 J5  1203  2297 J7  2155  2374 J5   444  8476 20806  9.0  7.0  1.93  0.20  16.27  10.07  13.13  13.81  77   160     0  1.6
  9  2451 J5   755  2472 J7  2047  1475 J5   366  5623 17249  6.5  5.5  1.10  0.16   7.87  -0.37   4.12   5.43  66   437     0  3.4
 10  1215 J5   470  1512 J7  1383   815 J5   297  2954 13580  6.8  5.7  0.99  0.13   2.70  -5.33  -1.04   0.25  81   609     0  2.9
 11   337 J5   136   280 J7   364   297 J5   106  1163  9953  8.3  7.6  0.98  0.12  -0.47  -7.64  -3.82  -3.13  87   671     0  3.3
 12   143 J5    33   128 J7   195   133 J5    29   515  7743  8.6  7.1  0.76  0.11  -6.95 -13.91 -10.14  -9.61  89   892     0  3.1
 13  2520 J5  2048  1776 J7  1375  1639 J5  1225  5560 16657  7.5  6.2  1.14  0.22   5.31  -2.97   1.45   2.42  76  6266     0  2.2
 1993
  1   258 J5   117   250 J7   340   229 J5    98   874  9122  8.3  7.7  0.60  0.13  -6.17 -14.42  -9.81  -9.03  89   887     0  3.2
  2   856 J5   339   749 J7   988   699 J5   275  2299 12578  8.0  7.2  0.84  0.14  -1.61 -10.88  -6.03  -4.13  83   688     0  2.8
  3  2052 J5   754  1833 J7  1535  1381 J5   449  4752 16295  7.2  5.9  0.66  0.16   2.92  -7.23  -1.93  -0.30  66   635     0  3.3
  4  3324 J5  1029  2563 J7  2258  2087 J5   407  7706 19971  7.2  6.4  0.89  0.18   9.75   0.00   4.91   6.34  62   404     0  2.7
  5  5116 J5  1580  3933 J6  2957  2848 J5   473 10217 23323  6.9  5.2  1.34  0.18  16.31   5.59  11.05  12.04  66   229     0  3.0
  6  5694 J5  1233  4207 J6  2658  3201 J5   565 11408 25272  7.3  5.8  1.56  0.17  19.28   9.57  14.49  15.14  61   117     0  3.4
  7  5365 J5  1603  4666 J6  3210  2718 J5   542 10723 24063  6.9  5.5  2.04  0.14  21.62  12.25  17.14  17.80  65    53    10  3.1
  8  3681 J5  1163  2780 J7  2371  2243 J5   476  8494 20829  8.1  7.1  2.22  0.11  19.25  11.29  15.19  16.03  72    97     2  3.0
  9  2275 J5   791  2234 J7  2220  1416 J5   335  5643 17268  8.2  6.8  1.66  0.08  13.50   5.70   9.42  10.42  73   262     0  3.9
 10  1151 J5   562  1191 J7  1395   836 J5   350  2972 13602  7.7  6.5  1.22  0.06   6.45  -0.14   3.13   4.44  80   470     0  3.2
 11   402 J5   195   695 J7   839   301 J5    98  1172  9972  8.2  7.3  0.83  0.05  -0.83  -7.15  -3.69  -2.85  78   670     0  3.5
 12   145 J5    48   269 J7   360   124 J5    31   516  7747  8.0  7.6  0.82  0.06  -2.18  -9.90  -5.42  -4.40  85   755     0  3.4
 13  2527 J5  2069  2114 J7  1554  1507 J5  1093  5565 16670  7.7  6.6  1.22  0.12   8.19  -0.44   4.04   5.12  73  5268    12  3.2
 1994
  1   255 J5   100   279 J7   313   226 J5    90   867  9094  8.2  7.5  0.83  0.08  -3.80 -10.70  -6.82  -5.73  84   793     0  3.1
  2  1108 J5   530  2448 J7  2016   546 J5   215  2283 12545  4.6  3.7  0.58  0.10  -4.35 -13.86  -9.28  -7.19  68   768     0  4.3
  3  1793 J5   758  1370 J7  1597  1288 J5   368  4729 16261  8.2  7.5  0.66  0.12   0.78  -8.96  -3.81  -2.48  71   695     0  3.8
  4  3339 J5  1052  2678 J7  2223  2046 J5   497  7682 19936  8.0  6.6  0.87  0.14   8.15  -1.13   3.36   4.55  67   445     0  3.1
  5  4877 J5  1445  3471 J6  2566  2921 J5   533 10200 23300  8.3  6.1  1.12  0.15  13.71   3.95   8.92   9.74  60   295     0  3.2
  6  6062 J5  1474  5504 J6  3707  2882 J5   780 11406 25264  7.4  5.3  1.62  0.14  19.02   9.34  14.32  14.95  60   124     0  3.1
  7  4749 J5  1338  3134 J6  2585  3006 J5   567 10736 24080  8.5  7.1  2.15  0.12  20.20  11.07  15.39  16.04  67    84     0  3.0
  8  3769 J5  1090  3169 J7  2361  2157 J5   394  8516 20860  8.0  6.8  2.21  0.09  20.04  11.05  15.13  16.11  71    89     2  3.1
  9  2586 J5   757  2814 J7  2269  1480 J5   432  5667 17298  7.4  5.9  1.36  0.06  13.92   4.84   9.05  10.54  73   268     0  2.6
 10  1132 J5   512  1224 J7  1493   821 J5   334  2991 13633  8.4  7.7  0.94  0.04   3.70  -3.41   0.16   1.46  78   564     0  3.0
 11   396 J5   167   813 J7   946   296 J5   133  1182 10003  7.4  6.9  0.61  0.04  -5.78 -14.57  -9.71  -8.79  84   855     0  3.4
 12   145 J5    48   236 J7   375   128 J5    30   517  7750  8.5  7.9  0.66  0.05  -5.46 -13.70  -9.39  -8.61  89   865     0  3.4
 13  2518 J5  2023  2262 J7  1540  1483 J5  1099  5565 16669  7.7  6.6  1.13  0.09   6.68  -2.17   2.28   3.38  73  5845     3  3.3
 1995
  1   301 J5   130   619 J7   672   233 J5    87   860  9073  8.2  7.0  0.68  0.06  -5.77 -13.85  -9.57  -8.61  88   872     0  2.8
  2   976 J5   470  1508 J7  1488   627 J5   264  2266 12511  7.2  6.0  0.69  0.09  -1.82 -11.51  -6.44  -4.45  76   700     0  3.7
  3  2366 J5   853  3414 J7  2125  1158 J5   392  4706 16231  5.0  4.1  0.50  0.11   0.39 -14.82  -7.29  -4.50  62   792     0  3.8
  4  3330 J5  1146  2863 J7  2629  1985 J5   488  7658 19904  7.7  6.6  0.93  0.13   9.77  -0.03   4.70   6.04  63   404     0  2.9
  5  4869 J5  1364  3790 J6  2564  2762 J5   511 10183 23272  8.3  6.2  1.24  0.14  14.23   4.77   9.48  10.29  65   274     0  3.2
  6  5335 J5  1196  3617 J6  2526  3208 J5   553 11403 25258  8.1  6.9  1.73  0.13  17.86   8.87  13.48  14.02  65   150     1  3.1
  7  4462 J5  1626  2994 J6  2821  2778 J5   451 10748 24102  8.5  7.2  2.14  0.11  19.06  11.44  14.97  15.47  77    95     0  2.8
  8  3622 J5  1236  2948 J7  2764  2139 J5   522  8538 20890  7.7  7.1  1.98  0.08  18.43   9.64  14.01  15.02  81   133     0  2.6
  9  2384 J5   910  2333 J7  2170  1480 J5   347  5691 17331  8.7  6.9  1.81  0.06  14.67   8.07  11.12  12.03  89   209     0  2.4
 10  1228 J5   425   928 J7   840   973 J5   266  3010 13666  8.8  7.7  1.04  0.04   6.25  -0.25   2.97   4.11  81   475     0  2.7
 11   536 J5   237  1856 J7  1430   287 J5   148  1192 10028  4.9  4.3  0.58  0.04  -2.26 -11.59  -7.43  -5.07  75   758     0  3.4
 12   186 J5    50   622 J7   644   138 J5    25   519  7760  7.3  5.5  0.70  0.04  -5.43 -12.82  -8.77  -7.81  81   851     0  3.4
 13  2466 J5  1845  2291 J7  1158  1481 J5  1082  5564 16669  7.5  6.3  1.17  0.09   7.12  -1.84   2.60   3.88  75  5713     1  3.1
 1996
  1   318 J5   128  1043 J7   855   207 J5    75   853  9046  5.7  5.1  0.51  0.06 -11.55 -21.28 -16.72 -14.43  92  1077     0  3.0
  2   873 J5   471   937 J7  1254   653 J5   242  2286 12549  8.4  7.2  0.63  0.09  -5.41 -14.14  -9.47  -7.91  89   815     0  3.6
  3  2305 J5   859  3163 J7  2424  1200 J5   325  4776 16320  5.6  4.7  0.65  0.11   3.96  -8.18  -2.21  -0.05  66   634     0  4.1
  4  3700 J5  1149  3481 J7  2548  2030 J5   364  7729 19994  7.0  5.5  0.79  0.13   9.17  -1.28   3.94   5.43  61   432     0  3.6
  5  5281 J5  1410  4964 J6  3307  2573 J5   653 10232 23342  6.7  5.2  1.13  0.14  15.68   4.79  10.48  11.59  54   251     0  3.4
  6  5930 J5  1268  4949 J6  2913  3007 J5   557 11409 25273  7.3  5.5  1.50  0.13  19.23   8.72  13.89  14.56  55   131     0  3.6
  7  5318 J7  1489  4389 J7  3063  2842 J7   533 10710 24039  8.2  6.1  1.97  0.11  19.55  11.58  15.51  16.09  65    86     0  3.0
  8  4012 J6  1025  3524 J7  1993  2225 J6   405  8472 20803  7.8  6.2  1.81  0.08  17.88   9.19  13.38  14.37  70   149     0  3.0
  9  2544 J5  1103  3072 J7  2790  1291 J5   274  5619 17243  7.4  6.3  1.22  0.06  11.58   2.90   7.16   8.60  66   333     0  3.2
 10  1417 J5   556  2883 J7  2199   685 J5   254  2952 13574  6.2  4.9  0.88  0.04   1.23  -9.68  -4.64  -2.18  75   699     0  3.4
 11   414 J5   191   934 J7  1055   292 J5   117  1162  9947  7.7  6.9  0.83  0.04  -3.69 -11.37  -7.50  -6.44  89   776     0  3.1
 12   175 J5    47   511 J7   531   140 J5    43   515  7742  6.4  5.6  0.60  0.04  -7.90 -17.84 -12.99 -11.70  88   967     0  3.3
 13  2691 J6  2113  2821 J7  1604  1429 J6  1065  5560 16656  7.0  5.8  1.04  0.09   5.81  -3.88   0.90   2.33  72  6349     0  3.3
 1997
  1   277 J5   114   436 J7   459   231 J5    88   875  9125  7.6  7.0  0.60  0.06  -6.80 -15.71 -10.80  -9.88  85   917     0  3.5
  2   879 J5   315   570 J7   495   751 J5   253  2301 12582  9.0  8.1  0.77  0.09   0.47  -7.01  -3.04  -2.00  84   605     0  3.0
  3  2365 J5   762  3213 J7  2272  1248 J5   376  4755 16299  5.1  4.4  0.52  0.11   0.95 -11.84  -5.03  -2.92  65   737     0  4.2
  4  3838 J5  1373  4197 J7  3259  1820 J5   507  7710 19972  6.2  5.1  0.75  0.13   9.40  -1.87   3.85   5.47  55   437     0  3.3
  5  5309 J5  1458  4918 J6  3296  2603 J5   578 10219 23326  7.0  4.9  1.14  0.14  15.49   5.35  10.69  11.56  55   245     0  3.4
  6  6233 J5  1485  6055 J6  3392  2741 J5   626 11409 25271  7.1  4.8  1.58  0.13  20.40  10.93  15.52  16.13  58    88     9  3.2
  7  5003 J5  1375  3784 J6  2793  2846 J5   494 10721 24061  8.0  6.7  2.26  0.11  20.11  12.59  16.26  16.85  72    63     2  2.9
  8  3744 J5  1393  3474 J7  2987  2005 J5   545  8491 20827  7.7  6.5  2.20  0.08  18.43  10.23  14.45  15.46  78   125     1  2.8
  9  2334 J5   797  2066 J7  1823  1505 J5   342  5640 17267  7.9  7.0  1.65  0.06  14.11   5.54   9.73  11.14  82   255     0  2.6
 10  1360 J5   606  2389 J7  2044   727 J5   202  2969 13598  6.0  5.3  0.75  0.04   1.52  -7.44  -2.71  -1.29  79   660     0  3.2
 11   411 J5   175   509 J7   541   341 J5   135  1171  9969  8.8  7.9  0.78  0.04  -0.27  -6.67  -3.23  -2.38  87   654     0  3.1
 12   148 J5    56   252 J7   319   129 J5    37   516  7746  8.4  7.1  0.56  0.04  -5.45 -14.68  -9.25  -8.31  89   880     0  4.0
 13  2658 J5  2131  2655 J7  1940  1412 J5   995  5565 16670  7.4  6.2  1.13  0.09   7.36  -1.71   3.04   4.15  74  5667    11  3.3
 1998
  1   293 J5    99   467 J7   614   246 J5    95   868  9101  7.5  6.9  0.68  0.06  -7.03 -15.55 -11.39  -9.80  89   918     0  3.4
  2  1011 J5   435  1471 J7  1526   666 J5   205  2285 12546  7.6  6.5  0.81  0.09   0.08 -10.14  -4.98  -3.07  83   654     0  3.1
  3  1958 J5   589  1663 J7  1486  1369 J5   350  4732 16267  7.6  6.7  0.80  0.11   4.02  -7.48  -2.27   0.00  71   622     0  3.3
  4  3137 J5  1303  2490 J7  2615  1918 J5   329  7686 19939  8.0  6.9  0.88  0.13   8.10  -1.68   3.45   4.85  63   454     0  3.5
  5  4429 J5  1386  2870 J6  2360  2846 J5   403 10202 23302  9.0  7.1  1.13  0.14  11.72   3.55   7.75   8.37  64   332     0  3.7
  6  5688 J5  1531  4523 J6  2929  3021 J5   443 11406 25265  8.3  6.2  1.75  0.13  17.71   9.69  13.63  14.08  71   139     0  3.2
  7  4636 J5  1199  2963 J6  2490  2957 J5   526 10734 24078  8.7  7.4  1.95  0.11  18.56  10.56  14.71  15.32  74   117     0  2.9
  8  3398 J5  1217  2478 J7  2340  2141 J5   314  8513 20857  8.7  7.3  1.82  0.08  15.90   9.09  12.49  13.28  77   182     1  3.2
  9  2428 J5   720  2183 J7  1615  1568 J5   288  5664 17294  8.4  6.8  1.47  0.06  14.07   5.93   9.90  11.30  73   250     0  3.3
 10  1421 J5   591  2233 J7  1977   820 J5   224  2988 13631  6.8  5.7  0.87  0.04   7.30  -2.02   2.31   4.28  74   486     0  3.1
 11   431 J5   185   650 J7   685   340 J5   130  1181  9998  8.4  7.2  0.83  0.04  -1.53  -8.98  -4.98  -3.70  89   708     0  2.7
 12   161 J5    53   332 J7   373   136 J5    39   517  7750  8.4  7.2  0.56  0.04  -7.94 -14.98 -10.93 -10.19  91   923     0  3.3
 13  2416 J5  1856  2027 J7  1204  1502 J5  1078  5565 16669  8.1  6.8  1.13  0.09   6.75  -1.83   2.47   3.73  77  5784     1  3.2
 1999
  1   301 J5   148   607 J7   871   228 J5    79   861  9077  7.4  6.6  0.52  0.06  -7.62 -15.84 -11.66 -10.71  85   932     0  4.0
  2   991 J5   302  1725 J7  1279   639 J5   244  2268 12517  6.9  5.4  0.39  0.09  -8.68 -20.46 -15.03 -12.61  83   921     0  2.9
  3  2058 J5   695  2156 J7  1907  1309 J5   386  4709 16234  7.1  6.1  0.55  0.11   1.55  -9.81  -3.83  -1.98  71   696     0  3.5
  4  3299 J5  1099  2521 J7  2298  2057 J5   381  7662 19909  7.8  7.0  0.72  0.13   7.07  -2.28   2.47   3.65  63   478     0  3.5
  5  5169 J5  1382  4534 J6  3048  2670 J5   541 10185 23277  7.4  5.4  0.88  0.14  13.68   3.54   8.85   9.80  56   301     0  3.7
  6  5235 J5  1723  3877 J6  3406  3010 J5   541 11403 25258  8.1  6.5  1.59  0.13  18.75   9.18  13.99  14.58  61   131     0  3.3
  7  4930 J5  1592  3680 J6  2979  2841 J5   584 10746 24100  8.1  6.6  2.11  0.11  19.42  11.29  15.33  15.90  71    98     6  3.2
  8  3652 J5  1138  2929 J7  2392  2158 J5   423  8535 20885  8.7  7.0  2.16  0.08  17.88  10.61  14.01  14.79  80   128     1  2.7
  9  2398 J5   727  2110 J7  1810  1557 J5   343  5688 17325  8.8  7.1  1.43  0.06  13.70   6.00   9.58  10.75  80   254     0  3.1
 10  1162 J5   443  1231 J7  1503   849 J5   282  3007 13665  8.8  7.5  0.91  0.04   4.33  -2.30   1.12   2.09  81   537     0  3.7
 11   457 J5   206   749 J7   773   353 J5   148  1191 10025  7.5  6.5  0.68  0.04  -3.33 -12.67  -7.69  -6.15  84   790     0  3.3
 12   167 J5    51   416 J7   538   138 J5    35   519  7760  8.0  7.0  0.64  0.04  -6.48 -14.81 -10.47  -9.67  86   898     0  4.0
 13  2485 J5  1935  2211 J7  1351  1484 J5  1052  5564 16669  7.9  6.6  1.05  0.09   5.86  -3.13   1.39   2.54  75  6165     7  3.4
 2000
  1   229 J5    82   218 J7   376   209 J5    74   854  9050  8.5  8.1  0.53  0.06  -6.77 -14.75 -10.17  -9.02  87   902     0  3.7
  2   860 J5   359   731 J7   866   688 J5   221  2288 12551  8.6  7.5  0.65  0.09   1.59  -7.48  -3.10  -1.34  87   617     0  3.2
  3  1941 J5   696  1528 J7  1613  1392 J5   373  4779 16324  8.6  7.1  0.63  0.11   4.84  -5.23  -0.45   1.42  73   574     0  3.6
  4  3550 J5  1273  3166 J7  2425  2011 J5   392  7732 19997  7.6  6.1  0.73  0.13  10.00  -1.18   4.48   6.08  59   418     0  3.5
  5  4831 J5  1370  3877 J6  2884  2686 J5   579 10234 23345  7.4  6.1  0.89  0.14  14.20   2.71   8.97   9.99  54   306     0  3.9
  6  5878 J5  1284  4866 J6  2527  3069 J5   373 11409 25274  8.3  5.6  1.35  0.13  19.24   9.07  14.24  14.85  60   126     0  3.7
  7  4641 J5  1336  2820 J6  2185  3026 J5   446 10708 24034  9.0  7.6  1.73  0.11  18.42  11.10  14.44  14.94  75   111     1  3.3
  8  3715 J5  1063  2957 J7  2222  2244 J5   490  8469 20799  8.0  6.7  1.68  0.08  17.97   8.70  13.29  14.35  72   155     0  3.1
  9  2246 J5   814  2150 J7  1906  1412 J5   338  5616 17240  7.8  7.0  1.20  0.06  12.77   4.03   8.49   9.94  69   298     0  3.3
 10  1186 J5   418  1315 J7  1261   856 J5   313  2950 13571  8.1  7.1  0.91  0.04   5.42  -1.84   1.57   2.90  77   513     0  3.1
 11   397 J5   184   579 J7   899   319 J5   124  1161  9942  8.5  7.6  0.80  0.04   1.93  -5.03  -1.65  -0.49  83   596     0  3.2
 12   148 J5    52   220 J7   360   133 J5    44   515  7741  8.5  7.6  0.73  0.04  -1.03  -8.19  -4.55  -4.00  87   711     0  3.3
 13  2468 J5  1998  2036 J7  1518  1504 J5  1089  5560 16656  8.2  7.0  0.99  0.09   8.21  -0.67   3.80   4.97  74  5327     1  3.4
 2001
  1   251 J5   116   169 J7   240   230 J5    90   876  9130  8.9  8.2  0.65  0.06   0.79  -5.90  -2.32  -1.56  85   647     0  3.5
  2   813 J5   342   783 J7  1087   635 J5   193  2303 12585  8.5  7.7  0.62  0.09   0.00  -9.29  -4.49  -3.00  85   643     0  3.3
  3  2002 J5   874  2074 J7  2367  1249 J5   339  4758 16301  7.5  6.6  0.59  0.11   3.45  -5.35  -1.13   0.33  68   598     0  4.4
  4  3411 J5  1176  2695 J7  2136  2081 J5   378  7713 19977  8.1  6.5  0.69  0.13   8.70  -1.07   3.97   5.21  64   435     0  3.6
  5  4805 J5  1391  3602 J6  2823  2804 J5   551 10221 23329  8.1  6.4  0.88  0.14  12.52   3.10   8.04   8.82  61   326     0  3.7
  6  6101 J5  1376  5395 J6  2938  2939 J5   548 11409 25272  7.1  5.3  1.54  0.13  20.57  10.69  15.87  16.53  55    84     3  3.5
  7  4144 J5  1636  2462 J6  2603  2735 J5   463 10719 24058  9.3  7.8  1.91  0.11  18.29  12.03  14.87  15.31  79    98     0  3.0
  8  3118 J5  1247  1966 J7  2618  2148 J5   468  8488 20824  8.6  7.9  1.92  0.08  19.16  11.45  15.09  16.01  77    94     1  2.7
  9  2508 J5   968  2849 J7  2571  1397 J5   389  5637 17261  7.5  6.1  1.37  0.06  14.53   5.43   9.75  11.35  79   250     0  2.7
 10  1177 J5   434  1465 J7  1458   805 J5   239  2967 13595  8.2  7.2  0.82  0.04   2.33  -4.71  -1.24  -0.12  87   605     0  3.4
 11   413 J5   178   844 J7   911   302 J5   105  1170  9967  7.5  6.7  0.72  0.04  -4.57 -12.60  -8.48  -7.15  93   807     0  2.9
 12   171 J5    63   561 J7   683   129 J5    29   516  7746  7.7  6.6  0.52  0.04  -8.90 -17.52 -12.97 -12.13  92   978     0  3.3
 13  2410 J5  1949  2072 J7  1477  1455 J5  1056  5565 16670  8.1  6.9  1.02  0.09   7.24  -1.14   3.08   4.13  77  5567     4  3.3
 2002
  1   270 J5   162   389 J7   699   223 J5   114   869  9103  8.6  7.8  0.85  0.06  -1.84  -8.84  -5.13  -3.85  88   734     0  3.1
  2   945 J5   459  1009 J7  1204   704 J5   263  2287 12551  8.1  7.2  0.64  0.09  -1.68 -12.29  -6.56  -4.72  83   709     0  3.4
  3  2411 J5   927  3925 J7  2696  1042 J5   352  4735 16270  4.6  4.0  0.50  0.11   0.23 -13.48  -6.27  -3.69  69   774     0  3.5
  4  3574 J5  1337  4016 J7  3440  1746 J5   530  7689 19942  5.6  4.8  0.77  0.13   5.80  -5.87   0.29   1.98  62   551     0  3.7
  5  5612 J5  1550  5720 J6  3405  2491 J5   602 10204 23304  6.5  4.2  1.24  0.14  16.20   4.87  10.77  11.82  57   242     0  3.0
  6  5694 J5  1472  4533 J6  3008  3055 J5   603 11406 25265  7.9  5.9  1.76  0.13  17.74   9.01  13.44  13.99  68   149     1  2.6
  7  5271 J5  1305  4336 J6  2833  2835 J5   592 10732 24076  8.2  6.3  2.22  0.11  20.77  12.06  16.32  16.94  67    64     4  2.8
  8  3624 J5  1520  3126 J7  2989  2020 J5   368  8510 20853  7.9  6.8  2.09  0.08  18.55  10.52  14.57  15.45  76   121     3  2.4
  9  2248 J5   828  1863 J7  2150  1500 J5   333  5661 17292  8.4  7.4  1.72  0.06  13.67   6.43   9.98  11.06  81   248     0  2.3
 10  1218 J5   538  1447 J7  1726   825 J5   272  2986 13628  8.2  6.8  1.43  0.04   7.97   1.58   4.72   5.71  86   420     0  2.7
 11   402 J5   188   494 J7   799   332 J5   137  1180  9992  8.6  7.8  1.20  0.04   3.94  -2.20   0.80   1.77  93   524     0  2.2
 12   143 J5    50   219 J7   252   127 J5    41   517  7750  8.8  7.7  0.85  0.04  -2.10  -8.81  -5.34  -4.86  92   737     0  2.1
 13  2618 J5  2108  2590 J7  1905  1408 J5  1027  5565 16669  7.6  6.4  1.27  0.09   8.27  -0.58   3.97   5.13  77  5272     8  2.8
 2003
  1   292 J5   112   468 J7   632   239 J5    81   862  9081  8.1  7.2  0.87  0.06  -3.65 -10.87  -7.05  -5.96  90   793     0  2.5
  2   699 J5   291   420 J7   720   608 J5   201  2270 12527  9.1  8.4  1.05  0.09   1.70  -3.12  -0.62   0.01  89   533     0  2.5
  3  2363 J5   938  3530 J7  2619  1122 J5   367  4712 16239  5.2  4.3  0.54  0.11   1.52  -7.86  -3.19  -1.70  61   667     0  3.8
  4  3683 J5  1221  3669 J7  2732  1898 J5   418  7665 19914  6.7  5.6  0.86  0.13   9.57  -1.12   4.56   6.19  57   423     0  2.8
  5  4578 J5  1559  3206 J6  2731  2734 J5   481 10187 23280  7.9  7.0  1.12  0.14  14.62   4.33   9.79  10.62  59   275     0  2.8
  6  5412 J5  1563  4107 J6  3162  2971 J5   609 11403 25258  8.1  6.3  1.81  0.13  18.53   9.86  14.15  14.69  58   125     1  2.7
  7  5091 J5  1696  4223 J6  3336  2692 J5   565 10744 24098  8.0  6.2  2.37  0.11  21.97  13.16  17.48  18.09  51    45    21  3.1
  8  3496 J5  1432  2681 J7  2844  2145 J5   394  8532 20879  8.3  7.3  2.12  0.08  18.78  10.68  14.61  15.49  60   118     6  2.4
  9  2773 J5   978  3705 J7  2918  1310 J5   470  5684 17320  6.8  5.4  1.45  0.06  13.70   4.35   9.02  10.37  64   279     0  2.5
 10  1166 J5   445  1248 J7  1411   845 J5   255  3005 13658  8.3  7.1  1.33  0.04   7.45   0.64   3.73   5.12  87   443     0  2.0
 11   404 J5   159   601 J7   833   330 J5   132  1190 10022  7.7  6.8  0.85  0.04  -3.43 -10.39  -6.68  -5.79  88   757     0  2.9
 12   161 J5    61   344 J7   546   135 J5    43   519  7759  8.4  7.6  0.69  0.04  -5.98 -13.94  -9.64  -8.77  92   877     0  2.4
 13  2510 J5  1948  2350 J7  1594  1419 J5  1037  5564 16670  7.7  6.6  1.25  0.09   7.90  -0.36   3.85   4.86  71  5335    28  2.7
 2004
  1   305 J5   117   829 J7   794   221 J5    93   855  9054  6.2  5.5  0.47  0.06 -10.35 -19.92 -15.13 -13.37  87  1037     0  2.9
  2   865 J5   423   925 J7  1215   650 J5   219  2290 12552  8.2  7.2  0.82  0.09   0.52  -8.59  -4.01  -2.24  81   649     0  2.3
  3  2054 J5  1028  2223 J7  2797  1222 J5   390  4782 16329  7.2  6.6  0.63  0.11   0.81  -9.39  -3.96  -2.32  71   701     0  2.7
  4  2994 J5   977  1900 J7  1936  2090 J5   520  7735 20000  8.3  7.4  1.02  0.13   8.80  -1.03   4.04   5.33  64   433     0  2.8
  5  4555 J5  1134  2998 J6  2029  2878 J5   484 10236 23350  8.4  6.9  1.60  0.14  16.36   6.39  11.48  12.42  65   216     0  2.8
  6  6075 J5  1498  5444 J6  3347  2943 J5   649 11409 25272  7.3  5.1  2.03  0.13  20.43  10.37  15.36  16.04  66    93     6  2.8
  7  5212 J5  1407  4162 J6  3020  2847 J5   590 10706 24032  8.2  6.3  2.38  0.11  22.10  13.08  17.51  18.14  67    39    16  2.7
  8  4326 J5  1003  4516 J7  2587  2102 J5   525  8466 20796  6.6  5.5  2.19  0.08  23.16  11.55  17.36  18.68  66    41    11  2.3
  9  2471 J5  1122  3061 J7  2737  1254 J5   375  5613 17234  7.2  6.0  1.34  0.06  11.70   3.27   7.36   8.63  73   325     0  2.1
 10  1162 J5   472   980 J7  1158   897 J5   292  2947 13566  8.6  7.8  1.18  0.04   6.48   0.10   3.27   4.31  90   466     0  1.9
 11   363 J5   190   470 J7   775   298 J5   115  1160  9941  8.8  8.0  0.93  0.04   0.57  -5.87  -2.44  -1.69  89   629     0  2.3
 12   160 J5    53   368 J7   522   134 J5    38   515  7741  8.1  7.0  0.75  0.04  -3.08 -10.68  -6.44  -6.06  92   782     0  2.5
 13  2545 J5  2077  2323 J7  1715  1461 J5  1073  5560 16656  7.7  6.6  1.28  0.09   8.12  -0.89   3.70   4.82  76  5412    32  2.5
 2005
  1   318 J5   163   761 J7  1028   226 J5    74   877  9130  6.4  5.7  0.74  0.06  -4.65 -13.84  -9.08  -7.32  85   855     0  2.0
  2   947 J5   386  1259 J7  1349   686 J5   315  2306 12587  7.2  6.2  0.69  0.09  -1.89 -12.75  -7.02  -5.09  79   718     0  1.9
  3  2145 J5   784  2010 J7  1628  1406 J5   347  4761 16309  8.1  6.5  0.80  0.11   4.74  -3.77   0.50   1.89  64   553     0  2.4
  4  3818 J5  1414  4213 J7  3110  1781 J5   321  7716 19978  6.4  5.0  0.94  0.13  11.67  -0.20   5.85   7.57  57   378     0  2.3
  5  4848 J5  1271  3625 J6  2444  2820 J5   514 10223 23333  7.7  6.4  1.41  0.14  17.26   6.42  12.11  13.14  58   201     0  2.2
  6  6154 J5  1189  5334 J6  2583  3043 J5   547 11409 25272  7.5  5.1  1.91  0.13  20.60  10.53  15.53  16.18  56    85     2  2.3
  7  5172 J5  1411  4010 J6  2738  2828 J5   614 10717 24053  7.8  6.8  2.26  0.11  22.07  13.46  17.68  18.34  64    29    12  2.3
  8  3890 J5  1441  3770 J7  3354  1977 J5   499  8485 20819  7.3  6.1  2.22  0.08  20.13  11.32  15.51  16.45  69    85     4  2.0
  9  2499 J5   899  2543 J7  2163  1461 J5   337  5634 17258  8.4  6.9  1.82  0.06  14.77   7.83  11.00  12.12  75   211     0  2.4
 10  1306 J5   454  1641 J7  1406   892 J5   295  2965 13592  7.6  6.4  1.04  0.04   6.32  -1.16   2.37   3.97  76   488     0  1.9
 11   420 J5   236   951 J7  1464   283 J5   112  1169  9962  7.5  6.9  0.63  0.04  -5.89 -12.97  -9.16  -7.92  78   833     0  2.1
 12   158 J5    47   242 J7   270   141 J5    37   516  7743  8.7  7.4  1.02  0.04  -1.39  -7.39  -4.02  -3.34  86   704     0  1.7
 13  2639 J5  2088  2530 J7  1628  1462 J5  1052  5565 16669  7.6  6.3  1.29  0.09   8.64  -0.21   4.27   5.50  71  5141    18  2.1
 2006
  1   302 J6   124   609 J7   552   233 J6    79   869  9106  6.9  6.0  0.48  0.06 -11.38 -19.40 -15.00 -13.87  91  1045     0  1.5
  2   954 J5   420  1292 J7  1524   655 J5   171  2289 12555  7.6  6.8  0.55  0.09   0.19  -9.07  -4.57  -3.24  82   637     0  2.6
  3  2376 J5   716  3040 J7  2279  1303 J5   376  4738 16276  6.2  5.2  0.52  0.11   1.11  -8.27  -3.34  -1.94  68   679     0  2.1
  4  3631 J5  1046  3124 J7  2226  2101 J5   413  7692 19946  7.8  6.2  0.69  0.13   8.95  -1.17   3.95   5.39  64   433     0  2.6
  5  5365 J5  1373  4682 J6  2986  2770 J5   530 10206 23306  7.5  5.4  1.08  0.14  13.96   4.87   9.60  10.46  66   276     0  2.7
  6  5708 J5  1407  4530 J6  3265  3084 J5   609 11406 25265  8.1  6.0  1.54  0.13  18.53   9.79  14.13  14.66  61   126     1  2.5
  7  4926 J5  1286  3468 J6  2470  2937 J5   403 10730 24072  8.3  6.9  1.89  0.11  18.50  10.15  14.28  14.87  75   124     0  2.2
  8  3298 J5  1056  2199 J7  2186  2193 J5   436  8507 20849  8.9  7.9  1.84  0.08  16.04   7.71  11.98  12.86  88   200     0  2.0
  9  2466 J5   970  2623 J7  2239  1422 J5   346  5658 17291  8.0  6.4  1.49  0.06  13.53   6.11   9.69  10.62  86   255     0  1.6
 10  1215 J5   501  1317 J7  1385   879 J5   302  2983 13626  8.4  6.7  1.05  0.04   6.66   0.80   3.74   4.70  87   453     0  1.9
 11   562 J5   228  2202 J7  1391   264 J5   119  1179  9991  3.9  3.1  0.30  0.04  -6.23 -16.33 -11.04  -9.91  82   888     0  2.1
 12   165 J6    53   348 J7   468   139 J6    41   517  7750  8.0  7.1  0.63  0.04  -3.22 -10.95  -6.99  -6.74  87   788     0  2.4
 13  2581 J5  2007  2453 J7  1406  1498 J5  1094  5565 16669  7.5  6.2  1.01  0.09   6.39  -2.15   2.20   3.15  78  5906     1  2.2
 2007
  1   279 J6   119   337 J7   416   242 J6    95   862  9082  8.3  7.3  0.58  0.06  -5.73 -12.24  -8.78  -7.89  79   847     0  2.0
  2  1120 J5   480  2103 J7  1671   623 J5   156  2272 12529  5.1  4.0  0.52  0.09  -2.07 -11.14  -6.35  -4.99  82   698     0  1.9
  3  2497 J5   784  3892 J7  2297  1146 J5   357  4714 16241  4.3  3.4  0.30  0.11   0.55  -9.45  -4.30  -2.88  73   706     0  2.9
  4  3352 J5  1012  2415 J7  1935  2174 J5   382  7668 19919  8.4  7.0  0.80  0.13   8.49  -1.19   3.73   4.96  62   440     0  1.9
  5  4829 J5  1355  3550 J6  2792  2853 J5   548 10190 23280  8.4  6.5  1.12  0.14  13.83   4.75   9.44  10.26  62   280     0  2.4
  6  5905 J5  1313  4674 J6  2730  3174 J5   552 11403 25259  7.7  5.7  1.49  0.13  17.00   8.79  12.95  13.47  73   164     1  2.6
  7  4582 J5  1361  2942 J6  2765  2888 J5   511 10742 24094  8.6  7.4  2.00  0.11  17.81  11.53  14.49  14.93  88   113     0  1.7
  8  4117 J5  1261  4360 J7  3408  1976 J5   592  8529 20875  6.6  5.5  1.94  0.08  18.55  10.50  14.37  15.25  88   118     0  1.4
  9  2485 J5   743  2259 J7  1654  1557 J5   337  5681 17318  8.5  7.2  1.47  0.06  13.16   6.92   9.97  10.94  90   249     0  1.4
 10  1374 J5   565  1799 J7  1886   863 J5   249  3002 13653  8.0  6.8  0.84  0.04   4.43  -1.28   1.48   2.49  86   519     0  1.4
 11   411 J6   198   497 J7   706   340 J6   146  1189 10020  8.4  7.3  0.83  0.04   1.22  -4.01  -1.29  -0.82  94   592     0  1.5
 12   160 J6    67   447 J7   703   125 J6    35   518  7759  7.7  6.5  0.60  0.04  -5.42 -11.04  -8.08  -7.27  91   823     0  1.8
 13  2593 J5  1966  2440 J7  1508  1497 J5  1102  5564 16669  7.5  6.2  1.04  0.09   6.82  -0.66   3.14   4.04  81  5551     2  1.9
 2008
  1   284 J6   119   507 J7   844   228 J6    78   856  9058  7.7  6.9  0.52  0.06  -8.18 -15.06 -11.08 -10.43  93   928     0  1.5
  2   983 J5   328  1465 J7  1236   685 J5   284  2292 12557  6.2  5.1  0.52  0.09  -5.26 -15.32 -10.07  -8.43  81   830     0  1.9
  3  2096 J5   774  1816 J7  1675  1416 J5   353  4785 16334  8.1  7.1  0.65  0.11   2.13  -4.62  -1.27  -0.39  73   607     0  1.8
  4  3554 J5  1533  3632 J7  3087  1809 J5   496  7738 20004  6.9  5.6  0.75  0.13   4.59  -3.29   0.63   1.48  72   530     0  1.9
  5  5461 J5  1346  4715 J6  3041  2794 J5   537 10238 23353  7.9  5.3  0.96  0.14  12.42   3.92   8.31   9.06  61   315     0  2.7
  6  5389 J5  1435  3741 J6  2529  3183 J5   485 11410 25272  8.8  6.6  1.46  0.13  14.60   8.00  11.25  11.62  76   211     0  2.7
  7  3985 J5  1464  2161 J6  2599  2761 J5   537 10704 24031  9.2  8.1  1.92  0.11  16.24  10.27  13.16  13.59  86   157     0  2.2
  8  3566 J5  1095  2483 J7  1921  2292 J5   322  8463 20793  8.6  7.5  1.68  0.08  16.17  10.01  12.88  13.60  88   162     0  1.7
  9  2434 J5   738  2219 J7  1587  1543 J5   351  5610 17228  8.8  7.2  1.43  0.06  11.82   6.33   8.83   9.82  82   278     0  1.0
 10  1296 J5   466  2087 J7  1903   793 J5   308  2945 13563  7.1  5.9  0.71  0.04   1.52  -4.59  -1.62  -0.62  74   616     0  1.7
 11   443 J5   193   709 J7   860   339 J5   108  1159  9936  8.4  7.1  0.63  0.04  -3.84  -9.71  -6.43  -5.82  79   753     0  1.7
 12   157 J5    44   439 J7   533   124 J5    28   515  7742  8.0  7.0  0.60  0.04  -7.87 -14.49 -10.91 -10.43  80   915     0  1.7
 13  2471 J5  1909  2164 J7  1339  1497 J5  1081  5560 16656  8.0  6.6  0.99  0.09   4.53  -2.38   1.14   1.92  79  6303     0  1.9
 2009
  1   290 J6   112   496 J7   534   238 J6    89   878  9132  7.0  6.4  0.59  0.06  -8.43 -14.94 -11.73 -11.08  75   931     0  2.3
  2   944 J5   436  1487 J7  1501   612 J5   228  2308 12592  7.3  6.5  0.52  0.09  -5.43 -12.66  -8.67  -7.87  75   766     0  1.9
  3  2183 J5   796  2494 J7  2176  1305 J5   428  4764 16312  6.8  5.6  0.55  0.11  -1.57  -9.71  -5.43  -4.51  62   743     0  2.8
  4  4156 J5  1252  4830 J7  2853  1794 J5   392  7719 19982  5.6  4.3  0.68  0.13   6.77  -1.78   2.46   3.51  64   475     0  2.1
  5  6285 J5  1243  7790 J6  3266  2064 J5   609 10225 23336  3.0  2.4  0.96  0.14  14.88   4.57  10.04  10.94  56   267     0  2.5
  6  5834 J5  1307  4755 J6  2822  3055 J5   587 11409 25273  7.4  5.9  1.46  0.13  16.90   8.75  12.75  13.27  65   165     0  2.7
  7  5292 J5  1212  4198 J6  2253  2880 J5   309 10715 24048  7.8  6.3  2.10  0.11  19.52  12.14  15.70  16.23  72    83     5  2.2
  8  3936 J5  1144  3396 J7  2541  2255 J5   456  8482 20814  7.7  6.9  1.75  0.08  17.24   9.62  13.36  14.24  76   152     0  1.7
  9  2386 J5   889  2170 J7  1921  1522 J5   372  5631 17254  8.4  7.0  1.43  0.06  12.99   5.98   9.28  10.32  78   265     0  1.4
 10  1282 J5   506  1787 J7  1772   825 J5   299  2962 13587  7.4  6.2  1.23  0.04   7.38   1.71   4.58   5.60  79   427     0  1.7
 11   441 J5   230  1032 J7  1235   295 J5   118  1168  9960  7.1  6.0  0.57  0.04  -4.14 -11.05  -7.38  -6.60  73   778     0  1.7
 12   174 J6    54   582 J7   791   131 J6    39   516  7744  7.2  6.3  0.72  0.04  -4.90 -10.98  -7.75  -7.47  82   814     0  1.5
 13  2767 J5  2251  2918 J7  2165  1415 J5  1018  5565 16670  6.9  5.8  1.05  0.09   5.93  -1.53   2.27   3.05  71  5866     5  2.0
 2010
  1   324 J5   146  1111 J7  1037   196 J5    69   870  9110  5.5  4.8  0.68  0.06  -5.78 -13.00  -8.98  -8.07  78   859     0  1.8
  2   881 J5   326  1153 J7  1041   627 J5   189  2291 12564  7.7  6.8  0.72  0.09  -1.36  -7.35  -3.99  -3.19  76   635     0  1.5
  3  2358 J5   813  3311 J7  2522  1159 J5   359  4741 16280  5.6  5.0  0.58  0.11   1.23  -7.40  -3.10  -1.86  65   664     0  2.4
  4  3560 J5  1068  3512 J7  2953  1925 J5   521  7695 19954  6.3  5.6  0.74  0.13   6.79  -0.81   3.03   3.97  62   460     0  2.2
  5  5882 J5  1285  6806 J6  3074  2223 J5   502 10209 23309  4.6  3.6  1.03  0.14  14.67   4.86   9.94  10.77  56   265     0  2.6
  6  5249 J5  1600  4115 J6  3062  2871 J5   619 11406 25266  7.9  6.6  1.53  0.13  15.91   9.05  12.48  12.91  69   176     0  2.5
  7  4664 J5  1444  3248 J6  2798  2797 J5   567 10728 24069  8.5  7.3  2.01  0.11  16.75  10.73  13.50  13.88  77   142     0  1.9
  8  3574 J5  1405  3646 J7  3404  1821 J5   526  8504 20843  7.3  6.3  1.95  0.08  16.83  10.45  13.40  14.08  82   145     0  1.6
  9  2872 J5   920  4766 J7  2946  1095 J5   446  5654 17283  5.1  4.4  1.36  0.06  13.20   6.18   9.53  10.64  76   259     0  1.8
 10  1562 J5   540  3697 J7  2003   630 J5   301  2981 13621  4.8  4.3  0.89  0.04   6.40  -0.65   2.64   3.85  74   479     0  1.6
 11   506 J5   230  1719 J7  1377   272 J5   135  1178  9988  5.8  4.7  0.77  0.04  -1.26  -6.61  -3.60  -3.02  78   668     0  2.3
 12   210 J5    48  1486 J7   859   105 J5    34   517  7750  3.0  2.3  0.49  0.04  -9.49 -18.40 -13.56 -12.34  77  1001     0  1.9
 13  2637 J5  1985  3214 J7  1666  1310 J5   995  5565 16670  6.0  5.2  1.06  0.09   6.16  -1.08   2.61   3.47  72  5754     0  2.0
