722060 JACKSONVILLE INTL ARPT FL  -5  N30 30  W081 42     8  1012
 1991-2010
 MO AVGLO FL SDGLO AVDIR FL SDDIR AVDIF FL SDDIF AVETR AETRN  TOT  OPQ   H2O   TAU  MAX_T  MIN_T  AVG_T  AVGDT  RH  HTDD  CLDD AVWS
  1  2955 K5   388  4003 K6  1072  1121 K5   103  5903 14677  5.4  4.9  1.94  0.08  18.06   6.04  11.72  14.36  76   202     7  3.2
  2  3740 K5   429  4487 K6  1062  1350 K5   151  7226 15526  5.3  4.8  1.93  0.09  19.55   7.25  13.14  15.78  74   149     9  3.3
  3  4802 K5   445  4925 K6   901  1774 K5   148  8861 16523  4.9  4.3  2.09  0.11  22.61  10.08  16.24  18.67  72    89    28  3.6
  4  5962 K5   364  5506 K6   759  2160 K5   173 10281 17486  4.4  3.8  2.35  0.15  25.73  13.03  19.39  21.89  71    32    63  3.4
  5  6421 K5   453  5378 K6   807  2509 K5   174 11146 18251  4.4  3.9  3.11  0.19  29.36  17.62  23.34  25.39  73     2   162  3.2
  6  6030 K5   513  4487 K6   991  2684 K5   262 11448 18587  5.4  4.6  4.25  0.21  31.51  21.38  25.84  27.55  79     0   244  2.9
  7  6145 K5   435  4707 K6   795  2635 K5   195 11239 18313  5.0  4.1  4.65  0.23  32.77  22.74  27.00  28.68  79     0   292  2.6
  8  5541 K5   425  4189 K6   824  2513 K5   221 10507 17555  5.2  4.4  4.77  0.22  32.01  22.81  26.72  28.40  81     0   281  2.6
  9  4624 K5   488  3763 K6   918  2180 K5   160  9270 16619  5.4  4.8  4.25  0.19  29.88  21.19  25.05  26.97  82     0   216  2.9
 10  3903 K5   421  3904 K6   881  1691 K5   125  7683 15649  5.0  4.5  3.15  0.15  26.42  16.12  20.87  23.20  80    15   106  2.8
 11  3222 K5   307  4016 K6   858  1266 K5   128  6206 14785  4.8  4.4  2.37  0.11  22.32  10.46  16.05  18.67  79    87    29  2.8
 12  2670 K5   303  3677 K6   903  1073 K5   109  5477 14358  5.5  5.0  2.08  0.09  18.58   6.89  12.38  15.03  79   183    10  2.9
 13  4668 K5   256  4420 K6   675  1913 K5   134  8771 16527  5.1  4.5  3.08  0.15  25.73  14.63  19.81  22.05  77   759  1448  3.0
 1991
  1  2107 I5  1120  2032 I6  2268  1149 I5   275  5897 14671  7.8  7.3  2.48  0.07  18.31   8.47  13.30  15.24  83   165    12  3.5
  2  3491 I5  1215  3756 I6  2770  1499 I5   412  7207 15513  6.0  5.3  2.15  0.08  20.63   8.75  14.57  17.20  70   115    13  3.8
  3  4326 I5  1577  3962 I6  2939  1843 I5   547  8836 16507  6.5  5.2  2.36  0.10  23.98  12.22  17.87  19.86  69    59    52  4.4
  4  5067 I5  1414  3752 I6  2432  2454 I5   533 10262 17473  6.4  5.5  2.99  0.14  27.41  17.13  21.85  23.84  79     6   124  3.2
  5  5558 I5  1339  3894 I6  2188  2707 I5   439 11136 18240  6.3  5.4  3.91  0.18  30.76  21.15  25.49  27.10  78     0   236  3.3
  6  5592 I5  1334  3518 I6  1905  2996 I5   497 11447 18586  6.2  5.2  4.35  0.20  31.46  21.55  25.98  27.69  78     0   245  3.2
  7  5678 I5  1003  3665 I6  1615  2890 I5   420 11246 18322  6.7  5.8  4.88  0.22  33.57  23.69  27.50  29.10  79     0   319  3.2
  8  5367 I5   987  3477 I6  1642  2857 I5   405 10523 17570  6.0  4.6  4.76  0.25  32.86  23.40  27.30  29.08  79     0   304  3.0
  9  4507 I5  1431  3286 I6  2144  2384 I5   496  9293 16636  5.0  4.4  4.10  0.26  31.09  21.06  25.58  27.83  79     0   232  3.3
 10  3612 I5  1162  2741 I6  1931  1981 I5   367  7708 15664  5.3  4.8  3.08  0.25  26.93  16.10  21.20  23.70  78     7   106  3.6
 11  2813 I5   857  2333 I6  1634  1613 I5   346  6224 14797  6.2  5.2  2.34  0.24  20.64   8.91  14.54  17.09  75   128    21  3.3
 12  2256 I5   824  2000 I6  1635  1307 I5   282  5480 14360  6.0  5.4  2.47  0.24  20.15   8.01  14.05  16.77  79   152    21  3.5
 13  4198 I5  1318  3201 I6   729  2140 I5   658  8772 16528  6.2  5.3  3.32  0.19  26.48  15.87  20.77  22.87  77   633  1687  3.4
 1992
  1  2311 I5  1024  1872 I6  1681  1383 I5   326  5889 14668  6.5  5.9  2.10  0.25  17.25   5.63  11.27  13.64  73   216     2  3.8
  2  2842 I5  1227  1913 I6  2163  1751 I5   436  7221 15519  7.2  6.4  2.30  0.27  20.03   9.34  14.26  16.49  78   120    14  3.6
  3  4114 I5  1353  2771 I6  2111  2281 I5   390  8875 16530  5.7  5.0  1.90  0.28  22.34   9.44  15.76  18.11  67    96    20  3.6
  4  5265 I5  1718  3819 I6  2582  2559 I5   579 10290 17492  5.0  4.3  2.34  0.30  24.16  12.16  18.28  20.61  70    52    47  3.6
  5  5950 I5  1569  4186 I6  2594  2852 I5   741 11149 18254  4.7  4.0  2.73  0.32  28.08  16.02  21.88  23.96  72    10   126  3.6
  6  5602 I5  1124  3042 I6  1603  3295 I5   511 11448 18586  6.5  5.7  4.30  0.33  31.81  22.35  26.22  27.68  80     0   262  3.3
  7  6300 I5   767  4391 I6  1445  2987 I5   407 11235 18308  4.7  3.7  4.18  0.33  34.37  23.31  28.16  29.92  74     0   326  3.2
  8  5077 I5  1196  2647 I6  1597  3109 I5   513 10499 17547  6.7  5.6  4.67  0.30  32.51  22.96  26.79  28.53  80     0   292  2.8
  9  4041 I5  1359  2351 I6  1569  2458 I5   506  9258 16613  6.3  5.6  4.53  0.26  29.79  21.77  25.28  26.97  84     0   224  3.1
 10  3402 I5  1278  3013 I6  2613  1712 I5   395  7668 15642  4.9  4.6  2.85  0.21  25.60  14.81  19.77  22.27  81    13    71  3.2
 11  2586 I5   870  2170 I6  1787  1490 I5   325  6195 14780  7.1  6.3  3.00  0.17  22.45  12.90  17.30  19.21  82    86    66  3.9
 12  2181 I5   840  2125 I6  1720  1215 I5   259  5475 14360  6.5  6.0  2.47  0.14  18.93   7.98  13.12  15.62  80   160     9  3.5
 13  4139 I5  1479  2858 I6   868  2258 I5   727  8767 16525  6.0  5.2  3.11  0.26  25.61  14.89  19.84  21.92  77   753  1459  3.4
 1993
  1  2148 I5  1100  1779 I6  2140  1278 I5   309  5914 14685  7.5  6.9  2.54  0.12  19.93  10.17  14.71  16.87  83   121    20  3.7
  2  3152 I5  1408  3044 I6  2754  1476 I5   364  7237 15534  6.2  5.4  1.71  0.12  17.52   5.98  11.73  14.07  73   184     0  3.7
  3  4170 I5  1772  3737 I6  3087  1831 I5   443  8866 16527  5.8  5.1  2.04  0.14  21.13  10.07  15.22  17.04  70   106    21  4.8
  4  5999 I5  1500  5542 I6  2836  2136 I5   602 10285 17489  4.2  3.3  1.69  0.18  24.11  10.65  17.61  20.14  66    58    29  4.2
  5  5979 I5  1502  4734 I6  2483  2598 I5   457 11149 18255  4.7  4.1  2.79  0.21  28.36  16.74  22.58  24.62  71     1   132  3.5
  6  6280 I5  1130  4368 I6  2004  2990 I5   560 11449 18589  4.8  4.2  3.78  0.23  32.74  20.91  26.17  28.17  76     0   255  3.3
  7  6488 I5   842  4808 I6  1890  2899 I5   668 11238 18309  4.9  3.8  4.68  0.24  34.46  23.03  27.92  29.75  79     0   323  2.9
  8  5608 I5  1183  4162 I6  1848  2635 I5   487 10504 17551  5.3  4.3  4.25  0.23  32.73  22.48  26.96  28.81  82     0   287  2.8
  9  5129 I5   709  4136 I6  1556  2380 I5   454  9265 16614  4.4  3.8  4.22  0.20  31.47  21.12  25.56  27.89  82     0   239  2.8
 10  3140 I5  1403  2501 I6  2340  1677 I5   365  7678 15643  6.6  6.1  3.48  0.16  25.52  16.03  20.26  22.10  87    10    86  3.1
 11  2770 I5  1057  2917 I6  2237  1331 I5   351  6202 14780  5.9  5.4  2.80  0.12  21.63  11.02  15.97  18.13  82    87    27  3.5
 12  2488 I5   876  2960 I6  2326  1180 I5   283  5476 14355  5.9  4.9  1.93  0.09  16.61   4.83  10.49  12.96  75   237     1  3.3
 13  4446 I5  1637  3724 I6  1098  2034 I5   657  8772 16528  5.5  4.8  2.99  0.17  25.52  14.42  19.60  21.71  77   804  1420  3.5
 1994
  1  2546 I5  1078  2816 I6  2668  1234 I5   356  5906 14679  6.4  5.8  2.09  0.08  16.18   5.20  10.47  12.73  76   239     2  3.6
  2  3298 I5   919  3028 I6  1917  1607 I5   369  7223 15529  6.4  5.7  2.17  0.09  20.97   9.78  14.97  17.42  73   104    22  3.6
  3  4849 I5  1300  4922 I6  2616  1786 I5   512  8852 16519  5.0  3.9  2.13  0.11  23.85  10.68  17.22  19.67  69    71    37  4.1
  4  5607 I5  1305  4860 I6  2354  2299 I5   514 10274 17482  5.0  4.1  2.74  0.15  26.75  14.68  20.59  23.01  76    12    83  3.2
  5  5953 I5  1415  4384 I6  2348  2754 I5   575 11143 18248  5.3  4.5  3.21  0.19  28.85  17.24  22.87  24.78  73     2   148  3.3
  6  5588 I5  1188  3286 I6  1657  3036 I5   378 11448 18588  7.5  6.2  4.48  0.21  31.67  22.08  25.95  27.50  85     0   256  2.9
  7  5739 I5  1287  3791 I6  2210  2928 I5   450 11242 18317  5.7  4.8  4.46  0.22  32.40  22.81  26.50  28.00  84     0   288  2.6
  8  5348 I5   935  3428 I6  1696  2894 I5   498 10513 17560  5.9  4.8  4.44  0.21  31.62  22.25  26.28  28.00  83     0   267  3.1
  9  4516 I5  1203  3324 I6  2207  2316 I5   527  9278 16624  6.4  5.4  4.09  0.18  29.44  20.33  24.47  26.46  84     0   197  2.8
 10  3254 I5  1346  2577 I6  2203  1727 I5   311  7692 15656  6.8  5.9  3.40  0.14  25.91  16.85  21.04  22.97  88     8   103  3.3
 11  2581 I5  1131  2587 I6  2150  1330 I5   311  6212 14789  6.2  5.7  2.80  0.11  23.72  14.30  18.81  20.73  87    35    55  3.7
 12  2121 I5  1000  2354 I6  2300  1056 I5   282  5478 14357  7.0  6.4  2.20  0.08  18.91  10.16  13.96  15.88  84   135    17  3.5
 13  4283 I5  1430  3446 I6   878  2081 I5   715  8772 16529  6.1  5.3  3.18  0.15  25.86  15.53  20.26  22.26  80   605  1475  3.3
 1995
  1  2881 I5  1031  3574 I6  2753  1204 I5   381  5898 14672  6.1  4.9  1.74  0.07  17.40   5.56  11.35  13.93  76   213     1  3.1
  2  3517 I5  1422  4267 I6  3407  1287 I5   548  7209 15513  5.6  4.9  1.89  0.08  18.91   6.36  12.42  14.86  71   168     8  3.8
  3  4575 I5  1329  4445 I6  2494  1833 I5   492  8838 16508  5.5  4.6  2.34  0.10  23.12  11.33  17.01  19.38  76    59    25  4.1
  4  5697 I5  1645  5117 I6  2770  2110 I5   619 10264 17474  4.8  3.6  2.45  0.14  26.98  12.83  19.89  22.87  73    25    72  2.9
  5  6286 I5  1224  5200 I6  2123  2593 I5   551 11137 18241  4.7  3.4  3.21  0.18  30.95  17.74  24.17  26.58  75     0   187  3.0
  6  5647 I5  1623  3816 I6  2533  2809 I5   510 11447 18585  5.8  5.2  3.86  0.20  31.39  20.56  25.13  26.95  80     0   229  2.6
  7  6099 I5  1037  4439 I6  1859  2810 I5   517 11246 18321  5.2  4.0  4.47  0.22  33.66  22.23  27.07  29.16  81     0   298  2.7
  8  5163 I5  1563  3675 I6  2414  2606 I5   509 10521 17569  5.6  4.7  4.78  0.21  31.37  23.53  26.98  28.35  82     0   283  3.2
  9  4243 I5  1042  2830 I6  1509  2379 I5   374  9291 16635  6.4  5.7  4.37  0.18  29.08  21.17  24.49  26.09  86     0   204  2.6
 10  3753 J5   842  3319 J6  1956  1835 J5   494  7706 15664  6.2  5.4  3.77  0.14  27.16  17.94  22.32  24.13  81    12   143  3.0
 11  3378 J5   922  4545 J6  2484  1160 J5   409  6223 14797  4.3  3.7  2.37  0.10  20.63   7.86  14.09  16.76  78   143    20  2.6
 12  2712 I5   917  3836 I6  2504   998 I5   278  5480 14360  5.1  4.5  2.22  0.08  17.24   5.93  11.01  13.54  78   211     2  2.7
 13  4496 I5  1265  4088 I6   709  1969 I5   680  8772 16528  5.5  4.5  3.12  0.14  25.66  14.42  19.66  21.88  78   832  1473  3.0
 1996
  1  3191 J5   755  4693 J6  2129  1015 J5   310  5890 14669  4.6  4.0  1.79  0.07  18.07   4.57  11.18  13.75  75   224     7  3.5
  2  4071 I5  1091  5448 I6  2590  1188 I5   372  7223 15520  4.0  3.5  1.81  0.08  20.34   6.79  13.20  15.97  71   155    17  3.8
  3  4859 J7  1471  5109 J7  2748  1696 J7   484  8877 16532  4.3  3.9  2.00  0.10  19.98   7.88  13.84  16.15  72   155    19  3.8
  4  6536 J7  1185  7000 J8  2411  1794 J7   549 10291 17492  2.6  2.1  2.19  0.14  25.32  11.61  18.55  21.16  74    49    53  3.2
  5  7202 J8   810  7151 J8  1777  2108 J8   586 11150 18254  1.6  1.3  3.10  0.18  29.99  18.29  24.01  26.08  75     3   183  2.9
  6  6871 J8   967  6406 J8  2020  2346 J8   583 11448 18586  2.8  2.2  4.12  0.20  30.91  20.84  25.22  26.95  81     0   226  2.7
  7  7328 J8   570  7001 J8  1412  2234 J8   539 11235 18308  1.0  0.8  4.23  0.22  32.47  23.29  27.31  28.83  78     0   296  3.3
  8  6555 J8   626  6207 J8  1712  2186 J8   626 10498 17545  1.7  1.4  4.44  0.21  30.23  21.85  25.39  27.01  84     0   239  2.3
  9  5605 J8   641  5824 J8  1647  1865 J8   543  9256 16613  2.0  1.8  3.95  0.18  30.06  20.11  24.53  26.77  81     0   203  2.2
 10  3911 J8  1098  4373 J8  2434  1511 J8   443  7667 15641  3.9  3.6  3.19  0.14  25.82  16.07  20.45  22.59  82    11    92  3.3
 11  3052 J8   992  4020 J8  2165  1150 J8   244  6193 14780  4.1  3.6  2.38  0.10  21.12   9.46  15.12  17.43  82   107    16  3.4
 12  3081 J8   693  5190 J8  1941   834 J8   269  5475 14360  3.4  3.1  2.04  0.08  18.75   7.05  12.26  15.00  82   172     3  2.5
 13  5188 J7  1687  5702 J8  1067  1661 J7   517  8767 16525  3.0  2.6  2.94  0.14  25.26  13.98  19.25  21.47  78   877  1355  3.1
 1997
  1  3038 J8  1081  4492 J8  2847   992 J8   350  5915 14686  4.2  3.9  2.05  0.07  18.06   6.85  12.01  14.62  77   189     7  3.1
  2  3435 J7  1201  4115 J7  2711  1312 J7   343  7238 15534  4.9  4.5  2.33  0.08  21.25   9.92  15.28  17.67  81   100    23  3.1
  3  4876 J6  1092  5305 J7  2279  1691 J6   475  8868 16529  3.9  3.5  2.65  0.10  25.43  13.85  19.45  21.71  76    27    68  3.5
  4  5885 J6  1152  5579 J7  2471  2150 J6   613 10286 17489  3.8  3.2  2.59  0.14  24.65  12.31  18.62  20.96  71    41    45  3.8
  5  6138 J6  1366  4989 J7  2426  2578 J6   566 11149 18256  4.3  3.5  3.33  0.18  27.72  16.75  22.20  24.05  76     5   126  3.2
  6  5768 J6  1461  4296 J7  2150  2646 J6   547 11449 18588  5.2  4.4  3.87  0.20  29.12  20.54  24.25  25.63  83     0   195  3.2
  7  6720 J6   735  6006 J7  1726  2469 J6   596 11237 18309  3.0  2.1  4.46  0.22  32.49  22.52  26.59  28.18  82     0   284  2.5
  8  6197 J6   728  5351 J7  1651  2423 J6   571 10503 17550  3.1  2.4  4.52  0.21  31.33  22.28  26.23  27.97  80     0   263  2.6
  9  5291 J5   891  5137 J7  2076  2008 J5   582  9264 16613  2.9  2.5  4.05  0.18  30.56  20.95  25.24  27.44  80     0   223  2.4
 10  4002 J6  1282  4376 J7  2431  1504 J6   324  7676 15641  4.2  3.7  2.95  0.14  25.52  15.43  20.24  22.54  82    20    87  2.8
 11  3360 J7   873  4609 J7  2114  1122 J7   303  6201 14780  3.6  3.1  2.51  0.10  20.84   9.53  15.00  17.45  80   110    15  2.9
 12  2427 J5  1104  3425 J7  2813   931 J5   251  5476 14354  5.4  5.0  2.50  0.08  17.55   7.55  12.35  14.42  82   186     6  3.2
 13  4762 J6  1448  4807 J7   720  1819 J6   641  8772 16528  4.0  3.5  3.15  0.14  25.38  14.87  19.79  21.89  79   677  1342  3.0
 1998
  1  3100 K4  1095  4137 K6  2596  1190 K4   401  5907 14679  4.2  3.7  2.02  0.07  19.23   8.24  13.55  16.02  83   156    13  3.3
  2  3725 K4  1584  4566 K6  3355  1270 K4   466  7225 15529  4.8  4.3  1.77  0.08  19.45   9.03  13.82  15.99  79   122     8  4.3
  3  5138 K4  1615  5652 K6  3175  1726 K4   675  8854 16519  3.1  2.6  1.89  0.10  20.89   8.94  14.78  17.20  73   128    22  3.6
  4  5785 K4  1611  5046 K6  2773  2385 K4   616 10276 17482  3.6  3.4  2.33  0.14  25.37  13.96  19.67  22.02  73    23    63  3.7
  5  6761 K4  1390  5821 K6  2424  2449 K4   562 11144 18250  2.4  2.0  2.99  0.18  30.57  18.82  24.44  26.46  73     0   197  3.2
  6  7251 K4   553  6387 K6  1170  2395 K4   324 11448 18588  2.1  1.5  3.76  0.20  35.34  22.20  28.35  30.60  71     0   313  3.6
  7  6049 K4  1449  4493 K6  2054  2628 K4   404 11241 18316  4.3  3.3  5.07  0.22  33.05  23.72  27.53  29.08  81     0   312  2.9
  8  5407 K4  1288  3988 K6  2077  2479 K4   466 10511 17560  4.1  3.2  4.66  0.21  31.85  22.78  26.44  28.08  84     0   279  2.5
  9  3998 K4  1413  2539 K6  2156  2324 K4   407  9277 16622  5.8  4.6  4.73  0.18  29.35  22.33  25.40  26.85  85     0   225  3.2
 10  4235 K4   895  4583 K6  2109  1727 K4   445  7690 15655  2.7  2.5  2.85  0.14  27.30  17.08  21.70  24.24  82     7   127  2.4
 11  3180 K4   932  3552 K6  2236  1433 K4   302  6211 14789  4.8  4.2  2.67  0.10  24.45  13.93  18.75  21.16  85    26    52  2.1
 12  2532 K4  1096  3480 K6  2753  1058 K4   306  5478 14357  5.6  5.4  2.28  0.08  20.56  10.29  14.85  17.37  86   114    24  2.4
 13  4763 K4  1526  4521 K6  1092  1922 K4   581  8772 16529  4.0  3.4  3.08  0.14  26.45  15.94  20.77  22.92  80   576  1634  3.1
 1999
  1  3305 K4   919  4858 K6  2641  1083 K4   415  5899 14673  3.8  3.5  1.79  0.07  20.36   6.61  13.24  16.45  80   157     7  2.7
  2  3981 K4  1355  5081 K6  2987  1286 K4   447  7211 15515  3.6  3.4  1.71  0.08  20.74   8.36  14.19  17.16  75   116    10  2.9
  3  5294 K4  1497  5928 K6  2829  1668 K4   513  8839 16508  2.0  1.7  1.47  0.10  21.82   7.18  14.62  17.59  68   121     3  3.5
  4  5757 K4  1897  5270 K6  2882  2083 K4   485 10265 17474  3.0  2.6  2.43  0.14  27.17  15.62  20.96  23.19  73    24   116  3.6
  5  6416 K4  1551  5402 K6  2300  2521 K4   541 11138 18243  2.5  2.3  2.64  0.18  28.22  16.10  22.10  24.34  73     6   125  3.3
  6  5588 K4  1510  3683 K6  2184  2855 K4   446 11447 18585  3.7  2.9  4.41  0.20  29.57  21.01  24.69  26.13  82     0   209  3.1
  7  6258 K4   880  4811 K6  1387  2691 K4   339 11245 18321  1.4  1.1  4.31  0.22  33.04  22.73  27.43  29.25  77     0   296  2.3
  8  5688 K4  1031  4486 K6  1525  2425 K4   311 10520 17567  1.8  1.4  4.74  0.21  32.95  22.99  27.27  29.15  80     0   299  2.6
  9  4308 K4  1824  3544 K6  2621  1975 K4   437  9289 16631  4.4  4.1  4.04  0.18  29.10  20.14  24.22  26.16  84     0   189  2.9
 10  4036 K4  1411  4240 K6  2543  1603 K4   436  7704 15662  3.9  3.6  3.02  0.14  26.04  16.63  20.89  23.09  82    20   113  3.0
 11  3652 K4   879  5090 K6  2220  1180 K4   345  6222 14796  3.0  3.0  1.96  0.10  22.70  10.66  16.08  19.02  81    68    18  2.5
 12  2917 K4  1002  4331 K6  2632  1042 K4   327  5480 14361  4.3  3.9  1.94  0.08  18.65   6.17  12.23  15.18  80   185     2  2.5
 13  4767 K4  1202  4727 K6   702  1867 K4   651  8772 16528  3.1  2.8  2.87  0.14  25.86  14.52  19.83  22.23  78   698  1387  2.9
 2000
  1  3041 K4  1084  4405 K6  2833  1078 K4   393  5891 14669  4.4  4.2  1.53  0.07  18.48   5.65  11.61  14.32  78   197     2  3.1
  2  4598 K4   934  6388 K6  2206  1206 K4   417  7225 15520  2.6  2.4  1.50  0.08  20.63   6.27  12.94  16.27  74   146     4  2.5
  3  5078 K4  1557  5522 K6  2984  1714 K4   541  8879 16534  3.4  3.1  1.81  0.10  24.24  10.82  17.39  20.09  76    48    23  3.1
  4  6165 K4  1650  5855 K6  2735  2101 K4   603 10293 17495  2.9  2.6  1.97  0.14  24.82  11.22  18.01  20.48  73    40    31  3.4
  5  7151 K4   804  6474 K6  1409  2380 K4   397 11151 18254  2.4  2.1  2.91  0.18  30.43  17.83  24.03  26.26  72     1   181  3.4
  6  5882 K4  1331  4255 K6  1987  2716 K4   394 11448 18586  3.9  2.9  4.15  0.20  31.58  20.23  25.41  27.39  78     0   227  2.7
  7  6300 K4  1353  5075 K6  1884  2497 K4   327 11234 18306  3.2  2.5  4.60  0.22  32.91  21.52  26.77  28.76  76     0   276  3.1
  8  5947 K4  1014  4837 K6  1630  2413 K4   358 10497 17545  3.0  2.5  4.45  0.21  32.54  21.85  26.57  28.49  78     0   275  2.6
  9  3957 K4  1515  2796 K6  2034  2116 K4   421  9254 16612  5.5  4.7  4.47  0.18  28.91  21.60  24.76  26.18  88     0   208  3.1
 10  4537 K4  1026  5316 K6  2076  1515 K4   364  7665 15640  2.5  2.3  2.25  0.14  25.60  13.66  19.12  22.08  80    19    59  2.7
 11  3290 K4  1148  4295 K6  2595  1183 K4   371  6192 14779  3.8  3.1  2.08  0.10  21.50   8.28  14.64  17.55  78   127    24  2.4
 12  2907 K4   955  4332 K6  2548  1030 K4   327  5475 14360  4.7  4.6  1.52  0.08  15.94   3.64   9.17  11.88  77   269     4  2.9
 13  4904 K4  1410  4962 K6  1041  1829 K4   614  8767 16525  3.5  3.1  2.77  0.14  25.63  13.55  19.20  21.65  77   846  1314  2.9
 2001
  1  3295 K4  1018  4954 K6  2572  1031 K4   303  5916 14687  3.8  3.5  1.43  0.07  16.95   2.86   9.21  12.47  71   264     3  2.8
  2  3588 K4  1459  3906 K6  3040  1494 K4   444  7240 15536  5.5  5.1  2.19  0.08  21.42  10.14  15.41  17.95  79    96    24  2.7
  3  4320 K4  1640  4112 K6  2966  1826 K4   540  8869 16530  4.9  4.5  1.95  0.10  21.09  10.06  15.42  17.47  73   111    25  4.1
  4  6341 K4  1512  6039 K6  2545  2103 K4   589 10288 17490  3.0  2.5  2.20  0.14  26.08  12.48  19.36  22.13  69    32    61  3.2
  5  6779 K4  1301  5863 K6  2155  2446 K4   529 11150 18258  2.6  2.3  2.71  0.18  29.69  16.50  22.94  25.26  71     0   148  3.1
  6  5768 K4  1591  4173 K6  2094  2655 K4   369 11449 18589  4.2  3.2  4.01  0.20  30.91  21.43  25.42  27.03  81     0   235  2.7
  7  5982 K4  1083  4256 K6  1635  2777 K4   354 11237 18309  4.2  3.3  4.77  0.22  32.01  22.36  26.58  28.20  80     0   274  2.7
  8  5966 K4  1182  5062 K6  1879  2313 K4   417 10501 17547  3.3  2.7  4.62  0.21  32.08  22.21  26.55  28.49  80     0   273  2.1
  9  4467 K4  1374  3457 K6  2135  2191 K4   425  9262 16612  4.9  4.1  4.10  0.18  27.95  19.79  23.24  24.87  84     1   167  2.4
 10  4251 K4   992  4313 K6  2199  1792 K4   448  7674 15639  5.3  4.7  2.45  0.14  25.18  14.15  19.48  21.88  77    38    80  3.2
 11  3450 K4   957  4358 K6  2206  1318 K4   377  6200 14780  4.5  4.2  2.13  0.10  23.86  12.48  17.71  20.40  82    37    32  2.8
 12  2705 K4   872  3625 K6  2451  1187 K4   307  5476 14354  6.0  5.5  1.90  0.08  20.45  10.09  15.01  17.57  83   120    25  2.2
 13  4743 K4  1366  4510 K6   816  1928 K4   581  8772 16528  4.3  3.8  2.87  0.14  25.64  14.54  19.70  21.98  77   698  1347  2.8
 2002
  1  2955 K4  1117  4015 K6  2689  1133 K4   395  5908 14681  5.4  5.2  2.24  0.07  18.69   7.56  12.64  15.12  84   176    15  2.8
  2  3937 K4  1448  4899 K6  3078  1336 K4   473  7226 15529  5.1  4.6  1.88  0.08  18.69   6.66  12.62  14.95  75   162     4  3.1
  3  5183 K4  1471  5488 K6  2708  1801 K4   545  8855 16520  4.6  4.3  2.37  0.10  24.20  11.04  17.63  20.18  75    73    51  3.2
  4  6026 K4  1565  5364 K6  2625  2351 K4   544 10277 17483  5.1  4.9  3.20  0.14  26.96  16.77  21.76  23.72  77    10   116  3.1
  5  6576 K4  1498  5669 K6  2103  2486 K4   498 11144 18250  4.2  4.1  3.00  0.18  28.70  17.27  22.88  24.84  73     5   150  3.5
  6  5448 K4  1620  3622 K6  2364  2739 K4   544 11448 18588  6.7  6.1  4.53  0.20  30.71  21.57  25.61  27.10  79     0   234  2.8
  7  6366 K4  1062  5042 K6  1684  2539 K4   379 11241 18314  4.7  4.3  4.89  0.22  32.48  22.40  26.62  28.36  79     0   282  2.3
  8  5309 K4  1266  3946 K6  1944  2455 K4   317 10510 17558  5.8  5.4  4.75  0.21  31.06  21.99  25.94  27.56  81     0   254  2.4
  9  4852 K4  1252  3973 K6  2066  2243 K4   366  9275 16622  6.1  5.6  4.70  0.18  30.40  22.80  26.11  27.91  83     0   248  3.1
 10  4029 K4  1148  3878 K6  2094  1792 K4   293  7689 15653  5.8  5.5  3.94  0.14  27.56  18.75  22.54  24.52  84     4   153  2.2
 11  3280 K4  1133  4240 K6  2446  1239 K4   395  6210 14785  4.8  4.4  2.33  0.10  21.22   8.80  14.73  17.28  79   121    21  2.4
 12  2715 K4  1140  3836 K6  2831  1047 K4   351  5478 14357  5.9  5.4  1.87  0.08  17.53   5.32  11.05  13.68  80   214     0  2.8
 13  4723 K4  1324  4498 K6   740  1930 K4   615  8772 16528  5.4  5.0  3.31  0.14  25.68  15.08  20.01  22.10  79   765  1529  2.8
 2003
  1  3402 K4   962  5169 K6  2512  1040 K4   357  5900 14673  3.5  3.3  1.35  0.07  15.21   1.96   8.21  11.16  67   302     0  3.4
  2  3508 K4  1427  4029 K6  3077  1388 K4   491  7213 15516  5.8  5.5  2.10  0.08  19.59   7.03  12.97  15.63  76   146     5  2.9
  3  4010 K4  1925  3516 K6  3080  1821 K4   483  8841 16509  6.8  6.4  2.89  0.10  23.21  13.60  18.04  19.83  81    43    46  3.0
  4  5962 K4  1661  5459 K6  2750  2161 K4   564 10266 17475  4.7  4.5  2.48  0.14  25.34  12.96  19.14  21.62  75    29    53  2.8
  5  6585 K4  1333  5352 K6  2188  2620 K4   470 11139 18243  5.1  4.6  3.51  0.18  30.33  18.93  24.57  26.56  73     0   195  2.9
  6  5636 K4  1653  4094 K6  2439  2548 K4   326 11447 18586  6.1  5.5  4.52  0.20  30.47  21.35  25.45  26.96  83     0   227  2.6
  7  5381 K4  1396  3764 K6  1850  2578 K4   339 11244 18320  6.7  5.8  4.88  0.22  31.04  22.58  25.88  27.25  85     0   263  2.3
  8  5298 K4   978  3793 K6  1748  2586 K4   383 10519 17567  5.7  5.1  4.90  0.21  31.03  22.55  26.09  27.73  86     0   262  2.2
  9  4568 K4  1249  3615 K6  2051  2260 K4   338  9288 16629  5.9  5.5  4.21  0.18  28.94  20.04  24.11  26.17  82     0   185  2.6
 10  3776 K4  1384  3775 K6  2725  1647 K4   483  7703 15661  5.2  4.9  3.18  0.14  26.38  16.18  20.82  23.19  82     2    93  2.3
 11  3461 K4   945  4696 K6  2245  1191 K4   303  6220 14796  4.2  4.1  2.65  0.10  24.61  12.05  17.92  20.72  79    56    56  2.4
 12  2941 K4   882  4399 K6  2605  1055 K4   352  5479 14361  4.5  4.2  1.57  0.08  17.87   3.38  10.38  13.72  76   239     0  2.7
 13  4544 K4  1192  4305 K6   700  1908 K4   629  8772 16528  5.4  5.0  3.19  0.14  25.33  14.38  19.46  21.71  79   817  1386  2.7
 2004
  1  3302 K4   939  4835 K6  2541  1095 K4   366  5892 14669  4.8  4.4  1.75  0.07  18.40   4.30  10.90  14.24  72   223     7  2.9
  2  3686 K4  1711  4586 K6  3411  1234 K4   403  7227 15522  7.5  6.9  2.33  0.08  16.89   7.07  11.76  13.67  81   190     5  3.7
  3  5366 K4  1275  5760 K6  2648  1834 K4   561  8880 16534  4.3  3.8  2.03  0.10  23.76  10.13  16.92  19.87  69    71    28  3.2
  4  6345 K4  1379  6190 K6  2537  2092 K4   583 10294 17496  3.8  3.4  2.06  0.14  25.77  11.30  18.73  21.65  67    46    52  3.2
  5  6919 K4  1032  6105 K6  1874  2530 K4   500 11152 18254  3.5  3.4  3.17  0.18  30.55  18.30  24.35  26.53  70     4   193  3.3
  6  6161 K4  1356  4844 K6  1891  2503 K4   344 11448 18587  6.0  5.2  4.83  0.20  31.87  21.99  26.16  27.80  81     0   258  2.5
  7  6124 K4  1345  4816 K6  1837  2463 K4   315 11233 18306  5.1  4.5  4.88  0.22  32.24  22.55  26.66  28.22  81     0   281  2.5
  8  4980 K4  1268  3456 K6  1641  2484 K4   391 10495 17544  6.0  5.5  5.10  0.21  31.28  22.81  26.24  27.72  82     0   270  2.5
  9  3742 K4  1424  2576 K6  2116  2077 K4   470  9252 16609  7.1  6.5  4.59  0.18  29.34  22.73  25.62  26.84  83     0   231  5.0
 10  4158 K4   974  4223 K6  1957  1790 K4   362  7663 15640  4.6  4.3  3.38  0.14  27.53  17.00  22.05  24.38  81     4   126  2.4
 11  3379 K4  1043  4341 K6  2424  1256 K4   326  6191 14777  4.7  4.4  2.49  0.10  23.75  11.95  17.54  20.20  80    55    41  2.8
 12  2962 K4   886  4434 K6  2482  1061 K4   355  5475 14360  5.0  4.5  1.95  0.08  17.58   5.69  11.32  14.15  76   222    15  3.0
 13  4760 K4  1389  4681 K6  1038  1868 K4   580  8767 16525  5.2  4.7  3.21  0.14  25.75  14.65  19.85  22.11  77   815  1507  3.1
 2005
  1  3220 K4  1062  4849 K6  2679  1008 K4   320  5917 14689  5.5  5.3  2.15  0.07  19.39   7.97  12.94  15.30  77   157    13  3.3
  2  3600 K4  1468  4267 K6  3229  1348 K4   515  7242 15538  5.9  5.7  2.28  0.08  19.69   7.89  13.35  15.98  74   136     9  3.5
  3  4482 K4  2133  4843 K6  3748  1501 K4   550  8871 16532  5.6  5.1  2.14  0.10  21.24   9.19  15.22  17.38  70   118    22  3.6
  4  6187 K4  1743  6022 K6  2932  1971 K4   550 10289 17492  3.9  3.5  2.00  0.14  23.92  10.83  17.48  20.09  70    53    24  3.4
  5  6244 K4  2143  5477 K6  2777  2295 K4   412 11151 18258  4.6  4.3  3.05  0.18  27.50  16.11  21.75  23.76  77     2   110  2.5
  6  5478 K4  1757  3566 K6  2595  2795 K4   489 11449 18589  6.6  6.0  4.68  0.20  30.12  22.26  25.73  27.11  82     0   236  2.9
  7  6252 K4  1248  5002 K6  1942  2508 K4   447 11236 18309  4.8  4.4  4.93  0.22  33.00  23.70  27.67  29.19  79     0   311  2.5
  8  5610 K4   959  4263 K6  1561  2460 K4   327 10500 17547  5.5  4.9  5.30  0.21  32.66  23.96  27.51  29.09  81     0   309  2.1
  9  5100 K4  1184  4664 K6  2206  2069 K4   393  9260 16611  4.3  4.1  4.08  0.18  30.92  21.68  25.88  28.00  77     0   239  3.1
 10  3764 K4  1223  3711 K6  2473  1708 K4   494  7673 15639  5.1  4.8  3.39  0.14  25.98  16.85  20.85  22.95  80    33   129  2.9
 11  3328 K4  1016  4135 K6  2352  1324 K4   375  6199 14779  4.5  4.2  2.40  0.10  23.60  11.40  17.20  19.97  77    52    28  2.8
 12  2827 K4  1052  4208 K6  2709  1008 K4   307  5476 14354  5.0  4.6  1.85  0.08  17.34   5.22  11.08  13.88  76   219     0  3.1
 13  4674 K4  1290  4584 K6   709  1833 K4   606  8772 16528  5.1  4.7  3.19  0.14  25.45  14.76  19.72  21.89  77   770  1428  3.0
 2006
  1  3241 K4   993  4749 K6  2712  1084 K4   379  5909 14682  5.0  3.8  1.94  0.07  20.09   7.62  13.72  16.67  73   148     9  3.2
  2  3735 K4  1608  4776 K6  3383  1260 K4   472  7228 15530  5.3  4.7  1.86  0.08  18.91   5.91  12.21  15.06  71   169     4  3.1
  3  5428 K4  1207  6077 K6  2414  1678 K4   544  8857 16522  4.4  4.0  1.88  0.10  23.12   8.78  15.98  18.90  66   100    27  3.2
  4  6348 K4  1309  6132 K6  2230  2115 K4   490 10279 17483  5.4  4.8  2.40  0.14  27.54  14.58  20.90  23.63  68     9    91  3.7
  5  6667 K4  1644  5905 K6  2603  2320 K4   484 11145 18251  5.2  4.3  2.90  0.18  30.35  16.73  23.15  25.55  67     2   164  3.2
  6  6380 K4  1539  5183 K6  2188  2475 K4   334 11448 18587  5.9  5.0  3.90  0.20  31.39  20.78  25.70  27.55  73     0   233  2.9
  7  6354 K4  1195  5182 K6  1664  2535 K4   344 11240 18314  6.1  5.1  4.34  0.22  32.52  21.89  26.74  28.69  75     0   275  2.4
  8  5851 K4  1226  4845 K6  1801  2369 K4   243 10509 17557  5.9  5.2  4.99  0.21  33.24  22.98  27.50  29.44  75     0   303  2.6
  9  4937 K4  1266  4508 K6  2125  2042 K4   333  9273 16621  5.7  5.2  4.08  0.18  30.71  20.83  25.25  27.49  75     0   223  2.3
 10  4179 K4  1071  4323 K6  2281  1743 K4   440  7687 15650  5.0  4.8  2.93  0.14  26.85  13.98  20.25  23.09  71    30    94  2.5
 11  3349 K4  1059  4382 K6  2330  1236 K4   367  6209 14784  5.3  4.8  2.09  0.10  21.68   9.28  15.23  17.86  74   110    24  3.2
 12  2508 K4  1062  3345 K6  2702  1102 K4   294  5478 14357  6.4  6.0  2.66  0.08  21.15  10.11  15.35  17.89  79   106    22  2.7
 13  4915 K4  1460  4950 K6   812  1830 K4   553  8772 16528  5.5  4.8  3.00  0.14  26.46  14.46  20.16  22.65  72   675  1469  2.9
 2007
  1  2860 K4  1100  3666 K6  2759  1206 K4   356  5901 14676  6.9  6.4  2.43  0.07  19.10   8.00  13.19  15.61  76   165    17  2.9
  2  4232 K4  1017  5210 K6  2475  1408 K4   412  7214 15518  5.3  4.8  1.77  0.08  19.52   5.16  12.39  15.45  65   171     3  3.2
  3  5320 K4  1401  5827 K6  2786  1731 K4   545  8843 16511  5.3  4.8  2.15  0.10  23.81  10.20  16.74  19.66  71    63    22  2.8
  4  6172 K4  1568  5871 K6  2471  2081 K4   521 10268 17477  5.8  5.0  2.14  0.14  25.62  11.36  18.64  21.34  61    51    56  3.2
  5  6408 K4  1263  5119 K6  2095  2680 K4   529 11139 18244  5.7  5.1  2.74  0.18  27.71  16.21  21.99  24.03  71     0   113  3.6
  6  6145 K4  1558  4749 K6  2300  2662 K4   392 11447 18586  6.6  5.4  4.05  0.20  30.82  20.71  25.52  27.31  77     0   223  3.0
  7  5697 K4  1416  4184 K6  1948  2546 K4   394 11244 18319  7.3  6.2  4.88  0.22  32.38  22.62  26.66  28.22  79     0   284  2.5
  8  5928 K4  1339  4912 K6  1877  2307 K4   280 10518 17565  5.6  4.3  4.84  0.21  33.05  23.18  27.59  29.44  78     0   303  2.1
  9  4602 K4  1304  3791 K6  1933  2159 K4   329  9286 16629  6.8  5.9  4.34  0.18  30.20  21.63  25.41  27.38  81     0   228  3.1
 10  3418 K4  1472  3063 K6  2420  1686 K4   375  7701 15661  7.2  6.1  4.06  0.14  26.83  19.24  22.61  24.15  83     1   146  3.0
 11  3479 K4  1048  4614 K6  2449  1190 K4   309  6219 14794  4.3  3.8  2.22  0.10  21.84   9.02  14.86  17.72  76    97    10  2.3
 12  2811 K4   980  3981 K6  2612  1088 K4   330  5479 14361  5.9  5.2  2.36  0.08  21.45   9.00  14.63  17.44  82   108    12  2.1
 13  4756 K4  1360  4582 K6   870  1895 K4   590  8772 16528  6.1  5.3  3.17  0.14  26.03  14.69  20.02  22.31  75   655  1416  2.8
 2008
  1  2855 K4  1153  3877 K6  2961  1129 K4   380  5893 14669  6.5  6.2  2.05  0.07  17.03   5.70  11.17  13.70  77   218     2  2.8
  2  4189 K4  1307  5575 K6  2996  1263 K4   449  7228 15525  4.7  4.4  1.91  0.08  21.57   6.98  13.99  17.20  73   128    10  2.6
  3  5004 K4  1823  5393 K6  3126  1654 K4   482  8882 16535  5.3  4.8  1.90  0.10  21.95   9.00  15.66  18.03  73   102    13  3.4
  4  5925 K4  1901  5565 K6  2856  2048 K4   422 10295 17497  5.4  4.6  2.45  0.14  24.91  12.84  18.71  21.09  72    35    51  3.1
  5  6557 K4  1431  5628 K6  2277  2453 K4   461 11152 18254  5.6  5.1  2.91  0.18  29.11  17.16  23.11  25.17  70     3   151  3.6
  6  6332 K4  1250  5204 K6  1949  2477 K4   320 11448 18586  6.4  4.8  4.24  0.20  32.01  20.79  25.65  27.51  76     0   242  2.4
  7  5635 K4  1384  4009 K6  1808  2599 K4   413 11233 18305  7.6  6.2  4.81  0.22  31.45  22.08  25.94  27.48  81     0   262  2.2
  8  4962 K4  1721  3446 K6  2355  2362 K4   467 10494 17543  7.7  6.8  5.06  0.21  31.08  23.01  26.37  27.70  81     0   270  3.6
  9  5035 K4  1269  4566 K6  2292  2079 K4   462  9251 16606  6.3  5.5  3.92  0.18  29.69  21.10  25.01  26.94  77     0   212  3.0
 10  3970 K4  1272  4230 K6  2299  1616 K4   356  7661 15637  5.0  4.3  2.69  0.14  25.39  14.28  19.45  22.02  75    39    86  3.0
 11  3292 K4  1040  4339 K6  2489  1203 K4   369  6190 14777  5.0  4.5  1.95  0.10  20.47   7.85  13.77  16.75  74   142    16  2.7
 12  2989 K4   800  4354 K6  2302  1094 K4   321  5475 14359  5.5  4.9  2.10  0.08  21.48   8.40  14.36  17.49  76   121    16  2.5
 13  4729 K4  1274  4682 K6   758  1831 K4   573  8767 16525  5.9  5.2  3.00  0.14  25.51  14.10  19.43  21.76  75   787  1333  2.9
 2009
  1  3136 K4  1030  4462 K6  2817  1087 K4   410  5918 14689  5.4  4.8  1.80  0.07  18.10   5.04  11.28  14.14  71   214     4  2.7
  2  4419 K4  1128  5985 K6  2604  1216 K4   435  7244 15539  4.9  4.0  1.47  0.08  19.10   4.19  11.74  15.08  66   189     2  2.8
  3  4977 K4  1302  5247 K6  2594  1854 K4   488  8873 16534  5.8  5.0  2.22  0.10  23.05  10.06  16.34  18.97  72    83    28  3.3
  4  6025 K4  1755  5629 K6  2887  2129 K4   583 10291 17495  5.2  4.6  2.13  0.14  25.39  12.85  19.35  21.84  69    25    49  3.7
  5  5662 K4  2072  4326 K6  2622  2439 K4   507 11151 18259  7.3  6.5  3.73  0.18  28.94  18.98  23.55  25.13  79     3   177  3.1
  6  6546 K4  1472  5471 K6  2224  2479 K4   377 11449 18589  6.2  5.0  4.31  0.20  32.57  22.37  26.89  28.65  77     0   274  2.6
  7  5848 K4  1205  4214 K6  1812  2668 K4   408 11235 18308  7.4  5.5  4.62  0.22  32.10  22.35  26.39  27.99  80     0   276  2.5
  8  5288 K4  1472  3967 K6  2051  2395 K4   347 10499 17545  6.8  5.6  4.77  0.21  31.62  22.86  26.42  28.03  82     0   276  2.0
  9  4752 K4  1210  4015 K6  1999  2187 K4   373  9259 16610  6.9  5.8  4.40  0.18  29.57  21.48  25.13  27.07  81     0   216  2.5
 10  3776 K4  1237  3589 K6  2341  1757 K4   357  7671 15636  6.3  5.7  3.82  0.14  27.52  17.66  22.25  24.52  81    20   152  2.5
 11  3206 K4  1207  4043 K6  2554  1248 K4   332  6197 14778  6.5  6.1  2.27  0.10  22.45  10.95  16.21  18.93  80    65    16  2.4
 12  2276 K4   951  2500 K6  2302  1218 K4   307  5476 14355  8.1  7.1  2.54  0.08  18.20   8.65  13.40  15.23  80   173    21  3.2
 13  4659 K4  1325  4454 K6   983  1890 K4   575  8772 16528  6.4  5.5  3.17  0.14  25.72  14.79  19.91  22.13  76   771  1491  2.8
 2010
  1  3174 K4  1199  4828 K6  2963  1005 K4   393  5910 14683  5.0  4.7  1.47  0.07  15.02   2.79   8.54  11.24  69   292     0  3.2
  2  3790 K4  1606  4906 K6  3293  1174 K4   403  7230 15531  5.3  4.8  1.43  0.08  15.09   3.28   9.02  11.51  70   257     1  3.4
  3  4680 K4  1733  4884 K6  3139  1722 K4   592  8859 16524  5.2  4.9  1.58  0.10  19.96   7.23  13.62  16.23  68   148     2  3.4
  4  6145 K4  1366  6011 K6  2645  2080 K4   636 10280 17486  4.7  3.7  2.12  0.14  26.38  12.50  19.64  22.44  69    16    49  3.1
  5  6638 K4  1276  5889 K6  2098  2364 K4   403 11146 18251  5.7  5.0  3.62  0.18  30.38  19.60  24.77  26.68  73     0   206  3.0
  6  6631 K4  1117  5778 K6  1806  2271 K4   352 11448 18587  5.6  4.7  4.79  0.20  33.82  22.15  27.24  29.24  74     0   290  2.1
  7  6292 K4  1207  5192 K6  1834  2446 K4   331 11239 18313  5.9  4.8  4.76  0.22  33.75  23.46  28.05  29.89  73     0   319  2.7
  8  5270 K4  1369  3837 K6  1963  2502 K4   254 10508 17557  7.5  6.7  5.36  0.21  33.12  24.25  27.87  29.44  79     0   321  2.5
  9  4837 K4  1320  4330 K6  2136  2086 K4   388  9271 16620  5.9  5.1  3.99  0.18  31.13  21.05  25.62  28.03  77     0   233  2.1
 10  4852 K4   750  5934 K6  1640  1497 K4   354  7685 15648  3.2  2.9  2.34  0.14  27.76  13.67  20.18  23.64  71     5    79  2.0
 11  3547 K4  1063  5057 K6  2388  1120 K4   259  6208 14784  4.1  3.7  2.00  0.10  23.19   8.59  15.49  19.01  75    93    19  2.2
 12  3047 K4   979  4815 K6  2545   958 K4   249  5477 14357  4.4  3.9  1.24  0.08  15.23   0.41   7.47  10.86  65   326     0  3.1
 13  4909 K4  1320  5122 K6   677  1769 K4   595  8772 16528  5.2  4.6  2.89  0.14  25.40  13.25  18.96  21.52  72  1136  1518  2.7
