702710 GULKANA INTERMEDIATE F AK  -9  N62  9  W145 27   478   957
 1991-2010
 MO AVGLO FL SDGLO AVDIR FL SDDIR AVDIF FL SDDIF AVETR AETRN  TOT  OPQ   H2O   TAU  MAX_T  MIN_T  AVG_T  AVGDT  RH  HTDD  CLDD AVWS
  1   250 J7    26   626 J8   272   189 J7    11   743  8705  6.8  5.8  0.51  0.06 -16.04 -23.96 -19.79 -18.85  75  1188     0  1.2
  2   842 J7    90  1406 J7   528   542 J7    45  2137 12372  6.7  5.6  0.54  0.08  -8.96 -19.54 -14.04 -12.25  73   920     0  1.7
  3  2202 J7   157  3146 J7   779  1150 J7   110  4598 16268  5.7  4.5  0.48  0.10  -2.83 -16.23  -9.21  -7.11  60   864     0  2.6
  4  3906 J7   264  4070 J7   747  2054 J7   113  7592 20102  6.3  4.7  0.66  0.11   6.29  -5.91   0.62   2.22  55   544     0  2.9
  5  4875 J7   368  4441 J7   949  2550 J7   186 10166 23659  6.9  5.3  0.95  0.12  13.50   1.00   7.83   9.01  53   343     0  3.3
  6  5359 J7   438  4714 J7  1005  2789 J7   199 11403 25799  6.9  5.5  1.39  0.11  18.87   6.21  13.01  13.71  57   175     1  3.1
  7  4737 J7   448  3763 J7   911  2717 J7   118 10701 24489  7.6  6.4  1.76  0.09  19.70   8.30  14.24  15.09  65   136     2  3.1
  8  3574 J7   399  3214 J7  1069  2035 J7   144  8417 21045  7.5  6.4  1.67  0.07  17.66   6.01  12.03  13.44  69   202     1  2.9
  9  2327 J7   222  2662 J7   762  1325 J7    78  5517 17321  7.3  6.2  1.22  0.05  11.40   0.49   5.96   7.71  71   372     0  2.9
 10  1107 J7    82  1664 J7   467   700 J7    60  2828 13498  7.3  6.3  0.82  0.04   1.11  -7.66  -3.20  -1.72  77   670     0  2.0
 11   382 J7    50   829 J8   509   281 J7    26  1046  9671  7.3  6.5  0.61  0.04  -9.77 -17.77 -13.47 -12.31  79   963     0  1.5
 12   128 J7    12   440 J8   179   101 J7     6   412  7260  7.0  6.1  0.54  0.04 -14.39 -22.51 -18.23 -17.50  77  1140     0  1.2
 13  2474 J7   113  2581 J7   365  1369 J7    61  5463 16682  6.9  5.8  0.93  0.08   3.04  -7.63  -2.02  -0.71  68  7517     4  2.4
 1991
  1   262 I5   138   948 I7   993   170 I5    79   738  8684  5.3  4.4  0.54  0.05 -16.02 -23.95 -19.87 -18.54  50  1188     0  1.7
  2   842 I5   456  1418 I6  1577   527 I5   148  2114 12328  7.1  5.9  0.71  0.07  -8.45 -19.59 -13.49 -11.96  64   906     0  1.5
  3  2201 I5   786  3567 I6  2798  1033 I5   430  4555 16209  5.8  4.7  0.55  0.08  -1.02 -14.72  -7.69  -5.38  58   812     0  2.6
  4  3398 I5  1078  3155 I6  2553  1972 I5   505  7548 20044  7.7  6.2  0.68  0.10   6.65  -4.44   1.23   2.76  55   517     0  2.6
  5  5167 I5  1188  4945 I6  2745  2493 I5   501 10135 23610  7.5  5.5  0.84  0.11  13.80   0.93   7.83   9.11  45   340     0  3.3
  6  5704 I5  1772  5648 I6  3622  2518 I5   520 11399 25793  6.8  5.0  1.50  0.10  19.39   5.67  13.11  13.87  56   175     1  2.7
  7  5024 I5  1360  4245 I6  2751  2671 I5   459 10726 24534  8.1  6.5  1.63  0.09  17.69   6.60  12.37  13.17  66   192     0  3.0
  8  3762 I5  1091  3413 I6  2404  2100 I5   485  8458 21103  7.7  6.3  1.47  0.10  16.00   4.92  10.53  11.81  63   244     0  3.0
  9  2347 I5   791  2518 I6  1961  1374 I5   252  5561 17379  7.7  6.1  1.23  0.11  12.48   2.26   7.36   8.94  65   329     0  3.6
 10  1034 I5   519  1472 I6  1523   648 I5   268  2862 13557  7.0  6.0  0.75  0.12  -1.50 -11.28  -6.09  -4.34  72   766     0  1.9
 11   317 I5   168   342 I7   683   267 I5   104  1063  9723  8.4  7.5  0.70  0.14 -10.97 -17.93 -14.23 -13.59  78   983     0  0.8
 12   105 I5    25    76 I7   120   100 I5    19   414  7272  8.2  7.2  0.64  0.17 -11.38 -19.81 -15.41 -15.09  73  1052     0  1.6
 13  2514 I5  2060  2646 I6  1815  1323 I5   989  5464 16686  7.3  5.9  0.94  0.10   3.06  -7.61  -2.03  -0.77  62  7503     1  2.4
 1992
  1   198 I5   100    97 I7   152   186 I5    82   731  8656  8.6  7.9  0.68  0.20 -10.97 -17.59 -13.79 -13.52  78  1011     0  1.3
  2   777 I5   353  1005 I6  1022   547 I5   162  2134 12364  5.5  4.8  0.57  0.24 -11.71 -22.88 -16.92 -15.23  65  1033     0  1.8
  3  1815 I5   539  1398 I6  1080  1326 I5   339  4626 16304  7.0  5.7  0.51  0.27  -2.31 -13.78  -7.48  -5.95  61   818     0  3.1
  4  3821 I5  1017  3168 I6  1909  2267 I5   414  7620 20136  6.0  4.4  0.61  0.29   3.22  -9.96  -2.59  -1.03  57   651     0  2.1
  5  4797 I5  1224  3271 I6  2037  2970 I5   526 10185 23688  7.4  5.8  0.86  0.28  10.32  -0.97   5.32   6.37  50   423     0  3.0
  6  5460 I5  1799  4357 I6  2974  2884 I5   552 11406 25802  6.4  5.1  1.17  0.25  18.13   5.60  12.34  13.08  53   194     0  3.1
  7  4496 I5  1353  2792 I6  1983  2896 I5   461 10686 24461  8.4  6.8  1.51  0.22  18.90   8.53  13.73  14.55  64   144     1  2.8
  8  3209 I5  1108  1913 I6  1775  2212 I5   441  8391 21014  8.8  7.4  1.59  0.18  15.80   6.19  10.94  12.12  66   227     0  2.9
  9  2220 I5   992  2480 I6  2409  1242 I5   287  5489 17287  7.0  6.2  0.80  0.15   4.28  -4.69  -0.19   1.06  64   556     0  2.5
 10  1044 I5   459  1480 I6  1469   657 I5   185  2805 13465  6.7  5.9  0.68  0.12  -1.74  -9.70  -5.54  -4.16  75   746     0  1.9
 11   306 I5   159   404 I7   688   253 I5   107  1034  9635  7.9  7.2  0.71  0.11  -6.23 -13.32  -9.12  -8.33  78   843     0  2.1
 12   111 I5    34   279 I7   333    93 I5    24   411  7254  6.0  5.3  0.51  0.11 -17.65 -25.38 -21.22 -20.84  74  1235     0  1.2
 13  2354 I5  1942  1887 I6  1348  1461 I5  1131  5460 16672  7.1  6.1  0.85  0.20   1.67  -8.16  -2.88  -1.82  65  7882     1  2.3
 1993
  1   235 I5   127   549 I7   728   176 I5    73   752  8736  6.1  5.3  0.47  0.11 -15.55 -24.26 -19.75 -18.86  74  1185     0  1.4
  2   724 I5   325   790 I6   827   567 I5   238  2149 12398  7.0  6.1  0.64  0.12  -7.96 -18.00 -12.53 -11.09  74   877     0  1.7
  3  2237 I5   797  3039 I6  2284  1182 I5   365  4605 16281  5.9  4.5  0.45  0.14  -1.08 -15.09  -7.67  -5.55  61   819     0  1.9
  4  4157 I5   883  4677 I6  2420  2010 I5   532  7600 20113  5.7  4.1  0.65  0.15   8.50  -4.16   2.38   4.09  55   485     0  2.1
  5  5334 I5  1461  5456 I6  3268  2391 I5   501 10172 23670  6.2  4.6  1.10  0.15  15.88   2.40   9.74  10.91  51   285     0  3.3
  6  5842 I5  1215  5462 I6  2704  2781 I5   513 11405 25803  7.0  5.4  1.34  0.14  18.87   5.66  12.67  13.39  57   182     0  2.7
  7  5450 I5  1460  5408 I6  3125  2482 I5   535 10698 24483  6.4  5.1  1.66  0.12  21.75   9.34  15.87  16.92  56    94     8  2.5
  8  3343 I5   963  2617 I6  2022  2046 I5   389  8410 21036  8.4  7.4  1.74  0.09  17.17   7.57  12.34  13.40  67   185     0  3.3
  9  2266 I5   931  2421 I6  2192  1305 I5   362  5510 17311  7.9  6.8  1.21  0.07  10.85   1.36   6.25   7.57  68   367     0  4.1
 10   991 I5   578  1511 I6  1889   598 I5   250  2822 13484  7.7  6.9  0.91  0.05   2.55  -4.54  -0.94   0.24  79   599     0  2.1
 11   343 I5   179   671 I7   961   257 I5    89  1043  9663  7.5  6.9  0.62  0.05  -7.04 -14.48 -10.37  -9.44  77   873     0  2.3
 12   118 I5    42   387 I7   577    94 I5    27   412  7255  7.2  6.5  0.58  0.05 -11.79 -20.10 -15.67 -15.13  77  1062     0  1.3
 13  2587 I5  2180  2749 I6  2040  1324 I5   986  5465 16686  6.9  5.8  0.95  0.10   4.35  -6.19  -0.64   0.54  66  7013     8  2.4
 1994
  1   240 I5   140   579 I7   688   180 I5    85   745  8712  7.3  6.7  0.57  0.06 -13.39 -20.13 -16.75 -16.12  73  1088     0  1.1
  2   997 I5   486  2543 I6  2137   442 I5   141  2132 12360  4.2  3.8  0.45  0.08 -13.77 -25.75 -20.04 -17.48  62  1067     0  1.7
  3  2262 I5   723  3133 I6  2066  1171 I5   318  4581 16247  7.0  5.7  0.48  0.10  -1.88 -11.76  -6.64  -5.22  60   780     0  3.8
  4  4176 I5   893  4506 I6  2312  2091 I5   541  7575 20081  6.6  5.1  0.59  0.11   7.63  -4.20   2.10   3.77  57   498     0  2.8
  5  4714 I6  1487  4191 I7  2932  2510 I6   379 10155 23640  7.3  5.8  0.85  0.11  12.22   0.76   7.03   8.08  52   367     0  3.7
  6  5526 I6  1317  5155 I7  2814  2720 I6   407 11402 25793  6.8  5.5  1.24  0.11  18.06   5.86  12.47  13.16  55   191     0  3.3
  7  5372 I6  1503  5073 I7  3125  2554 I6   486 10711 24504  7.2  5.8  1.74  0.09  20.19   7.64  14.22  15.23  56   137     0  3.0
  8  4579 I6  1480  6034 I7  3433  1644 I6   446  8433 21063  5.7  4.1  1.84  0.07  21.64   7.44  14.79  16.47  60   127    10  2.7
  9  2401 I5  1004  3286 I7  2888  1176 I5   374  5534 17342  7.1  6.0  1.04  0.05  10.91   0.34   5.56   7.22  67   381     0  2.7
 10  1053 I5   484  1652 I6  1869   671 I5   287  2841 13515  7.5  6.3  0.61  0.04  -0.60  -9.00  -4.68  -3.31  76   717     0  1.6
 11   418 I5   189  1496 I7  1465   244 I5   127  1053  9689  6.4  5.4  0.46  0.03 -12.89 -21.90 -16.84 -15.51  68  1072     0  2.3
 12   132 I5    49   493 I7   609   102 I5    32   413  7260  7.4  6.1  0.44  0.04 -13.36 -23.12 -17.77 -17.01  71  1134     0  1.8
 13  2656 I5  2102  3178 I7  1858  1292 I5   989  5465 16684  6.7  5.5  0.86  0.07   2.90  -7.82  -2.21  -0.89  63  7558    10  2.5
 1995
  1   238 I5    94   497 I7   594   193 I5    72   739  8689  7.6  6.3  0.42  0.05 -16.32 -24.05 -19.64 -19.08  70  1194     0  0.7
  2   942 I5   466  2010 I6  1800   504 I5   184  2116 12334  5.9  4.9  0.46  0.07  -8.87 -19.45 -13.76 -12.45  69   910     0  1.8
  3  2243 I5   885  3786 I6  2820   990 I5   380  4558 16214  4.9  4.1  0.43  0.08  -6.18 -20.48 -13.04 -10.80  58   981     0  2.2
  4  3992 J6  1202  4729 J7  3030  1850 J6   532  7551 20050  6.3  4.5  0.69  0.10   7.58  -4.45   1.74   3.35  58   503     0  2.3
  5  4943 J6  1375  5083 J7  3266  2310 J6   513 10137 23613  6.6  5.5  1.07  0.11  14.82   1.66   8.75  10.05  50   313     0  3.3
  6  4926 I5  1914  4269 I6  3912  2514 I5   470 11399 25792  7.3  6.5  1.48  0.10  18.36   5.99  12.49  13.12  57   186     1  2.9
  7  4145 I5  1447  2682 I6  2472  2663 I5   387 10724 24528  8.4  7.6  1.66  0.08  18.21   7.41  13.00  13.73  71   171     0  2.7
  8  3603 I5  1472  3433 I6  3101  1915 I5   340  8455 21096  7.7  6.8  1.55  0.06  16.16   5.41  10.93  12.20  73   234     0  2.5
  9  2074 I5   776  2078 I6  2064  1326 I5   342  5558 17374  7.7  6.8  1.45  0.04  13.35   4.94   8.75  10.18  78   275     0  3.0
 10  1129 I5   536  1540 I6  1428   728 I5   223  2860 13551  8.0  7.0  0.76  0.03   2.88  -5.85  -1.27   0.19  76   614     0  1.8
 11   473 I5   219  1913 I7  1485   235 I5   103  1062  9720  4.8  4.3  0.38  0.03 -12.81 -20.80 -16.93 -15.47  76  1054     0  1.4
 12   141 I5    60   790 I7   832    91 I5    20   414  7271  5.9  5.3  0.42  0.03 -17.80 -23.83 -20.71 -19.84  72  1213     0  1.0
 13  2404 I5  1840  2734 I7  1516  1276 I5   949  5464 16686  6.8  5.8  0.90  0.07   2.45  -7.79  -2.47  -1.23  67  7649     1  2.1
 1996
  1   307 I5   134  1336 I7  1110   176 I5    96   732  8660  4.0  3.1  0.32  0.05 -26.53 -34.09 -30.74 -29.31  87  1508     0  0.5
  2   845 I5   445  1470 I6  1644   524 I5   211  2136 12369  6.6  5.9  0.43  0.07  -8.94 -18.94 -13.35 -11.70  75   936     0  2.6
  3  2230 I5  1026  3695 I6  3064   992 I5   387  4629 16308  4.9  4.2  0.45  0.08  -2.65 -17.38  -9.45  -7.27  66   879     0  2.8
  4  4194 I5   973  4980 I6  2826  1936 I5   629  7623 20140  6.1  4.5  0.58  0.10   5.75  -7.42  -0.35   1.32  56   575     0  2.8
  5  5420 I5  1378  6201 I6  3620  2182 I5   645 10187 23692  6.0  4.6  0.85  0.11  13.98   0.57   8.03   9.35  49   343     0  3.4
  6  5908 I5  1692  6174 I7  4077  2503 I5   653 11406 25802  6.1  4.7  1.15  0.10  18.17   5.57  12.69  13.34  49   194     0  4.0
  7  5216 J5  1334  4779 J6  2928  2569 J5   536 10684 24458  7.6  6.2  1.52  0.08  19.65   7.82  13.98  14.86  62   143     0  3.7
  8  3239 J5  1239  2603 J6  2612  1977 J5   419  8388 21009  8.1  7.6  1.42  0.06  15.74   4.95  10.62  11.90  71   248     0  3.5
  9  2722 J5  1062  3742 J6  3336  1286 J5   412  5486 17281  6.7  5.5  0.91  0.04  10.94  -1.34   4.79   6.75  67   406     0  2.8
 10  1299 J5   578  3168 J6  2691   554 J5   265  2803 13462  5.4  4.6  0.59  0.03  -4.46 -15.02  -9.95  -8.15  74   870     0  1.6
 11   388 J5   161  1127 J7  1254   265 J5   128  1033  9632  6.8  6.0  0.53  0.03 -14.01 -20.81 -17.34 -16.52  80  1072     0  0.8
 12   138 J5    44   761 J7   755    95 J5    35   411  7254  5.1  4.2  0.39  0.03 -18.27 -26.51 -22.38 -21.23  73  1262     0  1.5
 13  2659 J5  2127  3336 J6  1928  1255 J5   940  5460 16672  6.1  5.1  0.76  0.07   0.78 -10.22  -4.45  -3.05  67  8435     0  2.5
 1997
  1   282 J5   141   841 J7   899   197 J5    87   753  8739  6.7  5.2  0.37  0.05 -19.00 -27.83 -23.55 -22.68  78  1294     0  0.8
  2   784 J5   298   794 J6   784   617 J5   204  2151 12402  8.8  6.9  0.52  0.07  -4.49 -12.03  -8.07  -6.81  79   744     0  2.1
  3  2457 J5   755  4189 J6  2415  1034 J5   367  4608 16284  5.0  3.6  0.36  0.08  -6.04 -20.75 -12.85 -10.64  58   984     0  2.3
  4  4438 J5  1029  5508 J6  2985  1914 J5   608  7603 20119  5.4  3.6  0.57  0.10   6.31  -7.09   0.32   2.01  56   562     0  2.5
  5  5333 J5  1449  5561 J6  3608  2377 J5   630 10174 23674  6.7  5.2  0.89  0.11  13.26   1.20   7.85   8.95  56   344     0  3.3
  6  5957 J5  1654  6258 J6  3779  2514 J5   571 11405 25804  6.4  4.8  1.36  0.10  19.90   6.54  13.73  14.43  56   155     2  2.8
  7  4924 J5  1350  4102 J6  2815  2644 J5   499 10696 24481  7.9  6.8  1.84  0.08  21.03   9.89  15.34  16.16  71    93     4  2.6
  8  3478 J5  1244  3173 J6  3034  1983 J5   433  8407 21029  7.7  6.8  1.72  0.06  18.13   7.10  12.90  14.21  74   177     0  3.2
  9  2688 J5   848  3974 J6  2651  1209 J5   437  5507 17306  6.4  5.0  1.13  0.04  13.33   0.80   7.14   9.34  71   338     0  2.8
 10  1144 J5   667  2039 J6  2318   622 J5   219  2820 13481  6.8  6.5  0.50  0.03  -2.68 -11.83  -7.00  -5.50  72   793     0  1.6
 11   368 J5   166   537 J7   696   301 J5   110  1042  9661  8.3  7.1  0.56  0.03  -7.92 -15.32 -11.47 -10.57  80   899     0  1.2
 12   116 J5    42   312 J7   454    97 J5    33   412  7256  7.6  6.8  0.43  0.03 -10.98 -19.39 -14.95 -14.37  74  1039     0  1.7
 13  2664 J5  2137  3107 J6  2146  1293 J5   951  5465 16686  7.0  5.7  0.85  0.07   3.40  -7.39  -1.72  -0.46  69  7422     6  2.3
 1998
  1   267 J5   119   617 J7   738   203 J5    81   746  8717  7.1  5.8  0.49  0.05 -19.13 -26.62 -22.86 -21.77  73  1277     0  0.6
  2   775 J5   411  1128 J6  1507   520 J5   164  2135 12365  7.1  6.2  0.53  0.07 -10.13 -20.65 -15.72 -13.45  80   944     0  0.7
  3  2245 J5   593  3569 J6  2324  1113 J5   437  4584 16250  5.2  3.8  0.54  0.08  -0.39 -15.69  -8.33  -5.74  64   817     0  2.1
  4  3739 J5  1326  3579 J6  2888  2076 J5   403  7579 20085  8.0  5.9  0.57  0.10   6.83  -3.02   2.19   3.51  54   493     0  4.5
  5  5026 J5  1373  4433 J6  2877  2665 J5   445 10157 23643  8.3  5.6  0.92  0.11  12.35   1.88   7.64   8.66  51   348     0  4.6
  6  5121 J6  1640  3993 J7  2891  2860 J6   384 11402 25794  8.7  6.6  1.57  0.10  18.20   7.19  12.97  13.57  59   170     1  3.7
  7  4678 J5  1199  3296 J6  2277  2886 J5   369 10709 24502  8.6  7.1  1.80  0.08  19.71   7.15  13.73  14.69  66   152     0  3.0
  8  3386 J5  1199  2694 J6  2697  2084 J5   433  8429 21060  8.8  7.2  1.69  0.06  15.05   5.33  10.36  11.47  71   252     0  3.4
  9  2014 J5   770  1520 J6  1674  1418 J5   298  5531 17338  8.9  7.8  1.35  0.04  11.23   0.78   6.12   7.59  73   370     0  2.9
 10  1199 J5   586  2102 J6  2142   669 J5   243  2839 13514  6.6  5.7  0.86  0.03   0.60  -9.36  -4.54  -2.92  78   704     0  1.8
 11   364 J5   188   579 J7   865   292 J5   129  1051  9687  8.3  7.1  0.71  0.03 -11.13 -18.02 -14.25 -13.13  86   987     0  0.4
 12   131 J5    49   519 J7   713    99 J5    32   413  7261  7.2  6.3  0.55  0.03 -17.56 -24.68 -20.72 -20.05  79  1223     0  0.5
 13  2412 J5  1915  2336 J6  1439  1407 J5  1071  5465 16685  7.7  6.3  0.97  0.07   2.14  -7.98  -2.78  -1.46  69  7737     1  2.3
 1999
  1   264 J5   113   841 J7   921   188 J5    92   740  8692  6.4  5.3  0.49  0.05 -18.73 -27.84 -23.22 -22.45  71  1290     0  1.3
  2   926 J5   388  1835 J6  1608   543 J5   165  2118 12339  6.3  4.6  0.40  0.07 -16.80 -29.47 -23.53 -21.12  71  1161     0  0.9
  3  2201 J5   750  3103 J6  2590  1154 J5   430  4561 16218  6.1  4.8  0.51  0.08  -2.10 -15.39  -8.59  -6.57  55   839     0  3.1
  4  3704 J5  1169  3717 J6  2632  2020 J5   465  7554 20053  7.0  5.5  0.67  0.10   5.23  -5.37   0.24   1.58  52   552     0  3.6
  5  5140 J5  1397  5197 J6  3133  2422 J5   608 10139 23616  6.6  5.2  0.74  0.11  11.28  -0.71   5.98   7.12  54   404     0  3.4
  6  5570 J5  1970  5463 J6  4118  2531 J5   591 11399 25791  6.6  5.5  1.30  0.10  19.64   6.70  13.50  14.17  56   156     2  3.1
  7  4743 J5  1710  3955 J6  3641  2561 J5   561 10722 24525  7.8  6.9  1.80  0.08  19.58   8.51  14.36  15.16  67   136     3  2.9
  8  3909 J5  1293  3955 J6  2812  2015 J5   359  8452 21092  6.9  5.9  1.84  0.06  18.71   6.23  12.90  14.35  68   182     0  3.2
  9  2244 J5   957  2178 J6  2124  1381 J5   324  5555 17371  8.3  7.1  1.26  0.04  11.00   1.53   6.30   7.68  74   362     0  3.1
 10  1084 J5   483  1362 J6  1446   745 J5   265  2858 13549  8.4  7.4  0.85  0.03   1.27  -5.75  -2.58  -1.11  82   638     0  2.3
 11   375 J6   187   563 J7   684   302 J6   117  1061  9716  8.2  7.4  0.66  0.03 -13.64 -21.80 -17.28 -16.00  81  1082     0  0.3
 12   132 J8    41   347 J8   365   111 J8    31   414  7270  7.9  6.9  0.67  0.03 -13.66 -22.33 -18.08 -17.76  76  1126     0  1.9
 13  2524 J5  2014  2710 J6  1773  1331 J5   950  5464 16686  7.2  6.0  0.93  0.07   1.82  -8.81  -3.34  -2.08  67  7928     5  2.4
 2000
  1   237 J8   120   556 J8   695   191 J8    99   733  8665  7.1  6.3  0.54  0.05 -13.61 -21.16 -17.06 -16.29  73  1107     0  2.4
  2   785 J8   429   928 J8   977   580 J8   233  2138 12371  8.6  7.1  0.59  0.07  -5.38 -13.15  -8.99  -7.90  80   800     0  1.5
  3  2163 J8   753  2946 J8  2396  1200 J8   418  4632 16312  5.8  4.6  0.58  0.08   0.39 -12.93  -6.05  -3.86  63   763     0  2.6
  4  4120 J8  1195  4640 J8  2903  2047 J8   661  7626 20143  5.8  4.2  0.61  0.10   5.99  -5.61   0.54   2.07  57   544     0  2.7
  5  4479 J8  1189  3513 J8  2556  2702 J8   562 10189 23695  6.9  5.6  0.85  0.11  10.76  -0.72   5.45   6.61  60   413     0  2.9
  6  5272 J8  1478  4601 J8  3072  2847 J8   484 11406 25803  6.6  5.2  1.40  0.10  18.39   5.78  12.65  13.36  60   187     0  3.0
  7  4682 J8  1291  3544 J8  2744  2841 J8   478 10682 24453  7.7  6.3  1.74  0.08  18.81   7.70  13.49  14.33  68   157     0  3.2
  8  3480 J8  1116  2897 J8  2643  2146 J8   381  8385 21004  7.4  6.5  1.58  0.06  15.41   4.29  10.07  11.42  76   263     0  2.5
  9  2074 J8   795  2060 J8  2322  1348 J8   359  5483 17279  7.7  6.6  1.21  0.04   9.38   0.57   5.14   6.50  78   401     0  2.9
 10  1107 J8   565  1653 J8  1990   691 J8   210  2800 13453  7.2  6.5  0.80  0.03   0.12  -7.80  -3.85  -2.65  79   687     0  1.7
 11   391 J8   195   625 J8   724   312 J8   122  1032  9629  6.9  6.2  0.67  0.03  -6.13 -14.81  -9.83  -8.62  83   864     0  1.8
 12   123 J8    49   406 J8   524    97 J8    28   411  7253  6.9  5.7  0.59  0.03 -11.55 -19.46 -15.10 -14.49  83  1049     0  0.9
 13  2409 J8  1913  2364 J8  1546  1417 J8  1062  5460 16672  7.1  5.9  0.93  0.07   3.55  -6.44  -1.13   0.04  72  7235     0  2.3
 2001
  1   240 J8    95   360 J8   324   207 J8    77   754  8743  7.6  6.5  0.61  0.05  -4.83 -12.44  -8.42  -8.10  81   836     0  2.6
  2   913 J8   360  1649 J8  1390   571 J8   188  2153 12404  6.5  5.1  0.52  0.07  -6.53 -18.77 -12.38 -10.11  74   867     0  2.0
  3  2267 J8   778  3057 J8  2423  1251 J8   446  4611 16289  5.6  4.1  0.49  0.08  -1.63 -12.86  -7.13  -5.28  57   793     0  3.5
  4  3754 J8  1082  3278 J8  2093  2261 J8   336  7606 20122  6.3  5.0  0.61  0.10   6.31  -5.28   0.98   2.53  56   535     0  3.3
  5  4138 J8  1327  2844 J8  2426  2714 J8   498 10176 23675  7.2  6.1  0.82  0.11  10.29  -0.26   5.41   6.38  58   413     0  3.7
  6  5501 J8  1273  4709 J8  2866  2994 J8   511 11405 25804  6.6  4.9  1.48  0.10  20.50   7.32  14.23  14.92  58   133     0  2.9
  7  3949 J8  1256  2009 J8  2262  2864 J8   388 10694 24477  8.7  7.8  1.79  0.08  17.80   8.67  13.13  13.77  77   158     0  3.0
  8  3473 J8  1132  2913 J8  2585  2151 J8   429  8404 21025  6.7  5.9  1.83  0.06  19.32   6.25  13.12  14.88  69   172     0  2.8
  9  2444 J8   757  2966 J8  2402  1346 J8   414  5504 17302  6.7  5.5  1.24  0.04  12.03  -0.50   5.73   7.97  75   377     0  2.5
 10  1087 J8   476  1459 J8  1431   726 J8   249  2818 13478  7.7  6.7  0.78  0.03  -0.05 -10.03  -4.71  -2.99  75   725     0  2.5
 11   358 J8   151   678 J8   807   286 J8   131  1041  9658  7.6  7.0  0.59  0.03 -13.88 -22.23 -17.66 -16.31  82  1092     0  0.3
 12   142 J8    50   544 J8   482   108 J8    28   412  7255  6.5  5.5  0.44  0.03 -18.89 -27.89 -23.23 -22.29  83  1293     0  0.8
 13  2356 J8  1806  2206 J8  1316  1457 J8  1094  5465 16686  7.0  5.8  0.93  0.07   3.37  -7.34  -1.74  -0.38  70  7392     0  2.5
 2002
  1   241 J8   122   608 J8   850   180 J8    68   747  8720  7.3  6.3  0.64  0.05  -9.83 -18.42 -13.22 -12.23  80  1006     0  1.8
  2   913 J8   425  1565 J8  1472   576 J8   196  2137 12373  6.3  5.2  0.47  0.07  -8.89 -20.93 -14.85 -12.80  72   931     0  1.9
  3  2474 J8   789  4612 J8  2672  1000 J8   484  4587 16254  3.6  2.8  0.37  0.08  -5.41 -23.87 -14.39 -10.66  60  1022     0  1.6
  4  4082 J8   957  4774 J8  2837  1960 J8   607  7582 20090  4.9  3.6  0.64  0.10   2.37 -12.41  -4.04  -2.13  52   701     0  3.2
  5  5189 J8  1505  5525 J8  3610  2339 J8   654 10159 23651  6.0  4.5  1.04  0.11  13.99   1.55   8.37   9.47  54   327     0  3.3
  6  5074 J8  1416  3717 J8  2474  3054 J8   440 11402 25796  7.4  6.0  1.41  0.10  17.94   5.86  12.29  12.94  62   194     1  3.3
  7  5089 J8  1181  4291 J8  2721  2829 J8   554 10707 24497  6.8  5.5  1.83  0.08  20.33   7.91  14.74  15.69  62   131     0  3.8
  8  3551 J8  1330  3101 J8  2761  2050 J8   382  8426 21056  7.6  6.6  1.64  0.06  17.42   6.17  11.93  13.28  71   203     1  3.5
  9  2199 J8   868  2225 J8  2571  1360 J8   339  5528 17333  7.5  6.6  1.35  0.04  12.54   1.88   7.15   8.82  74   334     0  3.3
 10  1063 J8   424  1249 J8  1221   765 J8   228  2836 13511  7.8  6.7  1.19  0.03   5.82  -1.99   2.04   3.18  80   509     0  2.4
 11   369 J8   157   546 J8   689   303 J8   102  1050  9683  7.8  7.1  0.99  0.03  -1.18  -7.39  -4.26  -3.40  86   678     0  1.9
 12   117 J8    50   244 J8   369   101 J8    35   413  7261  8.2  7.2  0.67  0.03 -12.16 -18.64 -15.13 -14.40  83  1046     0  0.3
 13  2530 J8  2003  2705 J8  1867  1376 J8  1045  5465 16686  6.8  5.7  1.02  0.07   4.41  -6.69  -0.78   0.65  70  7081     1  2.5
 2003
  1   245 J8   119   473 J8   512   198 J8    80   741  8695  7.3  6.2  0.64  0.05 -15.25 -22.60 -18.55 -17.89  80  1155     0  0.3
  2   756 J8   310   871 J8   961   580 J8   165  2120 12345  7.7  6.3  0.82  0.07  -2.46  -9.52  -5.60  -4.41  77   681     0  3.1
  3  2290 J8   643  3663 J8  2409  1123 J8   454  4564 16222  4.8  3.8  0.46  0.08  -3.47 -15.61  -9.25  -7.37  58   864     0  3.2
  4  4208 J8  1216  5108 J8  3144  1903 J8   464  7557 20059  4.6  3.4  0.71  0.10   7.23  -7.53   0.47   2.42  53   554     0  2.5
  5  5007 J8  1451  4699 J8  3105  2529 J8   513 10142 23621  6.8  4.8  0.92  0.11  12.45   0.75   7.00   8.08  57   364     0  3.9
  6  5360 J8  1389  4450 J8  2689  2996 J8   347 11399 25791  6.6  5.1  1.45  0.10  18.55   6.01  12.78  13.51  57   182     0  3.7
  7  4801 J8  1282  3790 J8  2599  2811 J8   380 10720 24523  6.7  5.7  1.90  0.08  21.02   9.05  15.67  16.55  61   104     2  4.3
  8  3610 J8  1443  3287 J8  3168  2064 J8   429  8449 21090  7.2  6.0  1.67  0.06  17.11   5.39  11.57  13.02  71   220     0  3.4
  9  2569 J8  1000  3593 J8  2956  1233 J8   373  5552 17364  6.0  5.1  1.21  0.04  11.09  -1.19   5.03   7.13  66   401     0  3.2
 10  1297 J8   407  2470 J8  1800   727 J8   276  2855 13546  5.3  4.3  1.03  0.03   5.22  -6.85  -1.26   1.17  77   594     0  2.0
 11   316 J8   139   396 J8   586   273 J8   113  1060  9714  8.3  7.8  0.64  0.03 -10.17 -17.02 -13.16 -12.30  83   958     0  1.6
 12   133 J8    43   522 J8   562   101 J8    25   414  7269  6.7  5.8  0.54  0.03 -14.75 -23.75 -18.99 -18.08  80  1165     0  1.0
 13  2549 J8  1997  2777 J8  1770  1378 J8  1050  5464 16687  6.5  5.4  1.00  0.07   3.88  -6.91  -1.19   0.15  68  7240     2  2.7
 2004
  1   282 J8   131  1006 J8   814   187 J8    78   734  8669  4.8  3.9  0.33  0.05 -23.47 -32.95 -28.50 -26.47  78  1443     0  0.8
  2   703 J8   404   855 J8  1097   519 J8   213  2140 12375  7.9  7.2  0.63  0.07  -6.78 -16.97 -11.31  -9.57  81   876     0  1.3
  3  2170 J8   877  2799 J8  2569  1220 J8   381  4635 16317  6.5  5.2  0.54  0.08  -3.27 -15.99  -9.05  -7.26  67   867     0  2.6
  4  3688 J8  1107  3626 J8  2774  2106 J8   524  7629 20149  6.6  4.9  0.83  0.10   6.75  -4.20   1.48   2.92  60   512     0  3.3
  5  4408 J8  1260  3287 J8  2524  2690 J8   498 10192 23697  7.3  6.2  1.30  0.11  16.83   3.47  10.74  11.95  54   254     0  3.4
  6  5790 J8  1866  6142 J8  4572  2550 J8   763 11406 25804  4.8  4.1  1.67  0.10  22.51   8.24  16.05  16.85  56   107    19  3.0
  7  4921 J8  1468  4225 J8  3154  2720 J8   494 10680 24450  6.9  5.7  1.96  0.08  22.00   9.55  16.07  16.97  64    83     4  3.0
  8  4379 J8  1326  5624 J8  3256  1703 J8   466  8381 21001  4.9  3.9  1.87  0.06  23.06   5.81  14.98  17.14  60   123     2  1.9
  9  2404 J8   943  2779 J8  2439  1359 J8   340  5479 17274  7.0  5.9  1.11  0.04   9.32  -3.14   3.32   5.32  74   457     0  2.5
 10  1015 J8   426  1272 J8  1396   728 J8   280  2798 13449  7.9  7.1  0.94  0.03   2.33  -5.63  -1.23  -0.03  84   619     0  2.1
 11   387 J8   193   568 J8   569   318 J8   140  1031  9626  7.9  6.8  0.72  0.03  -4.98 -13.69  -8.75  -7.79  81   830     0  2.6
 12   132 J8    45   466 J8   482   104 J8    26   411  7253  6.8  5.6  0.59  0.03 -10.54 -20.05 -14.86 -14.24  80  1042     0  2.2
 13  2523 J8  2041  2721 J8  1949  1350 J8   994  5460 16672  6.6  5.5  1.04  0.07   4.48  -7.13  -0.92   0.48  70  7213    25  2.4
 2005
  1   256 J8   118   701 J8   725   190 J8    86   755  8748  6.3  5.4  0.55  0.05 -15.11 -23.84 -19.16 -18.11  79  1172     0  1.4
  2   706 J8   255   872 J8  1074   541 J8   162  2155 12408  7.3  6.6  0.56  0.07  -8.86 -18.13 -13.21 -11.89  80   891     0  1.3
  3  2059 J8   790  2427 J8  2055  1225 J8   393  4614 16294  6.8  5.6  0.67  0.08   1.37  -9.55  -3.66  -2.25  64   695     0  2.9
  4  4061 J8  1158  4464 J8  2563  2018 J8   380  7609 20125  5.0  3.9  0.79  0.10   9.11  -4.84   2.78   4.62  52   486     0  3.5
  5  4531 J8  1195  3676 J8  2437  2648 J8   405 10179 23679  6.9  5.4  1.18  0.11  16.00   1.28   9.48  10.95  58   300     0  2.7
  6  5346 J8  1533  4791 J8  3387  2792 J8   481 11405 25803  6.9  5.2  1.57  0.10  19.96   5.89  13.41  14.19  63   162     0  2.5
  7  4347 J8  1653  3293 J8  3129  2676 J8   480 10692 24473  7.6  6.6  1.80  0.08  18.89   8.52  13.80  14.54  70   143     0  3.1
  8  3782 J8  1273  3770 J8  3371  2008 J8   500  8401 21020  6.3  5.7  1.87  0.06  19.32   6.67  13.42  15.00  69   167     2  2.6
  9  2042 J8   663  1654 J8  1671  1431 J8   204  5500 17298  8.1  7.2  1.49  0.04  12.41   2.58   7.38   8.96  76   325     0  3.2
 10  1081 J8   470  1407 J8  1237   740 J8   224  2815 13474  7.5  6.3  0.86  0.03   2.02  -6.73  -2.21  -0.64  78   641     0  1.9
 11   395 J8   217   894 J8  1072   286 J8   130  1040  9652  7.0  6.2  0.55  0.03 -12.18 -19.73 -16.07 -14.65  75  1029     0  1.8
 12   124 J8    53   322 J8   540   104 J8    33   412  7255  8.0  7.0  0.76  0.03  -9.87 -16.83 -13.21 -12.83  80   982     0  1.4
 13  2394 J8  1915  2356 J8  1584  1388 J8  1021  5465 16686  7.0  5.9  1.05  0.07   4.42  -6.23  -0.60   0.66  70  6994     2  2.4
 2006
  1   261 J8   145   641 J8   656   194 J8    88   748  8722  7.0  5.7  0.42  0.05 -20.56 -27.67 -23.97 -22.70  75  1316     0  0.5
  2   871 J8   382  1593 J8  1376   547 J8   160  2139 12377  5.4  4.4  0.47  0.07  -8.27 -20.91 -14.50 -12.48  72   922     0  2.1
  3  2307 J8  1017  3868 J8  3102   997 J8   306  4590 16259  4.3  3.6  0.44  0.08  -5.18 -19.30 -12.10  -9.88  54   948     0  2.2
  4  3737 J8  1299  3458 J8  2594  2156 J8   399  7585 20094  7.2  5.3  0.63  0.10   4.08  -5.10  -0.25   0.86  59   565     0  3.5
  5  4477 J8  1403  3601 J8  2700  2627 J8   377 10161 23654  6.9  5.7  0.99  0.11  13.89   1.34   8.33   9.50  50   332     0  3.3
  6  4781 J8  1342  3593 J8  2648  2901 J8   344 11403 25798  7.3  6.1  1.39  0.10  17.74   6.41  12.41  13.06  54   188     0  3.6
  7  5128 J8  1308  4439 J8  2766  2793 J8   418 10705 24494  7.1  5.3  1.72  0.08  20.44   7.92  14.69  15.68  61   129     0  2.9
  8  2903 J8   913  1700 J8  1764  2116 J8   335  8423 21053  8.3  7.8  1.62  0.06  15.73   5.57  10.77  11.96  73   238     0  3.4
  9  2516 J8   732  3214 J8  2184  1329 J8   282  5524 17329  7.3  5.3  1.28  0.04  13.24   0.91   7.30   9.27  69   338     0  2.8
 10  1128 J8   457  1432 J8  1335   778 J8   270  2834 13509  7.7  6.6  0.96  0.03   3.67  -3.88   0.05   1.23  75   571     0  3.2
 11   523 J8   229  2275 J8  1300   242 J8   119  1049  9679  3.5  2.7  0.25  0.03 -19.65 -30.53 -25.70 -23.16  70  1303     0  1.0
 12   127 J8    42   288 J8   349   110 J8    28   413  7261  7.3  6.5  0.55  0.03 -11.25 -20.23 -15.11 -14.36  77  1056     0  1.6
 13  2397 J8  1827  2509 J8  1364  1399 J8  1067  5465 16686  6.6  5.4  0.89  0.07   1.99  -8.79  -3.17  -1.75  66  7905     0  2.5
 2007
  1   204 J8    81   333 J8   494   176 J8    71   741  8697  7.6  7.0  0.54  0.05 -10.61 -19.87 -14.80 -13.81  78  1041     0  1.7
  2   981 J8   577  2436 J8  2250   434 J8   116  2122 12348  5.4  4.6  0.42  0.07 -12.32 -22.58 -17.41 -15.36  68  1002     0  1.3
  3  2341 J8   800  3388 J8  2019  1174 J8   337  4567 16226  4.8  3.6  0.30  0.08  -9.57 -25.61 -17.19 -14.52  56  1114     0  2.2
  4  3762 J8  1111  3715 J8  2569  2098 J8   440  7560 20062  5.7  4.4  0.67  0.10   7.42  -5.95   1.15   3.16  52   528     0  2.6
  5  4371 J8  1296  3292 J8  2747  2732 J8   419 10144 23624  7.6  5.8  1.02  0.11  12.92   1.19   7.64   8.69  59   349     0  3.1
  6  5879 J8  1226  5414 J8  2599  2956 J8   455 11400 25791  6.4  4.6  1.36  0.10  21.00   6.51  14.58  15.40  51   138     1  2.8
  7  4879 J8  1397  4124 J8  2879  2730 J8   411 10718 24520  7.7  5.8  1.85  0.08  20.52   8.60  14.72  15.64  64   118     1  2.5
  8  3870 J8   970  3628 J8  2530  2168 J8   458  8445 21085  6.6  5.3  1.72  0.06  20.10   6.08  13.24  15.03  65   163     0  2.2
  9  2131 J8   918  1987 J8  2172  1379 J8   384  5548 17362  7.7  6.9  1.31  0.04  12.37   1.57   7.01   8.70  73   341     0  2.5
 10  1051 J8   469  1228 J8  1129   739 J8   270  2853 13542  8.0  7.0  0.76  0.03   1.81  -6.51  -2.18  -0.89  73   641     0  2.0
 11   408 J8   169   785 J8   752   317 J8   125  1059  9711  7.5  6.3  0.70  0.03  -3.37 -12.08  -7.28  -6.17  74   782     0  2.0
 12   128 J8    57   394 J8   607   103 J8    32   414  7269  7.8  6.9  0.49  0.03 -13.16 -21.31 -16.92 -16.41  74  1103     0  1.2
 13  2500 J8  1997  2560 J8  1629  1417 J8  1079  5464 16687  6.9  5.7  0.93  0.07   3.93  -7.50  -1.45  -0.05  66  7318     2  2.2
 2008
  1   227 J8   120   393 J8   515   189 J8    86   735  8675  7.3  6.0  0.42  0.05 -17.46 -25.45 -20.97 -20.04  70  1233     0  1.3
  2   884 J8   294  1515 J8  1247   594 J8   219  2142 12376  6.0  4.8  0.47  0.07 -10.92 -23.61 -16.99 -14.72  68  1032     0  1.8
  3  1934 J8   825  2031 J8  1948  1239 J8   287  4638 16321  6.9  5.7  0.56  0.08  -0.08 -12.92  -6.04  -4.12  59   770     0  2.8
  4  3543 J8  1121  3148 J8  2484  2114 J8   417  7632 20150  7.4  5.7  0.73  0.10   5.72  -5.47   0.35   1.80  58   546     0  3.2
  5  4904 J8  1450  4443 J8  3044  2553 J8   384 10194 23700  6.8  5.1  0.88  0.11  13.34   0.58   7.57   8.76  49   352     0  3.1
  6  4904 J8  1592  3652 J8  2934  2919 J8   393 11406 25806  7.6  6.0  1.32  0.10  17.46   5.27  11.67  12.33  57   209     0  3.1
  7  3941 J8  1424  2352 J8  2211  2727 J8   437 10678 24450  8.5  7.5  1.67  0.08  16.86   7.25  12.11  12.76  69   194     0  3.1
  8  3193 J8  1258  2344 J8  2246  2072 J8   356  8378 20994  8.3  7.1  1.51  0.06  16.01   5.51  10.72  11.99  73   235     0  2.1
  9  2195 J8   741  1973 J8  1688  1438 J8   347  5476 17271  8.6  7.1  1.28  0.04  11.22   2.43   6.78   8.20  71   345     0  3.1
 10  1063 J8   339  1519 J8  1224   715 J8   221  2796 13443  7.6  6.6  0.69  0.03  -1.57 -10.20  -5.80  -4.42  78   751     0  2.0
 11   366 J8   199   615 J8   727   289 J8   124  1030  9622  8.4  7.5  0.59  0.03  -9.62 -17.66 -13.14 -12.27  82   959     0  1.0
 12   135 J8    43   596 J8   605    99 J8    27   411  7252  6.6  5.6  0.47  0.03 -18.60 -26.22 -22.56 -21.82  80  1263     0  0.9
 13  2274 J8  1784  2048 J8  1249  1412 J8  1040  5460 16672  7.5  6.2  0.88  0.07   1.86  -8.37  -3.03  -1.80  68  7890     0  2.3
 2009
  1   272 J8   133   634 J8   616   213 J8    98   756  8752  7.2  6.0  0.52  0.05 -15.83 -23.35 -19.40 -18.32  80  1176     0  1.8
  2   915 J8   441  1715 J8  1600   538 J8   188  2157 12412  6.6  5.3  0.44  0.07 -10.59 -21.68 -15.87 -14.25  71   965     0  1.4
  3  2042 J8   685  2207 J8  1588  1298 J8   346  4617 16297  7.0  5.5  0.48  0.08  -5.20 -17.25 -10.81  -8.99  59   916     0  2.4
  4  3771 J8  1277  3538 J8  3124  2150 J8   456  7612 20130  6.9  5.3  0.62  0.10   6.39  -6.09   0.61   2.13  58   545     0  2.5
  5  5108 J8  1450  5120 J8  3188  2445 J8   603 10181 23681  6.0  4.8  0.89  0.11  15.18   1.66   9.00  10.30  51   307     0  2.9
  6  4907 J8  1564  3973 J8  3314  2872 J8   572 11406 25803  7.2  6.0  1.35  0.10  18.42   6.06  12.81  13.54  60   183     0  2.7
  7  4843 J8  1283  4127 J8  2677  2711 J8   401 10690 24470  6.6  5.4  1.90  0.08  22.91   9.83  16.95  17.97  58    69     9  3.3
  8  3232 J8  1311  2370 J8  2457  2096 J8   333  8398 21015  8.0  6.8  1.63  0.06  16.55   6.05  11.52  12.81  75   218     0  2.6
  9  2303 J8   834  2524 J8  2300  1361 J8   323  5497 17294  7.1  5.7  1.26  0.04  12.68   0.28   6.72   8.65  74   356     0  2.1
 10  1150 J8   460  1630 J8  1322   754 J8   265  2813 13469  7.6  6.4  1.07  0.03   4.05  -4.31   0.00   1.42  80   572     0  1.8
 11   401 J8   216   838 J8   967   292 J8    94  1039  9647  6.8  5.9  0.49  0.03 -11.30 -21.04 -15.81 -14.49  79  1035     0  1.6
 12   123 J8    51   369 J8   437   100 J8    33   412  7255  7.5  6.6  0.63  0.03 -13.41 -20.06 -16.51 -15.68  80  1087     0  1.2
 13  2422 J8  1901  2420 J8  1506  1403 J8  1023  5465 16685  7.0  5.8  0.94  0.07   3.32  -7.49  -1.73  -0.41  69  7429     9  2.2
 2010
  1   239 J8   142   516 J8   593   182 J8    79   749  8722  7.5  6.7  0.56  0.05 -18.62 -25.07 -21.63 -20.67  78  1245     0  0.4
  2   807 J8   405  1125 J8  1124   564 J8   209  2141 12384  7.4  6.3  0.60  0.07  -7.17 -17.72 -12.23 -10.29  82   862     0  0.9
  3  2108 J8   760  2448 J8  1745  1284 J8   309  4593 16264  6.7  5.3  0.51  0.08  -0.81 -13.59  -6.76  -4.88  64   791     0  2.4
  4  3772 J8  1096  3637 J8  2577  2129 J8   397  7588 20098  6.4  4.7  0.66  0.10   6.68  -5.54   1.09   2.73  53   533     0  3.3
  5  5009 J8  1248  4474 J8  2868  2701 J8   484 10163 23656  6.6  4.8  0.91  0.11  16.43   1.50   9.53  10.98  51   290     0  2.8
  6  4358 J8  1212  2459 J8  1864  3079 J8   458 11403 25798  8.3  7.3  1.39  0.10  16.27   6.12  11.38  11.92  66   214     0  3.1
  7  4113 J8  1518  2730 J8  2613  2707 J8   410 10703 24491  8.0  6.8  1.78  0.08  17.67   8.08  12.73  13.41  73   169     0  3.6
  8  3499 J8   872  2806 J8  1955  2160 J8   301  8420 21050  7.8  6.5  1.70  0.06  18.74   7.21  12.94  14.33  70   166     0  3.1
  9  2682 J8   803  4064 J8  2660  1195 J8   409  5521 17323  5.4  4.0  1.22  0.04  13.32  -1.66   5.62   8.37  72   375     0  1.8
 10  1130 J8   419  1637 J8  1387   753 J8   251  2832 13504  7.0  5.9  0.81  0.03   2.56  -6.86  -2.28  -0.65  75   635     0  2.0
 11   381 J8   171   730 J8   761   296 J8   132  1048  9677  7.5  6.7  0.68  0.03  -6.30 -14.78  -9.84  -8.60  79   866     0  2.2
 12   155 J8    37   691 J8   517   114 J8    28   413  7260  5.6  4.7  0.41  0.03 -21.18 -30.69 -26.11 -24.10  79  1372     0  0.9
 13  2354 J8  1777  2276 J8  1354  1430 J8  1081  5465 16686  7.0  5.8  0.93  0.07   3.13  -7.75  -2.13  -0.62  70  7519     0  2.2
