702084 EMMONAK                AK  -9  N62 47  W164 30     4  1013
 1991-2010
 MO AVGLO FL SDGLO AVDIR FL SDDIR AVDIF FL SDDIF AVETR AETRN  TOT  OPQ   H2O   TAU  MAX_T  MIN_T  AVG_T  AVGDT  RH  HTDD  CLDD AVWS
  1   247 J8    26  1172 J8   319   140 J8    11   663  8417  4.2  3.7  0.50  0.07 -11.09 -18.00 -14.52 -14.03  74  1019     0  4.8
  2   838 J8   103  2004 J8   595   441 J8    35  2036 12246  5.2  4.8  0.56  0.09  -8.45 -15.55 -11.76 -11.03  78   857     0  5.4
  3  2308 J8   303  3972 J8  1200   991 J8   111  4499 16266  4.3  3.7  0.52  0.11  -6.89 -14.69 -10.48  -9.35  75   903     0  5.3
  4  3561 J8   371  4109 J8  1054  1696 J8   189  7523 20219  6.0  5.3  0.68  0.13  -1.66  -9.88  -5.55  -4.57  76   723     0  5.1
  5  4483 J8   504  4554 J8  1191  2067 J8   196 10140 23931  6.3  5.7  1.04  0.14   5.63  -0.62   2.57   3.07  78   490     0  4.1
  6  5261 J8   633  5178 J8  1293  2406 J8   194 11404 26221  6.1  5.4  1.57  0.13  13.26   6.16   9.82  10.34  76   259     0  4.0
  7  4222 J8   375  3652 J8   752  2282 J8   182 10682 24809  7.4  6.7  1.99  0.11  14.74   9.11  11.98  12.38  81   199     1  4.0
  8  2986 J8   428  2644 J8  1033  1772 J8   128  8352 21190  7.8  7.2  1.90  0.09  13.60   7.92  10.75  11.42  81   235     0  4.0
  9  2126 J8   355  2882 J8  1049  1108 J8    74  5417 17343  6.7  6.2  1.38  0.06   9.06   4.18   6.66   7.46  82   351     0  4.4
 10  1031 J8   160  2043 J8   856   554 J8    48  2718 13403  6.9  6.4  0.85  0.05   2.11  -2.33  -0.06   0.68  82   572     0  4.2
 11   357 J8    51  1203 J8   571   222 J8    23   955  9427  6.3  5.9  0.65  0.04  -3.53  -8.93  -6.05  -5.56  83   737     0  4.8
 12   111 J8    14   805 J8   323    69 J8     4   343  6877  5.2  4.8  0.54  0.05  -8.65 -15.42 -12.33 -11.77  80   941     0  4.7
 13  2294 J8   127  2851 J8   435  1146 J8    64  5394 16696  6.0  5.5  1.02  0.09   1.51  -4.84  -1.58  -0.91  79  7286     1  4.6
 1991
  1   217 J8   127   860 J8   973   141 J8    60   657  8394  5.6  5.1  0.63  0.06 -10.34 -17.15 -13.60 -13.29  84   994     0  5.8
  2   792 J8   439  1776 J8  1696   441 J8   205  2013 12203  5.4  5.0  0.56  0.08  -8.42 -16.11 -12.18 -11.37  76   857     0  4.6
  3  1630 J8   948  1871 J8  2236  1004 J8   365  4456 16205  7.3  6.8  0.60  0.10  -7.12 -15.26 -11.04 -10.06  88   915     0  5.9
  4  3626 J8  1281  4124 J8  2885  1755 J8   518  7478 20160  6.3  5.3  0.67  0.12   0.86  -8.79  -3.78  -2.50  87   669     0  4.5
  5  4718 J8  1505  4437 J8  3086  2319 J8   501 10108 23880  7.1  5.7  0.93  0.13   8.22   0.54   4.38   5.01  81   432     0  3.8
  6  4367 J8  1864  3489 J8  3435  2518 J8   559 11399 26211  7.5  6.7  1.73  0.12  15.38   7.12  11.64  12.30  81   212     0  4.5
  7  5005 J8  1753  5073 J8  3274  2231 J8   493 10707 24854  6.5  5.6  1.78  0.11  16.73   9.29  13.11  13.66  84   165     0  4.4
  8  3500 J8  1058  3295 J8  2735  1953 J8   560  8394 21251  7.3  6.3  1.88  0.11  14.42   7.57  10.99  11.85  87   227     0  3.7
  9  2838 J8  1019  4572 J8  2615  1082 J8   266  5461 17402  3.8  3.1  1.55  0.12   9.89   4.65   7.27   8.16  83   332     0  6.3
 10   887 J8   426   905 J8   947   651 J8   245  2753 13460  8.0  6.9  1.04  0.13   3.92  -0.18   1.78   2.53  95   510     0  5.8
 11   361 J8   193   725 J8   809   260 J8   111   972  9480  5.1  4.7  0.76  0.15  -4.61  -9.54  -7.05  -6.60  84   762     0  5.1
 12    81 J8    28   157 J8   249    71 J8    16   345  6887  5.4  5.2  0.47  0.17 -12.76 -18.31 -15.51 -15.25  85  1050     0  4.7
 13  2335 J8  1874  2607 J8  1747  1202 J8   911  5395 16699  6.3  5.5  1.05  0.12   2.18  -4.68  -1.17  -0.46  85  7126     0  4.9
 1992
  1   218 J8   110   529 J8   405   163 J8    69   651  8370  1.6  1.4  0.54  0.21 -13.60 -20.15 -16.89 -16.45  78  1091     0  4.1
  2   764 J8   407  1153 J8  1303   512 J8   202  2033 12233  4.7  4.3  0.52  0.25 -13.58 -20.31 -16.59 -15.67  84  1023     0  4.3
  3  1869 J8   742  1587 J8  1543  1315 J8   450  4528 16302  6.2  5.3  0.42  0.29  -8.54 -18.41 -13.26 -11.74  85   986     0  4.4
  4  3599 J8  1365  2915 J8  2347  2137 J8   573  7551 20254  5.8  4.8  0.65  0.32  -2.13 -11.00  -6.24  -5.29  80   747     0  4.9
  5  3899 J8  1609  2424 J8  2339  2520 J8   719 10159 23961  7.6  6.8  0.92  0.30   1.37  -5.51  -1.88  -1.31  90   632     0  3.9
  6  5081 J8  1346  3513 J8  2617  3045 J8   555 11406 26225  6.1  5.6  1.38  0.28  14.11   5.43  10.00  10.64  82   257     0  4.1
  7  4306 J8  1744  3104 J8  3291  2549 J8   547 10667 24782  6.9  6.5  1.91  0.24  12.89   7.18  10.25  10.64  81   257     0  3.6
  8  2867 J8  1192  1825 J8  2029  1957 J8   531  8325 21153  7.9  7.3  1.78  0.20  12.91   8.10  10.39  10.91  85   243     0  4.1
  9  1927 J8   779  2187 J8  2534  1153 J8   327  5388 17308  5.9  5.5  1.02  0.16   8.60   3.68   6.20   6.99  81   366     0  5.0
 10   892 J8   479  1218 J8  1606   582 J8   232  2695 13364  7.4  6.9  0.93  0.13   0.35  -4.43  -1.88  -1.19  78   631     0  4.3
 11   311 J8   133   501 J9   610   245 J8    78   943  9388  7.5  6.8  0.60  0.12  -6.89 -13.00  -9.55  -8.80  80   848     0  5.8
 12    93 J8    31   268 J9   342    77 J8    17   342  6867  5.5  5.2  0.49  0.11 -16.51 -24.02 -20.66 -19.78  65  1196     0  4.7
 13  2152 J8  1755  1769 J8  1081  1355 J8  1055  5391 16684  6.1  5.5  0.93  0.22  -0.92  -7.70  -4.18  -3.42  81  8278     0  4.4
 1993
  1   251 J8   138   931 J8   715   155 J8    62   671  8451  2.7  2.6  0.44  0.12 -18.87 -25.90 -22.60 -22.06  73  1262     0  4.1
  2   740 J8   396  1038 J8  1294   512 J8   158  2048 12274  6.7  6.0  0.65  0.14  -5.24 -11.72  -8.15  -7.45  80   751     0  4.1
  3  2609 J8   520  4822 J8  1743  1009 J8   443  4506 16277  1.9  1.5  0.61  0.15  -4.70 -10.48  -7.15  -6.30  69   804     0  6.3
  4  3388 J8  1334  3075 J8  2715  1944 J8   447  7531 20232  7.1  6.3  0.72  0.17  -0.05  -8.26  -3.80  -2.69  78   675     0  2.4
  5  3919 J8  1696  2891 J8  2917  2329 J8   479 10146 23939  8.0  7.0  1.19  0.17   8.44   0.80   4.83   5.49  83   425     0  2.5
  6  5317 J8  1823  4861 J8  3627  2555 J8   482 11406 26227  6.9  5.7  1.44  0.16  14.32   5.90  10.47  11.11  78   246     0  2.6
  7  3870 J8  1872  3139 J8  3469  2208 J8   509 10679 24801  7.4  6.9  2.10  0.13  17.05  10.58  13.97  14.49  81   150    10  2.5
  8  2547 J8   948  1626 J8  1968  1806 J8   341  8345 21180  8.6  8.1  1.87  0.11  13.79   6.65  10.51  11.45  86   251     0  2.8
  9  1562 J8   755  1230 J8  1770  1138 J8   344  5409 17332  8.5  7.9  1.15  0.08   7.10   2.28   4.86   5.60  85   409     0  3.4
 10   671 J8   367   560 J8   992   541 J8   199  2712 13391  8.4  8.2  0.95  0.06   2.43  -1.42   0.55   1.26  86   553     0  2.9
 11   268 J8   135   627 J8  1006   201 J8    81   952  9418  7.4  7.1  0.70  0.05  -3.80  -9.60  -6.50  -5.95  84   751     0  3.9
 12    94 J8    35   387 J8   492    73 J8    20   343  6873  7.0  6.4  0.58  0.05  -7.61 -15.99 -12.81 -11.84  77   934     0  3.1
 13  2103 J8  1755  2099 J8  1613  1206 J8   922  5396 16699  6.7  6.1  1.03  0.12   1.91  -4.76  -1.32  -0.57  80  7211    10  3.4
 1994
  1   239 J8   143   943 J8   850   142 J8    58   665  8424  4.2  3.8  0.57  0.07 -12.63 -18.25 -15.27 -14.74  69  1047     0  3.2
  2   768 J8   389  1671 J8  1409   432 J8   125  2032 12243  6.2  5.6  0.56  0.09 -10.25 -16.86 -13.31 -12.74  77   893     0  5.2
  3  2034 J8   920  2830 J8  2573  1076 J8   320  4483 16243  6.0  5.0  0.45  0.11  -9.89 -18.14 -13.89 -12.56  74  1003     0  4.5
  4  3833 J8  1696  4871 J8  3774  1553 J8   581  7506 20200  5.8  4.8  0.60  0.13  -5.60 -15.41 -10.29  -9.06  74   865     0  6.2
  5  3923 J8  1939  3423 J8  3172  2006 J8   494 10128 23914  7.6  6.8  1.07  0.14   4.28  -0.96   1.73   2.15  74   517     0  4.2
  6  5093 J8  1751  5092 J8  3397  2333 J8   592 11403 26219  6.1  5.6  1.40  0.13  12.25   5.75   9.01   9.42  77   280     0  4.1
  7  4043 J8  2235  4104 J8  4294  1830 J8   491 10692 24829  6.9  6.5  1.93  0.11  15.45   9.71  12.52  12.91  81   178     0  4.6
  8  2818 J8  1510  2431 J8  2751  1643 J8   567  8368 21212  7.9  7.3  2.02  0.08  14.06   6.87  10.51  11.45  77   244     1  4.2
  9  1889 J8   873  2559 J8  3001  1034 J8   330  5434 17365  6.8  6.2  1.28  0.06   8.07   2.89   5.54   6.51  79   385     0  4.1
 10  1020 J8   517  1598 J8  1575   618 J8   217  2731 13426  7.9  7.1  0.67  0.04   0.06  -4.55  -2.16  -1.48  78   638     0  3.8
 11   277 J8   124   473 J8   819   230 J8   111   961  9450  8.0  7.8  0.53  0.04  -5.81 -10.92  -8.36  -8.15  79   801     0  5.5
 12   105 J8    43   754 J8   702    66 J8    17   344  6881  4.7  4.5  0.49  0.04 -14.00 -19.96 -16.87 -16.40  87  1095     0  4.8
 13  2170 J8  1739  2562 J8  1564  1080 J8   786  5395 16700  6.5  5.9  0.96  0.09  -0.33  -6.65  -3.40  -2.73  77  7946     1  4.5
 1995
  1   245 J8   124   994 J8   841   155 J8    69   658  8399  5.5  4.6  0.54  0.06 -12.81 -19.09 -15.84 -15.62  78  1063     0  5.8
  2   887 J8   467  2163 J8  1977   437 J8   168  2015 12206  4.6  4.2  0.59  0.08 -10.43 -17.57 -13.74 -12.74  80   905     0  6.0
  3  2559 J8   784  4887 J8  2446   938 J8   429  4459 16210  3.3  2.7  0.51  0.10  -6.29 -13.20  -9.50  -8.59  80   870     0  5.2
  4  3356 J8  1197  3259 J8  3048  1864 J8   450  7481 20163  7.1  6.2  0.71  0.12   0.38  -7.61  -3.46  -2.41  74   658     0  5.2
  5  4986 J8  2019  5713 J8  4227  1948 J8   493 10110 23885  5.2  4.7  1.12  0.13   7.49   0.90   4.26   4.79  78   438     0  3.2
  6  5800 J8  1791  6201 J8  3913  2329 J8   558 11400 26212  5.5  4.8  1.46  0.12  14.51   5.71  10.35  11.04  76   247     0  4.1
  7  4720 J8  1764  4365 J8  3538  2369 J8   604 10705 24852  6.9  6.2  2.03  0.10  15.73   9.90  12.82  13.26  81   171     0  3.6
  8  2822 J8  1367  2150 J8  2647  1777 J8   368  8390 21245  8.6  7.9  1.92  0.08  14.06   6.87  10.51  11.45  77   244     1  4.9
  9  2140 J8   738  2483 J8  2095  1245 J8   346  5458 17397  7.5  6.7  1.54  0.05  10.03   4.83   7.55   8.42  80   327     0  4.7
 10   898 J8   509  1093 J8  1720   623 J8   193  2750 13458  8.2  7.8  0.77  0.04   2.79  -0.99   0.97   1.52  80   540     0  4.7
 11   332 J8   144   716 J8  1151   257 J8   120   970  9474  7.4  7.1  0.61  0.03  -1.59  -7.25  -4.36  -3.66  83   683     0  4.5
 12   119 J8    34   839 J9   773    77 J8    29   345  6887  5.0  4.6  0.65  0.04  -3.54  -9.61  -7.21  -6.48  81   772     0  4.5
 13  2405 J8  1988  2905 J8  1959  1168 J8   863  5395 16699  6.2  5.6  1.04  0.08   2.53  -3.93  -0.64   0.08  79  6919     1  4.7
 1996
  1   263 J8   145  1433 J9  1005   129 J8    51   652  8374  3.0  2.8  0.49  0.06 -12.63 -18.25 -15.27 -14.74  69  1047     0  5.0
  2   927 J8   430  2617 J8  1631   400 J8   135  2035 12237  3.8  3.5  0.42  0.08 -10.47 -17.06 -13.51 -12.95  77   931     0  5.4
  3  2644 J8   560  5394 J8  1965   911 J8   477  4531 16307  2.2  1.8  0.66  0.10  -9.41 -17.93 -13.55 -12.23  74   992     0  5.2
  4  3461 J8  1351  3481 J8  2923  1856 J8   447  7554 20257  7.0  6.0  0.62  0.12  -5.66 -15.18 -10.25  -9.00  73   863     0  4.5
  5  4497 J8  2004  4571 J8  4174  2087 J8   626 10161 23964  6.7  5.8  1.10  0.13   4.75  -0.54   2.21   2.60  74   503     0  4.2
  6  5480 J8  1742  5728 J8  3364  2314 J8   488 11407 26226  5.8  5.1  1.41  0.12  12.34   5.91   9.14   9.57  77   276     0  3.8
  7  4218 J8  1479  3196 J8  3315  2550 J8   633 10665 24779  8.0  7.4  1.96  0.10  13.70   8.72  11.24  11.55  84   221     0  4.4
  8  3134 J8  1125  2521 J8  2836  2022 J8   480  8322 21149  7.8  7.3  1.71  0.08  13.72   6.96  10.23  11.03  83   248     0  4.4
  9  2852 J8   835  5455 J8  2532   949 J8   362  5385 17303  3.9  3.3  1.12  0.05   7.27   2.39   4.88   5.64  78   405     0  4.4
 10  1366 J8   458  3916 J8  1758   465 J8   199  2693 13362  3.6  3.2  0.66  0.04  -0.85  -6.37  -3.32  -2.28  80   680     0  3.7
 11   381 J8   197  1527 J8  1209   216 J8   115   942  9386  5.6  5.5  0.76  0.03  -2.99  -7.40  -5.08  -4.56  85   706     0  5.5
 12   118 J8    45   961 J9   796    68 J8    26   341  6868  4.7  4.5  0.53  0.04 -10.70 -16.07 -13.40 -12.92  84   983     0  5.0
 13  2445 J8  1814  3400 J8  1652  1164 J8   937  5391 16684  5.2  4.7  0.95  0.08  -0.08  -6.23  -3.06  -2.36  78  7854     0  4.6
 1997
  1   267 J8   142  1314 J8  1004   142 J8    59   672  8456  4.2  3.9  0.51  0.06 -11.81 -17.80 -14.75 -14.26  80  1027     0  5.0
  2   938 J8   355  2391 J8  1518   465 J8   145  2050 12277  4.2  3.8  0.60  0.08  -8.72 -15.65 -11.86 -10.89  81   854     0  5.4
  3  2670 J8   818  5091 J8  2097   962 J8   339  4509 16283  2.4  2.1  0.42  0.10 -11.59 -20.09 -15.78 -14.42  69  1059     0  5.2
  4  3971 J8  1436  5049 J8  3505  1670 J8   541  7534 20236  4.7  4.3  0.73  0.12   1.40  -6.36  -2.25  -1.26  77   624     0  4.5
  5  5468 J8  1702  6711 J8  4009  1967 J8   567 10148 23945  4.2  3.7  1.05  0.13   8.76   0.76   4.99   5.68  76   421     0  4.2
  6  5700 J8  1772  5820 J8  3701  2462 J8   581 11406 26227  5.5  4.8  1.50  0.12  14.51   5.71  10.35  11.04  76   247     0  4.0
  7  4083 J8  1783  3284 J8  3448  2373 J8   570 10677 24798  7.5  6.9  2.07  0.10  15.57   9.23  12.46  12.95  82   184     1  3.6
  8  2680 J8  1326  1870 J8  2356  1797 J8   483  8342 21177  8.7  7.9  2.17  0.08  13.51   8.43  10.97  11.48  84   228     0  4.1
  9  1982 J8   774  2534 J8  2521  1107 J8   337  5406 17327  7.3  6.7  1.63  0.05  10.99   6.42   8.61   9.23  83   289     0  5.0
 10  1193 J8   556  3200 J8  2451   473 J8   216  2710 13387  5.3  4.9  0.64  0.04   0.60  -5.15  -2.30  -1.25  75   639     0  4.3
 11   374 J8   190  1239 J8  1225   235 J8   119   951  9415  6.1  5.6  0.62  0.03  -3.02  -7.57  -5.22  -4.83  81   709     0  5.8
 12   103 J8    39   789 J8   771    64 J8    17   342  6872  5.9  5.4  0.38  0.04 -13.36 -19.80 -16.30 -15.81  74  1082     0  4.7
 13  2452 J8  1987  3274 J8  1959  1143 J8   883  5396 16700  5.5  5.0  1.03  0.08   1.40  -5.16  -1.75  -1.03  78  7363     1  4.7
 1998
  1   266 J8   120  1408 J8   906   141 J8    65   666  8428  3.6  3.5  0.54  0.06 -13.89 -19.99 -16.91 -16.92  74  1093     0  5.2
  2   936 J8   343  2462 J8  1603   465 J8   225  2034 12246  4.4  3.7  0.61  0.08 -10.36 -16.82 -13.19 -12.21  78   894     0  5.2
  3  2028 J8   762  3131 J8  2460  1046 J8   364  4486 16248  5.4  4.8  0.71  0.10  -2.34  -9.33  -5.61  -4.59  76   749     0  5.3
  4  3570 J8  1268  3801 J8  3095  1847 J8   605  7509 20203  6.6  5.4  0.67  0.12  -0.34  -5.54  -2.81  -2.30  79   638     0  6.0
  5  3999 J8  1521  3475 J8  2807  2204 J8   431 10130 23917  7.6  6.7  1.02  0.13   4.74  -0.04   2.33   2.61  79   495     0  5.2
  6  4498 J8  1650  3388 J8  2865  2602 J8   328 11403 26218  7.5  6.8  1.52  0.12  12.10   6.35   9.22   9.58  75   273     0  4.2
  7  4333 J8  1668  3727 J8  3606  2350 J8   573 10690 24824  7.4  6.6  2.08  0.10  15.76  10.28  12.95  13.34  78   165     1  3.4
  8  2761 J8  1339  2275 J8  2996  1756 J8   418  8365 21210  8.1  7.4  1.73  0.08  11.05   6.58   8.97   9.41  83   295     0  4.8
  9  2195 J8   871  2848 J8  2382  1167 J8   304  5430 17360  7.0  6.6  1.25  0.05   8.62   4.56   6.59   7.19  81   352     0  4.4
 10  1077 J8   472  2304 J8  1921   558 J8   223  2729 13421  6.7  6.1  0.80  0.04   1.92  -2.37  -0.09   0.62  80   575     0  4.4
 11   337 J8   185   962 J8  1259   227 J8    89   960  9445  6.9  6.6  0.71  0.03  -4.18  -9.33  -6.46  -6.08  81   753     0  4.4
 12   125 J8    38  1139 J8   741    66 J8    21   344  6881  3.7  3.2  0.48  0.04 -12.33 -18.35 -15.34 -15.02  80  1044     0  4.0
 13  2177 J8  1642  2577 J8   995  1202 J8   922  5395 16700  6.2  5.6  1.01  0.08   0.90  -4.50  -1.70  -1.20  79  7327     1  4.7
 1999
  1   268 J8   153  1504 J8  1022   127 J8    49   659  8401  3.0  2.8  0.42  0.06 -15.63 -21.65 -18.55 -18.00  70  1146     0  5.8
  2   926 J8   406  2682 J8  1660   400 J8   157  2017 12209  3.9  3.6  0.38  0.08 -14.32 -21.17 -17.61 -16.73  72  1010     0  4.8
  3  2654 J8   539  5450 J8  1919   893 J8   408  4462 16213  1.9  1.5  0.46  0.10 -11.05 -18.91 -14.99 -13.63  68  1033     0  5.2
  4  3353 J8  1485  3556 J8  3271  1732 J8   453  7484 20169  6.9  5.9  0.62  0.12  -3.36 -10.70  -6.56  -5.94  72   761     0  6.2
  5  4428 J8  2043  4422 J8  4334  2110 J8   623 10113 23887  6.7  5.9  0.80  0.13   1.87  -3.20  -0.50  -0.03  71   589     0  4.2
  6  5547 J8  1720  5936 J8  3374  2301 J8   549 11400 26213  5.9  5.1  1.62  0.12  11.92   5.61   8.79   9.21  76   287     0  4.1
  7  4220 J8  1605  3302 J8  3289  2480 J8   664 10703 24847  8.0  7.3  1.94  0.10  12.72   8.18  10.42  10.68  85   244     0  4.6
  8  3159 J8  1180  3092 J8  2886  1777 J8   505  8387 21242  7.4  6.8  1.83  0.08  13.05   7.83  10.26  10.92  85   245     0  4.2
  9  2203 J8   839  3012 J8  2526  1113 J8   284  5455 17391  6.9  6.3  1.35  0.05   9.72   5.00   7.32   8.13  83   329     0  4.3
 10  1180 J8   553  2675 J8  2243   558 J8   202  2748 13456  6.3  5.5  0.62  0.04  -0.57  -5.27  -2.73  -1.96  80   659     0  3.3
 11   413 J8   155  1969 J8  1396   208 J8   126   969  9471  4.0  3.6  0.56  0.03  -8.86 -14.43 -11.20 -10.83  82   899     0  5.2
 12   144 J8    31  1615 J8   535    60 J8    18   345  6886  1.0  0.8  0.42  0.04 -19.96 -26.64 -23.14 -22.55  64  1291     0  3.8
 13  2375 J8  1813  3268 J8  1402  1147 J8   897  5395 16699  5.2  4.6  0.92  0.08  -2.04  -7.95  -4.87  -4.23  76  8492     0  4.6
 2000
  1   238 J8   121  1063 J8   901   147 J8    78   653  8377  4.7  4.2  0.39  0.06 -11.10 -19.20 -15.29 -15.19  75  1038     0  4.4
  2   708 J8   369  1348 J8  1486   449 J8   178  2037 12241  6.8  6.1  0.67  0.08  -2.36  -8.47  -5.09  -4.61  66   689     0  6.3
  3  2137 J8   845  2958 J8  2139  1150 J8   348  4534 16310  6.4  5.2  0.60  0.10  -5.05 -11.00  -7.51  -6.64  68   817     0  6.1
  4  4035 J8  1433  5561 J8  3552  1507 J8   480  7557 20261  4.4  4.0  0.60  0.12  -1.27  -9.60  -5.45  -4.42  64   713     0  4.9
  5  3323 J8  1917  2410 J8  3416  2019 J8   507 10164 23966  7.7  7.4  0.87  0.13   2.60  -2.17   0.28   0.65  75   561     0  4.5
  6  5609 J8  1616  6018 J8  3617  2370 J8   582 11407 26226  5.2  4.7  1.47  0.12  14.35   7.58  10.87  11.36  73   221     0  3.7
  7  4236 J8  1857  3588 J8  3509  2352 J8   458 10662 24774  7.4  6.6  1.72  0.10  12.98   7.79  10.73  11.12  80   246     0  4.4
  8  2304 J8  1037  1496 J8  2156  1628 J8   347  8319 21146  8.9  8.5  1.68  0.08  11.60   7.67   9.58   9.97  85   270     0  5.0
  9  1963 J8   729  2557 J8  2560  1134 J8   341  5382 17299  6.7  6.3  1.16  0.05   8.77   4.17   6.57   7.29  82   356     0  4.6
 10   903 J8   491  1533 J8  1676   545 J8   199  2691 13357  7.9  7.4  0.80  0.04   2.35  -1.58   0.30   0.94  80   556     0  4.6
 11   417 J8   195  1950 J8  1404   201 J8   111   941  9383  4.4  4.1  0.73  0.03  -0.51  -5.56  -2.98  -2.66  82   641     0  6.2
 12   135 J8    34  1241 J9   745    70 J8    24   341  6868  3.3  3.0  0.75  0.04  -0.39  -9.18  -5.63  -4.42  79   717     0  6.0
 13  2167 J8  1801  2644 J8  1655  1131 J8   851  5391 16684  6.1  5.6  0.95  0.08   2.67  -3.30  -0.30   0.28  76  6824     0  5.1
 2001
  1   255 J8   122  1102 J9   770   156 J8    79   673  8456  5.1  4.1  0.58  0.06  -5.45 -10.88  -8.02  -7.59  75   821     0  5.0
  2  1019 J8   442  3000 J8  1782   405 J8   140  2052 12284  4.3  4.0  0.58  0.08  -3.98 -11.59  -7.47  -6.65  80   731     0  6.4
  3  2668 J8   658  5439 J8  1980   882 J8   359  4512 16286  1.7  1.5  0.53  0.10  -5.67 -11.99  -8.40  -7.48  70   842     0  5.7
  4  3636 J8  1255  4114 J8  2695  1783 J8   505  7537 20241  6.3  5.6  0.68  0.12  -1.23  -9.41  -5.12  -4.40  74   709     0  5.8
  5  4663 J8  1808  5031 J8  3950  2015 J8   442 10150 23948  5.6  5.3  0.76  0.13   1.89  -4.27  -1.02  -0.51  77   605     0  4.0
  6  5228 J8  1915  5066 J8  4100  2430 J8   621 11406 26227  6.2  5.4  1.50  0.12  10.85   4.50   7.73   8.17  77   320     0  4.4
  7  4033 J8  1788  3638 J8  3363  2126 J8   444 10675 24796  7.4  7.0  1.89  0.10  12.89   7.18  10.25  10.64  81   257     0  4.2
  8  2968 J8  1194  2715 J8  3196  1778 J8   510  8339 21171  7.6  7.2  2.00  0.08  12.91   8.10  10.39  10.91  85   243     0  3.7
  9  2358 J8   906  3938 J8  3191   995 J8   385  5403 17322  5.6  5.3  1.30  0.05   8.60   3.68   6.20   6.99  81   366     0  4.0
 10  1019 J8   468  2058 J8  1772   546 J8   188  2708 13385  6.5  6.3  0.66  0.04   0.35  -4.43  -1.88  -1.19  78   631     0  4.3
 11   456 J8   200  2370 J8  1217   189 J8    96   949  9415  3.0  2.6  0.59  0.03  -6.89 -13.00  -9.55  -8.80  80   848     0  4.5
 12   116 J8    35   927 J9   706    69 J8    21   342  6872  4.3  4.0  0.39  0.04 -16.51 -24.02 -20.66 -19.78  65  1196     0  4.3
 13  2368 J8  1786  3283 J8  1513  1115 J8   864  5396 16700  5.3  4.9  0.95  0.08   0.65  -5.51  -2.30  -1.64  77  7570     0  4.7
 2002
  1   282 J8   149  1559 J9   995   137 J8    60   667  8431  3.6  3.3  0.55  0.06 -16.27 -24.51 -20.25 -19.68  75  1200     0  4.8
  2   868 J8   389  1945 J8  1532   481 J8   184  2036 12250  5.9  5.0  0.56  0.08  -7.94 -18.51 -13.47 -12.51  83   884     0  5.8
  3  2387 J8   927  4146 J8  2947  1014 J8   412  4489 16253  4.6  3.9  0.62  0.10  -2.32  -9.06  -5.42  -4.68  75   745     0  5.0
  4  3005 J8  1411  3458 J8  3475  1504 J8   496  7512 20206  6.4  6.1  0.74  0.12  -0.92  -8.13  -4.37  -3.48  82   686     0  5.3
  5  5042 J8  2275  6038 J8  4610  1854 J8   585 10133 23922  4.8  4.3  1.17  0.13   8.29   1.48   5.00   5.55  76   417     0  4.6
  6  6192 J8  1638  7382 J8  3689  2124 J8   574 11403 26217  3.9  3.5  1.50  0.12  15.00   7.12  11.29  11.95  69   218     0  4.2
  7  3524 J8  1035  2240 J8  1938  2395 J8   360 10688 24818  8.3  7.8  2.10  0.10  14.72   9.54  12.07  12.45  82   192     0  3.8
  8  4131 J8  1681  5591 J8  4015  1521 J8   457  8361 21205  5.3  4.7  1.47  0.08  14.06   6.87  10.51  11.45  77   244     1  4.4
  9  2066 J8   869  2589 J8  2437  1159 J8   376  5427 17357  7.7  6.8  1.48  0.05   9.40   4.67   7.08   7.90  82   339     0  4.8
 10  1142 J8   505  2683 J8  2184   526 J8   226  2727 13416  5.7  5.3  1.06  0.04   4.59  -0.56   2.01   3.05  80   506     0  5.1
 11   354 J8   199  1235 J8  1356   206 J8    83   959  9440  6.2  5.9  0.82  0.03  -0.72  -5.23  -2.89  -2.20  85   639     0  4.5
 12   102 J8    31   624 J8   712    70 J8    19   344  6881  6.3  5.9  0.68  0.04  -2.66 -10.26  -7.45  -6.47  83   768     0  4.5
 13  2424 J8  1999  3291 J8  2099  1083 J8   806  5395 16700  5.7  5.2  1.06  0.08   2.94  -3.88  -0.49   0.28  79  6838     1  4.7
 2003
  1   259 J8   115  1277 J8   712   144 J8    61   660  8407  4.2  3.5  0.68  0.06  -5.86 -14.04 -10.47  -9.38  79   877     0  5.2
  2   750 J8   399  1537 J8  1742   447 J8   166  2019 12212  6.6  6.0  0.68  0.08  -5.64 -12.85  -8.95  -8.26  80   772     0  5.6
  3  2340 J8   888  4188 J8  2581   942 J8   312  4465 16218  3.8  3.3  0.43  0.10  -7.73 -14.77 -11.20 -10.09  71   917     0  5.4
  4  3599 J8  1329  4533 J8  3555  1631 J8   501  7488 20172  5.4  4.8  0.74  0.12   1.08  -5.58  -1.97  -1.15  80   617     0  5.0
  5  4333 J8  1766  4150 J8  4005  2163 J8   595 10115 23889  6.9  6.2  0.95  0.13   6.40  -0.43   2.82   3.41  76   476     0  3.9
  6  5183 J8  1537  4820 J8  3390  2572 J8   549 11400 26213  6.4  5.8  1.78  0.12  14.53   7.46  11.30  11.83  74   220     0  3.9
  7  4283 J8  2169  4396 J8  4581  1946 J8   568 10701 24845  6.9  6.5  1.97  0.10  13.65   8.80  11.19  11.53  81   220     0  4.2
  8  2918 J8  1342  2350 J8  2766  1828 J8   568  8384 21233  7.9  7.3  2.04  0.08  14.36   9.05  11.62  12.22  84   207     2  3.6
  9  2112 J8   872  3152 J8  3280  1090 J8   450  5451 17388  5.9  5.5  1.16  0.05   9.00   3.00   6.06   7.15  80   370     0  3.7
 10  1017 J8   504  1860 J8  2033   571 J8   219  2745 13449  7.4  6.9  1.06  0.04   3.32  -0.27   1.49   2.04  82   521     0  4.3
 11   361 J8   172  1065 J8  1055   234 J8    81   968  9467  7.5  6.8  0.86  0.03  -0.92  -5.51  -3.14  -2.79  82   646     0  5.0
 12   118 J8    48   938 J8   831    68 J8    18   345  6885  5.5  5.2  0.48  0.04  -9.77 -16.59 -13.00 -12.91  80   977     0  4.9
 13  2273 J8  1789  2855 J8  1506  1136 J8   867  5395 16698  6.2  5.7  1.07  0.08   2.70  -3.48  -0.35   0.30  79  6820     2  4.5
 2004
  1   260 J8   143  1505 J8   998   129 J8    63   654  8381  3.4  3.2  0.40  0.06 -12.14 -19.21 -15.56 -15.28  70  1054     0  5.1
  2   848 J8   357  2124 J8  1813   446 J8   198  2040 12249  5.5  4.8  0.59  0.08  -8.31 -14.59 -11.23 -10.51  77   864     0  6.0
  3  2134 J8  1211  3336 J8  3252   997 J8   369  4537 16316  5.8  5.2  0.54  0.10  -7.94 -15.42 -11.31 -10.30  76   930     0  4.6
  4  3414 J8   922  3683 J8  3356  1843 J8   629  7561 20267  6.3  5.9  0.83  0.12   1.06  -5.76  -2.24  -1.55  77   620     0  4.4
  5  4556 J8  1809  4679 J8  4169  2153 J8   550 10166 23969  6.1  5.5  1.43  0.13   8.83   0.74   4.75   5.32  79   420     0  4.2
  6  5792 J8  1775  6286 J8  3881  2321 J8   616 11407 26227  5.6  4.7  1.90  0.12  15.88   8.32  12.10  12.69  78   187     0  3.1
  7  4874 J8  1840  4901 J8  3783  2271 J8   537 10660 24767  6.6  5.6  2.15  0.10  17.42  11.40  14.33  14.79  82   121     0  3.3
  8  3518 J8  1351  4187 J8  3586  1579 J8   551  8316 21142  6.7  6.0  2.38  0.08  17.20  11.74  14.27  14.96  85   120     0  3.6
  9  2518 J8   771  3813 J8  2254  1149 J8   368  5379 17295  6.4  5.5  1.22  0.05   8.84   3.27   5.93   6.95  79   368     0  3.7
 10  1072 J8   522  2216 J8  1940   556 J8   229  2688 13354  7.2  6.3  1.08  0.04   4.22   0.06   2.02   2.70  87   502     0  5.2
 11   368 J8   246  1453 J8  1515   194 J8   107   940  9379  6.8  6.1  0.72  0.03  -1.85  -7.03  -4.11  -3.59  86   683     0  5.9
 12   104 J8    39   656 J8   697    71 J8    24   341  6868  6.3  5.7  0.60  0.04  -6.88 -12.64  -9.64  -9.57  84   871     0  6.1
 13  2455 J8  1972  3237 J8  1671  1142 J8   868  5391 16685  6.1  5.4  1.15  0.08   3.03  -3.26  -0.06   0.55  80  6741     0  4.6
 2005
  1   278 J8   140  1385 J8   870   145 J8    53   674  8459  3.8  3.2  0.55  0.06  -7.06 -13.00  -9.74  -9.20  74   879     0  6.0
  2   618 J8   273  1235 J8  1445   402 J8   145  2054 12290  6.3  6.0  0.57  0.08 -10.25 -16.86 -13.31 -12.74  81   893     0  5.2
  3  2270 J8   942  4128 J8  2704   911 J8   321  4515 16290  4.3  3.8  0.58  0.10  -5.65 -13.81  -9.25  -8.00  81   870     0  5.4
  4  4610 J8  1194  7117 J8  3035  1365 J8   360  7540 20244  2.3  2.2  0.64  0.12  -4.30 -13.85  -8.77  -7.50  78   822     0  4.6
  5  4474 J8  1878  4583 J8  3609  2053 J8   470 10152 23954  6.6  5.7  1.21  0.13   6.38   0.94   3.56   4.02  82   455     0  4.3
  6  5939 J8  1800  6629 J8  3921  2275 J8   607 11406 26228  4.7  4.2  1.63  0.12  14.63   7.63  11.37  11.92  75   216     0  4.3
  7  4413 J8  1779  4000 J8  3510  2281 J8   573 10673 24793  7.2  6.6  1.93  0.10  15.26   9.40  12.27  12.68  72   186     0  4.2
  8  3041 J8  1373  2878 J8  2971  1674 J8   341  8335 21168  8.1  7.4  2.11  0.08  14.56   9.80  12.10  12.61  72   191     0  4.7
  9  1886 J8   602  2021 J8  1904  1188 J8   310  5400 17318  8.0  7.6  1.65  0.05   9.64   6.38   8.02   8.46  86   310     0  6.1
 10  1257 J8   625  3236 J8  2338   492 J8   185  2705 13380  5.4  4.9  0.79  0.04   2.07  -2.32  -0.08   0.82  83   572     0  3.7
 11   406 J8   175  1993 J8  1360   194 J8   107   948  9411  4.2  3.6  0.42  0.03  -3.86 -10.05  -6.77  -6.47  84   759     0  4.8
 12   118 J8    44   897 J8   681    70 J8    19   342  6872  5.5  5.1  0.70  0.04  -6.45 -11.14  -8.91  -8.92  87   841     0  5.7
 13  2442 J8  2014  3342 J8  2038  1087 J8   841  5396 16701  5.5  5.0  1.06  0.08   2.08  -3.91  -0.79  -0.19  80  6992     0  4.9
 2006
  1   265 J8   169  1392 J8  1205   125 J8    46   667  8434  4.7  4.3  0.32  0.06  -9.21 -15.85 -12.13 -11.73  73   957     0  3.7
  2   792 J8   411  1816 J8  1520   428 J8   127  2038 12254  6.2  5.6  0.58  0.08  -5.37 -12.69  -8.75  -8.14  79   766     0  7.2
  3  2352 J8  1022  4161 J8  2964   947 J8   327  4492 16257  5.0  4.2  0.55  0.10  -6.20 -15.01  -9.89  -8.58  75   897     0  5.6
  4  3545 J8  1734  4628 J8  3967  1507 J8   391  7515 20212  5.1  4.6  0.51  0.12  -3.01 -11.33  -6.69  -5.81  82   765     0  6.2
  5  4506 J8  2257  5193 J8  4424  1748 J8   425 10135 23924  5.3  5.1  1.03  0.13   6.60   0.57   3.46   3.93  77   457     0  5.1
  6  4282 J8  1861  3477 J8  3527  2347 J8   508 11403 26219  7.6  7.0  1.60  0.12  12.50   5.77   9.19   9.68  75   276     0  4.5
  7  4110 J8  2114  3819 J8  4122  2130 J8   523 10686 24814  7.3  6.5  2.10  0.10  14.19   9.02  11.80  12.19  80   208     0  4.4
  8  2967 J8  1318  2739 J8  3135  1733 J8   434  8358 21200  7.5  7.1  1.74  0.08  12.84   8.58  10.66  11.10  70   236     0  3.6
  9  2516 J8  1070  3693 J8  2788  1115 J8   288  5424 17352  6.7  5.9  1.64  0.05   8.65   3.66   6.30   7.09  82   365     0  3.9
 10  1143 J8   470  2477 J8  1752   558 J8   197  2724 13413  6.7  6.3  1.12  0.04   2.65  -0.75   1.09   1.52  81   539     0  4.9
 11   410 J8   204  1474 J8  1242   245 J8   155   958  9435  5.8  5.3  0.66  0.03  -1.59  -7.25  -4.36  -3.66  83   683     0  4.5
 12   107 J8    45   705 J8   762    69 J8    17   343  6881  6.5  6.2  0.44  0.04  -2.19  -8.93  -6.10  -5.68  77   741     0  4.3
 13  2250 J8  1658  2964 J8  1417  1079 J8   804  5395 16700  6.2  5.7  1.02  0.08   2.49  -3.68  -0.45   0.16  78  6890     0  4.8
 2007
  1   194 J8   116   673 J8   790   136 J8    66   661  8413  6.4  5.9  0.56  0.06  -9.47 -17.94 -13.61 -13.18  64   993     0  5.1
  2   919 J8   442  2715 J8  1980   382 J8   131  2021 12216  4.0  3.8  0.60  0.08  -8.17 -14.39 -11.03 -10.37  77   829     0  4.6
  3  2658 J8   801  5629 J8  2234   816 J8   239  4468 16223  2.1  1.9  0.34  0.10  -5.58 -14.38  -9.55  -8.36  79   878     0  4.6
  4  3559 J8  1458  4360 J8  3332  1577 J8   402  7491 20176  5.7  5.1  0.83  0.12  -5.60 -15.41 -10.29  -9.05  74   865     0  5.1
  5  5193 J8  1669  6112 J8  3748  1941 J8   545 10117 23893  4.9  4.2  1.11  0.13   4.28  -0.96   1.73   2.15  74   517     0  4.1
  6  4446 J8  2178  4043 J8  4213  2180 J8   479 11400 26215  7.3  6.7  1.62  0.12  12.25   5.75   9.01   9.42  77   280     0  3.6
  7  4369 J8  2170  4175 J8  4389  2186 J8   526 10699 24840  6.8  6.3  2.08  0.10  15.45   9.71  12.52  12.91  81   178     0  3.2
  8  2747 J8  1044  2162 J8  2618  1771 J8   351  8381 21229  8.2  7.9  2.12  0.08  14.06   6.87  10.51  11.45  77   244     1  3.3
  9  1498 J8   469   968 J8  1361  1197 J8   249  5448 17385  9.0  8.9  1.61  0.05   9.40   4.67   7.08   7.90  82   339     0  4.6
 10   887 J8   436  1218 J8  1366   600 J8   229  2743 13446  8.3  7.8  0.87  0.04   4.38   0.06   2.24   2.88  84   499     0  3.3
 11   333 J8   153   715 J8   902   251 J8   122   967  9464  8.0  7.5  0.79  0.03  -1.60  -6.97  -3.94  -3.40  84   678     0  4.8
 12   109 J8    42   762 J8   710    68 J8    22   345  6886  5.9  5.4  0.50  0.04  -2.80 -10.46  -7.09  -6.38  83   774     0  4.9
 13  2243 J8  1829  2794 J8  2003  1092 J8   815  5395 16699  6.4  5.9  1.09  0.08   2.22  -4.45  -1.03  -0.34  78  7075     1  4.3
 2008
  1   188 J8    88   735 J8   817   130 J8    52   654  8383  6.5  6.0  0.47  0.06  -5.46 -12.11  -8.63  -8.08  76   841     0  3.9
  2   969 J8   419  2822 J8  1826   419 J8   185  2042 12250  3.7  3.2  0.32  0.08  -8.96 -17.23 -12.74 -12.18  81   911     0  4.8
  3  2043 J8  1000  2739 J8  2840  1109 J8   370  4540 16320  6.3  5.7  0.52  0.10  -6.73 -15.82 -10.89  -9.72  73   918     0  5.2
  4  2978 J8  1363  2696 J8  3013  1741 J8   484  7564 20271  7.3  6.8  0.70  0.12  -0.87  -8.24  -4.35  -3.69  72   687     0  5.7
  5  4335 J8  1838  4559 J8  3942  1977 J8   442 10168 23976  6.7  5.9  1.07  0.13   4.24  -0.97   1.61   1.97  77   518     0  4.4
  6  5627 J8  1773  6087 J8  3657  2302 J8   480 11407 26229  5.4  4.8  1.68  0.12  11.74   5.50   8.59   9.01  77   291     0  4.8
  7  4273 J8  2002  3789 J8  4143  2269 J8   611 10658 24763  7.3  6.7  1.95  0.10  11.60   7.04   9.44   9.68  81   279     0  5.3
  8  3543 J8  1345  4055 J8  3852  1693 J8   587  8313 21138  6.5  6.1  1.65  0.08  11.93   6.56   9.48  10.09  82   282     0  3.2
  9  2062 J8   927  2679 J8  2794  1096 J8   318  5375 17290  7.0  6.7  1.46  0.05   9.85   4.59   7.33   8.14  82   333     0  3.3
 10  1104 J8   614  2502 J8  2499   505 J8   191  2686 13349  6.3  5.9  0.63  0.04  -0.57  -5.71  -2.90  -1.97  78   666     0  3.5
 11   294 J8   109   869 J8  1130   215 J8   108   938  9379  7.0  6.9  0.49  0.03  -7.86 -14.22 -10.98 -10.65  83   881     0  2.2
 12   110 J8    40   770 J8   698    70 J8    19   341  6867  6.0  5.4  0.65  0.04  -7.61 -14.67 -11.02 -11.08  86   914     0  5.3
 13  2294 J8  1852  2858 J8  1614  1127 J8   850  5391 16685  6.3  5.8  0.96  0.08   0.94  -5.44  -2.09  -1.54  79  7520     0  4.3
 2009
  1   237 J8   114  1201 J8   970   137 J8    64   675  8462  4.6  4.2  0.46  0.06 -10.10 -19.33 -15.14 -14.36  77  1024     0  3.1
  2   752 J8   430  1526 J8  1799   444 J8   191  2056 12294  6.9  6.4  0.56  0.08  -6.19 -13.59  -9.72  -9.23  79   790     0  5.9
  3  2147 J8  1041  3502 J8  3100   971 J8   248  4518 16297  5.3  4.8  0.46  0.10  -6.68 -14.45 -10.02  -8.82  70   896     0  6.3
  4  3608 J8  1430  4760 J8  3899  1476 J8   427  7543 20249  6.4  5.9  0.71  0.12  -2.10 -11.85  -6.71  -5.48  70   759     0  5.1
  5  4680 J8  1459  4629 J8  2916  2216 J8   474 10155 23958  5.8  5.3  0.89  0.13   4.78  -1.47   1.72   2.23  81   517     0  3.9
  6  5998 J8  1484  6623 J8  3356  2378 J8   560 11406 26227  4.8  4.2  1.63  0.12  10.09   4.50   7.26   7.61  78   331     0  3.9
  7  4056 J8  1495  2931 J8  2868  2454 J8   518 10671 24791  7.9  7.4  2.07  0.10  16.21   9.66  13.00  13.50  80   167     0  4.0
  8  2876 J8  1127  2409 J8  2754  1851 J8   439  8332 21164  7.6  7.0  1.83  0.08  13.32   7.34  10.34  11.06  79   249     1  4.0
  9  1865 J8  1040  2249 J8  2963  1040 J8   244  5397 17314  7.8  7.6  1.41  0.05   9.36   4.26   6.73   7.62  85   346     0  3.4
 10   958 J8   401  1811 J8  1819   568 J8   246  2703 13374  7.2  6.6  1.01  0.04   3.86  -0.66   1.45   2.16  83   519     0  4.3
 11   397 J8   241  1631 J8  1657   199 J8    75   947  9402  5.8  5.4  0.46  0.03  -0.94  -6.70  -3.70  -2.97  85   664     0  4.1
 12   110 J8    36   816 J8   762    69 J8    25   342  6872  5.4  4.9  0.76  0.04  -2.66 -10.29  -7.46  -6.47  83   769     0  5.1
 13  2307 J8  1943  2841 J8  1738  1150 J8   901  5396 16700  6.3  5.8  1.02  0.08   2.41  -4.38  -1.02  -0.26  79  7031     1  4.4
 2010
  1   260 J8   103  1624 J8   864   125 J8    54   668  8437  2.8  2.7  0.43  0.06  -7.55 -15.77 -11.91 -10.76  69   930     0  5.4
  2   835 J8   327  2066 J8  1622   451 J8   207  2040 12257  5.0  4.5  0.56  0.08 -10.12 -16.86 -13.27 -12.74  65   891     0  4.2
  3  2334 J8   982  4151 J8  2885   925 J8   276  4495 16260  4.1  3.8  0.35  0.10  -7.35 -16.36 -11.30 -10.20  77   936     0  4.2
  4  3074 J8  1478  3132 J8  3315  1627 J8   498  7519 20215  7.5  6.9  0.66  0.12  -1.48  -9.56  -5.50  -4.48  65   716     0  5.2
  5  4719 J8  2230  5621 J8  4412  1711 J8   332 10137 23928  5.6  5.2  1.09  0.13   8.45   1.45   5.09   5.66  76   415     0  4.1
  6  4033 J8  1969  3094 J8  3814  2357 J8   541 11404 26222  7.8  7.3  1.57  0.12  11.86   5.59   8.76   9.16  76   288     0  4.8
  7  3469 J8  1292  2274 J8  2374  2287 J8   341 10684 24810  8.5  7.9  2.07  0.10  14.92   9.62  12.25  12.65  82   188     0  3.6
  8  2423 J8   962  1205 J8  1635  1899 J8   391  8355 21196  9.1  8.6  2.03  0.08  14.63  10.02  12.21  12.70  73   186     0  3.8
  9  2086 J8   855  3099 J8  3128  1013 J8   367  5421 17347  6.5  6.1  1.56  0.05   9.29   4.59   7.01   7.80  82   342     0  4.5
 10   934 J8   410  1808 J8  1886   536 J8   215  2722 13407  7.6  6.9  0.92  0.04   4.41   0.24   2.19   2.87  88   496     0  3.8
 11   300 J8   187   572 J8   934   236 J8   137   957  9430  8.6  8.2  0.70  0.03  -2.16  -8.01  -4.85  -4.49  85   702     0  4.3
 12   108 J8    41   861 J8   809    64 J8    21   343  6881  5.3  4.9  0.48  0.04  -4.28 -11.55  -8.32  -7.70  86   814     0  4.2
 13  2048 J8  1570  2459 J8  1450  1103 J8   844  5395 16699  6.5  6.1  1.04  0.08   2.55  -3.88  -0.64   0.04  77  6903     0  4.3
