703950 KETCHIKAN INTL AP      AK  -9  N55 22  W131 43    23  1010
 1991-2010
 MO AVGLO FL SDGLO AVDIR FL SDDIR AVDIF FL SDDIF AVETR AETRN  TOT  OPQ   H2O   TAU  MAX_T  MIN_T  AVG_T  AVGDT  RH  HTDD  CLDD AVWS
  1   465 J7    66   660 J8   341   341 J7    19  1738 10964  7.8  7.6  1.07  0.12   3.75  -0.73   1.66   2.20  85   521     0  3.8
  2   962 J7   192  1004 J8   593   659 J7    34  3273 13479  7.5  7.3  1.03  0.16   4.84  -0.13   2.45   3.22  83   451     0  3.9
  3  1786 J7   270  1280 J8   618  1253 J7    65  5671 16348  7.8  7.4  0.99  0.20   5.84   0.14   3.09   3.98  80   475     0  4.0
  4  3061 J7   301  2109 J8   620  1937 J7    97  8355 19178  7.3  6.9  1.12  0.24   9.40   2.59   6.06   7.05  80   370     0  3.9
  5  4097 J7   509  2621 J8   894  2514 J7   135 10507 21609  7.2  6.6  1.39  0.25  13.06   5.76   9.58  10.41  77   277     0  3.7
  6  4230 J7   539  2419 J8   875  2704 J7   128 11483 22865  7.6  7.2  1.82  0.24  15.79   9.32  12.61  13.26  79   175     1  3.7
  7  3826 J7   573  2250 J8  1051  2445 J7   130 10923 22078  7.8  7.4  2.23  0.20  17.33  11.41  14.37  14.96  83   125     3  3.5
  8  3496 J7   419  2650 J8   837  2015 J7   115  9041 19793  7.4  6.7  2.25  0.15  17.61  11.55  14.55  15.36  84   119     3  3.4
  9  2214 J7   304  1813 J8   757  1399 J7    70  6501 17076  7.8  7.4  1.96  0.11  14.32   8.79  11.58  12.44  87   203     0  3.5
 10  1184 J7   132  1099 J8   436   822 J7    32  3961 14242  8.2  7.9  1.52  0.08  10.09   5.06   7.70   8.49  87   333     0  3.7
 11   595 J7    94   772 J8   464   432 J7    23  2090 11558  8.1  8.0  1.19  0.07   6.18   1.80   4.09   4.64  86   430     0  3.8
 12   362 J7    55   556 J8   400   277 J7    16  1320 10050  8.0  7.8  1.07  0.08   4.12  -0.08   2.18   2.62  85   506     0  3.8
 13  2190 J7   163  1603 J8   368  1400 J7    45  6238 16603  7.7  7.4  1.47  0.16  10.19   4.62   7.49   8.22  83  3986     7  3.7
 1991
  1   543 J5   247  1054 J7  1295   351 J5   108  1732 10949  6.2  5.9  1.04  0.11   1.86  -4.33  -0.99  -0.01  84   607     0  3.5
  2   866 J5   536   548 J7  1141   681 J5   179  3250 13448  8.4  8.2  1.28  0.15   6.39   2.16   4.21   4.59  87   394     0  4.9
  3  1981 J5   871  1792 J7  2116  1259 J5   327  5630 16309  6.7  6.4  0.96  0.19   4.76  -0.83   2.17   2.97  78   507     0  3.7
  4  2765 J5  1455  1535 J7  2343  1917 J5   570  8316 19136  8.2  7.9  1.16  0.23   8.99   3.10   5.95   6.63  83   369     0  4.4
  5  3819 J5  1779  2255 J6  2675  2420 J5   446 10481 21577  7.6  7.1  1.50  0.24  12.28   6.19   9.40  10.03  81   282     0  4.2
  6  4296 J5  1597  2429 J6  2431  2736 J5   441 11479 22861  7.9  7.6  1.83  0.23  15.19   9.47  12.18  12.70  81   181     1  3.8
  7  3299 J5  1418  1184 J6  2016  2586 J5   532 10942 22107  9.1  8.5  2.17  0.20  16.06  10.60  13.39  13.85  86   155     0  3.1
  8  2982 J5  1483  1609 J7  2278  2047 J5   440  9076 19834  8.1  7.8  2.40  0.18  16.67  11.87  14.09  14.61  85   129     3  3.7
  9  1714 J5   698   568 J7   865  1440 J5   423  6541 17119  9.0  9.0  2.27  0.17  14.09   9.23  11.72  12.44  90   200     0  3.0
 10  1084 J5   549   995 J7  1649   772 J5   214  3995 14288  7.4  7.2  1.67  0.17   8.84   3.55   6.43   7.27  82   376     0  3.4
 11   408 J5   109    64 J7   175   395 J5    96  2109 11593  9.6  9.4  1.54  0.18   7.50   4.19   5.92   6.19  89   375     0  3.9
 12   309 J5    86    83 J7   259   295 J5    67  1323 10054  9.4  9.2  1.38  0.21   6.17   2.60   4.48   4.78  90   432     0  5.1
 13  2005 J5  1399  1176 J7   779  1408 J5   914  6240 16606  8.1  7.9  1.60  0.19   9.90   4.82   7.41   8.00  85  4005     3  3.9
 1992
  1   377 J5   110    34 J7    81   370 J5   100  1723 10933  9.6  9.4  1.32  0.27   6.12   2.71   4.43   4.78  90   431     0  5.4
  2   808 J5   288   210 J7   430   746 J5   226  3270 13468  8.7  8.4  1.23  0.33   6.27   1.19   3.83   4.51  84   423     0  4.8
  3  1659 J5   693   515 J7   929  1432 J5   393  5697 16372  8.2  7.9  1.27  0.39   7.15   2.08   4.90   5.59  83   425     0  5.0
  4  2956 J5  1085  1230 J7  1636  2273 J5   538  8378 19202  7.9  7.2  1.23  0.41   9.43   3.03   6.31   7.27  79   363     0  4.6
  5  3944 J5  1641  1777 J6  2137  2831 J5   667 10522 21626  7.7  7.0  1.46  0.40  12.58   6.23   9.49  10.16  74   277     0  5.1
  6  4472 J5  1803  2148 J6  2213  3040 J5   606 11484 22865  7.4  6.9  1.96  0.38  16.33   9.72  13.24  13.90  79   161     2  4.9
  7  4038 J5  1738  2249 J6  2423  2619 J5   534 10911 22064  7.6  7.2  2.28  0.32  17.02  11.92  14.39  14.90  83   120     0  4.6
  8  3436 J5  1369  1980 J7  2055  2306 J5   578  9019 19770  7.4  6.7  2.21  0.26  17.48  11.59  14.51  15.26  81   118     0  4.3
  9  1823 J5   861   736 J7  1055  1470 J5   467  6476 17052  8.7  8.3  1.88  0.20  12.10   6.86   9.55  10.29  88   266     0  4.5
 10  1075 J5   561   668 J7  1157   831 J5   267  3938 14213  7.9  7.6  1.51  0.16   9.08   3.57   6.38   7.31  88   372     0  4.1
 11   480 J5   185   250 J7   446   426 J5   124  2076 11538  8.7  8.6  1.41  0.14   7.54   3.26   5.46   5.96  87   388     0  4.7
 12   359 J5   136   326 J7   597   306 J5    80  1318 10044  7.5  7.2  1.06  0.14   2.37  -1.99   0.26   0.69  81   562     0  4.6
 13  2119 J5  1564  1010 J7   825  1554 J5  1022  6234 16596  8.1  7.7  1.57  0.28  10.29   5.01   7.73   8.39  83  3906     2  4.7
 1993
  1   497 J5   211   867 J7  1136   339 J5    78  1749 10986  6.7  6.5  0.89  0.17   2.84  -2.32   0.44   1.17  81   560     0  5.3
  2  1131 J5   700  1521 J7  1929   650 J5   189  3286 13503  5.9  5.8  1.11  0.20   6.61   0.86   3.70   4.76  74   409     0  5.3
  3  1915 J5  1085  1505 J7  2158  1248 J5   286  5678 16362  7.0  6.8  0.92  0.24   6.79  -0.17   3.35   4.56  79   466     0  4.7
  4  2530 J5  1148  1077 J7  1702  1951 J5   389  8362 19183  8.6  8.1  1.26  0.27  10.06   3.96   6.99   7.82  85   340     0  4.7
  5  4171 J5  1916  2445 J6  2887  2637 J5   609 10512 21617  7.1  6.6  1.65  0.28  14.92   8.45  11.48  12.10  79   206     0  5.2
  6  4084 J5  1398  1869 J6  1932  2870 J5   498 11484 22869  7.8  7.6  1.80  0.27  16.37   9.45  12.89  13.57  78   163     0  4.5
  7  4181 J5  1864  2533 J6  2775  2528 J5   547 10920 22074  7.3  6.9  2.16  0.22  18.65  12.05  15.38  16.06  79    93     0  4.6
  8  3856 J5  1749  3163 J7  3139  2044 J5   378  9035 19786  6.6  6.1  2.14  0.17  19.30  12.85  15.87  16.73  77    79     9  4.7
  9  2876 J5  1361  3137 J7  2834  1377 J5   345  6495 17067  5.6  5.2  1.90  0.13  16.01  10.06  12.98  13.94  81   160     1  4.6
 10  1319 J5   745  1429 J7  1806   806 J5   233  3955 14235  7.9  7.4  1.79  0.09  11.53   7.39   9.45  10.02  90   275     0  4.8
 11   533 J5   217   517 J7  1010   432 J5   116  2086 11549  8.4  8.3  1.31  0.08   7.08   2.33   4.84   5.44  85   409     0  4.5
 12   296 J5    87   140 J7   281   276 J5    56  1320 10048  9.3  9.0  1.30  0.09   6.59   3.20   5.05   5.49  86   416     0  4.1
 13  2282 J5  1534  1684 J7   979  1430 J5   950  6240 16607  7.4  7.0  1.52  0.18  11.40   5.67   8.54   9.30  81  3575    10  4.7
 1994
  1   357 J5   161   200 J7   475   320 J5    97  1741 10969  9.3  9.1  1.39  0.12   6.12   3.08   4.57   4.98  91   426     0  3.1
  2   780 J5   468   493 J7  1096   627 J5   176  3269 13472  8.4  8.2  0.82  0.16   1.09  -3.26  -0.86  -0.35  78   544     0  4.0
  3  1367 J5   635   403 J7   864  1194 J5   309  5655 16329  9.3  9.0  1.20  0.20   7.20   2.97   4.95   5.47  84   411     0  4.8
  4  2985 J5  1405  1905 J7  2589  1950 J5   429  8340 19164  7.9  7.3  1.27  0.24  10.98   5.53   8.14   8.89  81   302     0  4.6
  5  3725 J5  1628  1811 J6  2268  2593 J5   473 10498 21598  8.1  7.3  1.39  0.25  13.15   7.10  10.27  10.81  78   254     0  5.1
  6  3442 J5  1418  1315 J6  1908  2623 J5   420 11482 22866  8.9  8.6  1.96  0.24  15.46  10.92  13.08  13.55  82   154     0  4.6
  7  3734 J5  1713  1974 J6  2593  2571 J5   462 10930 22086  7.7  7.3  2.17  0.20  18.15  12.81  15.39  15.93  81    91     3  4.4
  8  3706 J5  1602  3193 J7  3140  1924 J5   457  9054 19805  6.6  6.0  2.40  0.15  19.73  13.83  16.66  17.36  85    55     7  4.2
  9  1876 J5   949  1193 J7  1954  1322 J5   235  6516 17092  8.4  8.3  2.04  0.11  14.58  10.07  12.37  12.86  89   180     0  4.7
 10  1102 J5   579   645 J7  1319   877 J5   228  3974 14254  8.6  8.3  1.44  0.08  10.77   6.12   8.64   9.32  85   306     0  4.7
 11   536 J5   309   468 J7  1190   430 J5   113  2097 11572  8.3  8.2  1.03  0.06   5.13   0.48   3.11   3.55  82   466     0  4.7
 12   335 J5   144   373 J7   832   279 J5    60  1321 10053  8.4  8.2  0.96  0.07   3.64   0.10   1.96   2.22  84   510     0  4.9
 13  1995 J5  1423  1164 J7   910  1393 J5   912  6240 16605  8.3  8.0  1.51  0.16  10.50   5.81   8.19   8.71  83  3700    10  4.5
 1995
  1   467 J5   170   651 J7  1020   356 J5    96  1733 10949  7.3  7.0  1.07  0.11   5.29   0.53   3.20   3.95  82   478     0  4.0
  2   995 J5   598  1063 J7  1583   669 J5   231  3252 13452  7.6  7.4  0.96  0.15   4.90   0.50   2.88   3.41  71   438     0  4.6
  3  1499 J5   656  1010 J7  1987  1132 J5   303  5633 16311  7.8  7.8  1.04  0.19   6.12   1.28   3.60   4.35  75   453     0  4.5
  4  3363 J5  1704  2490 J7  2723  1968 J5   487  8319 19139  6.6  6.1  1.12  0.23  11.32   4.43   7.98   8.89  70   314     0  5.1
  5  4177 J5  1909  2969 J6  3018  2351 J5   365 10483 21578  7.3  6.8  1.45  0.24  14.75   7.28  11.11  11.93  76   227     0  3.9
  6  4843 J5  1856  3151 J6  2900  2817 J5   539 11480 22861  7.2  6.6  1.79  0.23  16.44   9.83  13.23  13.90  75   157     1  4.5
  7  3588 J5  1648  1836 J6  2401  2416 J5   363 10941 22103  8.3  8.2  2.38  0.19  17.70  12.51  15.07  15.53  80   104     4  4.4
  8  3286 J5  1271  2025 J7  2236  2166 J5   416  9073 19830  8.5  7.5  2.12  0.15  15.90  10.60  13.39  14.13  84   158     0  3.6
  9  2377 J5  1197  2360 J7  2922  1303 J5   332  6538 17115  6.8  6.8  2.28  0.10  16.97  11.01  13.83  14.84  84   130     0  4.0
 10  1089 J5   511   979 J7  1795   799 J5   195  3993 14286  8.3  8.0  1.42  0.07   9.98   6.26   8.09   8.66  88   316     0  5.1
 11   501 J5   194   228 J7   523   452 J5   127  2108 11593  9.5  9.3  1.27  0.06   5.75   2.05   4.02   4.29  84   433     0  4.9
 12   323 J5   145   318 J7   705   272 J5    71  1323 10055  8.7  8.6  1.14  0.07   3.95   0.17   2.03   2.13  86   504     0  4.8
 13  2209 J5  1595  1590 J7  1015  1392 J5   909  6240 16606  7.8  7.5  1.50  0.15  10.76   5.54   8.20   8.83  80  3712     5  4.5
 1996
  1   638 J5   342  1518 J7  1479   336 J5   117  1725 10934  4.9  4.7  0.71  0.11   0.01  -5.17  -2.40  -1.75  72   648     0  4.6
  2   975 J5   694  1032 J7  1726   640 J5   191  3272 13471  7.6  7.4  1.11  0.15   4.81   0.42   2.70   3.24  83   456     0  4.9
  3  2116 J5  1143  2028 J7  2338  1236 J5   350  5699 16375  6.7  6.1  1.00  0.19   6.52   0.73   3.88   4.82  66   456     0  4.3
  4  2782 J5  1275  1431 J7  2040  2002 J5   484  8381 19206  8.8  7.9  1.24  0.23   9.10   3.46   6.33   7.02  82   361     0  4.7
  5  4536 J5  1976  3543 J6  3472  2418 J5   478 10523 21627  6.2  5.7  1.17  0.24  12.46   5.07   9.13  10.05  70   296     0  4.1
  6  3845 J5  1692  1748 J7  2398  2722 J5   576 11485 22864  8.6  8.0  1.73  0.23  13.82   9.02  11.32  11.75  83   207     0  5.4
  7  4220 J7  1653  2635 J7  2727  2600 J7   368 10909 22062  7.6  7.2  2.02  0.19  16.73  11.21  13.93  14.48  81   135     0  4.1
  8  3249 J6  1334  1865 J7  1964  2211 J6   469  9017 19766  8.6  7.5  2.24  0.14  16.08  11.59  13.67  14.19  87   139     0  4.0
  9  2117 J5   868  1516 J7  2074  1447 J5   361  6473 17048  8.2  7.7  1.83  0.10  12.91   7.87  10.51  11.24  87   238     0  4.3
 10   952 J5   356   490 J7  1133   810 J5   234  3936 14210  9.0  8.6  1.48  0.07   9.26   5.17   7.39   7.83  84   345     0  4.9
 11   623 J5   329  1049 J7  1709   414 J5   163  2075 11535  7.1  7.0  1.08  0.06   4.59   0.19   2.50   3.22  73   478     0  4.1
 12   406 J7   161   722 J8   924   293 J7    68  1318 10044  6.6  6.4  0.78  0.07   1.34  -3.90  -1.04  -0.44  70   608     0  4.1
 13  2205 J6  1505  1631 J7   841  1427 J6   930  6234 16595  7.5  7.0  1.37  0.15   8.97   3.80   6.49   7.14  78  4369     0  4.5
 1997
  1   382 J8   211   340 J8   714   314 J8    97  1750 10989  8.8  8.7  1.08  0.11   2.78  -1.63   0.76   1.33  88   550     0  3.6
  2   629 J8   162    62 J8   113   613 J8   146  3288 13505  9.6  9.5  1.26  0.15   5.55   1.79   3.87   4.39  90   411     0  3.7
  3  1530 J8   696   745 J8  1390  1223 J8   267  5680 16366  8.5  8.2  0.91  0.19   4.72  -0.65   2.15   2.91  80   505     0  3.6
  4  2881 J8  1360  1892 J8  2417  1917 J8   371  8364 19186  7.1  7.0  1.11  0.23  10.27   1.69   6.08   7.33  81   371     0  3.5
  5  4431 J8  1916  3218 J8  3275  2521 J8   508 10514 21619  6.6  5.8  1.43  0.24  15.04   5.49  10.69  11.83  77   250     0  3.2
  6  3456 J8  1204  1013 J8  1341  2813 J8   550 11484 22869  9.1  8.8  2.04  0.23  15.94   9.44  12.71  13.38  84   169     0  3.6
  7  3037 J8  1134   850 J8  1348  2498 J8   457 10918 22074  9.4  9.0  2.33  0.19  17.26  11.43  14.27  14.84  87   124     0  3.1
  8  3190 J8  1541  2086 J8  2933  2020 J8   470  9032 19782  7.7  7.3  2.47  0.15  19.17  13.48  16.09  16.86  82    70     8  3.5
  9  1891 J8   881  1067 J8  1665  1418 J8   312  6492 17065  8.5  8.0  2.11  0.10  15.44   9.56  12.48  13.33  88   175     0  3.4
 10  1214 J8   768  1089 J8  1876   830 J8   202  3952 14232  8.4  8.1  1.50  0.07  10.19   4.80   7.78   8.67  81   336     0  3.5
 11   723 J8   391  1422 J8  1734   409 J8   110  2085 11548  6.9  6.8  1.27  0.06   7.54   2.37   5.09   6.05  88   401     0  2.9
 12   303 J8    91   153 J8   304   279 J8    50  1320 10046  9.1  8.9  1.29  0.07   6.62   2.13   4.64   5.03  90   433     0  4.3
 13  1972 J8  1387  1161 J8   899  1405 J8   929  6240 16607  8.3  8.0  1.57  0.15  10.88   4.99   8.05   8.83  85  3794     8  3.5
 1998
  1   457 J8   203   667 J8  1035   339 J8    79  1742 10974  7.3  7.2  1.01  0.11   3.03  -3.49  -0.25   0.84  83   575     0  3.5
  2   741 J8   263   456 J8  1048   627 J8   155  3271 13476  8.6  8.5  1.14  0.15   7.65   2.36   5.08   5.92  80   373     0  4.1
  3  1914 J8   802  1508 J8  1847  1289 J8   368  5658 16331  7.2  6.9  1.08  0.19   7.89   0.57   4.25   5.64  81   437     0  2.6
  4  2757 J8  1161  1594 J8  2160  1955 J8   312  8343 19167  7.4  7.1  1.13  0.23   9.34   2.13   5.81   6.96  82   378     0  3.4
  5  4836 J8  1837  4095 J8  3258  2384 J8   465 10499 21602  5.6  4.9  1.56  0.24  14.74   5.65  10.50  11.57  77   252     0  3.3
  6  5245 J8  2122  4050 J8  3528  2645 J8   574 11482 22866  5.8  5.5  2.05  0.23  17.97  10.43  14.28  15.06  76   124     0  3.7
  7  4375 J8  2276  3520 J8  3996  2265 J8   581 10929 22083  6.4  6.1  2.40  0.19  18.43  11.94  15.27  15.95  79   105     8  3.6
  8  3236 J8  1765  2347 J8  2961  1892 J8   399  9052 19803  7.9  7.2  2.18  0.15  16.76  10.23  13.80  14.65  84   150     0  3.3
  9  2372 J8  1136  2226 J8  2771  1400 J8   383  6514 17089  7.2  6.8  1.82  0.10  14.07   8.00  11.20  12.13  85   219     0  3.4
 10  1093 J8   511   877 J8  1628   815 J8   167  3971 14254  8.6  8.4  1.62  0.07  10.97   4.73   8.20   9.33  88   325     0  3.5
 11   666 J8   406  1126 J8  1713   407 J8   120  2096 11570  7.7  7.6  1.12  0.06   6.45   1.17   3.88   4.67  85   436     0  3.4
 12   327 J8   139   447 J8   934   261 J8    52  1321 10052  8.4  8.3  1.01  0.07   3.00  -1.32   1.18   1.76  89   542     0  3.5
 13  2335 J8  1771  1909 J8  1348  1357 J8   861  6240 16606  7.3  7.0  1.51  0.15  10.86   4.37   7.77   8.71  82  3917     8  3.4
 1999
  1   497 J8   302   851 J8  1316   331 J8   125  1734 10952  7.5  7.2  1.00  0.11   3.20  -1.08   1.34   1.88  87   535     0  3.5
  2   667 J8   233   190 J8   448   617 J8   176  3254 13455  9.4  9.3  0.94  0.15   3.54  -0.39   1.60   1.94  87   469     0  3.9
  3  1738 J8   809  1042 J8  1564  1294 J8   318  5636 16313  8.4  7.9  0.95  0.19   5.61  -0.07   2.72   3.76  85   482     0  3.2
  4  2856 J8  1337  1697 J8  2358  1959 J8   450  8322 19142  7.5  7.2  1.15  0.23   8.42   1.67   5.23   6.21  80   399     0  3.5
  5  2961 J8  1062   855 J8  1349  2457 J8   354 10485 21582  9.1  8.9  1.27  0.24   9.75   4.23   7.16   7.71  85   352     0  3.9
  6  3459 J8  1834  1452 J8  2537  2549 J8   453 11480 22861  8.3  8.1  1.86  0.23  13.82   8.37  11.10  11.67  84   217     0  3.4
  7  4330 J8  2290  3515 J8  4098  2155 J8   469 10939 22099  6.3  6.1  2.19  0.19  17.15   9.97  13.74  14.47  82   148     0  3.5
  8  3163 J8  1846  2257 J8  3016  1887 J8   393  9071 19826  7.5  7.2  2.37  0.15  16.86  10.76  13.79  14.56  87   141     1  3.1
  9  1940 J8   857  1178 J8  1875  1412 J8   259  6535 17112  8.5  8.1  1.85  0.10  13.32   7.11  10.33  11.33  90   243     0  2.9
 10   994 J8   404   425 J8   764   854 J8   240  3990 14283  9.5  9.0  1.54  0.07   9.86   5.33   7.70   8.27  90   333     0  3.8
 11   465 J8   165   111 J8   260   443 J8   118  2107 11590  9.5  9.4  1.18  0.06   6.51   2.89   4.81   5.23  88   409     0  4.1
 12   299 J8   131   261 J8   577   256 J8    71  1323 10056  9.3  9.0  1.11  0.07   4.93   1.59   3.38   3.76  92   467     0  3.5
 13  1947 J8  1378  1153 J8   987  1351 J8   843  6240 16606  8.4  8.1  1.45  0.15   9.41   4.20   6.91   7.56  86  4196     1  3.5
 2000
  1   497 J8   237   709 J8  1085   363 J8   104  1726 10935  7.9  7.3  0.74  0.11   2.06  -3.02  -0.10   0.40  85   583     0  3.0
  2  1063 J8   492  1421 J8  1796   668 J8   200  3274 13474  6.4  6.2  0.82  0.15   4.90  -1.30   1.78   3.01  83   479     0  3.2
  3  1640 J8   800  1110 J8  1970  1195 J8   303  5702 16376  8.5  7.9  0.91  0.19   6.86   1.45   4.12   5.08  85   439     0  4.2
  4  2952 J8  1511  2338 J8  3024  1770 J8   331  8384 19209  7.0  6.8  0.85  0.23   8.85   2.28   5.76   6.73  75   383     0  3.9
  5  4217 J8  1890  2954 J8  3131  2479 J8   402 10525 21631  7.1  6.5  0.97  0.24  12.41   4.41   8.77   9.77  77   308     0  3.3
  6  4386 J8  1873  2613 J8  3084  2763 J8   454 11485 22865  6.8  6.6  1.49  0.23  16.34   8.50  12.67  13.54  77   177     0  2.9
  7  3109 J8  1558  1265 J8  2226  2334 J8   362 10908 22059  8.7  8.4  1.93  0.19  17.35  11.37  14.45  15.07  84   123     0  2.9
  8  3353 J8  1623  2394 J8  2799  2026 J8   511  9014 19764  7.6  7.1  1.97  0.14  17.18  10.87  14.19  15.03  81   136     3  3.3
  9  2417 J8  1136  2389 J8  2640  1344 J8   339  6470 17044  7.7  7.2  1.76  0.10  14.63   8.29  11.58  12.57  85   206     0  3.0
 10  1169 J8   621  1055 J8  1637   819 J8   203  3933 14209  8.6  8.3  1.29  0.07  10.43   4.87   7.93   8.70  86   331     0  2.9
 11   561 J8   320   694 J8  1407   417 J8   123  2073 11530  8.6  8.5  1.11  0.06   7.47   3.31   5.58   6.00  87   388     0  3.8
 12   401 J8   200   978 J8  1424   254 J8    61  1318 10043  7.1  7.0  0.88  0.07   4.32  -0.25   2.10   2.79  83   505     0  3.0
 13  2147 J8  1448  1660 J8   815  1369 J8   889  6234 16595  7.7  7.3  1.23  0.15  10.23   4.23   7.40   8.22  82  4060     3  3.3
 2001
  1   370 J8   155   194 J8   472   337 J8    92  1751 10990  9.1  9.0  0.96  0.11   6.26   2.48   4.53   4.90  88   433     0  4.5
  2  1154 J8   630  1731 J8  1978   641 J8   182  3290 13506  5.8  5.5  0.73  0.15   4.33  -1.42   1.48   2.73  78   473     0  3.0
  3  1460 J8   443   583 J8   743  1241 J8   242  5683 16370  8.7  8.6  0.78  0.19   5.94   0.06   3.05   3.87  83   475     0  3.5
  4  3238 J8  1426  2707 J8  2967  1887 J8   488  8367 19193  6.6  6.1  0.70  0.23   9.23   1.58   5.43   6.64  79   388     0  3.5
  5  3172 J8  1495  1270 J8  2023  2407 J8   402 10515 21620  9.0  8.4  1.09  0.24   9.88   4.74   7.40   7.88  82   342     0  4.1
  6  3544 J8  1482  1388 J8  2148  2701 J8   480 11485 22868  8.9  8.5  1.44  0.23  14.58   8.42  11.52  12.14  81   205     0  3.0
  7  3315 J8  1482  1485 J8  2549  2426 J8   453 10917 22070  8.7  8.4  1.95  0.19  16.06  10.94  13.52  14.03  83   150     0  3.4
  8  3375 J8  1703  2572 J8  3406  1952 J8   393  9030 19780  7.6  7.3  1.97  0.15  17.30  11.87  14.46  15.13  85   116     0  3.4
  9  2031 J8  1040  1430 J8  2065  1396 J8   333  6489 17060  8.4  8.1  1.74  0.10  13.96   9.44  11.49  12.19  88   199     0  4.0
 10  1173 J8   653   843 J8  1450   867 J8   209  3950 14230  8.9  8.6  1.18  0.07   9.57   4.74   7.24   8.01  87   346     0  3.4
 11   600 J8   241   792 J8  1396   452 J8   176  2083 11546  7.9  7.8  0.89  0.06   5.69   1.15   3.64   4.33  82   447     0  3.4
 12   352 J8   169   453 J8   968   280 J8    67  1319 10046  8.7  8.5  0.83  0.07   4.12  -0.83   2.06   2.70  85   517     0  3.4
 13  1982 J8  1277  1287 J8   784  1382 J8   877  6240 16607  8.2  7.9  1.19  0.15   9.74   4.43   7.15   7.88  83  4090     0  3.5
 2002
  1   451 J8   284   501 J8  1104   345 J8   103  1743 10975  8.8  8.5  1.08  0.11   3.90   0.25   2.30   2.84  89   504     0  3.0
  2   906 J8   580   903 J8  1516   625 J8   180  3273 13480  7.9  7.6  0.95  0.15   3.47  -1.47   1.14   1.78  88   485     0  3.6
  3  2333 J8  1044  2445 J8  2449  1309 J8   348  5661 16332  5.9  5.3  0.74  0.19   3.01  -3.98  -0.19   1.09  69   583     0  2.5
  4  3619 J8  1794  3108 J8  3459  1948 J8   533  8346 19169  5.8  5.4  1.06  0.23   8.32  -0.12   4.40   5.81  77   427     0  2.5
  5  3695 J8  1890  2272 J8  3064  2336 J8   407 10501 21603  7.6  7.1  1.45  0.24  11.42   4.29   8.16   8.94  78   325     0  3.7
  6  4204 J8  2081  2635 J8  3258  2565 J8   492 11482 22867  7.6  7.1  1.92  0.23  15.38   8.69  12.04  12.68  81   190     1  3.5
  7  3335 J8  1468  1380 J8  2352  2487 J8   363 10927 22083  8.8  8.5  2.19  0.19  16.19  10.45  13.17  13.76  85   155     0  2.8
  8  3146 J8  1808  2150 J8  2973  1945 J8   469  9049 19800  8.4  7.6  2.47  0.15  16.47  10.94  13.81  14.56  87   143     0  3.7
  9  2365 J8  1189  2108 J8  2563  1405 J8   388  6511 17085  7.8  7.2  1.92  0.10  14.12   8.38  11.18  12.06  91   212     0  3.2
 10  1292 J8   648  1508 J8  2029   807 J8   217  3969 14250  8.0  7.6  1.64  0.07  10.66   5.16   7.84   8.88  92   323     0  2.6
 11   610 J8   266   767 J8  1098   445 J8   136  2094 11565  8.4  8.2  1.54  0.06   8.72   4.09   6.49   7.22  92   358     0  2.9
 12   336 J8   171   527 J8  1224   258 J8    53  1321 10054  8.5  8.4  1.21  0.07   5.71   1.40   3.52   4.02  92   458     0  3.9
 13  2191 J8  1416  1692 J8   883  1373 J8   868  6240 16605  7.8  7.4  1.51  0.15   9.78   4.01   6.99   7.80  85  4164     1  3.2
 2003
  1   457 J8   216   616 J8  1053   341 J8    91  1735 10955  7.8  7.7  1.39  0.11   5.91   1.48   3.74   4.30  91   454     0  3.5
  2   921 J8   536   870 J8  1525   659 J8   190  3256 13457  8.2  7.9  1.05  0.15   4.26  -0.14   2.22   2.97  90   455     0  2.9
  3  1632 J8   742  1102 J8  1774  1197 J8   266  5639 16315  7.9  7.7  0.99  0.19   5.22  -1.11   2.27   3.12  78   505     0  3.8
  4  3258 J8  1609  2573 J8  3007  1854 J8   372  8324 19144  7.0  6.9  1.11  0.23   9.75   2.53   6.01   7.13  82   366     0  3.7
  5  4342 J8  1764  3066 J8  2905  2529 J8   440 10487 21584  6.6  5.9  1.25  0.24  12.56   3.67   8.58   9.82  76   317     0  3.2
  6  4128 J8  2081  2381 J8  3277  2636 J8   433 11480 22862  7.3  6.9  1.91  0.23  15.07   9.13  12.30  12.88  81   187     0  3.4
  7  4309 J8  2047  3205 J8  3581  2375 J8   534 10938 22096  7.2  6.4  2.39  0.19  17.14  10.49  14.08  14.81  85   140     0  2.9
  8  4314 J8  1657  4202 J8  3031  1945 J8   423  9068 19824  6.7  5.1  2.09  0.15  17.27  10.41  13.85  14.89  85   139     0  2.7
  9  2066 J8   959  1527 J8  2271  1405 J8   311  6533 17111  8.3  7.8  2.05  0.10  13.94   9.18  11.55  12.28  91   203     0  3.3
 10  1298 J8   606  1583 J8  2109   820 J8   280  3988 14279  7.6  7.3  1.61  0.07  11.06   5.21   8.32   9.31  87   316     0  3.2
 11   795 J8   520  1751 J8  2227   392 J8    77  2106 11587  6.3  6.1  1.02  0.06   4.53  -0.81   1.79   2.80  87   494     0  2.9
 12   381 J8   155   462 J8   812   309 J8    85  1323 10058  8.4  8.0  1.16  0.07   4.65   0.41   2.63   3.09  89   490     0  3.8
 13  2325 J8  1631  1945 J8  1156  1372 J8   879  6240 16606  7.4  7.0  1.50  0.15  10.11   4.20   7.28   8.12  85  4065     0  3.3
 2004
  1   455 J8   253   896 J8  1454   299 J8    85  1727 10939  7.4  7.3  1.07  0.11   2.03  -2.50  -0.15   0.38  85   576     0  3.1
  2  1076 J8   634  1310 J8  1650   675 J8   218  3276 13477  7.2  6.8  1.21  0.15   5.96  -0.18   3.00   4.03  89   448     0  3.5
  3  1901 J8   834  1462 J8  1688  1285 J8   269  5705 16377  8.1  7.3  1.09  0.19   7.23   0.61   4.08   5.17  84   447     0  3.3
  4  3329 J8  1737  2730 J8  3191  1869 J8   447  8386 19212  6.9  6.5  1.36  0.23  10.69   2.89   7.11   8.30  82   346     0  3.2
  5  4726 J8  2124  4035 J8  3800  2307 J8   382 10527 21632  5.4  5.2  1.41  0.24  15.14   6.69  11.04  12.10  74   230     0  3.0
  6  5162 J8  2195  4179 J8  4153  2586 J8   561 11485 22866  5.5  5.4  2.04  0.23  18.53  10.47  14.58  15.43  77   130    15  3.0
  7  4356 J8  1841  3070 J8  3118  2477 J8   502 10906 22056  6.9  6.4  2.43  0.19  19.43  12.05  15.86  16.62  83    83     3  3.0
  8  4267 J8  1492  4323 J8  2978  1974 J8   437  9011 19761  5.0  4.3  2.39  0.14  20.61  11.46  15.98  17.41  84    75     3  2.5
  9  2246 J8   828  1790 J8  2029  1452 J8   333  6467 17042  7.6  7.4  1.87  0.10  14.61   7.17  11.18  12.47  87   223     0  2.8
 10  1351 J8   734  1851 J8  2567   774 J8   226  3931 14206  7.3  7.0  1.53  0.07   9.61   4.41   7.26   8.08  89   351     0  3.4
 11   654 J8   299   803 J8  1187   470 J8   127  2072 11528  8.1  7.9  1.27  0.06   6.28   1.87   4.11   4.64  92   428     0  3.1
 12   393 J8   185   725 J8  1047   283 J8    65  1318 10043  7.7  7.4  1.15  0.07   4.45   0.15   2.63   3.15  88   497     0  3.2
 13  2493 J8  1786  2265 J8  1356  1371 J8   863  6234 16595  6.9  6.6  1.57  0.15  11.21   4.59   8.06   8.98  84  3833    21  3.1
 2005
  1   468 J8   205   881 J8  1360   320 J8    86  1752 10992  7.0  6.9  1.16  0.11   3.51  -1.72   1.30   1.90  82   540     0  3.3
  2   998 J8   530   970 J8  1411   700 J8   216  3293 13510  7.9  7.7  1.05  0.15   4.64  -0.55   2.13   2.98  89   456     0  2.7
  3  2170 J8  1171  2321 J8  2943  1190 J8   335  5686 16372  6.7  6.5  1.06  0.19   7.25   1.71   4.56   5.48  80   429     0  3.8
  4  3379 J8  1716  2542 J8  2911  1968 J8   430  8370 19197  6.7  6.4  1.22  0.23  10.65   3.91   7.37   8.29  80   332     0  3.6
  5  4675 J8  1782  3334 J8  3106  2653 J8   484 10517 21622  6.0  5.5  1.54  0.24  15.85   7.37  11.71  12.71  76   208     0  3.0
  6  4735 J8  1921  3262 J8  3228  2740 J8   499 11485 22868  6.4  6.2  1.76  0.23  17.76   9.73  13.87  14.73  73   142     5  3.4
  7  3093 J8  1232   944 J8  1519  2506 J8   423 10915 22069  8.8  8.6  2.26  0.19  16.42  10.79  13.59  14.16  89   146     0  3.1
  8  3815 J8  1785  3308 J8  3600  1989 J8   457  9027 19777  6.4  5.9  2.30  0.15  18.49  11.49  14.92  15.86  86   106     3  2.9
  9  2288 J8   833  1611 J8  1900  1571 J8   339  6486 17058  8.0  7.6  1.89  0.10  14.38   8.28  11.36  12.39  88   210     0  2.8
 10  1292 J8   644  1263 J8  1682   863 J8   223  3948 14227  8.5  8.1  1.42  0.07   9.98   4.63   7.47   8.24  90   342     0  3.7
 11   592 J8   238   764 J8  1231   449 J8   157  2082 11545  8.5  8.2  1.35  0.06   5.83   1.99   3.86   4.28  93   433     0  4.1
 12   373 J8   169   609 J8  1031   278 J8    62  1319 10047  7.9  7.7  1.34  0.07   5.57   1.05   3.51   4.05  90   466     0  3.5
 13  2323 J8  1606  1817 J8  1073  1436 J8   926  6240 16607  7.4  7.1  1.53  0.15  10.86   4.89   7.97   8.76  85  3810     7  3.3
 2006
  1   427 J8   206   343 J8   583   361 J8   137  1744 10977  9.1  8.6  1.10  0.11   4.51   0.26   2.61   2.95  91   494     0  3.1
  2  1204 J8   650  1688 J8  1946   690 J8   200  3275 13483  5.7  5.4  0.80  0.15   4.08  -2.45   1.13   2.35  77   490     0  3.7
  3  2175 J8  1031  2239 J8  2461  1238 J8   297  5664 16337  7.0  6.3  0.86  0.19   4.42  -2.77   1.08   2.29  80   543     0  3.8
  4  2691 J8  1050  1424 J8  1863  1942 J8   380  8349 19172  8.3  7.9  1.14  0.23   7.86   1.53   4.75   5.63  86   409     0  5.1
  5  3790 J8  1574  1762 J8  1995  2707 J8   556 10503 21605  8.1  7.6  1.49  0.24  12.15   5.50   8.78   9.57  81   295     0  3.9
  6  4306 J8  2135  2628 J8  3496  2644 J8   500 11482 22867  7.3  6.9  1.79  0.23  15.91   9.74  12.83  13.43  79   166     1  3.4
  7  4124 J8  2130  2731 J8  3433  2467 J8   537 10926 22081  7.2  6.9  2.21  0.19  17.58  11.27  14.41  15.10  81   121     0  3.6
  8  2862 J8  1163  1405 J8  2003  2121 J8   453  9046 19798  8.6  8.0  2.18  0.15  15.98  10.50  13.20  13.96  85   158     0  2.7
  9  2160 J8  1138  1753 J8  2540  1395 J8   402  6508 17083  8.1  7.8  2.16  0.10  13.90   8.95  11.57  12.39  89   207     0  3.8
 10  1444 J8   807  1908 J8  2315   795 J8   227  3967 14247  7.2  6.9  1.63  0.07  10.19   4.35   7.34   8.50  89   343     0  3.0
 11   690 J8   333  1334 J8  1765   426 J8   141  2093 11562  6.8  6.6  0.84  0.06   2.22  -3.05  -0.19   0.41  78   562     0  3.0
 12   326 J8   105   235 J8   460   292 J8    59  1321 10054  8.9  8.8  1.26  0.07   5.44   1.06   3.30   3.50  91   468     0  5.3
 13  2183 J8  1409  1621 J8   767  1423 J8   922  6240 16605  7.7  7.3  1.46  0.15   9.52   3.74   6.73   7.51  84  4256     1  3.7
 2007
  1   449 J8   246   554 J8   888   339 J8   102  1736 10958  8.1  7.9  1.12  0.11   3.52  -0.05   1.65   1.93  90   515     0  5.7
  2   867 J8   412   787 J8  1372   650 J8   218  3258 13460  7.7  7.5  1.09  0.15   4.42   0.24   2.37   3.12  87   448     0  5.0
  3  1671 J8   665   806 J8   895  1335 J8   392  5642 16318  8.7  8.3  0.99  0.19   4.60  -0.09   2.21   2.75  87   498     0  5.6
  4  2927 J8  1290  1867 J8  2453  1957 J8   478  8327 19148  7.6  7.0  1.20  0.23   8.59   2.02   5.23   6.18  82   391     0  4.2
  5  3822 J8  1677  2015 J8  2458  2566 J8   525 10489 21586  7.9  7.2  1.46  0.24  12.32   4.46   8.63   9.54  79   308     0  2.9
  6  4204 J8  1924  2574 J8  3169  2562 J8   382 11480 22862  7.6  7.3  1.87  0.23  16.03   8.46  12.47  13.21  77   182     0  2.8
  7  3535 J8  1586  1620 J8  2151  2548 J8   562 10936 22094  8.6  7.9  2.46  0.19  16.54  11.49  13.88  14.37  88   134     0  3.1
  8  4014 J8  1648  3502 J8  3194  2064 J8   436  9065 19820  6.8  5.8  2.14  0.15  18.61  10.60  14.75  15.90  80   115     0  2.6
  9  2256 J8  1080  1855 J8  2573  1418 J8   367  6530 17106  7.9  7.3  1.94  0.10  13.88   8.58  11.43  12.25  88   213     0  3.0
 10  1161 J8   602  1056 J8  1795   820 J8   215  3986 14275  8.3  8.2  1.46  0.07   9.07   4.69   6.93   7.63  91   355     0  3.7
 11   646 J8   309   922 J8  1299   447 J8   132  2104 11585  8.2  8.0  1.09  0.06   5.38   1.12   3.36   3.91  90   452     0  3.4
 12   365 J8   190   589 J8  1284   274 J8    68  1323 10058  7.8  7.6  0.90  0.07   1.77  -1.61   0.28   0.61  82   566     0  3.8
 13  2160 J8  1484  1512 J8   902  1415 J8   904  6240 16606  7.9  7.5  1.48  0.15   9.56   4.16   6.93   7.62  85  4177     0  3.8
 2008
  1   515 J8   314   861 J8  1209   344 J8   120  1728 10943  7.7  7.4  0.95  0.11   2.17  -1.56   0.43   0.81  84   559     0  3.4
  2   910 J8   479   932 J8  1477   641 J8   160  3278 13480  8.2  8.0  1.11  0.15   3.79  -0.84   1.49   2.02  87   489     0  4.1
  3  1780 J8   963  1177 J8  1894  1273 J8   310  5708 16384  7.8  7.6  0.99  0.19   5.58   0.13   2.92   3.76  83   480     0  4.1
  4  3219 J8  1852  2529 J8  3337  1839 J8   423  8389 19214  6.8  6.5  1.00  0.23   7.72   0.64   4.42   5.50  74   425     0  3.6
  5  3775 J8  1851  2143 J8  2933  2506 J8   540 10529 21635  7.5  6.9  1.53  0.24  12.78   6.16   9.69  10.39  76   275     0  3.7
  6  4411 J8  1773  2530 J8  2762  2846 J8   574 11485 22867  7.8  7.2  1.67  0.23  13.80   7.70  10.78  11.35  76   227     0  3.6
  7  3119 J8  1190  1008 J8  1457  2495 J8   440 10904 22056  8.8  8.6  2.16  0.19  15.05  10.37  12.63  13.04  82   174     0  3.8
  8  3130 J8  1688  1970 J8  2832  1987 J8   434  9009 19756  8.0  7.7  2.38  0.14  16.21  11.50  13.80  14.38  86   139     0  3.6
  9  2316 J8   972  2108 J8  2202  1405 J8   315  6464 17038  7.4  7.1  2.06  0.10  14.70   9.93  12.29  13.05  84   180     0  2.8
 10  1021 J8   347   548 J8   898   850 J8   172  3929 14206  8.9  8.7  1.52  0.07   9.89   5.35   7.81   8.30  82   332     0  4.0
 11   594 J8   275   721 J8  1284   443 J8   123  2071 11526  8.4  8.2  1.28  0.06   7.68   3.71   5.75   6.03  84   379     0  3.8
 12   463 J8   220  1413 J8  1518   250 J8    53  1318 10042  5.5  5.2  0.77  0.07   1.40  -2.65  -0.40   0.16  70   588     0  3.1
 13  2104 J8  1404  1495 J8   721  1407 J8   919  6234 16596  7.7  7.4  1.45  0.15   9.23   4.20   6.80   7.40  81  4246     0  3.6
 2009
  1   519 J8   238   838 J8  1106   362 J8   102  1753 10993  7.0  6.8  1.05  0.11   3.04  -1.55   0.80   1.17  84   545     0  3.5
  2  1375 J8   669  2363 J8  2166   659 J8   181  3295 13511  4.7  4.3  0.80  0.15   2.99  -2.53   0.32   1.37  76   507     0  2.8
  3  1755 J8   804  1128 J8  1607  1290 J8   355  5689 16373  8.2  7.9  0.88  0.19   3.54  -1.22   1.26   1.89  78   532     0  3.3
  4  3543 J8  1806  3120 J8  3265  1857 J8   313  8373 19200  6.4  5.8  0.96  0.23   8.88   2.48   5.63   6.59  75   380     0  3.6
  5  4553 J8  1563  3291 J8  2745  2611 J8   485 10519 21624  7.1  6.2  1.34  0.24  13.12   5.81   9.48  10.33  74   275     0  2.9
  6  4636 J8  2264  3321 J8  3854  2543 J8   531 11485 22868  6.9  6.5  1.74  0.23  16.79   9.79  13.29  14.04  75   152     1  3.2
  7  4928 J8  2265  4410 J8  3953  2199 J8   563 10914 22065  5.4  5.3  2.45  0.19  19.49  12.97  15.96  16.63  80    92    27  3.5
  8  3917 J8  1936  3472 J8  3677  1957 J8   548  9024 19775  6.8  5.8  2.39  0.15  17.65  12.23  14.89  15.56  82   112     7  3.4
  9  2280 J8  1232  1953 J8  2654  1380 J8   346  6483 17052  7.9  7.4  2.06  0.10  13.38   9.02  11.00  11.58  91   214     0  4.1
 10  1280 J8   793  1481 J8  2265   764 J8   171  3945 14223  7.5  7.4  1.59  0.07  10.04   4.89   7.46   8.39  86   337     0  3.1
 11   542 J8   193   335 J8   470   478 J8   152  2081 11544  8.9  8.8  1.11  0.06   5.65   2.06   3.80   4.25  90   434     0  4.2
 12   510 J8   199  1618 J8  1497   266 J8    70  1319 10046  5.3  5.1  0.91  0.07   2.45  -2.47   0.17   0.78  78   569     0  2.2
 13  2487 J8  1728  2278 J8  1249  1364 J8   858  6240 16606  6.8  6.4  1.44  0.15   9.75   4.29   7.00   7.72  81  4148    35  3.3
 2010
  1   476 J8   191   617 J8   938   363 J8   112  1745 10981  8.2  7.9  1.28  0.11   6.85   3.12   5.00   5.30  80   414     0  3.7
  2  1180 J8   663  1522 J8  1860   707 J8   232  3278 13485  6.9  6.5  1.10  0.15   7.24   2.47   4.92   5.62  82   377     0  3.1
  3  1487 J8   679   684 J8  1227  1198 J8   267  5667 16347  8.5  8.5  1.15  0.19   6.48   2.18   4.44   5.04  84   434     0  4.7
  4  3194 J8  1363  2394 J8  2689  1957 J8   436  8351 19176  7.0  6.5  1.08  0.23   9.56   2.97   6.27   7.23  77   362     0  3.1
  5  4580 J8  1743  3310 J8  2627  2572 J8   472 10505 21607  7.0  5.9  1.41  0.24  13.80   6.33  10.06  10.92  74   256     0  2.9
  6  3750 J8  1589  1687 J8  2488  2682 J8   323 11483 22868  8.3  8.1  1.72  0.23  14.34   9.13  11.74  12.23  79   198     0  3.8
  7  4492 J8  2033  3579 J8  3877  2357 J8   493 10924 22079  6.5  6.1  2.12  0.19  18.20  11.65  14.95  15.55  74   111     5  3.3
  8  3618 J8  2024  3184 J8  3767  1840 J8   387  9043 19795  6.6  6.3  2.25  0.15  18.38  12.33  15.31  16.09  79   101     9  3.1
  9  2860 J8  1350  3744 J8  3585  1223 J8   424  6505 17079  5.5  5.3  1.76  0.10  15.35   8.91  12.08  13.22  81   186     0  3.3
 10  1274 J8   541  1290 J8  1460   858 J8   224  3964 14244  7.9  7.7  1.54  0.07  10.84   5.88   8.45   9.10  85   309     0  4.0
 11   675 J8   315  1326 J8  1824   409 J8   136  2092 11559  7.3  7.1  1.16  0.06   6.05   1.63   3.97   4.41  75   435     0  3.7
 12   382 J8   166   689 J8  1097   279 J8    60  1321 10052  7.9  7.7  0.98  0.07   3.96  -0.39   1.93   2.18  84   513     0  2.3
 13  2331 J8  1583  2002 J8  1185  1371 J8   883  6240 16606  7.3  7.0  1.46  0.15  10.92   5.52   8.26   8.91  79  3695    14  3.4
