722106 FORT MYERS PAGE FIELD  FL  -5  N26 35  W081 52     5  1012
 1991-2010
 MO AVGLO FL SDGLO AVDIR FL SDDIR AVDIF FL SDDIF AVETR AETRN  TOT  OPQ   H2O   TAU  MAX_T  MIN_T  AVG_T  AVGDT  RH  HTDD  CLDD AVWS
  1  3628 K5   343  4847 K6  1080  1233 K5   164  6537 15042  3.9  3.6  2.31  0.08  23.45  12.45  17.63  20.11  74    59    48  3.3
  2  4500 K5   372  5359 K6   995  1459 K5   201  7766 15736  3.8  3.5  2.34  0.09  24.56  13.41  18.67  21.15  73    36    54  3.5
  3  5419 K5   358  5551 K6   814  1843 K5   168  9229 16545  3.7  3.4  2.44  0.12  26.47  15.46  20.73  22.78  71    16    98  3.7
  4  6288 K5   485  5775 K6   975  2189 K5   224 10431 17319  3.3  3.0  2.68  0.16  28.61  17.75  22.97  25.06  69     1   147  3.6
  5  6545 K5   358  5388 K6   655  2540 K5   187 11104 17927  3.3  3.0  3.34  0.19  31.40  20.72  25.76  27.48  70     0   240  3.2
  6  5930 K5   450  4263 K6   794  2701 K5   262 11313 18190  4.4  3.7  4.52  0.22  32.41  23.22  27.11  28.62  77     0   285  2.8
  7  5694 K5   269  3865 K6   438  2735 K5   244 11151 17955  4.1  3.5  4.71  0.24  32.63  23.91  27.56  28.96  78     0   308  2.4
  8  5488 K5   237  3997 K6   484  2510 K5   264 10584 17332  4.0  3.4  4.87  0.22  32.68  24.12  27.61  29.26  79     0   312  2.5
  9  4835 K5   287  3711 K6   597  2296 K5   212  9559 16573  4.3  3.7  4.74  0.20  31.86  23.70  27.00  28.76  80     0   283  2.8
 10  4464 K5   359  4406 K6   812  1816 K5   130  8164 15792  3.7  3.3  3.73  0.15  29.91  20.78  24.87  26.93  76     1   218  3.2
 11  3800 K5   360  4605 K6   974  1383 K5   149  6812 15104  3.5  3.2  2.77  0.12  26.76  16.53  21.24  23.41  75    10   110  3.3
 12  3324 K5   263  4400 K6   834  1211 K5   140  6131 14769  4.0  3.7  2.49  0.09  24.17  13.70  18.56  21.05  75    43    62  3.2
 13  4993 K5   204  4681 K6   595  1993 K5   166  9065 16524  3.8  3.4  3.41  0.16  28.74  18.81  23.31  25.30  75   167  2165  3.1
 1991
  1  3426 I5   852  4133 I6  2130  1309 I5   345  6530 15037  5.0  4.5  2.97  0.07  25.90  16.35  20.58  22.74  79    14   101  3.3
  2  4438 I5   894  5114 I6  2252  1528 I5   443  7749 15726  4.1  3.7  2.49  0.08  25.07  14.40  19.40  21.86  70    24    64  3.9
  3  5105 I5  1401  5190 I6  2748  1777 I5   512  9207 16532  4.6  3.9  2.56  0.11  27.15  16.41  21.55  23.69  74    11   118  4.2
  4  6166 I5   660  5388 I6  1534  2330 I5   454 10416 17311  4.1  3.4  3.23  0.15  30.52  19.95  24.62  26.85  75     0   207  3.4
  5  5957 I5  1384  4367 I6  1990  2713 I5   415 11097 17918  5.3  4.5  3.90  0.19  32.08  21.90  26.17  27.86  76     0   269  2.8
  6  6074 I5   731  3988 I6  1464  3103 I5   449 11312 18188  5.8  4.7  4.51  0.21  32.70  23.06  27.18  28.84  76     0   287  2.6
  7  5610 I5  1169  3532 I6  1627  2926 I5   438 11157 17964  6.0  5.0  4.70  0.23  32.63  23.54  27.25  28.71  80     0   302  2.0
  8  5718 I5   894  4071 I6  1516  2728 I5   417 10597 17343  4.6  3.9  4.69  0.26  33.40  24.02  27.96  29.87  77     0   322  2.3
  9  5203 I5   749  3845 I6  1601  2532 I5   490  9579 16587  4.4  3.8  4.66  0.27  32.87  23.27  27.18  29.37  76     0   292  2.3
 10  4126 I5   997  3299 I6  2088  2080 I5   443  8187 15805  4.7  4.2  3.99  0.26  29.90  20.72  24.79  26.87  75     0   216  3.1
 11  3208 I5   982  2799 I6  1678  1679 I5   311  6829 15115  4.9  4.3  2.86  0.25  25.79  15.20  20.01  22.15  71    22    87  3.4
 12  3007 I5   658  2824 I6  1717  1568 I5   328  6133 14770  4.4  3.9  2.76  0.25  25.75  14.85  19.62  22.33  73    19    80  2.9
 13  4837 I5  1160  4046 I6   867  2189 I5   612  9066 16525  4.8  4.1  3.61  0.19  29.48  19.47  23.86  25.93  75    91  2345  3.0
 1992
  1  2882 I5   888  2351 I6  1801  1660 I5   320  6523 15033  5.2  4.6  2.54  0.26  22.99  12.00  17.14  19.48  72    55    29  3.4
  2  3921 I5   821  3163 I6  1806  2029 I5   399  7761 15732  5.2  4.6  2.41  0.27  25.11  14.21  19.28  21.78  74    19    57  3.4
  3  4889 I5  1436  3974 I6  2371  2221 I5   491  9242 16548  4.4  3.9  2.32  0.28  26.05  14.79  20.23  22.46  71    14    79  3.5
  4  5539 I5  1353  3718 I6  2043  2785 I5   477 10438 17322  4.8  4.3  2.76  0.30  27.67  17.44  22.10  24.11  69     6   133  3.6
  5  6510 I5  1035  4696 I6  1916  2995 I5   638 11106 17929  3.3  2.8  2.63  0.32  30.35  18.40  24.30  26.36  66     0   187  3.3
  6  5369 I5  1511  2805 I6  1976  3243 I5   629 11312 18189  5.9  5.3  4.95  0.33  31.93  23.30  27.12  28.63  79     0   278  3.1
  7  6251 I5   844  4119 I6  1467  3117 I5   522 11148 17952  3.5  3.0  4.10  0.33  34.14  23.93  28.20  29.83  75     0   332  2.3
  8  5267 I5   884  2895 I6  1243  3093 I5   379 10578 17325  5.5  4.6  4.66  0.31  32.86  23.43  27.01  28.76  79     0   304  2.4
  9  4731 I5   856  2819 I6  1129  2751 I5   338  9549 16569  5.4  4.5  4.52  0.27  32.74  23.28  26.87  28.89  79     0   290  2.3
 10  4126 I5   954  3589 I6  1840  1961 I5   307  8151 15786  4.7  4.2  3.14  0.21  29.61  19.61  24.06  26.30  72     0   195  3.0
 11  3274 I5   852  3069 I6  1729  1658 I5   314  6802 15101  5.3  4.6  3.43  0.17  27.86  18.47  22.49  24.52  76    11   157  3.9
 12  3234 I5   643  3972 I6  1848  1292 I5   348  6129 14768  4.3  3.9  2.37  0.14  25.82  14.21  19.41  22.24  75    19    71  2.7
 13  4666 I5  1191  3431 I6   687  2401 I5   675  9062 16521  4.8  4.2  3.32  0.26  28.93  18.59  23.18  25.28  74   125  2113  3.1
 1993
  1  3081 I5   914  2912 I6  1847  1553 I5   251  6546 15049  5.6  5.0  3.03  0.12  25.81  16.38  20.55  22.78  78    11    97  3.4
  2  4112 I5   980  4108 I6  1915  1693 I5   321  7776 15743  4.5  3.8  2.20  0.12  23.66  12.74  17.93  20.28  70    29    26  4.2
  3  4819 I5  1290  4150 I6  2562  2118 I5   545  9234 16549  5.3  4.8  2.35  0.14  25.34  14.71  19.68  21.68  70    20    73  4.4
  4  6079 I5  1330  5283 I6  2536  2302 I5   577 10435 17320  3.8  3.2  1.96  0.18  27.22  15.71  21.48  23.79  63     0    94  4.3
  5  6284 I5  1185  4859 I6  2176  2696 I5   548 11106 17930  4.3  3.8  3.15  0.22  30.65  19.79  24.84  26.68  67     0   213  4.2
  6  6195 I5   984  4250 I6  1817  3004 I5   524 11314 18192  4.4  3.9  3.98  0.24  33.51  22.83  27.31  29.04  73     0   295  3.5
  7  5748 I5  1093  3443 I6  1757  3093 I5   470 11150 17952  5.2  4.7  4.65  0.25  33.33  23.85  27.75  29.28  75     0   318  2.9
  8  5629 I5  1091  3890 I6  1762  2768 I5   410 10582 17331  4.8  4.2  4.46  0.24  33.21  24.01  27.97  29.72  76     0   319  3.2
  9  5072 I5   716  3751 I6  1314  2477 I5   426  9555 16567  4.6  4.0  4.56  0.20  32.98  23.41  27.13  29.31  76     0   296  3.3
 10  3924 I5  1168  3258 I6  2294  1933 I5   423  8160 15787  5.5  5.2  4.14  0.16  29.95  21.34  25.10  26.96  79     0   227  3.3
 11  3398 I5  1101  3580 I6  2262  1498 I5   352  6808 15099  4.9  4.6  3.26  0.12  27.52  17.83  22.21  24.16  75    11   141  3.9
 12  3282 I5   787  4250 I6  1997  1218 I5   297  6130 14771  3.7  3.2  2.29  0.09  23.69  11.70  17.28  20.12  74    51    32  3.6
 13  4802 I5  1203  3978 I6   663  2196 I5   626  9066 16524  4.7  4.2  3.34  0.17  28.90  18.69  23.27  25.32  73   123  2130  3.7
 1994
  1  3002 I5   957  3165 I6  2296  1410 I5   370  6539 15045  5.9  5.6  2.47  0.08  23.34  13.37  18.07  20.22  80    43    44  3.9
  2  3981 I5   998  4056 I6  2258  1633 I5   416  7763 15733  5.1  4.8  2.66  0.09  26.65  16.52  20.84  23.18  79    16   107  3.4
  3  5240 I5  1062  5204 I6  2115  1868 I5   435  9222 16538  4.0  3.6  2.65  0.11  26.94  15.91  21.28  23.47  72    10   106  3.5
  4  5985 I5   684  4893 I6  1744  2519 I5   556 10426 17314  4.3  3.7  3.12  0.15  30.66  19.47  24.42  26.77  76     0   202  3.3
  5  6395 I5   990  5078 I6  1897  2634 I5   516 11102 17926  4.2  3.8  3.50  0.19  32.28  21.28  26.48  28.32  70     0   262  2.9
  6  5794 I5  1185  3519 I6  1907  3062 I5   536 11313 18189  5.9  5.4  4.63  0.22  33.66  23.65  27.63  29.35  78     0   310  2.7
  7  5597 I5  1134  3406 I6  1794  3049 I5   472 11153 17954  5.4  5.0  4.44  0.23  32.75  22.96  26.94  28.55  80     0   295  2.3
  8  5268 I5  1077  3277 I6  1662  2848 I5   435 10589 17336  5.4  4.9  4.60  0.22  32.92  23.46  27.10  28.98  80     0   306  2.2
  9  4415 I5  1264  2757 I6  1815  2455 I5   266  9566 16576  6.7  6.2  4.78  0.19  31.64  23.38  26.45  28.18  83     0   275  2.4
 10  4325 I5   761  4030 I6  1796  1892 I5   414  8172 15799  4.1  3.8  3.76  0.15  30.69  21.42  25.50  27.67  78     0   239  2.6
 11  3474 I5  1029  4035 I6  2304  1381 I5   363  6818 15106  4.2  4.0  3.16  0.11  28.79  19.32  23.48  25.50  79     0   172  3.3
 12  2907 I5   646  3202 I6  1675  1375 I5   274  6131 14769  4.9  4.5  2.65  0.08  25.12  15.78  19.79  22.06  81    17    83  3.0
 13  4698 I5  1187  3885 I6   811  2177 I5   656  9066 16524  5.0  4.6  3.53  0.15  29.62  19.71  24.00  26.02  78    86  2401  3.0
 1995
  1  3348 I5  1018  4002 I6  2562  1327 I5   369  6531 15037  4.6  4.2  2.18  0.07  22.58  11.81  16.75  19.14  77    61    25  3.0
  2  4285 I5  1039  4906 I6  2644  1514 I5   542  7751 15728  3.8  3.5  2.13  0.08  23.79  12.47  17.95  20.32  74    53    48  3.3
  3  5074 I5  1045  4650 I6  2127  2006 I5   465  9209 16533  4.9  4.4  2.52  0.11  27.25  16.40  21.47  23.71  73     4   112  3.6
  4  5492 I5  1674  4509 I6  2747  2267 I5   514 10417 17311  5.0  4.5  2.85  0.15  28.94  18.90  23.71  25.73  74     0   168  3.2
  5  6369 I5   870  4984 I6  1813  2706 I5   564 11097 17918  4.1  3.5  3.43  0.19  32.95  22.33  27.43  29.29  72     0   289  2.9
  6  5436 I5  1677  3476 I6  2428  2875 I5   405 11312 18188  5.7  5.3  4.28  0.21  31.78  23.36  27.08  28.38  79     0   277  3.1
  7  5626 I5  1307  3593 I6  1963  2894 I5   309 11156 17963  5.9  5.1  4.67  0.23  32.72  24.03  27.56  28.98  80     0   311  2.5
  8  5555 I5  1277  4016 I6  1889  2619 I5   451 10596 17341  5.3  4.8  4.84  0.22  32.90  25.05  28.42  29.96  79     0   330  2.9
  9  4811 I5  1047  3415 I6  1767  2470 I5   305  9577 16585  5.3  4.8  4.57  0.19  32.49  23.95  27.38  29.23  81     0   297  2.4
 10  3969 J5  1251  3610 J6  2462  1806 J5   454  8185 15805  5.2  4.7  4.62  0.14  30.32  22.49  25.69  27.37  82     0   250  3.7
 11  4116 J5   651  5515 J6  1910  1215 J5   406  6828 15115  2.7  2.5  2.70  0.11  26.45  15.16  20.58  22.88  70    14    88  3.5
 12  3258 J5   861  4270 J6  2453  1194 J5   388  6133 14769  4.3  3.9  2.52  0.08  23.10  12.37  17.27  19.74  74    72    54  3.2
 13  4778 I5   980  4245 I6   678  2075 I5   651  9066 16524  4.7  4.3  3.44  0.15  28.77  19.03  23.44  25.39  76   204  2249  3.1
 1996
  1  3563 J5   903  4850 J6  2287  1170 J5   362  6524 15034  4.0  3.8  2.18  0.07  22.81  11.59  16.91  19.44  77    72    37  3.5
  2  5002 J5   741  6961 J6  1559  1104 J5   265  7763 15733  2.5  2.4  2.02  0.08  23.38  10.59  16.93  19.72  75    77    38  3.3
  3  5474 J5  1428  5965 J6  2544  1637 J5   447  9243 16550  3.6  3.4  2.13  0.11  24.66  13.05  18.57  20.76  72    50    66  4.7
  4  6183 J5  1565  5943 J6  2780  2054 J5   534 10439 17323  3.4  3.0  2.42  0.15  28.15  16.71  22.35  24.70  71     1   124  3.4
  5  6085 J5  1343  4811 J6  2357  2601 J5   524 11106 17930  4.3  3.9  3.41  0.19  31.63  21.15  25.92  27.77  75     0   250  3.1
  6  6311 J5  1153  4871 J6  2248  2652 J5   608 11312 18189  5.3  4.6  4.37  0.21  32.31  22.49  26.82  28.53  76     0   272  2.8
  7  5675 J7  1069  3460 J7  1537  3027 J7   442 11148 17951  6.0  5.0  4.24  0.23  33.56  24.36  28.51  30.07  76     0   330  2.9
  8  5686 J7   882  4064 J7  1494  2692 J7   494 10577 17325  5.1  4.4  4.37  0.22  33.34  23.95  27.61  29.55  78     0   320  2.6
  9  5103 J5   906  3748 J6  1577  2512 J5   384  9548 16569  5.2  4.4  4.18  0.18  33.55  24.09  28.10  30.06  78     0   315  2.5
 10  4177 J5  1026  3807 J6  2169  1893 J5   495  8150 15785  5.3  4.5  3.69  0.14  30.37  21.40  25.36  27.38  80     0   234  3.2
 11  3666 J5   758  4094 J6  1908  1490 J5   327  6801 15100  4.0  3.5  2.49  0.10  27.65  16.56  21.66  24.04  83     3   117  3.8
 12  3232 J5   812  4120 J6  2287  1236 J5   330  6129 14768  4.4  4.1  2.30  0.08  25.60  13.84  19.26  22.14  74    26    70  3.0
 13  5013 J5  1091  4725 J7  1073  2006 J5   678  9062 16521  4.4  3.9  3.15  0.15  28.92  18.31  23.17  25.35  76   230  2172  3.2
 1997
  1  3551 J5   901  4702 J6  2453  1239 J5   431  6547 15049  4.4  3.9  2.17  0.07  24.97  13.35  18.73  21.61  71    39    65  3.1
  2  4085 J5   757  4258 J6  1824  1664 J5   387  7778 15743  5.1  4.6  2.73  0.08  28.01  16.44  21.63  24.25  77     6   115  3.4
  3  4992 J5   954  4511 J6  1736  2048 J5   333  9236 16552  4.9  4.4  2.81  0.11  29.85  19.01  24.13  26.30  72     0   189  3.2
  4  5249 J5  1542  3772 J6  2406  2513 J5   476 10436 17322  6.4  5.6  3.19  0.15  28.61  18.47  23.24  25.11  73     1   157  3.9
  5  5637 J5  1355  3780 J6  2063  2847 J5   463 11107 17930  6.0  5.2  3.49  0.19  31.62  21.39  26.20  27.93  73     0   254  3.0
  6  5769 J5  1245  3782 J6  1763  2965 J5   393 11314 18191  6.6  5.5  4.11  0.21  33.20  23.51  27.81  29.46  76     0   301  2.8
  7  5556 J5   832  3106 J6  1351  3172 J5   393 11150 17952  6.8  5.7  4.56  0.23  34.04  24.13  28.03  29.58  79     0   333  2.2
  8  5346 J5   906  3126 J6  1537  3026 J5   442 10581 17330  6.8  5.7  4.54  0.22  33.72  24.63  28.49  30.35  77     0   336  2.2
  9  4246 J5  1043  2301 J6  1457  2641 J5   380  9554 16567  6.9  6.0  4.63  0.19  32.74  23.61  27.56  29.56  78     0   295  2.6
 10  4235 J5  1074  3690 J6  1912  1981 J5   295  8158 15783  4.6  4.0  3.14  0.14  30.78  20.20  25.06  27.66  76     0   222  3.2
 11  2973 J5   927  2454 J6  1916  1683 J5   329  6807 15099  6.4  5.8  2.99  0.11  26.58  16.99  21.35  23.33  76     3   107  3.3
 12  2736 J5   989  2796 J6  2625  1376 J5   419  6130 14771  6.3  5.9  2.71  0.08  23.51  14.66  18.87  20.83  77    43    67  3.2
 13  4531 J5  1052  3523 J6   776  2263 J5   681  9066 16524  5.9  5.2  3.42  0.15  29.80  19.70  24.26  26.33  76    93  2441  3.0
 1998
  1  3436 K4  1142  4211 K6  2893  1362 K4   543  6540 15045  6.7  6.0  2.39  0.07  23.85  14.65  19.06  21.10  76    28    56  3.3
  2  4219 K4  1467  4872 K6  3047  1447 K4   488  7765 15734  5.8  5.5  2.24  0.08  23.71  14.17  18.86  20.87  74    33    50  4.1
  3  5746 K4  1076  6181 K6  2409  1796 K4   659  9223 16541  4.5  4.2  2.13  0.11  24.84  14.90  19.55  19.02  67    35    83  3.9
  4  6690 K4  1110  6586 K6  2109  2108 K4   587 10427 17314  3.8  3.3  2.43  0.15  27.87  18.57  23.15  22.86  66     0   147  3.6
  5  6771 K4  1337  5825 K6  2380  2371 K4   621 11102 17926  4.6  4.1  3.16  0.19  31.71  21.19  26.13  25.98  70     0   252  2.6
  6  6832 K4  1006  5850 K6  1771  2371 K4   405 11313 18191  3.1  2.6  4.13  0.21  33.56  24.54  28.64  30.25  76     0   322  2.7
  7  5649 K4  1526  4183 K6  1952  2484 K4   335 11153 17954  2.9  2.6  4.85  0.23  32.78  24.33  27.95  29.22  80     0   317  2.3
  8  5771 K4   999  4633 K6  1532  2261 K4   294 10588 17335  2.6  2.2  4.89  0.22  33.10  23.73  27.49  29.31  82     0   313  2.5
  9  4315 K4  1376  3091 K6  1992  2255 K4   415  9565 16576  3.8  3.2  5.12  0.19  30.86  23.93  26.77  28.22  85     0   272  3.3
 10  4813 K4   732  5102 K6  1826  1788 K4   482  8171 15798  3.1  2.9  3.41  0.14  30.35  20.91  25.09  27.30  79     2   228  3.2
 11  4004 K4   967  5216 K6  2014  1297 K4   307  6817 15106  3.2  2.8  2.64  0.11  26.88  17.35  21.74  23.77  84    12   126  2.3
 12  3619 K4   734  5129 K6  2060  1153 K4   306  6131 14770  3.7  3.5  2.51  0.08  25.79  16.02  20.40  22.89  84    19    99  2.9
 13  5155 K4  1246  5073 K6   973  1891 K4   479  9066 16524  4.0  3.6  3.32  0.15  28.77  19.52  23.74  25.07  77   130  2264  3.1
 1999
  1  3849 K4   863  5488 K6  2246  1189 K4   400  6532 15037  3.6  3.4  2.07  0.07  24.32  13.41  18.57  21.24  79    41    58  3.2
  2  5018 K4   713  6676 K6  1619  1279 K4   365  7752 15729  2.5  2.4  1.89  0.08  24.35  12.88  18.38  20.96  77    37    45  3.1
  3  5935 K4  1106  6716 K6  2156  1639 K4   461  9211 16533  1.8  1.4  1.76  0.11  26.02  12.81  19.19  21.86  70    14    48  3.4
  4  6894 K4  1101  6965 K6  1777  1881 K4   418 10418 17313  2.0  1.8  2.54  0.15  29.81  18.05  23.68  26.05  75     1   169  3.3
  5  6730 K4  1095  5784 K6  1883  2399 K4   451 11098 17919  1.9  1.8  2.84  0.19  30.57  19.20  24.53  26.46  80     0   204  3.1
  6  5583 K4  1496  3800 K6  1939  2694 K4   398 11313 18188  3.5  3.2  4.68  0.21  30.92  22.34  25.61  26.99  85     0   249  2.6
  7  6252 K4   807  4761 K6  1230  2574 K4   282 11156 17962  3.0  2.6  4.28  0.23  32.08  23.80  27.32  28.67  81     0   298  2.5
  8  5542 K4  1107  4179 K6  1663  2412 K4   330 10595 17340  3.0  2.6  4.89  0.22  32.05  24.36  27.47  28.88  83     0   306  2.4
  9  4642 K4  1368  3572 K6  2076  2192 K4   361  9576 16584  4.4  3.6  4.50  0.19  30.71  23.47  26.47  27.99  84     0   263  2.9
 10  4183 K4  1247  3952 K6  2412  1792 K4   433  8184 15805  4.2  3.6  3.62  0.14  28.95  20.75  24.23  26.01  81     0   202  3.8
 11  4165 K4   555  5352 K6  1534  1362 K4   347  6827 15115  2.6  2.4  2.08  0.11  26.08  15.66  20.49  22.74  77     5    81  3.7
 12  3512 K4   883  4971 K6  2165  1115 K4   315  6133 14769  4.4  4.3  2.32  0.08  23.44  13.59  18.18  20.69  80    41    47  3.0
 13  5192 K4  1138  5185 K6  1187  1877 K4   568  9066 16525  3.1  2.8  3.12  0.15  28.28  18.36  22.84  24.88  79   140  1969  3.1
 2000
  1  3968 K4   765  5955 K6  2110  1085 K4   366  6525 15034  2.7  2.6  1.97  0.07  23.34  11.68  17.29  20.06  77    59    34  3.2
  2  4689 K4   986  5784 K6  2341  1463 K4   501  7765 15736  3.1  3.0  1.96  0.08  24.22  12.48  17.94  20.69  74    38    39  3.3
  3  5826 K4   798  6132 K6  1778  1907 K4   531  9245 16550  3.0  2.8  2.44  0.11  27.55  16.47  21.73  23.91  78     0   114  3.5
  4  6813 K4  1209  6768 K6  2254  1974 K4   523 10440 17325  2.5  2.3  2.19  0.15  27.69  16.58  22.08  24.26  69     1   116  3.8
  5  7089 K4   832  6209 K6  1532  2370 K4   344 11107 17930  3.1  2.9  2.96  0.19  31.57  20.37  25.83  27.73  68     0   237  3.3
  6  6303 K4   975  4931 K6  1406  2514 K4   315 11312 18189  4.2  3.4  4.36  0.21  32.24  22.32  26.51  28.14  78     0   268  2.8
  7  5638 K4  1195  3854 K6  1534  2611 K4   292 11147 17951  4.3  3.3  4.80  0.23  31.77  23.85  27.36  28.66  81     0   294  2.7
  8  5543 K4  1269  4299 K6  1683  2329 K4   260 10576 17323  3.7  2.9  4.64  0.22  32.13  23.18  26.85  28.51  81     0   289  2.5
  9  4982 K4  1357  4217 K6  1975  2155 K4   432  9546 16567  3.9  3.1  4.80  0.18  31.45  23.48  26.74  28.45  82     0   274  2.6
 10  4702 K4  1036  5111 K6  1939  1651 K4   327  8148 15785  3.1  2.6  3.02  0.14  28.40  18.59  23.04  25.28  72     0   160  3.4
 11  3958 K4  1071  5144 K6  2144  1266 K4   281  6799 15100  2.7  2.4  2.48  0.10  25.78  14.64  19.95  22.27  74    17    73  3.0
 12  3581 K4   592  4907 K6  1743  1200 K4   316  6129 14768  3.6  3.2  2.13  0.08  23.29  11.89  17.24  19.82  71    68    45  3.6
 13  5258 K4  1139  5276 K6   902  1877 K4   536  9062 16521  3.3  2.9  3.15  0.15  28.29  17.96  22.71  24.81  76   184  1943  3.2
 2001
  1  3939 K4   750  5655 K6  1955  1142 K4   435  6548 15049  2.9  2.6  1.71  0.07  21.30   8.14  14.38  17.24  68   129    18  3.2
  2  4999 K4   623  6293 K6  1496  1413 K4   390  7779 15744  3.2  3.0  2.60  0.08  28.04  15.28  21.14  24.12  74     6   100  3.1
  3  5320 K4  1460  5415 K6  2655  1837 K4   575  9237 16552  3.8  3.5  2.45  0.11  25.91  15.68  20.61  22.58  76    12    88  4.0
  4  6403 K4  1098  6007 K6  2050  2150 K4   522 10437 17323  2.6  2.4  2.61  0.15  28.56  17.19  22.83  25.15  67     2   138  3.7
  5  6679 K4  1265  5609 K6  2066  2477 K4   483 11107 17930  2.9  2.5  3.06  0.19  30.78  19.13  24.86  26.87  66     0   205  3.4
  6  6001 K4  1177  4431 K6  1598  2644 K4   392 11314 18192  3.3  2.5  4.15  0.21  32.50  22.36  26.62  28.33  77     0   273  2.7
  7  5200 K4  1419  3317 K6  1751  2640 K4   367 11149 17952  4.7  3.6  4.81  0.23  31.79  23.33  26.80  28.06  84     0   286  2.7
  8  5607 K4  1454  4484 K6  1913  2239 K4   371 10580 17328  3.8  3.0  4.79  0.22  32.23  23.66  27.32  29.03  81     0   298  2.3
  9  4505 K4  1379  3451 K6  1933  2086 K4   361  9552 16566  5.2  4.5  4.68  0.19  29.51  22.78  25.44  26.84  89     0   234  2.9
 10  4319 K4  1156  3827 K6  2133  1927 K4   364  8156 15782  4.9  4.2  3.71  0.14  28.43  20.23  23.87  25.61  78     3   188  3.4
 11  3996 K4   940  5205 K6  1984  1279 K4   293  6806 15099  2.6  2.4  2.59  0.11  26.69  16.90  21.22  23.53  79     0   104  3.1
 12  3341 K4   899  4591 K6  2228  1193 K4   332  6130 14770  3.7  3.2  2.51  0.08  24.97  15.49  19.81  22.27  83    28    86  2.8
 13  5026 K4  1040  4857 K6   992  1919 K4   551  9066 16524  3.6  3.1  3.31  0.15  28.39  18.35  22.91  24.97  77   180  2019  3.1
 2002
  1  3825 K4   992  5452 K6  2308  1130 K4   357  6541 15045  3.5  3.2  2.52  0.07  24.07  13.20  18.15  20.58  75    59    68  2.7
  2  4318 K4  1274  4893 K6  2821  1552 K4   540  7766 15737  4.2  3.8  2.70  0.08  23.72  12.86  18.02  20.26  69    32    31  3.3
  3  5630 K4  1498  5975 K6  2435  1801 K4   412  9225 16542  3.3  3.2  2.83  0.11  28.19  16.29  21.97  24.24  75     9   130  3.7
  4  6665 K4   883  6364 K6  1743  2165 K4   463 10428 17314  2.4  2.3  3.40  0.15  30.52  18.83  24.38  26.82  71     0   190  3.1
  5  6809 K4  1250  5848 K6  1783  2495 K4   436 11103 17927  2.8  2.7  3.49  0.19  32.16  20.55  26.11  28.06  72     0   249  3.6
  6  5271 K4  1394  3184 K6  1835  2762 K4   433 11313 18190  6.5  5.4  4.96  0.21  31.36  22.79  26.19  27.55  81     0   262  2.8
  7  5835 K4  1017  4182 K6  1497  2650 K4   306 11152 17954  4.7  4.0  4.97  0.23  31.80  23.62  27.05  28.40  81     0   291  2.4
  8  5538 K4  1187  4257 K6  1598  2345 K4   273 10587 17334  4.5  3.8  4.96  0.22  31.91  23.49  26.95  28.47  82     0   290  2.5
  9  5024 K4  1253  4121 K6  1828  2210 K4   332  9563 16574  4.9  4.1  5.22  0.19  31.51  24.08  27.05  28.66  84     0   284  2.8
 10  5022 K4   503  5521 K6  1116  1729 K4   302  8169 15798  2.4  2.3  4.20  0.14  30.74  21.64  25.83  27.90  79     0   244  2.6
 11  3989 K4  1024  5141 K6  2204  1265 K4   331  6816 15104  3.0  2.7  2.88  0.11  25.33  15.19  20.13  22.08  76    23    81  3.2
 12  3247 K4  1057  4328 K6  2475  1172 K4   356  6131 14770  4.6  4.3  2.57  0.08  22.63  12.45  17.46  19.65  77    61    36  3.3
 13  5098 K4  1101  4939 K6   941  1940 K4   579  9066 16524  3.9  3.5  3.72  0.15  28.66  18.75  23.27  25.22  77   184  2157  3.0
 2003
  1  4038 K4   737  5947 K6  2059  1105 K4   382  6533 15040  2.7  2.5  1.73  0.07  20.95   8.33  14.42  17.22  71   121     6  3.2
  2  4917 K4   676  6048 K6  1961  1455 K4   510  7754 15729  3.6  3.5  2.66  0.08  25.52  14.03  19.45  22.16  82    16    56  3.4
  3  5323 K4  1298  5140 K6  2306  1983 K4   455  9212 16534  4.6  4.2  3.24  0.11  27.98  19.25  23.37  25.10  83     4   168  3.2
  4  6054 K4  1409  5418 K6  2157  2258 K4   527 10419 17313  4.1  3.8  2.90  0.15  27.96  17.77  22.76  24.78  75     4   140  3.4
  5  6758 K4  1137  5737 K6  1675  2488 K4   251 11098 17920  3.2  3.0  3.88  0.19  31.35  22.19  26.58  28.11  82     0   262  2.9
  6  5624 K4  1488  3890 K6  2062  2652 K4   410 11313 18188  5.3  4.4  4.90  0.21  31.51  23.69  26.96  28.25  83     0   278  2.8
  7  5838 K4   701  4014 K6  1096  2730 K4   298 11155 17961  4.7  3.8  4.77  0.23  32.57  23.83  27.45  28.98  81     0   306  2.5
  8  5006 K4  1258  3750 K6  1664  2215 K4   295 10594 17340  4.5  3.6  5.13  0.22  31.70  23.73  26.64  28.06  87     0   291  2.5
  9  4829 K4  1435  3978 K6  2131  2083 K4   445  9574 16583  4.7  4.0  4.95  0.19  31.26  23.91  26.79  28.31  84     0   278  2.8
 10  4738 K4   895  5025 K6  2091  1754 K4   498  8182 15802  3.2  2.7  3.70  0.14  30.07  21.15  25.34  27.41  78     0   226  3.1
 11  3962 K4   793  5073 K6  1905  1347 K4   355  6826 15113  3.3  3.1  3.16  0.11  27.77  18.05  22.34  24.41  80     8   146  3.5
 12  3521 K4   882  5111 K6  2018  1079 K4   292  6133 14769  3.5  3.4  2.07  0.08  22.43  11.42  16.77  19.32  77    66    22  3.2
 13  5051 K4   937  4928 K6   826  1929 K4   579  9066 16524  3.9  3.5  3.59  0.15  28.42  18.95  23.24  25.18  80   219  2179  3.0
 2004
  1  3866 K4  1041  5947 K6  2456   988 K4   313  6526 15034  2.7  2.7  2.28  0.07  22.45  11.41  16.61  19.18  79    69    26  3.2
  2  4571 K4  1347  5740 K6  2707  1295 K4   452  7766 15737  4.3  3.8  2.46  0.08  23.87  14.01  18.75  20.85  77    37    55  3.6
  3  5729 K4  1176  6244 K6  2260  1771 K4   509  9246 16554  2.8  2.6  2.24  0.11  26.42  15.24  20.72  23.10  67     7    84  3.8
  4  6457 K4  1241  6063 K6  2135  2184 K4   536 10441 17327  3.1  2.9  2.52  0.15  27.35  16.50  21.82  24.00  66     3   111  3.9
  5  6828 K4  1333  5953 K6  1994  2429 K4   417 11108 17930  2.4  2.2  3.23  0.19  31.13  20.18  25.43  27.37  67     0   227  3.5
  6  6231 K4  1099  5069 K6  1596  2399 K4   291 11313 18189  3.3  2.8  4.75  0.21  32.84  22.98  26.96  28.62  75     0   287  2.7
  7  5885 K4  1416  4361 K6  1710  2529 K4   330 11147 17951  3.6  2.9  4.79  0.23  32.10  23.71  27.36  28.77  76     0   297  2.4
  8  5290 K4  1277  3851 K6  1710  2446 K4   394 10575 17323  4.9  3.8  5.20  0.22  31.82  24.04  27.26  28.81  79     0   298  2.7
  9  4689 K4  1530  3828 K6  2402  2108 K4   409  9545 16566  4.7  4.0  4.85  0.18  30.92  24.29  27.07  28.48  77     0   278  4.6
 10  4732 K4   911  5074 K6  1694  1697 K4   399  8147 15784  2.6  2.5  3.59  0.14  29.93  20.62  24.86  27.07  72     0   215  3.0
 11  4127 K4   722  5503 K6  1617  1273 K4   323  6798 15098  2.6  2.5  2.73  0.10  27.24  16.69  21.74  24.03  71     1   110  3.2
 12  3389 K4   984  4740 K6  2369  1134 K4   334  6129 14768  4.0  3.8  2.50  0.08  23.23  12.62  17.78  20.19  70    54    42  3.6
 13  5149 K4  1092  5198 K6   853  1854 K4   569  9062 16522  3.4  3.0  3.43  0.15  28.28  18.52  23.03  25.04  73   171  2030  3.3
 2005
  1  3857 K4   893  5539 K6  2182  1142 K4   345  6550 15051  3.2  3.1  2.34  0.07  23.88  12.15  17.78  20.31  72    57    47  3.4
  2  4622 K4  1190  5958 K6  2590  1314 K4   546  7781 15746  3.4  3.2  2.54  0.08  24.59  12.90  18.39  21.02  69    23    35  3.4
  3  5122 K4  1687  5104 K6  2728  1822 K4   592  9239 16553  4.4  3.9  2.70  0.11  24.44  15.31  19.66  21.24  71    28    76  3.3
  4  6702 K4   894  6598 K6  1817  2014 K4   522 10438 17326  2.3  2.1  2.28  0.15  26.88  15.97  21.47  23.63  63     0    93  3.7
  5  6408 K4  1796  5342 K6  2384  2433 K4   411 11108 17930  3.8  3.4  3.45  0.19  29.84  20.27  24.93  26.53  70     0   208  3.0
  6  5016 K4  2115  3437 K6  2646  2424 K4   428 11314 18191  5.9  4.9  4.97  0.21  30.12  23.43  26.27  27.18  81     0   253  2.5
  7  5818 K4  1120  4327 K6  1426  2502 K4   233 11149 17951  3.9  3.1  5.02  0.23  32.73  24.72  28.08  29.34  76     0   322  2.2
  8  5580 K4   920  4156 K6  1297  2412 K4   276 10579 17327  4.2  3.4  5.27  0.22  33.17  24.71  28.17  29.82  76     0   329  2.6
  9  5063 K4  1342  4379 K6  2105  2059 K4   366  9551 16565  3.7  3.2  4.71  0.19  32.03  23.88  27.29  29.11  75     0   289  3.2
 10  4241 K4  1056  4014 K6  2204  1878 K4   447  8155 15782  4.5  4.0  4.03  0.14  28.95  21.16  24.51  26.14  75     3   212  3.7
 11  3798 K4  1010  4581 K6  2124  1386 K4   353  6805 15099  3.9  3.8  3.04  0.11  26.86  17.91  22.10  24.05  74     4   126  3.4
 12  3478 K4   855  4851 K6  2367  1164 K4   370  6129 14770  3.6  3.4  2.40  0.08  23.01  12.83  17.59  20.10  73    48    36  2.9
 13  4976 K4  1031  4857 K6   895  1879 K4   518  9066 16524  3.9  3.5  3.56  0.15  28.04  18.77  23.02  24.87  73   164  2026  3.1
 2006
  1  4004 K4   660  5946 K6  1894  1156 K4   432  6542 15045  3.0  2.8  2.20  0.07  24.39  12.78  18.39  20.90  70    43    51  3.5
  2  4652 K4  1354  6024 K6  2895  1244 K4   510  7768 15738  2.5  2.4  2.06  0.08  23.54  11.61  17.43  20.08  68    62    41  3.2
  3  6047 K4   833  7015 K6  1768  1588 K4   494  9226 16544  1.9  1.7  2.17  0.11  26.66  14.76  20.54  23.06  64    11    85  3.4
  4  6982 K4   809  7074 K6  1624  1944 K4   501 10429 17315  1.6  1.4  2.58  0.15  29.66  18.41  23.86  26.37  64     0   171  3.6
  5  6676 K4  1640  5957 K6  2430  2207 K4   437 11103 17927  1.3  1.2  3.18  0.19  31.32  20.17  25.46  27.26  64     0   230  3.0
  6  5909 K4  1685  4486 K6  2199  2527 K4   359 11313 18190  2.7  2.5  4.43  0.21  32.31  23.30  27.07  28.49  74     0   284  2.8
  7  5468 K4  1498  3850 K6  1859  2555 K4   331 11152 17954  2.5  2.2  4.90  0.23  31.70  23.58  26.98  28.17  77     0   289  2.1
  8  5601 K4  1241  4404 K6  1596  2290 K4   318 10586 17334  2.0  1.8  5.02  0.22  32.47  24.12  27.46  29.04  76     0   309  2.3
  9  5024 K4   905  4302 K6  1605  2116 K4   328  9562 16572  2.5  2.1  4.75  0.19  31.47  23.68  26.94  28.66  76     0   277  2.2
 10  5010 K4   752  5557 K6  1565  1667 K4   410  8168 15798  1.3  1.2  3.38  0.14  30.04  19.61  24.62  26.93  67     2   203  3.2
 11  3758 K4  1032  4486 K6  2224  1424 K4   340  6815 15103  3.1  3.0  2.64  0.11  25.48  15.80  20.31  22.32  70    23    93  3.3
 12  3037 K4   947  3595 K6  2153  1332 K4   313  6131 14770  4.0  3.9  3.42  0.08  26.05  16.91  21.02  23.20  74    14   111  3.5
 13  5181 K4  1182  5225 K6  1191  1837 K4   500  9066 16524  2.4  2.2  3.39  0.15  28.76  18.73  23.34  25.37  70   154  2143  3.0
 2007
  1  3729 K4   921  5076 K6  2346  1210 K4   379  6534 15040  3.5  3.3  2.89  0.07  24.82  14.71  19.50  21.84  71    34    78  3.3
  2  4233 K4  1616  5076 K6  3288  1358 K4   459  7755 15730  3.9  3.8  2.53  0.08  23.24  12.70  17.80  20.13  69    49    38  3.5
  3  5765 K4  1013  6148 K6  2162  1798 K4   515  9214 16535  2.2  2.0  2.45  0.11  27.85  15.32  21.32  23.90  60     7   108  4.0
  4  6662 K4  1208  6646 K6  2038  1965 K4   460 10420 17313  2.3  2.1  2.67  0.15  28.68  16.96  22.66  24.93  62     5   139  3.7
  5  6656 K4   903  5409 K6  1638  2629 K4   417 11099 17922  1.8  1.3  3.29  0.19  30.75  19.82  24.81  26.72  64     0   216  4.0
  6  6159 K4  1536  4747 K6  1834  2526 K4   369 11313 18188  3.4  2.9  4.34  0.21  31.80  22.81  26.84  28.28  72     0   269  2.9
  7  5421 K4  1252  3675 K6  1511  2605 K4   402 11155 17958  1.8  1.6  5.05  0.23  32.53  24.04  27.55  28.98  75     0   309  2.1
  8  5959 K4   909  4851 K6  1386  2326 K4   274 10593 17338  2.3  2.0  4.88  0.22  33.24  24.45  28.21  29.86  73     0   326  2.5
  9  5106 K4   968  4181 K6  1452  2208 K4   285  9573 16582  2.2  2.0  4.84  0.19  32.38  23.81  27.12  28.95  75     0   293  2.8
 10  4390 K4  1182  4162 K6  2090  1868 K4   306  8180 15802  3.2  3.0  4.58  0.14  31.17  23.12  26.47  28.32  75     0   273  3.7
 11  4084 K4   834  5205 K6  1994  1317 K4   332  6824 15109  2.4  2.3  2.66  0.11  27.26  16.06  21.17  23.67  68     4   104  3.2
 12  3645 K4   546  5238 K6  1643  1142 K4   321  6133 14768  3.2  2.8  2.95  0.08  26.88  16.33  21.12  23.65  74    11   112  2.9
 13  5151 K4  1109  5034 K6   826  1913 K4   555  9066 16524  2.7  2.4  3.59  0.15  29.22  19.18  23.72  25.77  70   110  2267  3.2
 2008
  1  3680 K4  1090  5025 K6  2652  1171 K4   405  6527 15034  3.8  3.5  2.58  0.07  23.83  12.93  18.16  20.53  68    47    49  3.6
  2  4729 K4  1027  5777 K6  2277  1473 K4   498  7768 15737  3.3  3.1  2.68  0.08  26.53  16.27  21.06  23.31  68    11   100  3.5
  3  5528 K4  1310  5719 K6  2409  1811 K4   423  9248 16556  3.6  3.4  2.67  0.11  27.04  15.69  21.26  23.44  66     9   103  3.9
  4  6526 K4  1102  6165 K6  2031  2148 K4   489 10442 17328  2.4  2.3  2.77  0.15  28.89  17.87  23.12  25.36  63     4   155  3.6
  5  6891 K4   853  5911 K6  1554  2506 K4   449 11108 17932  2.3  2.2  3.21  0.19  32.01  21.35  26.51  28.35  63     0   259  3.8
  6  5970 K4   979  4337 K6  1414  2707 K4   262 11313 18188  1.9  1.6  4.48  0.21  32.88  23.02  27.00  28.65  72     0   289  2.5
  7  5263 K4  1566  3565 K6  1927  2526 K4   336 11147 17951  2.3  2.0  4.82  0.23  32.04  23.59  27.00  28.26  75     0   294  2.3
  8  5299 K4  1340  3857 K6  1742  2430 K4   370 10574 17323  2.4  2.1  5.05  0.22  32.13  25.20  28.15  29.43  74     0   320  3.3
  9  5021 K4  1507  4327 K6  2071  2067 K4   350  9543 16566  2.7  2.3  4.59  0.18  31.58  23.65  27.02  28.75  77     0   279  3.5
 10  4387 K4  1202  4472 K6  2251  1702 K4   362  8145 15784  2.7  2.5  3.63  0.14  28.61  19.92  23.75  25.59  74     8   192  3.5
 11  4267 K4   537  5765 K6  1391  1233 K4   314  6797 15097  2.0  1.9  2.12  0.10  25.31  13.60  19.00  21.59  69    29    63  3.3
 12  3675 K4   746  5469 K6  1922  1076 K4   277  6129 14768  2.9  2.7  2.35  0.08  25.00  14.29  19.43  22.05  73    21    62  3.1
 13  5103 K4  1029  5033 K6   886  1904 K4   577  9062 16522  2.7  2.5  3.41  0.15  28.82  18.95  23.46  25.44  70   129  2164  3.3
 2009
  1  3929 K4   939  5774 K6  2276  1085 K4   336  6551 15052  1.7  1.6  2.01  0.07  23.17  11.38  17.00  19.71  68    66    33  3.1
  2  5037 K4   846  6594 K6  1680  1276 K4   293  7782 15746  2.2  2.1  1.89  0.08  24.05  11.49  17.40  20.33  63    48    32  3.4
  3  5566 K4  1197  5915 K6  2158  1825 K4   418  9241 16555  3.6  3.4  2.38  0.11  26.91  15.18  20.75  23.09  65    14    98  3.4
  4  6313 K4  1298  5793 K6  2402  2187 K4   560 10439 17327  2.5  2.4  2.52  0.15  29.20  17.88  23.43  25.58  65     3   159  3.8
  5  6433 K4  1328  5292 K6  2086  2451 K4   431 11108 17931  2.7  2.6  3.79  0.19  31.43  21.35  25.88  27.53  70     0   250  3.0
  6  6291 K4  1248  4989 K6  1810  2533 K4   343 11314 18191  2.3  2.1  4.58  0.21  32.52  24.16  27.92  29.23  72     0   300  2.8
  7  5920 K4  1154  4367 K6  1524  2564 K4   276 11148 17951  1.6  1.5  4.73  0.23  32.79  24.08  27.86  29.29  74     0   313  2.2
  8  5485 K4  1096  4145 K6  1500  2420 K4   328 10578 17326  2.3  1.9  5.11  0.22  32.52  24.21  27.56  29.17  78     0   311  2.0
  9  4810 K4   938  3659 K6  1491  2380 K4   222  9549 16563  2.4  2.1  5.07  0.19  31.93  23.99  27.16  28.84  79     0   289  2.0
 10  4956 K4   660  5326 K6  1327  1768 K4   314  8153 15781  2.2  1.8  4.15  0.14  30.65  21.02  25.67  27.69  73     3   235  2.5
 11  3752 K4  1094  4467 K6  2343  1381 K4   393  6804 15098  2.6  2.5  2.90  0.11  26.71  17.02  21.52  23.53  73     9   116  3.0
 12  3178 K4   891  3931 K6  2085  1297 K4   340  6129 14770  4.1  3.9  3.02  0.08  24.31  15.21  19.46  21.54  76    33    78  3.3
 13  5139 K4  1074  5021 K6   912  1930 K4   558  9066 16524  2.5  2.3  3.51  0.15  28.85  18.91  23.47  25.46  71   176  2214  2.9
 2010
  1  3578 K4  1031  4805 K6  2611  1221 K4   446  6543 15045  2.9  2.8  1.92  0.07  20.29   9.47  14.48  16.82  69   135    28  3.3
  2  4176 K4  1419  4877 K6  2812  1444 K4   455  7770 15738  3.5  3.4  1.94  0.08  20.14  10.07  14.83  16.83  69   103    13  3.6
  3  5251 K4  1675  5667 K6  3093  1602 K4   518  9228 16545  3.3  3.1  1.94  0.11  22.31  12.10  17.06  19.04  69    57    22  3.7
  4  5908 K4  1742  5538 K6  2762  2022 K4   534 10430 17315  2.9  2.7  2.65  0.15  27.38  17.70  22.31  24.30  72     0   126  3.4
  5  6934 K4   964  6308 K6  1813  2359 K4   477 11104 17927  2.5  2.4  3.81  0.19  31.87  22.36  26.78  28.49  71     0   272  3.0
  6  6466 K4  1021  5426 K6  1535  2361 K4   427 11313 18189  2.2  2.0  4.88  0.21  34.52  24.45  28.63  30.28  73     0   335  2.6
  7  5627 K4  1631  4195 K6  2125  2457 K4   372 11151 17954  3.1  2.7  4.98  0.23  32.73  24.98  28.26  29.47  76     0   326  2.6
  8  5063 K4  1566  3744 K6  2071  2306 K4   326 10585 17333  3.2  2.7  5.45  0.22  32.84  24.94  28.12  29.60  78     0   327  2.2
  9  5108 K4  1036  4485 K6  1738  2158 K4   363  9560 16571  2.8  2.3  4.78  0.19  32.51  24.01  27.44  29.37  76     0   298  2.9
 10  4911 K4   913  5699 K6  1842  1555 K4   358  8166 15797  2.3  2.0  3.10  0.14  30.29  19.61  24.64  27.10  66     0   205  2.7
 11  4033 K4   859  5421 K6  2030  1226 K4   304  6814 15103  3.3  3.2  2.59  0.11  27.09  16.26  21.23  23.60  70     8   108  2.8
 12  3606 K4   952  5710 K6  2478   899 K4   280  6131 14769  3.0  2.9  1.41  0.08  19.73   7.54  13.37  16.10  66   149     3  3.3
 13  5055 K4  1076  5156 K6   741  1801 K4   539  9066 16524  2.9  2.7  3.29  0.15  27.64  17.79  22.27  24.25  71   452  2065  3.0
