701780 TANANA RALPH M CALHOUN AK  -9  N65 10  W152  6    71  1005
 1991-2010
 MO AVGLO FL SDGLO AVDIR FL SDDIR AVDIF FL SDDIF AVETR AETRN  TOT  OPQ   H2O   TAU  MAX_T  MIN_T  AVG_T  AVGDT  RH  HTDD  CLDD AVWS
  1   126 J7    16   590 J8   289    90 J7     8   380  7064  5.5  4.9  0.41  0.06 -18.97 -26.47 -22.59 -21.98  75  1272     0  2.4
  2   695 J7    67  1531 J8   516   436 J7    43  1646 11675  5.7  4.7  0.46  0.08 -13.66 -22.46 -17.85 -16.55  71  1028     0  2.8
  3  2044 J7   193  3423 J7   904  1005 J7   110  4102 16220  5.0  4.1  0.44  0.10  -7.78 -20.38 -13.74 -11.66  61  1005     0  2.9
  4  3986 J7   260  4772 J7   887  1956 J7   130  7235 20683  5.6  4.3  0.64  0.11   4.29  -7.81  -1.20   0.30  58   603     0  2.8
  5  5005 J7   268  5316 J7   772  2386 J7   157 10034 25140  5.9  4.6  1.00  0.12  14.54   1.53   8.82   9.78  55   320     0  2.9
  6  5532 J7   411  5374 J7  1055  2811 J7   186 11435 28506  6.3  5.1  1.60  0.11  20.85   8.02  15.38  15.74  62   122     6  2.5
  7  4950 J7   248  4669 J8   685  2635 J7   138 10640 26389  6.7  5.5  1.92  0.09  21.27   9.70  16.18  16.79  70    96     8  2.4
  8  3469 J7   315  3479 J7   945  1929 J7    96  8128 21852  7.3  6.3  1.70  0.07  17.20   6.80  12.33  13.55  76   197     1  2.3
  9  2086 J7   218  2727 J7   871  1152 J7    84  5056 17470  7.0  6.1  1.18  0.06  10.75   1.32   6.11   7.67  75   369     0  2.5
 10   849 J7    90  1612 J8   474   520 J7    43  2324 13038  7.1  6.4  0.73  0.04  -1.44  -8.28  -4.63  -3.42  77   719     0  2.5
 11   233 J7    30   840 J8   332   160 J7    14   638  8377  6.3  5.5  0.54  0.04 -12.39 -19.37 -15.62 -14.74  76  1026     0  2.3
 12    34 J7     5   380 J8   159    25 J7     2   122  5011  6.0  5.1  0.46  0.04 -17.31 -24.53 -20.77 -20.61  74  1217     0  2.3
 13  2417 J7    78  2893 J8   303  1259 J7    47  5145 16785  6.2  5.2  0.92  0.08   1.45  -8.49  -3.13  -2.09  69  7974    15  2.6
 1991
  1   119 J5    88   560 J7   699    86 J5    60   375  7035  6.2  5.5  0.49  0.05 -16.90 -24.58 -20.38 -19.77  77  1211     0  2.8
  2   719 J5   336  1679 J7  1397   429 J5   188  1624 11625  5.1  3.8  0.49  0.07 -15.98 -24.41 -20.13 -19.10  64  1079     0  3.7
  3  1759 J5   866  2523 J7  2452   972 J5   384  4058 16151  6.4  5.5  0.48  0.09  -8.04 -20.25 -14.14 -12.18  71  1007     0  3.0
  4  4195 J6   882  5643 J7  3023  1814 J6   726  7188 20616  4.7  3.6  0.63  0.10   6.09  -8.02  -0.15   1.52  57   579     0  2.9
  5  4842 J6  1230  4988 J7  3043  2359 J6   523  9999 25075  6.4  5.3  0.99  0.11  15.15   1.09   9.05  10.19  60   316     0  2.9
  6  6368 J6  1578  7977 J7  4004  2281 J6   670 11430 28493  4.7  3.6  1.64  0.10  22.90   9.02  16.95  17.33  54   104    33  3.3
  7  4748 J6  1446  4365 J7  3106  2546 J6   528 10667 26455  6.8  5.9  1.66  0.09  19.97   8.83  14.94  15.55  68   128     7  2.7
  8  3836 J6  1023  4524 J7  3478  1849 J6   704  8173 21922  6.0  5.1  1.57  0.10  16.25   5.56  11.35  12.69  71   230     0  3.3
  9  1973 J6   955  2205 J7  2141  1153 J6   258  5102 17538  7.0  6.2  1.29  0.11  12.66   3.20   7.88   9.41  70   312     0  3.0
 10   710 J5   391  1149 J7  1493   462 J5   163  2358 13105  6.8  6.1  0.70  0.12  -1.02  -6.99  -3.66  -2.82  79   692     0  3.1
 11   240 J5   162   739 J7   848   156 J5    72   654  8444  3.9  3.3  0.51  0.14 -15.19 -21.26 -17.99 -16.83  66  1097     0  3.0
 12    23 J6    11    39 J7    91    22 J6    11   124  5027  7.2  6.5  0.40  0.17 -17.98 -24.05 -20.88 -20.97  70  1220     0  3.1
 13  2461 J6  2221  3033 J7  2445  1177 J6   955  5146 16790  5.9  5.0  0.90  0.10   1.49  -8.49  -3.10  -2.08  67  7975    39  3.1
 1992
  1   101 J5    76   159 J7   262    88 J5    61   370  6999  5.5  5.0  0.41  0.20 -16.69 -24.15 -20.14 -19.44  70  1201     0  2.7
  2   563 J5   238   690 J7   853   444 J5   175  1644 11664  5.7  4.8  0.42  0.24 -18.15 -25.17 -21.40 -20.43  68  1160     0  2.6
  3  1769 J5   674  1847 J7  1522  1160 J5   354  4131 16262  5.6  4.8  0.42  0.27  -5.59 -17.37 -11.47  -9.33  63   924     0  2.7
  4  3683 J5  1137  3290 J7  2546  2186 J5   550  7265 20722  5.5  4.3  0.52  0.30   1.20 -10.38  -4.06  -2.61  57   688     0  3.9
  5  4973 J5  1295  4042 J7  2879  2831 J5   662 10055 25181  5.5  4.2  0.83  0.28   8.45  -2.80   3.58   4.44  59   481     0  3.7
  6  5300 J6  1476  4088 J7  2645  3077 J6   480 11438 28517  5.9  4.9  1.36  0.26  20.75   7.55  15.11  15.48  63   129     4  2.7
  7  5113 J6  1225  4067 J7  2696  2884 J6   395 10623 26347  5.9  5.1  1.69  0.22  22.15   9.79  16.84  17.54  68    81     8  2.6
  8  3020 J5  1152  2086 J7  2126  2022 J5   458  8100 21812  8.5  7.5  1.60  0.19  17.06   8.37  12.79  13.92  69   175     1  2.7
  9  1885 J5   837  2077 J7  2278  1156 J5   386  5027 17429  6.5  6.0  0.67  0.15   3.90  -4.14   0.01   1.41  68   554     0  2.7
 10   694 J5   370  1408 J7  1591   410 J5   153  2301 12996  6.1  5.8  0.58  0.13  -4.68 -11.35  -7.81  -6.78  77   817     0  3.2
 11   181 J5   145   344 J7   704   141 J5    82   628  8331  7.7  7.0  0.53  0.11 -11.75 -16.65 -14.12 -13.24  78   976     0  2.9
 12    25 J6    12   117 J7   149    22 J6    10   121  4996  6.3  5.1  0.38  0.11 -19.04 -27.27 -23.09 -23.50  73  1286     0  2.8
 13  2276 J5  2068  2018 J7  1544  1368 J5  1178  5142 16771  6.2  5.4  0.78  0.21  -0.20  -9.46  -4.48  -3.55  68  8470    12  2.9
 1993
  1   103 J5    80   180 J7   290    88 J5    61   387  7111  7.9  7.5  0.35  0.12 -17.25 -25.73 -21.18 -20.81  84  1234     0  2.7
  2   541 J5   224   763 J7   971   423 J5   175  1658 11708  6.6  5.7  0.58  0.13 -13.57 -20.70 -16.87 -16.05  75   993     0  3.6
  3  1832 J5   618  2578 J7  2015  1060 J5   405  4109 16233  5.6  4.8  0.48  0.14  -3.21 -15.68  -9.43  -7.23  65   861     0  2.7
  4  4267 J5   940  5304 J7  2577  1921 J5   538  7243 20696  4.3  3.2  0.67  0.15   6.76  -4.14   1.56   3.05  58   511     0  3.2
  5  5457 J5  1580  6609 J7  3629  2103 J5   529 10040 25154  4.3  3.4  1.11  0.15  15.44   3.37  10.01  10.88  49   277     0  4.1
  6  6066 J6  1130  6336 J7  3185  2661 J6   631 11437 28512  5.3  4.6  1.51  0.14  21.47   7.87  15.79  16.18  62   114     4  2.8
  7  5337 J6  1518  5812 J7  3387  2321 J6   527 10636 26383  5.5  4.5  2.01  0.12  23.54  10.47  17.87  18.60  64    59    18  2.8
  8  3401 J5  1045  3274 J7  2857  1904 J5   547  8121 21839  7.8  6.8  1.56  0.09  16.66   7.01  12.09  13.23  77   201     0  2.6
  9  1810 J5   659  2053 J7  2237  1129 J5   416  5049 17458  8.1  7.3  1.07  0.07   8.31   1.70   5.06   6.07  82   400     0  3.2
 10   676 J5   379   816 J7  1470   504 J5   222  2318 13026  8.3  7.9  0.83  0.05   0.33  -3.62  -1.68  -1.11  84   619     0  3.2
 11   168 J5    94   347 J7   510   145 J5    78   636  8364  7.3  6.4  0.51  0.05 -11.26 -17.56 -14.03 -13.59  80   982     0  3.3
 12    28 J6    15   229 J7   367    22 J6     7   122  5006  6.4  5.3  0.49  0.05 -12.68 -18.09 -15.09 -14.57  72  1045     0  3.9
 13  2474 J5  2312  2858 J7  2536  1190 J5   957  5146 16791  6.4  5.6  0.93  0.10   2.88  -6.26  -1.33  -0.45  71  7297    22  3.2
 1994
  1   119 J6    76   515 J7   515    94 J6    69   381  7074  5.3  4.8  0.48  0.06 -15.61 -20.02 -17.62 -17.15  60  1120     0  4.2
  2   759 J5   392  2249 J7  1858   357 J5   156  1642 11668  3.5  3.0  0.40  0.08 -15.80 -24.42 -20.16 -18.33  65  1076     0  2.9
  3  1657 J5   772  2176 J7  2399   992 J5   341  4085 16193  7.0  5.9  0.43  0.10 -10.56 -21.16 -15.66 -13.78  64  1060     0  3.6
  4  3866 J5  1179  4323 J7  2983  1955 J5   575  7217 20658  6.2  5.1  0.67  0.11   3.46  -7.47  -1.73  -0.34  59   610     0  3.4
  5  4946 J6  1367  5332 J7  3081  2281 J6   462 10021 25115  5.8  4.9  1.06  0.12  16.61   3.21  10.84  11.84  48   261     0  3.5
  6  5219 J6  1625  5020 J7  3692  2711 J6   551 11434 28501  6.2  5.4  1.49  0.11  18.97   6.38  13.89  14.28  65   174     5  2.8
  7  4845 J6  1243  4466 J7  3131  2619 J6   630 10651 26415  7.0  5.9  1.99  0.09  21.96  10.80  17.09  17.74  69    76    15  2.5
  8  3209 J5  1071  2751 J7  2602  1979 J5   492  8145 21877  8.2  7.3  1.93  0.07  17.56   8.88  13.44  14.38  77   164     6  3.0
  9  2195 J5   900  3311 J7  2921  1047 J5   389  5074 17497  6.6  5.8  1.07  0.05  10.12  -0.48   4.72   6.61  72   405     0  3.0
 10   805 J5   459  1306 J7  1778   519 J5   227  2337 13060  8.2  7.2  0.62  0.04  -2.36  -8.98  -5.37  -4.32  74   744     0  3.0
 11   176 J5   102   542 J7   890   138 J5    77   644  8400  7.3  6.8  0.40  0.03 -15.56 -23.60 -19.20 -18.42  76  1137     0  3.4
 12    30 J6    18   188 J7   367    25 J6    14   123  5015  8.5  7.5  0.40  0.04 -18.57 -25.34 -21.76 -21.41  76  1249     0  3.0
 13  2319 J6  2016  2682 J7  1824  1226 J6  1027  5146 16790  6.6  5.8  0.91  0.08   0.85  -8.52  -3.46  -2.41  67  8078    26  3.2
 1995
  1   117 J5    77   550 J7   716    84 J5    48   376  7037  6.4  5.8  0.46  0.05 -16.90 -24.35 -20.36 -19.90  73  1207     0  2.6
  2   688 J5   363  1881 J7  1798   369 J5   188  1626 11628  5.2  4.3  0.47  0.07 -12.49 -21.46 -17.05 -15.82  65   988     0  3.6
  3  2138 J5   937  4391 J7  3066   802 J5   281  4061 16157  3.7  3.3  0.41  0.09 -10.24 -24.44 -16.94 -14.46  61  1106     0  3.0
  4  4079 J6   848  5219 J7  2592  1881 J6   688  7191 20621  5.4  3.9  0.74  0.10   7.54  -4.43   1.91   3.48  58   503     0  2.8
  5  5165 J6  1148  5829 J7  2876  2306 J6   517 10002 25078  5.6  4.3  1.09  0.11  18.20   3.23  11.66  12.82  54   238     2  3.2
  6  5196 J6  1403  4789 J7  3004  2806 J6   425 11430 28493  6.6  5.7  1.61  0.10  20.04   6.96  14.71  15.07  61   150     5  3.1
  7  4937 J6  1253  4495 J7  2741  2661 J6   508 10665 26446  7.2  6.1  2.05  0.08  21.49   9.00  16.18  16.89  66    98     2  3.0
  8  3460 J5  1130  3413 J7  2920  1895 J5   617  8169 21917  7.6  6.7  1.70  0.07  17.55   8.01  12.83  14.01  75   172     0  2.8
  9  1822 J5   727  1689 J7  1890  1221 J5   351  5099 17532  8.3  7.5  1.51  0.05  13.43   4.67   8.97  10.45  74   279     1  3.1
 10   829 J5   409  1495 J7  1807   518 J5   215  2356 13102  7.2  6.7  0.76  0.03  -1.30  -7.91  -4.64  -3.36  75   711     0  3.0
 11   273 J5   153  1484 J7  1272   146 J5    94   653  8441  3.3  2.8  0.43  0.03 -15.41 -22.40 -18.90 -17.69  72  1117     0  2.3
 12    38 J6    17   526 J7   436    25 J6    12   124  5027  4.0  3.3  0.43  0.03 -18.65 -23.27 -20.88 -20.58  68  1218     0  3.7
 13  2395 J6  2066  2980 J7  1910  1226 J6  1041  5146 16790  5.9  5.0  0.97  0.07   1.94  -8.03  -2.71  -1.59  67  7789    10  3.0
 1996
  1   115 J5    71   720 J7   783    75 J5    40   370  7006  3.9  3.6  0.36  0.05 -24.46 -30.86 -27.59 -26.67  80  1426     0  2.8
  2   666 J5   303  1568 J7  1563   426 J5   237  1646 11669  5.7  4.8  0.30  0.07 -16.49 -27.14 -21.59 -20.09  76  1164     0  3.1
  3  2162 J5   854  4059 J7  2571   910 J5   389  4134 16267  4.3  3.7  0.48  0.09  -3.58 -17.07  -9.93  -7.79  61   888     0  3.3
  4  4304 J5  1054  5859 J7  3160  1808 J5   670  7268 20727  4.8  3.5  0.61  0.10   2.63 -10.27  -3.23  -1.67  53   664     0  3.3
  5  4901 J5  1376  4928 J7  3257  2399 J5   623 10058 25185  6.8  5.2  1.06  0.11  14.99   0.67   8.74   9.78  52   325     0  3.0
  6  5180 J6  1496  4818 J7  3130  2720 J6   477 11438 28518  6.8  5.8  1.59  0.10  20.10   6.97  14.43  14.79  58   145     1  3.1
  7  5023 J7  1199  4807 J7  2874  2667 J7   525 10621 26345  6.5  5.6  1.84  0.08  21.34  10.04  16.53  17.11  68    88     6  2.8
  8  3554 J6  1200  3498 J7  3005  1953 J6   468  8097 21806  7.7  6.3  1.46  0.06  15.58   4.44  10.47  11.75  70   258     0  3.1
  9  1929 J5  1097  2309 J7  3007  1096 J5   310  5024 17423  7.9  7.2  1.03  0.04   9.37   0.56   4.85   6.25  70   401     0  2.9
 10  1015 J5   452  2635 J7  2134   483 J5   221  2299 12992  5.2  4.3  0.52  0.03  -5.66 -15.66 -10.54  -8.71  71   899     0  2.8
 11   220 J5   109   968 J7  1117   146 J5    85   627  8327  5.9  5.3  0.59  0.03 -13.72 -19.74 -16.40 -15.96  70  1052     0  3.8
 12    36 J6    16   532 J7   427    23 J6    11   121  4997  4.4  3.6  0.41  0.03 -21.82 -29.72 -25.83 -25.49  73  1367     0  2.1
 13  2425 J6  2058  3058 J7  1855  1225 J6  1036  5142 16772  5.8  4.9  0.85  0.07  -0.14 -10.65  -5.01  -3.89  67  8678     7  3.0
 1997
  1   137 J5    88   739 J7   698    93 J5    59   388  7115  4.1  3.5  0.36  0.05 -22.50 -29.57 -26.06 -25.04  76  1375     0  3.1
  2   618 J5   259   983 J7  1010   456 J5   184  1660 11712  7.4  6.0  0.55  0.07  -7.92 -14.32 -10.98 -10.24  70   825     0  3.8
  3  2390 J5   776  4851 J7  2284   879 J5   270  4112 16237  3.2  2.3  0.35  0.09  -8.52 -24.25 -16.44 -13.60  53  1076     0  2.9
  4  4136 J5  1093  5205 J7  3028  1920 J5   566  7246 20700  5.6  4.1  0.69  0.10   5.57  -7.50  -0.46   1.30  52   579     0  3.0
  5  4910 J5  1244  4915 J7  2883  2479 J5   477 10043 25156  6.5  5.0  0.94  0.11  14.43   1.30   8.82   9.80  50   324     0  3.4
  6  5723 J6  1339  5634 J7  3237  2808 J6   513 11437 28511  6.7  5.1  1.60  0.10  22.47   8.97  17.04  17.43  56    88    10  3.2
  7  4869 J6  1376  4680 J7  3153  2552 J6   546 10634 26377  6.8  5.6  2.03  0.08  22.52   9.66  17.01  17.72  65    75     5  2.9
  8  3070 J5  1016  2174 J7  1748  2046 J5   369  8118 21835  8.9  7.6  1.85  0.07  17.37   8.26  13.07  14.19  81   173     2  3.0
  9  2111 J5   568  2771 J7  1832  1172 J5   289  5046 17454  7.5  5.9  1.34  0.05  13.14   3.61   8.28   9.94  77   299     0  3.1
 10   933 J5   367  2089 J7  1694   528 J5   236  2316 13019  5.9  5.2  0.48  0.03  -4.75 -13.47  -8.90  -7.18  76   851     0  2.5
 11   222 J5   145   579 J7   694   169 J5    89   635  8359  7.2  6.1  0.54  0.03  -8.64 -14.57 -11.49 -10.67  76   898     0  2.8
 12    31 J6    17   272 J7   360    25 J6    13   122  5007  6.9  6.3  0.36  0.03 -16.32 -23.75 -20.09 -20.79  74  1189     0  2.5
 13  2429 J5  2084  2908 J7  2037  1261 J5  1045  5146 16790  6.4  5.2  0.92  0.07   2.24  -7.97  -2.52  -1.43  67  7752    17  3.0
 1998
  1   122 J5    68   503 J7   546    95 J5    57   382  7081  5.2  4.3  0.43  0.05 -19.89 -25.93 -22.71 -22.16  67  1278     0  3.4
  2   712 J5   372  1509 J7  1387   442 J5   187  1644 11673  5.1  4.1  0.55  0.07 -10.96 -19.83 -15.10 -13.35  66   944     0  3.4
  3  1910 J5   434  2700 J7  1807  1122 J5   408  4088 16200  6.0  4.8  0.62  0.09  -1.99 -12.11  -7.20  -5.17  57   787     0  3.6
  4  3715 J5  1022  3687 J7  2659  2131 J5   492  7220 20664  7.0  5.4  0.67  0.10   7.84  -2.24   2.89   4.35  60   466     0  3.2
  5  4793 J5  1204  4480 J7  2669  2527 J5   410 10023 25122  7.6  5.8  1.05  0.11  14.45   2.70   9.42  10.19  67   302     0  3.6
  6  4986 J6  1269  4000 J7  2436  2957 J6   313 11434 28504  7.3  6.3  1.55  0.10  19.47   7.45  14.22  14.57  70   149     3  2.9
  7  4846 J6  1201  4353 J7  2442  2666 J6   484 10649 26408  7.4  6.0  2.10  0.08  21.20  10.61  16.22  16.78  79    82     7  2.8
  8  2810 J5  1004  1626 J7  1616  2062 J5   357  8142 21874  8.9  8.0  1.85  0.07  14.74   7.06  10.86  11.75  83   230     0  3.2
  9  2003 J5   847  2477 J7  2364  1137 J5   328  5070 17491  8.0  6.8  1.23  0.05  11.17   3.43   7.16   8.49  81   331     0  2.9
 10   856 J5   491  1442 J7  1842   538 J5   160  2335 13058  6.6  6.1  0.71  0.03   0.59  -5.98  -2.65  -1.47  71   652     0  3.3
 11   240 J5   139   615 J7   713   186 J5   110   643  8398  7.1  5.7  0.70  0.03 -11.58 -17.10 -14.20 -13.48  74   980     0  3.0
 12    36 J6    18   379 J7   365    27 J6    16   123  5014  6.3  5.4  0.46  0.03 -16.89 -23.96 -20.19 -19.99  73  1201     0  2.8
 13  2252 J5  1933  2314 J7  1524  1324 J5  1090  5146 16790  6.9  5.7  0.99  0.07   2.35  -6.32  -1.77  -0.79  71  7403    10  3.2
 1999
  1   125 J6    86   719 J7   611    84 J6    57   377  7041  4.3  3.9  0.38  0.05 -23.27 -31.97 -27.70 -27.00  77  1424     0  2.5
  2   704 J5   291  1798 J7  1367   411 J5   179  1628 11633  4.6  3.8  0.34  0.07 -21.82 -31.21 -26.65 -24.83  81  1256     0  2.4
  3  2000 J5   656  3192 J7  1852  1051 J5   332  4064 16163  5.8  4.5  0.45  0.09  -8.72 -21.35 -14.84 -12.71  62  1034     0  3.4
  4  4171 J5  1046  4918 J7  2575  2011 J5   462  7194 20626  6.2  4.6  0.61  0.10   3.90  -7.48  -1.27   0.13  56   604     0  3.7
  5  5477 J5  1173  6397 J7  3049  2278 J5   527 10004 25084  5.9  4.2  0.78  0.11  14.11   1.96   8.67   9.55  51   319     0  3.4
  6  5924 J6  1476  6295 J7  3770  2650 J6   572 11430 28495  6.1  4.8  1.47  0.10  21.43   8.86  16.23  16.60  62   106    10  2.5
  7  5382 J6  1644  5745 J7  3682  2406 J6   453 10663 26441  6.3  5.3  1.75  0.08  21.15   9.52  16.19  16.74  69   107    14  2.9
  8  3779 J5  1217  4221 J7  2702  1872 J5   411  8166 21909  7.0  5.7  1.92  0.07  18.43   8.14  13.51  14.80  77   158     2  2.4
  9  2251 J5   758  3172 J7  2393  1136 J5   341  5095 17525  6.5  5.4  1.13  0.05  12.64   1.39   7.09   8.98  72   339     0  3.0
 10   832 J5   289  1385 J7  1348   558 J5   214  2353 13099  7.8  6.8  0.71  0.03  -3.49 -10.08  -6.39  -5.26  74   779     0  2.4
 11   258 J6   146  1116 J7  1024   166 J6    99   652  8439  5.6  4.6  0.65  0.03 -16.03 -23.64 -19.54 -18.61  76  1145     0  1.5
 12    36 J8    19   402 J8   365    25 J8    13   124  5027  6.5  5.6  0.50  0.03 -22.35 -30.67 -26.05 -25.82  76  1390     0  1.6
 13  2578 J6  2262  3280 J7  2211  1221 J6   981  5146 16790  6.0  4.9  0.89  0.07  -0.33 -10.54  -5.06  -3.95  69  8661    26  2.6
 2000
  1    98 J8    54   357 J8   499    85 J8    55   371  7013  6.7  6.1  0.36  0.05 -20.65 -28.67 -24.62 -24.35  87  1333     0  1.6
  2   682 J8   351  1133 J8  1192   478 J8   164  1648 11671  6.4  5.9  0.53  0.07  -9.08 -18.27 -13.33 -12.16  75   928     0  2.4
  3  1991 J8   494  2731 J8  1752  1195 J8   471  4137 16271  5.8  4.9  0.53  0.09  -6.50 -15.24 -10.35  -9.15  62   905     0  3.4
  4  4478 J8   774  6630 J8  2506  1709 J8   578  7271 20733  3.3  2.3  0.56  0.10   2.56 -11.44  -3.40  -1.64  51   683     0  2.8
  5  5029 J8  1205  5501 J8  3197  2379 J8   626 10060 25188  6.1  4.6  0.81  0.11  10.50  -1.74   5.15   6.15  57   432     0  2.5
  6  5806 J8  1084  6148 J8  2889  2795 J8   543 11439 28518  5.5  4.2  1.58  0.10  21.70   6.82  15.53  15.96  59   123     1  2.2
  7  4883 J8  1267  4525 J8  2774  2684 J8   577 10618 26340  7.0  5.7  1.78  0.08  18.84   7.99  13.91  14.48  75   152     0  2.2
  8  3258 J8   964  2699 J8  2295  2088 J8   464  8094 21802  8.0  7.2  1.45  0.06  14.34   5.06   9.99  10.98  80   268     0  2.3
  9  1927 J8   630  2080 J8  1972  1262 J8   394  5020 17420  8.1  7.1  0.94  0.04   8.33   0.06   4.31   5.58  81   424     0  2.1
 10   948 J8   499  2268 J8  2246   480 J8   221  2297 12983  6.5  6.0  0.67  0.03  -2.15  -9.99  -5.91  -4.29  80   756     0  2.2
 11   245 J8   159   894 J8   777   172 J8   118   626  8321  6.2  5.3  0.61  0.03 -10.00 -17.80 -13.47 -12.59  79   967     0  2.1
 12    37 J8    18   544 J8   462    24 J8     9   121  4997  4.9  3.9  0.57  0.03 -12.52 -19.24 -15.61 -15.38  69  1060     0  3.4
 13  2449 J8  2146  2959 J8  2218  1279 J8  1037  5142 16772  6.2  5.3  0.87  0.07   1.28  -8.54  -3.15  -2.20  71  8032     1  2.4
 2001
  1   127 J8    86   313 J8   299   107 J8    67   388  7117  7.0  5.9  0.54  0.05 -10.82 -17.82 -13.91 -13.29  74  1012     0  2.5
  2   729 J8   367  1580 J8  1383   448 J8   171  1662 11714  6.6  5.5  0.49  0.07 -10.42 -19.39 -14.34 -13.36  75   931     0  2.2
  3  2038 J8   754  3167 J8  2305  1077 J8   390  4115 16245  5.5  4.4  0.44  0.09  -9.45 -21.24 -14.36 -12.48  60  1044     0  2.8
  4  3753 J8  1255  3999 J8  2902  2037 J8   455  7250 20706  6.7  5.4  0.61  0.10   2.08  -8.28  -2.48  -1.35  61   643     0  3.0
  5  4865 J8  1454  4955 J8  3579  2426 J8   566 10045 25164  6.3  5.2  0.76  0.11   9.73  -1.47   4.70   5.48  56   440     0  2.7
  6  5850 J8  1135  5928 J8  2964  2863 J8   570 11437 28512  5.6  4.4  1.46  0.10  20.84   7.37  15.19  15.53  59   130     3  2.3
  7  4744 J8  1297  3864 J8  2925  2835 J8   541 10632 26367  8.1  6.4  1.82  0.08  18.92   9.63  14.45  14.89  76   126     1  2.2
  8  3220 J8   996  2877 J8  2292  1985 J8   430  8115 21831  7.6  6.5  1.84  0.07  16.65   6.83  12.27  13.26  79   204     0  2.2
  9  2238 J8   636  3215 J8  2297  1166 J8   369  5042 17450  6.1  5.3  1.28  0.05  13.15   0.39   6.77   9.14  76   347     0  1.8
 10   871 J8   262  1409 J8  1225   608 J8   228  2314 13013  8.2  7.1  0.66  0.03  -2.86  -9.38  -5.75  -4.68  79   758     0  2.1
 11   248 J8   136  1150 J8   882   163 J8   105   634  8354  4.2  3.6  0.54  0.03 -12.77 -20.73 -16.51 -15.52  75  1052     0  1.9
 12    39 J8    18   482 J8   466    26 J8    12   122  5006  5.9  5.0  0.39  0.03 -20.88 -28.63 -24.39 -23.56  78  1336     0  1.5
 13  2394 J8  2059  2745 J8  1783  1312 J8  1074  5146 16790  6.5  5.4  0.90  0.07   1.18  -8.56  -3.20  -2.16  71  8023     4  2.3
 2002
  1   115 J8    93   300 J8   427    95 J8    70   383  7082  7.8  7.2  0.53  0.05 -13.20 -20.23 -16.77 -16.69  75  1086     0  2.1
  2   727 J8   340  1530 J8  1250   468 J8   193  1646 11678  6.2  5.0  0.41  0.07 -12.04 -20.23 -16.23 -15.29  67   965     0  3.2
  3  2204 J8   744  4467 J8  2675   900 J8   400  4091 16205  3.3  2.6  0.36  0.09  -4.89 -18.66 -11.22  -8.81  57   933     0  2.6
  4  3609 J8  1093  4247 J8  3306  1879 J8   645  7224 20670  6.1  5.0  0.64  0.10   0.56 -11.98  -4.86  -3.38  67   721     0  2.5
  5  5645 J8  1470  7163 J8  3624  2157 J8   566 10026 25124  4.0  3.1  0.84  0.11  15.00   1.34   9.13  10.04  50   319     4  2.8
  6  5652 J8   947  5485 J8  2420  2908 J8   429 11434 28503  6.3  4.8  1.57  0.10  20.02   6.11  14.29  14.68  60   158     0  2.3
  7  5119 J8  1092  5088 J8  2768  2636 J8   511 10646 26403  6.5  5.0  1.94  0.08  21.15   8.19  15.45  16.23  74   119     6  2.1
  8  3607 J8  1315  4216 J8  3412  1806 J8   488  8139 21867  6.5  5.6  1.48  0.07  16.57   3.28  10.59  12.18  78   261     0  2.1
  9  1987 J8   751  2241 J8  2404  1234 J8   427  5067 17486  7.6  6.8  1.37  0.05  11.15   2.22   6.98   8.31  82   349     0  2.3
 10   936 J8   394  2026 J8  1531   529 J8   188  2332 13054  6.7  5.4  0.93  0.03   1.45  -5.30  -1.87  -0.50  75   628     0  2.6
 11   264 J8   161   962 J8   902   173 J8    92   642  8395  6.4  5.4  0.78  0.03  -5.56 -11.76  -8.35  -7.51  78   810     0  2.5
 12    36 J8    16   379 J8   359    28 J8    15   123  5013  5.9  5.0  0.59  0.03 -12.75 -19.15 -15.89 -15.47  81  1063     0  1.1
 13  2492 J8  2171  3175 J8  2230  1234 J8  1020  5146 16790  6.1  5.1  0.95  0.07   3.12  -7.18  -1.56  -0.52  70  7412    10  2.3
 2003
  1   139 J8    89   842 J8   615    91 J8    64   377  7047  3.7  3.4  0.47  0.05 -16.00 -23.88 -19.60 -18.83  68  1186     0  2.5
  2   685 J8   324  1594 J8  1796   416 J8   182  1630 11638  6.7  5.4  0.63  0.07  -9.31 -14.58 -11.78 -10.93  70   848     0  2.9
  3  2150 J8   781  4056 J8  2360   927 J8   312  4067 16165  4.2  3.5  0.41  0.09  -7.28 -23.07 -14.53 -11.95  63  1039     0  2.2
  4  4012 J8  1008  4979 J8  2814  1966 J8   580  7198 20630  4.7  3.8  0.65  0.10   4.57  -8.56  -1.38   0.35  58   610     0  2.4
  5  4692 J8  1386  4909 J8  3312  2351 J8   538 10007 25088  5.7  4.5  0.91  0.11  12.22  -0.65   6.64   7.63  55   389     0  2.7
  6  5990 J8  1332  6499 J8  3601  2669 J8   622 11431 28494  5.8  4.3  1.57  0.10  20.53   7.29  14.71  15.07  65   133     0  2.3
  7  4905 J8  1468  4634 J8  3436  2602 J8   523 10661 26439  6.9  5.6  1.85  0.08  18.82   8.07  14.23  14.74  74   152     1  2.3
  8  3711 J8  1299  4232 J8  3265  1842 J8   524  8163 21906  6.6  5.4  1.74  0.07  17.45   6.21  12.03  13.34  82   201     0  2.0
  9  2408 J8   757  4173 J8  2952  1026 J8   373  5092 17519  5.0  4.6  0.99  0.05   9.14  -2.49   3.71   5.65  70   450     0  2.1
 10   891 J8   453  1725 J8  1867   526 J8   212  2351 13090  7.5  6.6  1.04  0.03   3.15  -4.25  -0.23   1.07  81   585     0  1.7
 11   215 J8   140   536 J8   650   170 J8   102   651  8432  8.4  7.5  0.62  0.03 -10.87 -17.20 -13.79 -13.17  81   971     0  2.2
 12    35 J8    19   426 J8   422    25 J8    13   124  5027  5.7  5.0  0.43  0.03 -18.56 -27.93 -23.07 -22.62  77  1289     0  1.5
 13  2486 J8  2119  3217 J8  2064  1218 J8  1013  5146 16790  5.9  5.0  0.94  0.07   1.99  -8.42  -2.75  -1.64  70  7853     1  2.2
 2004
  1   148 J8   112  1098 J8   885    78 J8    47   372  7017  4.1  3.7  0.28  0.05 -19.85 -28.98 -24.46 -24.18  67  1325     0  2.3
  2   694 J8   289  1275 J8  1118   487 J8   161  1650 11677  6.3  5.5  0.51  0.07 -14.57 -23.40 -18.44 -17.09  67  1082     0  2.9
  3  2191 J8   733  4174 J8  2559   925 J8   303  4140 16279  4.5  3.5  0.41  0.09 -10.07 -24.18 -16.82 -14.65  58  1099     0  2.3
  4  3814 J8  1021  4175 J8  2837  2048 J8   499  7275 20736  6.5  5.1  0.75  0.10   5.77  -4.70   0.78   2.04  57   534     0  2.5
  5  4503 J8  1336  4330 J8  3186  2421 J8   568 10062 25195  7.0  6.0  1.33  0.11  15.11   3.26   9.53  10.36  68   284     0  1.9
  6  5685 J8   970  5911 J8  2732  2799 J8   528 11439 28520  5.5  4.7  1.88  0.10  23.92  10.22  17.91  18.31  63    50    12  2.0
  7  4956 J8  1233  4817 J8  2940  2633 J8   474 10616 26332  6.7  5.3  2.15  0.08  23.02  10.87  17.53  18.18  71    51     8  2.1
  8  3924 J8  1090  4787 J8  2720  1800 J8   465  8090 21797  5.7  4.8  2.06  0.06  21.10   8.02  14.92  16.40  72   121     4  1.6
  9  2194 J8  1038  3024 J8  2851  1100 J8   248  5017 17415  7.0  6.3  0.88  0.04   7.09  -2.50   2.36   3.91  75   481     0  1.9
 10   829 J8   489  1369 J8  1737   513 J8   179  2294 12981  8.1  7.5  0.84  0.03  -0.00  -5.26  -2.40  -1.52  81   650     0  2.4
 11   211 J8   141   499 J8   673   163 J8    88   625  8316  8.0  7.3  0.58  0.03 -10.94 -17.88 -13.72 -12.94  78   982     0  2.3
 12    35 J8    21   279 J8   398    28 J8    15   121  4998  7.0  6.2  0.47  0.03 -16.35 -23.90 -19.58 -19.40  74  1192     0  2.2
 13  2432 J8  2067  2978 J8  1963  1250 J8  1041  5142 16772  6.4  5.5  1.01  0.07   2.02  -8.20  -2.70  -1.71  69  7850    24  2.2
 2005
  1   153 J8   117   976 J8  1016    84 J8    45   389  7122  4.6  4.1  0.44  0.05 -17.09 -25.93 -21.86 -20.93  76  1235     0  2.3
  2   732 J8   377  1493 J8  1131   471 J8   208  1664 11722  5.8  4.8  0.49  0.07 -15.08 -24.55 -19.62 -18.12  75  1068     0  2.1
  3  1969 J8   645  2818 J8  1679  1124 J8   341  4118 16248  5.7  4.5  0.51  0.09  -4.63 -14.96  -9.35  -7.69  63   872     0  3.2
  4  4263 J8  1065  5939 J8  3103  1761 J8   504  7253 20712  4.0  3.3  0.56  0.10   3.83 -11.36  -2.87  -0.98  59   663     0  2.0
  5  5025 J8  1195  5652 J8  3015  2286 J8   507 10047 25167  5.3  4.1  1.28  0.11  18.64   3.69  11.93  13.11  60   222     0  2.0
  6  5891 J8  1434  6386 J8  3424  2636 J8   541 11438 28512  5.4  4.2  1.79  0.10  21.79   8.85  16.08  16.45  66   100     9  2.0
  7  4821 J8  1143  4515 J8  2779  2681 J8   504 10630 26364  6.5  5.6  1.78  0.08  21.58   9.13  16.17  16.89  66    94     1  2.2
  8  3656 J8  1374  4044 J8  3446  1878 J8   507  8111 21826  7.1  5.9  1.67  0.07  18.28   6.51  12.72  14.06  79   184     0  1.6
  9  1794 J8   578  1527 J8  1327  1267 J8   264  5039 17445  9.0  7.7  1.43  0.05  10.41   4.59   7.55   8.37  84   325     0  2.2
 10   855 J8   441  1518 J8  1820   536 J8   186  2311 13011  7.6  7.0  0.76  0.03  -0.67  -7.18  -3.57  -2.31  78   690     0  2.3
 11   249 J8   172  1083 J8  1202   145 J8    75   633  8350  6.3  5.7  0.35  0.03 -17.30 -25.54 -21.33 -20.05  74  1193     0  1.3
 12    35 J8    18   449 J8   450    24 J8    12   122  5005  5.6  4.9  0.64  0.03 -10.61 -19.28 -14.98 -14.68  76  1031     0  1.9
 13  2454 J8  2152  3033 J8  2163  1241 J8   996  5146 16790  6.1  5.1  0.97  0.07   2.43  -8.00  -2.43  -1.32  71  7676    11  2.1
 2006
  1   147 J8    96   961 J8   621    88 J8    51   384  7086  3.1  2.5  0.30  0.05 -27.93 -35.56 -31.98 -31.42  84  1552     0  0.8
  2   652 J8   325  1046 J8  1114   470 J8   183  1648 11683  7.1  5.9  0.48  0.07 -10.09 -18.67 -13.87 -13.10  74   916     0  2.6
  3  2135 J8   732  3647 J8  2459  1024 J8   411  4094 16210  4.8  3.8  0.39  0.09 -11.21 -22.04 -16.22 -14.74  58  1084     0  3.0
  4  4022 J8  1172  5163 J8  2969  1835 J8   511  7227 20672  4.9  3.9  0.51  0.10   0.82 -11.59  -4.58  -3.11  59   711     0  2.2
  5  5025 J8  1137  5445 J8  2882  2433 J8   512 10028 25130  5.5  4.4  1.08  0.11  15.86   1.79   9.39  10.47  55   295     0  2.3
  6  4988 J8  1438  4316 J8  3079  2862 J8   463 11434 28501  7.3  6.0  1.69  0.10  18.95   7.51  13.97  14.29  63   155     2  2.2
  7  4631 J8  1175  3790 J8  2668  2759 J8   457 10644 26399  7.6  6.0  2.05  0.08  19.93   9.71  15.29  15.84  74   109     0  1.7
  8  3148 J8   941  2525 J8  1973  2081 J8   377  8135 21862  8.2  7.1  1.60  0.07  16.31   6.28  11.70  12.80  80   218     0  1.5
  9  2169 J8   831  2663 J8  2256  1260 J8   309  5064 17480  6.6  5.9  1.42  0.05  14.15   2.83   8.88  10.63  74   295     0  1.7
 10   767 J8   313   918 J8  1009   590 J8   206  2330 13051  8.3  7.6  0.91  0.03   2.24  -3.51  -0.43   0.32  82   588     0  2.6
 11   265 J8   147  1310 J8  1079   158 J8   107   641  8392  4.9  4.3  0.33  0.03 -14.29 -23.25 -19.05 -17.91  69  1113     0  1.7
 12    36 J8    19   327 J8   378    28 J8    13   123  5013  6.3  5.0  0.46  0.03 -14.38 -23.88 -18.91 -19.04  76  1161     0  1.4
 13  2332 J8  1972  2676 J8  1779  1299 J8  1062  5146 16790  6.2  5.2  0.94  0.07   0.86  -9.20  -3.82  -2.91  71  8198     2  2.0
 2007
  1   125 J8    87   331 J8   377   107 J8    76   378  7054  7.5  6.6  0.46  0.05 -17.21 -24.40 -20.75 -20.67  77  1213     0  1.8
  2   833 J8   361  2923 J8  1556   332 J8    97  1632 11645  2.4  2.1  0.29  0.07 -15.72 -26.57 -21.13 -19.03  66  1105     0  2.2
  3  2339 J8   788  5000 J8  2396   847 J8   268  4070 16173  2.2  1.8  0.24  0.09 -14.08 -31.69 -22.86 -19.57  61  1278     0  1.5
  4  3898 J8  1146  4380 J8  3060  2036 J8   615  7201 20636  6.0  4.8  0.71  0.10   9.17  -2.70   3.54   5.03  53   453     0  2.2
  5  4918 J8  1065  5109 J8  2657  2450 J8   441 10009 25093  5.8  4.6  1.01  0.11  16.17   1.95  10.11  11.15  47   287     0  2.2
  6  5139 J8  1192  4296 J8  2532  2968 J8   372 11431 28495  7.2  5.7  1.74  0.10  21.65   9.81  16.29  16.62  63    84     6  2.0
  7  5046 J8  1029  4844 J8  2973  2725 J8   549 10659 26434  6.5  5.3  2.10  0.08  23.39  11.59  18.02  18.67  70    44    18  1.8
  8  3884 J8  1111  4820 J8  2953  1785 J8   454  8159 21899  6.1  4.9  1.96  0.07  20.78   9.35  15.34  16.79  73   101     0  1.6
  9  2124 J8   831  2488 J8  2103  1255 J8   299  5089 17516  7.8  6.1  1.30  0.05  11.38   3.94   7.65   8.79  74   320     0  2.4
 10   796 J8   358  1192 J8  1405   550 J8   192  2349 13087  8.2  7.4  0.66  0.03  -2.68  -8.33  -5.13  -4.13  74   739     0  2.2
 11   249 J8   142   774 J8   621   181 J8   100   650  8428  7.0  6.0  0.63  0.03  -8.50 -14.64 -10.99 -10.22  74   897     0  2.2
 12    39 J8    21   451 J8   488    27 J8    12   124  5028  6.7  5.5  0.40  0.03 -16.03 -22.48 -19.15 -19.06  73  1165     0  2.1
 13  2449 J8  2039  3051 J8  1927  1272 J8  1083  5146 16791  6.1  5.1  0.96  0.07   2.36  -7.85  -2.42  -1.30  67  7687    24  2.0
 2008
  1   115 J8    87   246 J8   410    99 J8    72   373  7021  7.8  7.1  0.38  0.05 -19.65 -27.47 -23.18 -22.57  75  1299     0  1.7
  2   777 J8   362  2037 J8  1657   432 J8   191  1652 11680  4.3  3.7  0.36  0.07 -16.64 -27.36 -21.68 -19.80  69  1170     0  2.3
  3  1984 J8   767  3076 J8  2312  1041 J8   301  4143 16282  5.9  5.0  0.52  0.09  -6.54 -16.83 -11.32  -9.97  58   930     0  3.0
  4  3562 J8  1205  3472 J8  2891  2086 J8   514  7278 20742  6.7  5.4  0.67  0.10   1.36  -8.96  -3.25  -2.17  66   664     0  2.3
  5  4945 J8   929  4906 J8  2339  2538 J8   437 10065 25199  6.9  5.1  1.02  0.11  14.15   2.10   8.91   9.78  55   316     0  2.5
  6  5270 J8  1015  4581 J8  2792  2996 J8   537 11439 28520  7.0  5.7  1.64  0.10  19.69   8.34  14.70  15.00  65   132     2  1.9
  7  4886 J8  1188  4276 J8  2778  2766 J8   505 10614 26327  7.1  5.8  1.82  0.08  19.82   9.32  15.34  15.84  66   128    11  2.3
  8  3604 J8   962  4108 J8  3283  1851 J8   577  8087 21791  6.0  5.4  1.43  0.06  16.49   4.99  11.44  12.87  69   235     0  2.0
  9  2087 J8   851  2951 J8  2494  1122 J8   314  5014 17411  6.5  5.7  1.19  0.04  10.32   0.54   5.81   7.34  71   387     0  1.9
 10   909 J8   426  1975 J8  2014   513 J8   257  2292 12975  7.1  6.4  0.50  0.03  -6.43 -15.00 -10.27  -8.80  81   900     0  1.7
 11   236 J8   150   830 J8   990   162 J8    88   624  8310  6.9  6.2  0.46  0.03 -13.86 -22.18 -17.54 -16.39  79  1091     0  1.5
 12    35 J8    19   521 J8   549    22 J8    11   121  4999  5.9  5.4  0.46  0.03 -17.61 -24.26 -21.04 -21.57  74  1217     0  2.4
 13  2368 J8  2007  2748 J8  1620  1302 J8  1100  5142 16771  6.5  5.6  0.87  0.07   0.09  -9.73  -4.34  -3.37  69  8469    13  2.1
 2009
  1   139 J8    95   831 J8   720    92 J8    63   390  7126  4.6  4.1  0.38  0.05 -21.05 -28.79 -24.84 -23.92  78  1341     0  2.3
  2   699 J8   319  1267 J8  1097   489 J8   196  1666 11727  7.5  5.8  0.50  0.07 -14.58 -24.66 -19.14 -18.27  77  1063     0  2.6
  3  2067 J8   728  3067 J8  2282  1117 J8   396  4121 16253  6.4  4.8  0.40  0.09 -12.35 -23.48 -17.18 -15.63  62  1124     0  2.9
  4  3754 J8  1028  4001 J8  2798  2081 J8   551  7256 20715  6.0  4.6  0.65  0.10   3.41  -9.45  -2.32  -0.66  63   641     0  2.1
  5  5095 J8  1399  5860 J8  3209  2232 J8   529 10050 25171  5.0  3.8  0.92  0.11  14.47   1.39   8.85   9.82  55   322     0  2.5
  6  5376 J8  1023  4835 J8  2723  3028 J8   498 11438 28511  6.9  5.4  1.58  0.10  19.74   9.03  15.19  15.45  64   119     1  2.2
  7  5461 J8  1267  6457 J8  3744  2420 J8   757 10627 26361  5.2  4.1  2.01  0.08  24.43  11.18  18.56  19.20  60    38    22  1.9
  8  3706 J8  1173  4140 J8  3176  1920 J8   541  8108 21819  6.6  5.5  1.57  0.07  15.66   5.34  11.08  12.31  77   243     1  1.5
  9  2125 J8  1000  2791 J8  2890  1147 J8   378  5036 17441  7.1  6.1  1.25  0.05  12.13   2.58   7.46   9.08  76   329     0  1.8
 10   909 J8   295  2117 J8  1883   516 J8   255  2309 13005  6.0  5.3  1.00  0.03   1.42  -6.05  -2.14  -0.68  76   640     0  2.1
 11   259 J8   164  1340 J8  1241   144 J8    78   632  8348  4.7  4.0  0.39  0.03 -16.28 -25.15 -20.62 -19.43  81  1171     0  1.7
 12    33 J8    14   370 J8   396    25 J8    12   122  5004  5.4  4.9  0.59  0.03 -16.09 -23.04 -19.36 -19.26  74  1175     0  2.0
 13  2469 J8  2123  3090 J8  1998  1268 J8  1038  5146 16790  6.0  4.9  0.94  0.07   0.91  -9.26  -3.70  -2.67  70  8206    24  2.1
 2010
  1   147 J8    99   898 J8   653    92 J8    65   384  7092  3.3  2.9  0.37  0.05 -22.41 -30.52 -26.08 -24.89  76  1389     0  1.9
  2   722 J8   265  1616 J8  1208   470 J8   214  1650 11688  4.9  4.0  0.47  0.07 -12.48 -22.78 -17.54 -15.70  70  1007     0  1.9
  3  2204 J8   781  3949 J8  2454   980 J8   325  4097 16215  4.0  3.2  0.37  0.09  -8.15 -22.56 -14.55 -12.31  62  1044     0  2.4
  4  4147 J8   988  5012 J8  2882  2049 J8   685  7230 20679  6.1  4.1  0.68  0.10   6.59  -5.19   1.31   2.73  61   529     0  2.4
  5  4888 J8  1235  4978 J8  2876  2484 J8   539 10031 25135  6.0  4.4  1.15  0.11  17.09   4.17  11.24  12.15  56   239     0  2.5
  6  5037 J8  1073  4135 J8  2463  3026 J8   422 11435 28503  7.0  5.9  1.66  0.10  20.56   8.98  15.34  15.62  68   107     0  2.0
  7  4442 J8  1308  3791 J8  3179  2631 J8   498 10642 26395  7.2  6.1  1.89  0.08  20.11   9.65  15.73  16.23  71   112     5  1.8
  8  3527 J8   946  3554 J8  2305  1970 J8   316  8132 21857  6.8  6.0  1.84  0.07  19.07   8.50  14.19  15.36  75   146     5  1.8
  9  2691 J8   613  5329 J8  2731   949 J8   463  5061 17474  3.9  3.0  1.16  0.05  13.11   0.24   6.67   8.93  69   350     0  1.9
 10   925 J8   352  2005 J8  1767   526 J8   235  2328 13044  6.1  5.3  0.70  0.03   0.13  -7.33  -3.36  -1.87  75   680     0  2.3
 11   234 J8   149   683 J8   833   179 J8   106   640  8387  7.1  6.2  0.67  0.03  -8.34 -14.64 -11.23 -10.61  84   895     0  1.3
 12    41 J8    19   689 J8   560    24 J8    10   123  5012  4.4  3.5  0.34  0.03 -26.07 -32.78 -29.50 -29.03  80  1481     0  1.4
 13  2417 J8  1956  3053 J8  1771  1282 J8  1088  5146 16790  5.6  4.5  0.94  0.07   1.60  -8.69  -3.15  -1.95  71  7976    10  2.0
