704890 DUTCH HARBOR           AK  -9  N53 54  W166 33     4  1013
 1991-2010
 MO AVGLO FL SDGLO AVDIR FL SDDIR AVDIF FL SDDIF AVETR AETRN  TOT  OPQ   H2O   TAU  MAX_T  MIN_T  AVG_T  AVGDT  RH  HTDD  CLDD AVWS
  1   530 J8    56   577 J8   238   413 J8    23  1976 11326  8.5  8.2  0.73  0.08   2.09  -1.13   0.52   0.71  73   553     0  5.5
  2   982 J8   114   762 J8   253   751 J8    48  3528 13675  8.4  8.2  0.72  0.10   2.41  -0.89   0.81   1.11  72   496     0  5.3
  3  1806 J8   244  1172 J8   445  1302 J8    87  5903 16374  8.3  8.1  0.71  0.13   2.54  -0.96   0.82   1.14  72   544     0  5.4
  4  2600 J8   254  1293 J8   415  1911 J8    67  8518 19033  8.6  8.3  0.84  0.15   4.20   0.81   2.51   2.81  73   475     0  5.2
  5  3362 J8   507  1573 J8   759  2407 J8   101 10584 21293  8.6  8.3  1.11  0.16   6.87   3.29   4.98   5.32  75   411     0  4.5
  6  3532 J8   407  1509 J8   567  2562 J8   154 11508 22439  8.9  8.6  1.54  0.15   9.83   6.23   7.87   8.14  78   309     0  4.0
  7  3331 J8   318  1524 J8   427  2375 J8    99 10968 21704  8.9  8.6  2.15  0.13  12.47   8.34  10.18  10.50  80   246     0  3.5
  8  2823 J8   212  1387 J8   314  2058 J8    98  9159 19576  8.7  8.5  2.19  0.10  13.45   9.38  11.27  11.64  79   215     0  3.8
  9  2026 J8   192  1108 J8   332  1536 J8    65  6694 17024  8.7  8.4  1.52  0.07  11.21   7.66   9.38   9.80  76   267     0  4.9
 10  1320 J8   149  1003 J8   330   985 J8    55  4195 14359  8.5  8.2  1.04  0.05   7.51   4.30   5.96   6.31  72   385     0  5.5
 11   729 J8    70   806 J8   259   547 J8    30  2324 11854  8.2  7.9  0.84  0.05   5.07   1.66   3.45   3.71  71   449     0  5.7
 12   438 J8    53   559 J8   268   343 J8    13  1543 10469  8.4  8.1  0.75  0.06   3.17  -0.02   1.62   1.79  72   519     0  5.6
 13  1956 J8   137  1106 J8   222  1432 J8    46  6408 16594  8.6  8.3  1.18  0.10   6.74   3.22   4.95   5.25  74  4869     0  4.9
 1991
  1   461 J8   257   360 J8   904   382 J8   124  1969 11313  9.0  8.8  1.12  0.07   2.13  -0.32   0.89   0.99  85   540     0  5.2
  2   930 J8   415   621 J8   993   745 J8   223  3505 13643  9.1  8.5  0.86  0.09  -1.42  -4.28  -2.80  -2.54  82   593     0  5.4
  3  1658 J8   559   842 J8   995  1315 J8   233  5863 16332  8.4  8.1  1.05  0.12   4.83   0.76   2.74   3.04  80   482     0  5.4
  4  2369 J8   820   989 J8  1308  1859 J8   293  8481 18993  9.0  8.5  0.94  0.14   3.69   0.31   2.01   2.32  82   490     0  4.9
  5  3013 J8  1266   987 J8  1508  2361 J8   448 10560 21264  9.3  9.0  1.25  0.15   6.35   2.76   4.43   4.79  83   427     0  5.5
  6  3000 J8  1479  1027 J8  2203  2338 J8   286 11504 22435  9.3  9.2  1.64  0.14   9.16   5.67   7.21   7.53  83   327     0  4.6
  7  3670 J8  1858  2205 J8  3057  2262 J8   455 10986 21729  8.6  8.2  1.98  0.13  12.46   7.58   9.79  10.22  83   258     0  3.5
  8  2331 J8   796   634 J8  1049  1961 J8   355  9193 19615  9.4  9.3  2.34  0.13  12.41   8.86  10.49  10.85  83   239     0  4.2
  9  1738 J8   702   763 J8  1453  1405 J8   244  6733 17066  9.1  8.9  1.69  0.13  10.63   7.41   9.00   9.39  81   279     0  5.0
 10  1124 J8   535   602 J8  1049   894 J8   264  4229 14399  9.0  8.8  1.42  0.14   7.97   5.13   6.55   6.90  76   365     0  6.0
 11   672 J8   264   665 J8   762   513 J8   148  2344 11889  7.8  7.2  1.08  0.16   4.64   1.69   3.19   3.46  75   455     0  4.9
 12   395 J8   120   216 J8   376   356 J8    72  1546 10476  8.8  8.3  0.97  0.19   2.56  -0.14   1.14   1.36  79   531     0  4.9
 13  1780 J8  1099   826 J8   499  1366 J8   778  6409 16596  8.9  8.6  1.36  0.13   6.28   2.95   4.55   4.86  81  4985     0  5.0
 1992
  1   494 J8   140   284 J8   484   436 J8    99  1961 11298  8.5  8.3  0.92  0.23   1.83  -0.39   0.76   0.91  78   546     0  7.3
  2   889 J8   308   314 J8   560   792 J8   221  3524 13667  8.8  8.7  0.89  0.27   1.26  -1.25  -0.03   0.08  73   531     0  6.7
  3  1596 J8   640   583 J8   814  1320 J8   330  5928 16397  8.9  8.7  0.77  0.31   2.08  -0.75   0.69   0.96  78   548     0  6.3
  4  2339 J8  1028   674 J8  1313  1955 J8   428  8541 19053  9.0  8.8  1.00  0.32   3.39   0.15   1.75   2.10  77   497     0  4.1
  5  3827 J8  1822  2021 J8  2580  2525 J8   545 10598 21310  7.8  7.4  1.19  0.31   7.26   2.84   4.99   5.42  77   412     0  3.8
  6  3535 J8  1094  1004 J8  1049  2893 J8   506 11509 22439  9.0  8.6  1.53  0.29  10.41   6.52   8.33   8.65  80   296     0  4.0
  7  2996 J8  1176   861 J8  1199  2448 J8   529 10956 21688  9.4  8.9  1.99  0.25  11.76   8.01   9.60   9.88  83   262     0  4.0
  8  2785 J8   884  1178 J8  1268  2142 J8   369  9139 19555  8.7  8.5  1.91  0.20  12.34   8.18  10.15  10.57  79   250     0  4.7
  9  1758 J8   676   648 J8  1317  1453 J8   318  6670 17002  8.9  8.5  1.72  0.16  10.51   6.67   8.63   9.07  80   292     0  4.6
 10   980 J8   492   391 J8   793   834 J8   228  4172 14338  9.2  8.8  1.21  0.13   6.46   3.71   5.11   5.36  75   411     0  5.3
 11   604 J8   240   396 J8   529   509 J8   159  2310 11835  8.7  8.2  1.03  0.12   4.38   1.31   2.83   3.08  73   465     0  5.2
 12   375 J8   130   335 J8   473   315 J8    70  1541 10467  8.3  8.0  1.11  0.11   4.21   0.27   2.31   2.49  67   499     0  4.5
 13  1848 J8  1225   724 J8   499  1468 J8   904  6404 16587  8.8  8.5  1.27  0.23   6.32   2.94   4.60   4.88  77  5008     0  5.0
 1993
  1   487 J8   186   396 J8   606   405 J8   113  1987 11347  8.5  8.1  0.70  0.13   1.72  -1.46   0.25   0.33  63   564     0  5.3
  2   895 J8   403   642 J8  1146   716 J8   221  3541 13692  8.5  8.2  0.72  0.15   2.72  -0.39   1.20   1.48  67   480     0  4.5
  3  1636 J8   709  1092 J8  1703  1186 J8   273  5910 16384  8.4  8.4  0.76  0.17   3.45  -0.13   1.79   2.23  71   517     0  4.1
  4  2868 J8  1072  1638 J8  1569  1976 J8   314  8525 19042  8.2  7.5  0.77  0.18   4.90   1.54   3.17   3.52  70   453     0  3.2
  5  2896 J8  1164  1050 J8  1525  2258 J8   392 10589 21300  9.4  9.0  1.21  0.19   7.27   4.11   5.52   5.82  75   392     0  3.8
  6  3945 J8  1758  2016 J8  2372  2583 J8   519 11509 22442  8.9  8.2  1.36  0.18   9.66   6.31   7.78   8.05  70   310     0  3.5
  7  3237 J8  1438  1343 J8  2128  2385 J8   445 10965 21699  9.2  8.6  2.37  0.15  12.97   8.91  10.65  10.97  76   229     0  3.7
  8  2654 J8  1036  1266 J8  1487  1982 J8   397  9154 19571  9.0  8.7  2.35  0.12  13.19   9.52  11.27  11.60  74   216     0  3.6
  9  2004 J8   748  1207 J8  1675  1472 J8   276  6687 17016  8.7  8.3  1.79  0.09  11.80   7.95   9.86  10.28  75   254     0  3.6
 10  1222 J8   407   760 J8   812   979 J8   220  4189 14350  8.3  8.0  1.12  0.06   8.48   5.02   6.82   7.18  72   359     0  3.9
 11   725 J8   277   830 J8   938   537 J8   147  2320 11844  8.1  7.6  0.98  0.06   6.66   2.84   4.73   5.07  72   407     0  4.7
 12   377 J8   148   294 J8   452   326 J8    85  1542 10465  8.6  8.4  0.68  0.06   2.96   0.15   1.58   1.73  72   520     0  5.0
 13  1912 J8  1195  1044 J8   499  1400 J8   818  6410 16596  8.6  8.2  1.23  0.13   7.15   3.70   5.38   5.69  71  4702     0  4.1
 1994
  1   446 J8   237   382 J8   748   366 J8   125  1978 11328  9.1  8.7  0.79  0.08   2.41  -0.22   1.13   1.31  78   534     0  4.1
  2   873 J8   359   644 J8  1182   696 J8   138  3524 13672  8.3  8.3  0.81  0.10   3.56   0.33   1.98   2.26  67   459     0  4.8
  3  1695 J8   972  1056 J8  1592  1194 J8   310  5888 16358  8.6  8.3  0.70  0.13   1.51  -2.81  -0.59  -0.30  72   588     0  4.2
  4  2219 J8   741   694 J8   938  1865 J8   400  8504 19020  9.4  9.1  0.73  0.15   2.87   0.08   1.51   1.69  77   506     0  5.1
  5  2842 J8  1017   851 J8  1045  2316 J8   381 10575 21283  9.3  9.0  1.04  0.16   5.19   2.37   3.82   4.07  79   451     0  3.9
  6  3281 J8  1405  1236 J8  1938  2413 J8   432 11507 22440  9.1  9.0  1.81  0.15   9.96   5.93   7.79   8.11  82   312     0  2.8
  7  3094 J8  1486  1326 J8  2210  2278 J8   385 10975 21713  8.8  8.6  2.64  0.13  12.84   8.26  10.23  10.58  84   241     0  2.9
  8  2912 J8  1278  1915 J8  2420  1858 J8   321  9172 19589  8.1  8.0  2.51  0.10  13.37   9.24  11.13  11.48  83   218     0  2.4
  9  2016 J8   840  1144 J8  1608  1480 J8   215  6709 17039  8.7  8.3  1.66  0.07  10.86   7.05   8.83   9.34  78   281     0  5.0
 10  1117 J8   376   434 J8   552   970 J8   234  4208 14374  9.3  9.0  1.00  0.05   6.53   3.13   4.94   5.33  73   418     0  4.2
 11   618 J8   212   366 J8   470   535 J8   135  2331 11866  9.2  8.8  0.95  0.04   6.03   1.96   4.02   4.02  66   430     0  5.7
 12   391 J8   144   354 J8   592   328 J8    79  1544 10468  8.7  8.5  0.75  0.05   2.91  -0.63   1.36   1.49  72   533     0  5.3
 13  1792 J8  1086   867 J8   484  1358 J8   783  6410 16596  8.9  8.6  1.28  0.10   6.50   2.89   4.68   4.95  76  4971     0  4.2
 1995
  1   478 J8   205   443 J8   822   391 J8    80  1970 11316  8.6  8.5  0.59  0.07   0.37  -2.07  -0.82  -0.66  71   595     0  4.7
  2   835 J8   341   491 J8   914   683 J8   153  3507 13647  8.5  8.3  0.74  0.09   2.44  -0.51   1.04   1.26  74   486     0  4.7
  3  1328 J8   576   556 J8  1319  1095 J8   193  5866 16336  9.4  9.3  0.65  0.12   1.09  -1.75  -0.32  -0.12  71   578     0  5.3
  4  2440 J8  1186  1170 J8  1852  1798 J8   399  8484 18997  8.3  8.1  0.84  0.14   3.53   0.16   1.86   2.21  70   495     0  3.8
  5  2805 J8  1136   873 J8  1396  2266 J8   417 10562 21265  9.3  9.1  1.06  0.15   6.31   3.13   4.64   4.96  78   422     0  3.1
  6  3129 J8  1163  1175 J8  1499  2327 J8   327 11505 22436  9.3  9.2  1.55  0.14   8.94   5.61   7.13   7.38  81   332     0  3.7
  7  2950 J8  1472  1211 J8  2209  2184 J8   360 10985 21727  9.3  9.1  2.13  0.12  11.55   8.41   9.79  10.04  80   259     0  3.7
  8  2678 J8  1082  1381 J8  1869  1952 J8   284  9191 19612  8.7  8.6  2.46  0.09  13.65   9.14  11.18  11.59  80   215     0  3.8
  9  1773 J8   631   823 J8  1461  1436 J8   239  6730 17061  8.9  8.7  1.65  0.06  10.98   8.01   9.52   9.93  75   265     0  5.0
 10  1262 J8   460   857 J8  1144   962 J8   203  4226 14398  8.4  8.2  0.99  0.04   7.77   4.06   6.04   6.45  70   385     0  5.6
 11   638 J8   308   557 J8  1005   504 J8   121  2343 11884  8.6  8.3  0.75  0.04   4.31   1.20   2.93   3.20  69   467     0  5.3
 12   378 J8   122   270 J8   508   329 J8    52  1545 10475  9.0  8.7  0.93  0.04   5.00   2.26   3.58   3.74  73   456     0  4.8
 13  1724 J8  1035   817 J8   358  1327 J8   762  6409 16596  8.9  8.7  1.19  0.09   6.33   3.14   4.71   5.00  74  4954     0  4.5
 1996
  1   506 J8   281   542 J8  1054   386 J8    84  1962 11299  8.8  8.6  0.69  0.07   3.20   0.58   1.96   2.12  69   510     0  6.1
  2  1022 J8   571  1018 J8  1613   719 J8   252  3527 13671  8.3  7.8  0.75  0.09   2.95  -0.88   1.06   1.16  65   502     0  6.7
  3  1961 J8   956  1474 J8  1837  1299 J8   275  5931 16400  8.7  8.0  0.94  0.12   5.77   1.45   3.72   4.13  71   456     0  4.3
  4  2070 J8   874   496 J8  1051  1794 J8   371  8544 19057  9.3  9.2  0.78  0.14   4.56   0.75   2.83   3.14  66   470     0  5.3
  5  3363 J8  1340  1716 J8  2127  2312 J8   327 10600 21312  8.5  8.2  1.18  0.15   8.34   3.89   6.11   6.45  69   379     0  4.7
  6  3726 J8  1752  1948 J8  2516  2439 J8   432 11509 22439  8.8  8.4  1.78  0.14  10.90   6.19   8.42   8.55  72   294     0  5.2
  7  3302 J8  1193  1213 J8  1945  2551 J8   395 10955 21687  8.9  8.8  2.55  0.12  13.02   8.50  10.85  11.16  76   235     0  3.8
  8  2929 J8   902  1488 J8  1514  2109 J8   359  9136 19551  8.3  8.1  2.41  0.09  14.27   9.52  11.79  12.19  74   199     0  4.8
  9  1942 J8   568   991 J8  1247  1547 J8   336  6667 16999  8.5  8.3  1.37  0.06   9.97   7.19   8.59   8.83  71   292     0  5.5
 10  1255 J8   394   879 J8  1122   993 J8   251  4170 14334  8.5  8.2  0.97  0.04   7.50   4.71   6.13   6.44  71   379     0  5.5
 11   618 J8   270   353 J8   468   536 J8   183  2309 11832  8.9  8.7  0.92  0.04   5.39   2.48   4.05   4.37  72   432     0  4.9
 12   404 J8   132   324 J8   525   350 J8    80  1541 10467  9.0  8.7  0.69  0.04   3.79   1.23   2.57   2.64  68   491     0  7.3
 13  1925 J8  1188  1037 J8   544  1420 J8   822  6404 16587  8.7  8.4  1.25  0.09   7.47   3.80   5.67   5.93  70  4638     0  5.3
 1997
  1   518 J8   280   592 J8  1032   396 J8   139  1988 11349  8.6  8.1  0.73  0.07   4.41  -1.33   1.42   1.67  68   520     0  6.0
  2   884 J8   422   537 J8   837   719 J8   215  3543 13693  8.5  8.3  0.79  0.09   4.87   0.17   2.54   2.77  69   443     0  5.1
  3  1771 J8   787  1143 J8  1642  1300 J8   292  5913 16387  7.9  7.8  0.54  0.12   2.05  -0.86   0.75   1.00  68   550     0  6.0
  4  2307 J8   785   984 J8  1508  1821 J8   278  8528 19043  8.6  8.4  0.70  0.14   4.04   0.85   2.50   2.77  71   476     0  4.9
  5  3521 J8  1666  1838 J8  2584  2404 J8   361 10591 21301  8.0  7.6  1.17  0.15   8.25   4.47   6.30   6.61  70   371     0  4.8
  6  3130 J8  1043   990 J8  1384  2531 J8   400 11509 22442  9.3  8.9  1.48  0.14   9.59   6.49   7.91   8.12  78   309     0  3.6
  7  2854 J8  1416  1074 J8  2152  2204 J8   432 10964 21696  9.1  9.0  2.35  0.12  12.49   8.84  10.67  10.96  80   238     0  3.3
  8  2991 J8  1106  1660 J8  1771  2094 J8   346  9151 19566  8.5  8.1  2.79  0.09  14.92  10.84  12.88  13.20  79   169     0  4.0
  9  1950 J8   651   995 J8  1316  1533 J8   287  6685 17013  8.8  8.7  1.66  0.06  11.28   7.82   9.50   9.92  73   263     0  5.8
 10  1146 J8   491   606 J8   883   939 J8   233  4186 14347  9.5  9.1  1.13  0.04   7.84   4.95   6.35   6.64  73   370     0  5.3
 11   812 J8   364  1105 J8  1361   549 J8   147  2319 11844  8.2  7.9  0.78  0.04   5.40   1.93   3.66   3.70  66   440     0  6.6
 12   422 J8   154   469 J8   532   344 J8    82  1542 10465  8.1  7.8  0.55  0.04   1.07  -2.52  -0.60  -0.31  65   591     0  5.8
 13  1859 J8  1099   999 J8   426  1403 J8   806  6410 16596  8.6  8.3  1.22  0.09   7.19   3.47   5.32   5.59  72  4739     0  5.1
 1998
  1   598 J8   321   977 J8  1494   398 J8   100  1980 11330  7.7  7.3  0.59  0.07   0.57  -2.67  -1.01  -0.61  72   601     0  4.2
  2   864 J8   410   649 J8  1285   676 J8   197  3526 13676  8.5  8.3  0.56  0.09   1.45  -1.94  -0.14   0.28  69   520     0  3.8
  3  1709 J8   838  1000 J8  1264  1261 J8   368  5891 16361  9.0  8.7  0.86  0.12   4.29   1.48   2.81   3.06  72   479     0  5.6
  4  2545 J8   984  1226 J8  1353  1929 J8   370  8507 19022  8.5  8.2  0.88  0.14   4.94   1.49   3.20   3.51  67   453     0  6.7
  5  3115 J8  1113  1166 J8  1672  2446 J8   405 10577 21285  8.5  8.3  1.05  0.15   6.63   3.31   4.89   5.17  69   414     0  5.2
  6  3303 J8  1076  1085 J8  1280  2635 J8   402 11507 22442  9.2  8.8  1.66  0.14   9.68   6.45   7.86   8.15  72   308     0  4.1
  7  2941 J8  1271   970 J8  1836  2351 J8   516 10974 21711  9.4  9.2  2.24  0.12  12.11   8.46   9.99  10.28  80   249     0  3.3
  8  2873 J8  1206  1560 J8  2113  2031 J8   289  9170 19585  8.1  7.9  2.19  0.09  12.95   8.91  10.94  11.22  73   229     0  4.8
  9  1796 J8   467   575 J8   931  1518 J8   190  6706 17036  9.2  9.2  1.61  0.06  10.95   7.61   9.20   9.56  71   271     0  5.6
 10  1278 J8   391   862 J8  1027   995 J8   229  4205 14370  8.4  8.2  0.98  0.04   7.05   4.03   5.54   5.85  70   396     0  5.4
 11   776 J8   315  1019 J8  1080   558 J8   147  2330 11864  7.5  7.2  0.84  0.04   5.17   1.73   3.58   4.03  68   446     0  5.9
 12   408 J8   162   451 J8   839   335 J8    98  1544 10469  8.5  8.3  0.68  0.04   2.86  -0.21   1.45   1.46  65   527     0  6.8
 13  1851 J8  1069   962 J8   303  1428 J8   840  6410 16596  8.5  8.3  1.18  0.09   6.56   3.22   4.86   5.16  71  4895     0  5.1
 1999
  1   550 J8   265   637 J8   891   419 J8   125  1971 11317  8.7  8.5  0.70  0.07   2.66  -1.02   0.87   1.02  69   543     0  6.0
  2   893 J8   402   583 J8   894   721 J8   207  3509 13648  8.3  8.2  0.49  0.09   0.76  -2.40  -0.84  -0.48  68   536     0  5.6
  3  1463 J8   541   752 J8  1325  1171 J8   211  5869 16339  8.8  8.7  0.69  0.12   1.73  -1.43   0.21   0.40  68   564     0  6.4
  4  2742 J8  1034  1476 J8  1549  1979 J8   335  8486 18998  8.1  7.7  1.00  0.14   4.09   0.75   2.48   2.78  68   477     0  5.4
  5  3033 J8   930   992 J8  1169  2506 J8   416 10563 21269  9.0  8.8  1.05  0.15   6.26   3.20   4.74   5.03  69   422     0  5.5
  6  3282 J8  1588  1335 J8  2125  2438 J8   468 11505 22436  8.9  8.6  1.71  0.14   8.54   5.72   7.03   7.23  76   336     0  4.5
  7  3175 J8  1356  1465 J8  2186  2350 J8   385 10983 21727  8.4  8.3  2.79  0.12  13.68   8.50  10.80  11.13  76   224     0  3.9
  8  2826 J8  1091  1463 J8  1715  2050 J8   375  9188 19611  8.6  8.3  2.31  0.09  11.97   8.24  10.03  10.36  79   255     0  3.9
  9  2023 J8   695   962 J8  1150  1593 J8   283  6728 17060  8.6  8.5  1.34  0.06  10.39   6.78   8.59   9.09  75   292     0  3.5
 10  1303 J8   465   891 J8  1094  1010 J8   262  4224 14394  8.7  8.3  0.86  0.04   5.98   3.25   4.78   5.01  71   425     0  5.9
 11   673 J8   169   585 J8   692   549 J8   121  2341 11881  8.6  8.3  0.65  0.04   4.03   1.20   2.74   2.93  70   471     0  7.2
 12   422 J8   161   561 J8   746   327 J8    71  1545 10474  8.5  8.3  0.48  0.04  -0.18  -3.76  -1.98  -1.81  70   629     0  6.3
 13  1865 J8  1106   975 J8   370  1426 J8   825  6409 16596  8.6  8.4  1.17  0.09   5.83   2.42   4.12   4.39  72  5175     0  5.3
 2000
  1   576 J8   318   806 J8  1041   405 J8   116  1963 11302  8.0  7.7  0.62  0.07   0.21  -3.12  -1.40  -1.28  71   613     0  6.5
  2   967 J8   417   738 J8   981   742 J8   222  3529 13675  8.6  8.4  0.74  0.09   3.24   0.38   1.94   2.09  74   479     0  7.0
  3  1971 J8   714  1342 J8  1191  1400 J8   349  5934 16403  8.4  7.8  0.67  0.12   2.69  -0.19   1.28   1.54  73   529     0  5.6
  4  2823 J8   990  1746 J8  1783  1910 J8   358  8546 19059  8.5  8.0  0.79  0.14   3.51   0.45   2.08   2.36  73   490     0  4.6
  5  2877 J8   891   791 J8  1149  2395 J8   409 10602 21314  9.4  9.2  0.95  0.15   5.68   2.74   4.03   4.30  74   438     0  3.9
  6  3900 J8  1238  1868 J8  1675  2697 J8   288 11509 22440  8.4  8.1  1.48  0.14   9.59   5.78   7.58   7.88  72   319     0  4.1
  7  3248 J8  1256  1254 J8  1997  2466 J8   408 10953 21686  8.9  8.8  2.43  0.12  12.20   8.13   9.94  10.29  76   253     0  3.7
  8  2958 J8  1010  1616 J8  1657  2004 J8   303  9133 19545  8.5  8.2  2.20  0.09  13.75   9.25  11.37  11.75  78   212     0  3.1
  9  2422 J8   899  1964 J8  1767  1530 J8   263  6664 16996  7.4  7.1  1.42  0.06  11.03   6.53   8.71   9.32  70   286     0  4.6
 10  1462 J8   503  1409 J8  1415   981 J8   225  4168 14330  8.4  7.8  1.00  0.04   7.78   4.45   6.28   6.65  67   379     0  6.1
 11   748 J8   365   968 J8  1298   527 J8   165  2307 11829  8.0  7.6  0.87  0.04   5.82   2.12   4.00   4.20  68   431     0  6.6
 12   510 J8   178   906 J8   967   354 J8    71  1541 10467  7.8  7.5  0.77  0.04   3.74   0.91   2.44   2.69  71   496     0  5.2
 13  2038 J8  1163  1284 J8   443  1451 J8   846  6404 16587  8.4  8.0  1.16  0.09   6.60   3.12   4.85   5.15  72  4927     0  5.1
 2001
  1   547 J8   260   678 J8   813   412 J8   122  1989 11350  8.5  8.1  0.64  0.07   2.95  -0.82   1.15   1.40  67   535     0  6.2
  2  1075 J8   499  1063 J8  1340   756 J8   209  3545 13696  7.9  7.7  0.67  0.09   2.96  -0.55   1.28   1.60  68   479     0  5.1
  3  2018 J8   878  1561 J8  1583  1344 J8   349  5916 16390  7.3  7.2  0.66  0.12   1.28  -2.26  -0.41  -0.06  70   583     0  5.3
  4  2843 J8  1328  1630 J8  2189  1941 J8   426  8530 19048  8.4  7.8  0.86  0.14   4.69   1.51   3.16   3.36  75   457     0  5.1
  5  3448 J8  1326  1437 J8  1609  2578 J8   478 10593 21304  9.1  8.6  0.85  0.15   5.49   1.61   3.37   3.70  69   458     0  4.4
  6  4553 J8  1798  3128 J8  2990  2556 J8   423 11509 22442  7.5  7.1  1.63  0.14  10.11   5.95   7.94   8.20  76   309     0  3.8
  7  3367 J8  1630  1524 J8  1932  2325 J8   492 10962 21693  9.1  8.8  2.74  0.12  12.32   7.58   9.81  10.12  81   260     0  3.4
  8  2836 J8  1185  1601 J8  2089  1952 J8   289  9148 19564  8.6  8.4  2.31  0.09  14.00   9.75  11.76  12.12  79   201     1  3.1
  9  2115 J8   840  1200 J8  1361  1587 J8   390  6682 17010  8.4  8.2  1.53  0.06  11.46   7.51   9.33   9.92  77   265     0  4.6
 10  1441 J8   685  1327 J8  1484   984 J8   297  4184 14345  8.1  7.8  1.05  0.04   6.92   3.19   5.22   5.54  70   411     0  4.8
 11   796 J8   293  1047 J8  1008   568 J8   148  2318 11842  6.9  6.7  0.83  0.04   6.33   2.46   4.47   4.84  71   418     0  5.5
 12   461 J8   165   698 J8   824   343 J8    61  1542 10465  8.4  8.2  0.62  0.04   3.62  -0.16   1.62   1.48  70   515     0  6.1
 13  2125 J8  1308  1408 J8   634  1445 J8   829  6410 16596  8.2  7.9  1.20  0.09   6.84   2.98   4.89   5.18  73  4893     1  4.8
 2002
  1   604 J8   290   761 J8   934   439 J8   114  1981 11331  8.3  8.0  0.86  0.07   1.17  -3.02  -1.02  -1.04  71   597     0  6.4
  2  1141 J8   493  1014 J8  1187   824 J8   247  3528 13679  8.1  7.8  0.54  0.09  -0.11  -4.70  -2.10  -1.72  70   581     0  5.4
  3  2368 J8  1029  2416 J8  2196  1324 J8   320  5894 16365  6.5  6.3  0.81  0.12   2.96  -0.50   1.21   1.55  73   530     0  5.0
  4  3122 J8  1603  2283 J8  2865  1848 J8   404  8510 19025  8.0  7.7  0.90  0.14   5.22   1.80   3.48   3.84  72   445     0  5.5
  5  4319 J8  1286  2912 J8  2568  2571 J8   548 10579 21287  7.8  7.3  1.32  0.15   8.57   4.54   6.56   6.96  75   365     0  4.7
  6  3702 J8  1425  1504 J8  1613  2752 J8   554 11507 22441  8.9  8.5  1.51  0.14   9.87   6.38   7.97   8.22  81   306     0  4.6
  7  3566 J8  1609  1784 J8  2585  2459 J8   478 10972 21708  8.6  8.2  1.58  0.12  11.63   8.23   9.76  10.05  82   260     0  3.2
  8  2570 J8   917   976 J8  1282  2027 J8   272  9167 19582  9.2  9.0  1.91  0.09  12.97   9.55  11.10  11.46  82   219     0  3.6
  9  2082 J8   751  1208 J8  1355  1584 J8   308  6703 17032  8.5  8.3  1.42  0.06  11.50   8.19   9.82  10.24  74   254     0  5.2
 10  1314 J8   618  1073 J8  1389   955 J8   224  4203 14366  8.3  7.7  1.25  0.04   8.26   4.88   6.60   7.04  81   365     0  4.9
 11   739 J8   291   929 J8  1199   531 J8   154  2329 11864  8.3  7.9  0.88  0.04   5.33   2.02   3.91   4.17  79   440     0  4.7
 12   559 J8   166  1189 J8  1107   360 J8    81  1544 10468  6.0  5.8  0.71  0.04   3.19  -0.10   1.72   2.08  75   520     0  3.5
 13  2174 J8  1311  1504 J8   692  1473 J8   862  6410 16596  8.0  7.7  1.14  0.09   6.71   3.11   4.92   5.24  76  4882     0  4.7
 2003
  1   443 J8   142   256 J8   410   396 J8   100  1972 11319  9.2  9.0  0.82  0.07   3.58   1.30   2.49   2.50  82   493     0  6.2
  2   882 J8   406   647 J8  1023   689 J8   215  3511 13651  8.8  8.8  0.84  0.09   3.44   0.94   2.28   2.60  82   452     0  4.9
  3  1729 J8   933  1016 J8  1924  1273 J8   249  5872 16341  8.6  8.4  0.58  0.12   2.21  -0.44   0.90   1.19  66   541     0  6.0
  4  2703 J8   889  1415 J8  1294  1954 J8   339  8489 19001  8.4  8.1  0.97  0.14   5.77   2.40   4.17   4.47  70   427     0  5.9
  5  3244 J8  1147  1477 J8  1611  2378 J8   398 10565 21271  8.3  8.2  1.17  0.15   7.44   4.06   5.74   6.01  75   390     0  5.1
  6  3340 J8  1237  1322 J8  2019  2521 J8   360 11505 22436  9.0  8.8  1.57  0.14  10.20   7.15   8.58   8.79  76   290     0  4.8
  7  3185 J8  1502  1469 J8  2064  2297 J8   492 10982 21724  8.7  8.5  2.06  0.12  12.39   8.73  10.35  10.60  84   241     0  3.6
  8  2801 J8  1015  1309 J8  1583  2070 J8   427  9185 19606  8.8  8.6  2.04  0.09  14.00  10.32  12.04  12.37  78   191     0  4.3
  9  1912 J8   644   877 J8  1323  1529 J8   288  6725 17056  9.0  8.8  1.40  0.06  11.21   8.05   9.61  10.02  81   261     0  3.8
 10  1450 J8   589  1285 J8  1401  1012 J8   260  4222 14392  8.6  7.9  0.98  0.04   7.77   5.23   6.61   6.88  75   367     0  6.6
 11   785 J8   278  1021 J8   875   562 J8   140  2340 11880  6.9  6.7  1.00  0.04   6.90   3.53   5.19   5.34  67   393     0  6.2
 12   476 J8   152   678 J8   692   360 J8    75  1545 10474  7.7  7.5  0.68  0.04   3.82   0.49   2.08   2.52  73   501     0  5.2
 13  1912 J8  1114  1064 J8   387  1420 J8   812  6409 16596  8.5  8.3  1.18  0.09   7.39   4.31   5.84   6.11  76  4547     0  5.2
 2004
  1   638 J8   248  1005 J8  1277   440 J8   131  1964 11304  6.8  6.7  0.63  0.07   2.42  -0.79   0.90   1.25  71   543     0  4.6
  2  1213 J8   564  1318 J8  1442   802 J8   252  3531 13677  7.5  6.9  0.79  0.09   3.54   0.52   2.02   2.39  79   473     0  4.9
  3  2186 J8   727  1837 J8  1646  1401 J8   298  5937 16406  7.0  6.8  0.58  0.12   2.77  -0.81   0.95   1.38  72   538     0  5.2
  4  2732 J8  1240  1583 J8  1932  1848 J8   337  8549 19064  8.5  8.1  0.81  0.14   4.48   0.93   2.65   3.01  75   469     0  5.2
  5  3420 J8  1265  1650 J8  1877  2453 J8   386 10603 21317  8.2  8.1  1.43  0.15   9.29   5.13   7.01   7.42  77   345     0  4.6
  6  3328 J8  1182  1094 J8  1265  2603 J8   499 11509 22438  9.6  9.2  1.35  0.14  10.10   7.00   8.32   8.55  82   293     0  4.0
  7  3266 J8  1593  1496 J8  2320  2311 J8   443 10952 21685  8.9  8.7  1.95  0.12  13.16   9.00  10.74  11.08  86   225     0  3.1
  8  2821 J8  1014  1198 J8  1374  2116 J8   365  9131 19544  9.2  8.8  2.36  0.09  15.10  10.56  12.59  13.05  84   171     0  3.7
  9  1977 J8   646  1087 J8  1177  1519 J8   259  6661 16992  8.7  8.4  1.53  0.06  12.14   8.36  10.13  10.54  79   242     0  3.9
 10  1501 J8   408  1454 J8  1139  1047 J8   230  4165 14326  7.6  7.2  1.07  0.04   8.84   5.03   6.92   7.34  71   353     0  6.3
 11   753 J8   293  1087 J8  1099   520 J8   125  2306 11827  8.0  7.4  0.81  0.04   5.23   1.27   3.33   3.53  73   452     0  6.0
 12   468 J8   185   781 J8   911   334 J8    66  1541 10467  8.1  7.7  0.77  0.04   3.45   0.32   1.93   2.04  73   510     0  5.7
 13  2025 J8  1097  1299 J8   309  1449 J8   820  6404 16587  8.2  7.8  1.17  0.09   7.54   3.88   5.62   5.97  77  4613     0  4.8
 2005
  1   612 J8   257  1043 J8  1448   417 J8   132  1990 11352  7.6  7.4  0.90  0.07   4.62   1.74   3.16   3.52  79   470     0  4.1
  2  1096 J8   446   939 J8  1074   806 J8   232  3548 13699  8.5  8.2  0.74  0.09   3.86   0.54   2.10   2.49  74   452     0  5.1
  3  1668 J8   723   931 J8  1265  1273 J8   295  5918 16392  8.6  8.4  0.78  0.12   4.06   0.77   2.23   2.53  75   493     0  5.0
  4  2525 J8  1025  1171 J8  1494  1901 J8   362  8533 19050  8.9  8.6  0.85  0.14   4.34   0.89   2.57   2.90  75   471     0  5.3
  5  2977 J8  1333  1069 J8  1909  2304 J8   530 10594 21305  9.2  8.8  1.10  0.15   7.13   4.26   5.56   5.80  79   392     0  5.0
  6  3221 J8  1350  1234 J8  2053  2439 J8   363 11509 22442  8.9  8.8  1.60  0.14  10.23   6.80   8.32   8.59  82   294     0  3.6
  7  3423 J8  1654  1538 J8  2230  2448 J8   537 10960 21693  9.0  8.7  1.79  0.12  12.57   8.85  10.53  10.84  82   236     0  3.4
  8  3202 J8   844  1692 J8  1413  2274 J8   364  9146 19562  8.5  8.2  2.01  0.09  14.06  10.11  12.04  12.41  79   194     0  4.3
  9  2378 J8   700  1721 J8  1723  1623 J8   337  6679 17006  8.4  8.3  1.63  0.06  13.01   8.99  10.84  11.20  71   220     0  6.2
 10  1341 J8   567  1047 J8  1278   996 J8   315  4182 14342  8.5  8.2  1.00  0.04   8.05   4.77   6.42   6.77  66   370     0  6.2
 11   803 J8   242  1031 J8  1059   578 J8   136  2316 11838  7.9  7.5  0.68  0.04   3.33  -0.27   1.82   2.22  63   504     0  5.5
 12   509 J8   154   837 J8   877   365 J8    66  1542 10466  8.5  8.2  0.87  0.04   4.13   1.13   2.61   3.00  78   487     0  3.9
 13  1979 J8  1099  1188 J8   301  1452 J8   813  6410 16596  8.5  8.3  1.16  0.09   7.45   4.05   5.68   6.02  75  4582     0  4.8
 2006
  1   519 J8   180   409 J8   487   441 J8   113  1982 11336  9.2  9.0  0.56  0.07  -0.08  -3.39  -1.64  -1.36  77   622     0  4.9
  2  1115 J8   453  1002 J8  1184   801 J8   176  3530 13683  7.7  7.5  0.65  0.09   3.18  -1.31   1.02   1.60  64   487     0  5.9
  3  2043 J8   727  1482 J8  1473  1405 J8   274  5896 16368  8.0  7.6  0.88  0.12   4.71   0.63   2.74   3.19  71   485     0  5.3
  4  2817 J8   999  1579 J8  1771  2000 J8   334  8512 19029  8.6  8.1  0.79  0.14   4.23   0.00   2.13   2.49  69   486     0  6.7
  5  4580 J8  1859  3404 J8  3232  2426 J8   443 10581 21290  7.1  6.6  0.93  0.15   7.52   2.87   4.93   5.39  73   407     0  4.2
  6  3719 J8  1816  2008 J8  2925  2463 J8   500 11507 22441  8.4  8.1  1.33  0.14  10.13   6.00   7.92   8.26  80   308     0  3.3
  7  4004 J8  1585  2464 J8  2819  2485 J8   508 10970 21706  8.2  7.9  2.07  0.12  13.94   8.97  11.08  11.57  63   213     0  4.6
  8  3018 J8   953  1491 J8  1490  2197 J8   435  9164 19579  8.7  8.4  2.16  0.09  14.10   9.65  11.47  11.85  69   200     0  4.3
  9  2175 J8   782  1283 J8  1440  1584 J8   288  6700 17030  8.6  8.2  1.39  0.06  10.74   7.10   8.79   9.23  77   282     0  5.0
 10  1368 J8   499  1076 J8  1283  1010 J8   235  4200 14364  8.5  8.1  0.97  0.04   7.81   4.84   6.38   6.76  72   372     0  5.7
 11   781 J8   260   731 J8   713   617 J8   175  2327 11859  8.8  8.5  0.78  0.04   5.03   2.16   3.72   3.98  73   442     0  6.3
 12   511 J8   181   994 J8  1124   348 J8    76  1543 10467  8.2  7.6  0.58  0.04   1.78  -1.39   0.32   0.35  71   562     0  5.4
 13  2221 J8  1410  1494 J8   816  1481 J8   823  6410 16596  8.3  8.0  1.09  0.09   6.92   3.01   4.90   5.28  72  4868     0  5.1
 2007
  1   558 J8   174   618 J8   644   443 J8    94  1973 11320  8.3  7.9  0.63  0.07   1.58  -1.77   0.01   0.08  71   571     0  5.9
  2   991 J8   438   699 J8   913   776 J8   213  3513 13654  8.9  8.5  0.90  0.09   3.89   1.49   2.68   2.88  75   438     0  6.0
  3  1932 J8   686  1272 J8  1413  1384 J8   305  5875 16345  8.5  8.3  0.50  0.12   0.04  -3.55  -1.74  -1.45  69   623     0  6.0
  4  2586 J8  1083  1098 J8  1473  1986 J8   491  8492 19005  9.2  8.7  0.87  0.14   4.17   1.00   2.38   2.67  79   472     0  5.1
  5  3161 J8  1097  1044 J8  1271  2561 J8   475 10567 21273  9.5  8.9  1.13  0.15   5.74   2.65   4.03   4.33  82   438     0  5.1
  6  4244 J8  1462  2282 J8  2175  2804 J8   401 11505 22436  8.5  8.0  1.46  0.14   9.97   6.00   7.73   8.06  80   310     0  4.3
  7  3953 J8  1409  2182 J8  2176  2474 J8   403 10980 21722  8.7  8.4  1.68  0.12  12.03   7.87   9.63  10.02  83   260     0  2.6
  8  3172 J8  1101  1744 J8  1788  2188 J8   400  9183 19603  8.5  8.3  2.22  0.09  14.98   9.98  12.19  12.73  80   185     4  2.9
  9  2273 J8   567  1403 J8  1328  1658 J8   307  6722 17053  8.5  8.1  1.46  0.06  12.27   8.43  10.22  10.67  70   239     0  5.6
 10  1513 J8   425  1283 J8   991  1096 J8   239  4219 14389  8.4  7.9  0.99  0.04   7.45   3.77   5.52   6.01  70   394     0  5.6
 11   703 J8   345   631 J8   988   553 J8   159  2339 11879  8.9  8.8  0.80  0.04   4.70   1.35   3.14   3.41  69   459     0  6.3
 12   437 J8   152   512 J8   626   347 J8    64  1545 10474  8.7  8.4  0.65  0.04   2.42  -1.03   0.89   1.13  68   547     0  5.1
 13  2127 J8  1323  1231 J8   595  1523 J8   882  6409 16596  8.7  8.4  1.11  0.09   6.60   3.02   4.72   5.04  74  4937     4  5.0
 2008
  1   544 J8   199   535 J8   705   440 J8   127  1965 11308  8.5  8.2  0.69  0.07   1.87  -1.92   0.17   0.51  66   569     0  5.9
  2   938 J8   441   496 J8   755   782 J8   227  3533 13682  9.3  9.1  0.60  0.09   0.79  -2.31  -0.69  -0.47  72   554     0  5.3
  3  1707 J8   553   683 J8   914  1415 J8   347  5940 16411  8.9  8.8  0.64  0.12   1.10  -3.00  -0.94  -0.65  70   598     0  5.7
  4  2642 J8  1145  1368 J8  1939  1900 J8   258  8552 19065  8.7  8.4  0.95  0.14   4.84   1.03   2.70   2.96  73   462     0  5.2
  5  3030 J8  1109  1096 J8  1543  2401 J8   380 10605 21317  9.1  8.8  1.04  0.15   5.87   2.19   4.02   4.47  77   443     0  4.5
  6  3128 J8  1337   941 J8  1614  2481 J8   372 11510 22439  9.4  9.2  1.52  0.14   9.90   6.30   7.74   8.08  80   307     0  3.3
  7  3715 J8  1479  2082 J8  2214  2404 J8   405 10950 21682  8.5  8.2  1.87  0.12  12.19   7.39   9.44   9.83  83   265     0  3.0
  8  2471 J8   862   831 J8  1070  1998 J8   387  9128 19542  9.5  9.3  1.55  0.09  11.81   8.15   9.75  10.17  83   259     0  3.0
  9  2043 J8   659  1164 J8  1354  1536 J8   230  6658 16991  8.9  8.6  1.29  0.06  11.13   7.63   9.08   9.60  80   268     0  3.6
 10  1527 J8   494  1430 J8  1325  1047 J8   257  4163 14321  8.1  7.8  0.88  0.04   7.23   3.19   5.15   5.63  72   407     0  5.2
 11   811 J8   342  1164 J8  1248   537 J8   173  2305 11826  8.3  8.1  0.64  0.04   3.33  -0.10   1.54   1.83  71   501     0  5.0
 12   407 J8   118   387 J8   574   344 J8    52  1541 10465  8.9  8.6  0.87  0.04   4.23   0.96   2.52   2.66  72   488     0  5.9
 13  1914 J8  1101  1015 J8   480  1441 J8   802  6404 16587  8.8  8.6  1.04  0.09   6.19   2.46   4.21   4.55  75  5120     0  4.6
 2009
  1   513 J8   253   467 J8   711   414 J8   140  1991 11354  8.9  8.8  0.69  0.07   1.40  -2.09  -0.30  -0.07  73   579     0  4.7
  2  1158 J8   518  1065 J8  1218   822 J8   233  3550 13703  8.0  7.7  0.85  0.09   3.53   0.30   1.95   2.32  73   460     0  6.0
  3  1846 J8   763  1130 J8  1319  1367 J8   271  5921 16396  8.6  8.4  0.73  0.12   1.93  -2.01   0.10   0.47  72   569     0  6.2
  4  2633 J8  1092  1356 J8  1709  1949 J8   398  8536 19054  8.5  8.3  0.81  0.14   3.57   0.12   1.90   2.14  73   495     0  5.7
  5  4046 J8  1804  2747 J8  3062  2367 J8   514 10596 21306  7.7  7.1  1.10  0.15   6.65   2.65   4.52   4.94  78   424     0  3.7
  6  3410 J8  1176  1095 J8  1485  2732 J8   446 11510 22442  9.2  8.9  1.44  0.14  10.21   6.27   8.14   8.47  77   303     0  3.7
  7  3323 J8  1230  1424 J8  1888  2443 J8   390 10959 21690  9.1  8.7  1.91  0.12  12.53   8.47  10.19  10.43  83   243     0  4.3
  8  2806 J8  1082  1317 J8  1772  2076 J8   406  9143 19558  8.9  8.6  1.64  0.09  11.64   8.45   9.94  10.29  83   257     0  4.0
  9  1968 J8   846   941 J8  1484  1526 J8   283  6676 17003  9.1  8.5  1.26  0.06   9.85   6.57   8.38   8.72  78   304     0  6.2
 10  1365 J8   438  1096 J8  1134   997 J8   255  4179 14340  8.8  8.6  0.93  0.04   7.26   4.50   5.97   6.35  78   386     0  5.1
 11   789 J8   234   803 J8   737   608 J8   138  2315 11837  8.4  8.1  0.73  0.04   4.30   0.06   2.43   2.67  73   484     0  6.9
 12   434 J8   150   492 J8   701   350 J8    69  1542 10467  8.9  8.6  0.87  0.04   4.18   1.66   2.99   3.09  82   478     0  6.6
 13  2024 J8  1215  1161 J8   586  1471 J8   837  6410 16596  8.7  8.4  1.08  0.09   6.42   2.91   4.68   4.99  77  4980     0  5.3
 2010
  1   502 J8   183   354 J8   501   430 J8   107  1983 11339  9.5  9.3  0.70  0.07   2.79   0.11   1.41   1.49  81   523     0  6.2
  2   985 J8   438   751 J8  1133   761 J8   169  3533 13686  8.7  8.4  0.55  0.09   1.25  -1.88  -0.25   0.11  79   522     0  3.9
  3  1838 J8   817  1273 J8  1571  1301 J8   331  5899 16371  7.9  7.7  0.49  0.12   0.32  -3.91  -1.72  -1.31  79   624     0  5.8
  4  2678 J8   906  1283 J8  1368  2001 J8   303  8515 19031  8.7  8.4  0.67  0.14   3.12  -0.05   1.66   1.88  75   504     0  5.7
  5  3719 J8  1498  2344 J8  2684  2305 J8   409 10582 21293  8.4  8.0  0.92  0.15   6.20   2.97   4.47   4.78  81   426     0  4.5
  6  3760 J8  1552  1879 J8  2294  2604 J8   407 11507 22441  8.8  8.4  1.44  0.14   9.45   6.03   7.64   7.85  82   318     0  4.9
  7  3349 J8  1483  1591 J8  2406  2369 J8   387 10969 21705  8.7  8.4  1.87  0.12  11.64   8.19   9.72  10.00  84   261     0  3.6
  8  2829 J8   962  1413 J8  1545  2073 J8   396  9162 19576  8.6  8.4  2.07  0.09  13.45   9.31  11.23  11.52  84   216     0  3.6
  9  2171 J8   811  1199 J8  1518  1611 J8   320  6697 17028  9.0  8.6  1.68  0.06  12.47   9.35  10.91  11.22  80   223     0  5.8
 10  1421 J8   454  1294 J8  1233   993 J8   241  4198 14359  8.3  8.0  0.94  0.04   7.30   4.25   5.83   6.04  75   389     0  6.2
 11   728 J8   279   826 J8   874   551 J8   154  2326 11857  7.9  7.5  0.89  0.04   5.16   2.17   3.74   4.11  77   440     0  4.8
 12   416 J8   137   422 J8   605   343 J8    68  1543 10467  8.8  8.4  0.69  0.04   3.71   0.12   1.87   1.98  74   509     0  8.0
 13  2033 J8  1236  1219 J8   576  1445 J8   820  6410 16596  8.6  8.3  1.08  0.09   6.41   3.05   4.71   4.97  79  4954     0  5.3
