702190 BETHEL AIRPORT         AK  -9  N60 47  W161 50    38  1008
 1991-2010
 MO AVGLO FL SDGLO AVDIR FL SDDIR AVDIF FL SDDIF AVETR AETRN  TOT  OPQ   H2O   TAU  MAX_T  MIN_T  AVG_T  AVGDT  RH  HTDD  CLDD AVWS
  1   348 J7    34   910 J8   308   243 J7    17   930  9279  6.2  5.3  0.58  0.06 -11.64 -17.60 -14.51 -14.15  79  1021     0  6.3
  2   979 J7    98  1524 J7   593   647 J7    55  2367 12643  6.7  5.7  0.63  0.08  -7.28 -14.23 -10.59  -9.83  80   822     0  5.9
  3  2364 J7   273  3111 J7  1035  1269 J7   120  4824 16294  5.9  5.0  0.57  0.11  -6.10 -13.88  -9.89  -8.86  77   878     0  5.8
  4  3766 J7   373  3274 J7   846  2240 J7   141  7756 19888  7.0  5.9  0.77  0.12   1.86  -6.04  -2.04  -1.05  79   613     0  5.3
  5  4586 J7   447  3494 J7  1028  2705 J7   158 10237 23149  7.5  6.4  1.12  0.13  10.39   1.11   5.82   6.78  72   390     0  4.8
  6  4796 J7   361  3569 J7   697  2796 J7   168 11410 25016  8.0  6.7  1.66  0.12  15.96   7.00  11.62  12.26  73   206     1  4.4
  7  4030 J7   349  2586 J7   646  2613 J7   103 10739 23863  8.5  7.5  2.07  0.10  17.14   9.54  13.28  13.89  79   156     1  4.3
  8  2836 J7   375  1809 J7   704  1969 J7    81  8542 20736  8.7  8.0  2.01  0.08  15.28   8.61  11.85  12.66  84   199     1  4.7
  9  2060 J7   193  1881 J7   571  1363 J7    64  5716 17256  8.1  7.3  1.47  0.06  11.07   4.24   7.52   8.67  84   320     0  4.7
 10  1109 J7   113  1656 J7   487   686 J7    43  3053 13668  7.5  6.6  0.91  0.04   2.20  -3.76  -0.79   0.27  84   592     0  5.0
 11   484 J7    54  1047 J8   429   338 J7    20  1243 10131  7.0  6.2  0.71  0.04  -4.83 -10.90  -7.73  -7.20  84   786     0  5.4
 12   194 J7    23   641 J8   315   145 J7     9   573  7982  6.7  5.9  0.60  0.05  -9.65 -16.46 -12.94 -12.59  81   973     0  5.5
 13  2296 J7   108  2125 J7   271  1418 J7    39  5616 16659  7.3  6.4  1.09  0.08   2.87  -4.36  -0.70   0.07  80  6956     2  5.2
 1991
  1   340 I5   162  1080 I7  1164   218 I5    86   924  9260  6.0  5.0  0.68  0.05 -10.02 -15.83 -12.72 -12.09  78   969     0  8.1
  2   971 I5   467  1996 I6  2059   557 I5   241  2344 12603  6.0  5.3  0.62  0.07 -11.31 -17.45 -14.29 -13.61  76   916     0  6.6
  3  1785 I5   974  1792 I6  2468  1145 I5   371  4782 16239  7.7  7.1  0.76  0.09  -4.12 -12.05  -7.78  -6.98  87   819     0  6.4
  4  4352 I5  1018  4533 I6  3061  2221 I5   802  7713 19832  6.5  5.4  0.75  0.11   2.47  -4.86  -1.27  -0.32  79   586     0  5.0
  5  4764 I5  1623  4102 I6  3572  2583 I5   544 10207 23105  7.2  6.1  1.07  0.12  11.05   1.81   6.65   7.66  70   369     0  5.4
  6  4998 I5  1634  4070 I6  2761  2625 I5   395 11406 25009  8.0  6.5  1.72  0.11  16.28   7.41  11.86  12.52  72   195     1  5.3
  7  4677 I5  1562  3796 I6  2865  2545 I5   417 10762 23897  7.9  6.5  1.85  0.10  18.38   9.55  13.99  14.74  77   136     0  5.0
  8  3109 I5  1208  2367 I6  2691  1944 I5   382  8582 20792  7.9  7.1  1.87  0.11  16.01   7.90  12.03  13.11  81   198     0  4.0
  9  1864 I5   775  1175 I6  1264  1387 I5   297  5760 17310  8.7  7.7  1.61  0.11  13.40   5.70   9.46  10.80  82   263     0  5.3
 10   965 I5   483   945 I6  1194   697 I5   241  3087 13720  8.1  7.4  1.06  0.13   4.70  -0.49   2.01   3.03  83   503     0  6.1
 11   500 I5   222  1005 I6   983   341 I5   140  1261 10180  4.1  3.6  0.73  0.15  -7.33 -13.32 -10.29  -9.46  74   860     0  7.5
 12   154 I5    47   146 I7   262   142 I5    37   575  7989  7.9  7.0  0.56  0.17 -12.43 -20.95 -16.19 -15.62  84  1086     0  6.4
 13  2373 I5  1895  2251 I6  1503  1367 I5   979  5617 16661  7.2  6.2  1.11  0.11   3.09  -4.38  -0.55   0.32  79  6898     1  5.9
 1992
  1   324 I5   160   440 I7   710   259 I5    82   917  9239  5.5  4.5  0.54  0.21 -11.48 -18.30 -14.86 -14.62  82  1030     0  6.3
  2   885 I5   438   760 I6   936   692 I5   297  2364 12634  5.4  4.6  0.52  0.25 -14.64 -21.20 -17.66 -16.94  78  1051     0  5.8
  3  2183 I5   893  1938 I6  2072  1441 I5   401  4852 16328  6.1  5.1  0.53  0.28  -7.77 -16.49 -12.09 -11.15  82   944     0  5.6
  4  3937 I5  1490  2964 I6  2467  2425 I5   705  7783 19920  6.2  5.1  0.69  0.30   0.54  -7.41  -3.29  -2.34  80   653     0  5.0
  5  5075 I5  1944  4081 I6  3260  2714 I5   699 10255 23173  5.2  4.4  0.95  0.29   7.71  -3.05   2.38   3.39  73   496     0  5.9
  6  4734 I5  1184  2550 I6  1482  3250 I5   482 11412 25019  8.0  6.5  1.58  0.26  16.06   6.37  11.30  11.99  72   214     0  4.7
  7  3921 I5  1325  1964 I6  1805  2766 I5   403 10724 23839  8.3  7.2  2.04  0.23  18.30   9.54  13.93  14.70  79   137     0  3.4
  8  2446 I5  1107   937 I6  1471  1943 I5   462  8517 20705  9.5  9.0  1.96  0.19  14.42   9.04  11.61  12.19  84   205     0  4.9
  9  2011 I5   778  1745 I6  1723  1330 I5   295  5689 17226  7.6  6.7  1.08  0.15   6.21  -0.15   3.00   4.06  78   459     0  5.4
 10  1032 I5   435  1475 I6  1690   645 I5   175  3030 13633  6.5  5.6  0.79  0.13  -0.24  -5.76  -3.02  -2.05  78   661     0  6.7
 11   446 I5   259   836 I6  1054   311 I5   116  1230 10099  6.8  5.9  0.65  0.11  -4.80 -11.95  -8.30  -7.80  83   801     0  6.1
 12   156 I5    55   172 I7   234   142 I5    41   571  7976  7.6  6.7  0.65  0.11  -8.74 -16.91 -12.15 -11.62  83   966     0  5.7
 13  2263 I5  1773  1655 I6  1139  1493 I5  1104  5612 16649  6.9  5.9  1.00  0.21   1.30  -6.36  -2.43  -1.68  79  7616     0  5.4
 1993
  1   337 I5   188   665 I7   843   244 I5    93   939  9308  6.0  5.4  0.55  0.12 -13.27 -18.05 -15.46 -15.22  79  1054     0  8.1
  2   904 I5   306  1095 I6  1176   674 I5   241  2379 12668  7.0  6.3  0.73  0.13  -3.43 -10.61  -6.76  -5.96  81   710     0  6.3
  3  2168 I5   714  2168 I6  2194  1393 I5   492  4831 16304  7.2  6.4  0.68  0.14  -2.41  -9.21  -5.52  -4.65  80   748     0  6.0
  4  4036 I5  1243  3458 I6  2834  2342 I5   589  7764 19899  6.7  5.5  0.86  0.16   4.79  -1.63   1.40   2.19  81   502     0  4.8
  5  4713 I5  1503  3296 I6  2602  2847 I5   531 10243 23161  7.9  6.5  1.26  0.16  12.10   3.05   7.60   8.57  73   334     1  4.9
  6  4664 I5  1748  3328 I6  2886  2708 I5   328 11412 25019  8.2  7.0  1.45  0.15  15.83   7.75  11.80  12.36  71   196     0  4.8
  7  4296 I5  1590  3120 I6  3047  2551 I5   468 10735 23860  8.0  6.9  2.06  0.12  18.11  10.20  14.03  14.74  77   134     5  4.8
  8  2785 I5  1154  1787 I6  2258  1904 I5   384  8535 20724  8.8  8.1  2.15  0.10  15.43   9.09  12.17  12.98  85   188     0  5.8
  9  1684 I5   693  1136 I6  1837  1276 I5   332  5709 17247  8.8  8.2  1.52  0.07   9.60   4.23   6.94   7.71  86   342     0  6.4
 10   959 I5   450  1067 I6  1539   681 I5   178  3047 13661  8.5  7.6  1.00  0.06   3.91  -1.10   1.51   2.34  87   525     0  5.2
 11   401 I5   153   490 I6   793   335 I5   133  1240 10122  8.6  8.0  0.83  0.05  -1.48  -6.37  -3.73  -3.32  86   668     0  6.8
 12   182 I5    52   370 I7   418   153 I5    41   573  7978  8.0  7.2  0.70  0.05  -6.06 -11.33  -8.60  -8.49  83   838     0  6.3
 13  2261 I5  1777  1832 I6  1195  1426 I5  1016  5617 16662  7.8  6.9  1.15  0.11   4.43  -2.00   1.28   1.94  81  6240     6  5.8
 1994
  1   331 I5   129   674 I7   735   255 I5   101   932  9284  6.8  5.8  0.68  0.07 -10.80 -16.66 -13.61 -13.05  78   994     0  7.1
  2  1217 I5   539  2923 I6  2020   530 I5   171  2363 12638  3.8  3.1  0.50  0.09  -9.49 -14.23 -11.91 -11.27  73   845     0  7.9
  3  2321 I5   789  2880 I6  2413  1313 I5   452  4808 16273  5.7  4.7  0.55  0.10  -9.64 -17.53 -13.35 -12.28  77   989     0  6.7
  4  3410 I5  1351  2602 I6  2700  2196 I5   614  7740 19867  7.6  6.5  0.77  0.12   2.17  -5.36  -1.58  -0.70  82   598     0  5.4
  5  4276 I5  1374  2762 I6  2393  2758 I5   451 10226 23133  8.4  7.3  1.12  0.13  11.40   2.01   6.84   7.82  72   360     0  4.6
  6  4899 I5  1790  4026 I6  3167  2601 I5   494 11409 25015  7.7  6.2  1.63  0.12  15.61   6.93  11.37  11.98  74   212     0  4.9
  7  3604 I5  1471  1979 I6  2149  2502 I5   379 10748 23878  9.0  8.2  2.13  0.10  16.30   9.63  12.91  13.41  81   166     0  4.8
  8  2080 I5   880   647 I6  1204  1757 I5   364  8557 20755  9.6  9.4  2.13  0.08  13.45   8.95  11.10  11.55  87   221     0  6.8
  9  2096 I5   679  2061 I6  2193  1322 I5   361  5733 17275  7.9  7.0  1.42  0.05  10.75   4.04   7.20   8.34  81   328     0  5.1
 10  1172 I5   551  1726 I6  1810   708 I5   277  3066 13688  7.4  6.4  0.80  0.04   0.43  -5.37  -2.41  -1.41  77   645     0  6.0
 11   410 I5   140   891 I6  1188   309 I5   128  1250 10148  7.3  6.6  0.66  0.03  -4.33 -12.67  -8.56  -8.06  84   805     0  6.5
 12   184 I5    67   719 I7   873   129 I5    34   574  7986  6.5  6.0  0.57  0.04  -9.76 -17.41 -13.31 -13.22  77   989     0  6.3
 13  2167 I5  1591  1991 I6  1096  1365 I5   982  5617 16662  7.3  6.4  1.08  0.08   2.17  -4.81  -1.28  -0.58  79  7153     0  6.0
 1995
  1   324 I5   171   746 I7  1136   236 I5   108   925  9263  7.6  6.9  0.65  0.05  -8.94 -15.87 -12.08 -11.77  82   953     0  5.3
  2  1025 I5   484  2132 I6  2316   546 I5   211  2346 12611  5.6  5.0  0.71  0.07  -7.48 -13.83 -10.28  -9.42  77   812     0  6.2
  3  2625 I5   791  4510 I6  2567  1092 I5   442  4785 16242  3.9  3.1  0.54  0.09  -8.89 -16.27 -12.61 -11.82  72   958     0  6.2
  4  3382 I5   981  2463 I6  2260  2244 I5   447  7716 19840  7.5  6.7  0.89  0.11   2.94  -3.58  -0.36   0.44  84   559     0  5.4
  5  4339 I5  1064  2591 I6  1890  2902 I5   410 10209 23110  8.1  7.4  1.27  0.12  12.21   3.45   7.71   8.65  73   326     0  4.8
  6  5054 I5  1551  4187 I6  3281  2679 I5   581 11406 25009  7.6  6.3  1.55  0.11  15.20   6.85  11.16  11.76  74   219     0  4.0
  7  4208 I5  1467  2910 I6  2592  2557 I5   358 10760 23895  8.4  7.6  2.03  0.09  17.32   9.95  13.44  14.05  79   146     0  4.2
  8  2768 I5  1060  1570 I6  2371  2005 I5   419  8579 20789  9.0  8.5  1.95  0.07  14.40   9.26  11.70  12.37  87   201     0  4.4
  9  2233 I5   631  1889 I6  1843  1507 I5   326  5756 17305  8.4  7.6  1.72  0.05  13.51   6.46   9.73  10.99  84   250     0  4.7
 10  1241 I5   468  2116 I6  1945   713 I5   255  3085 13719  7.0  6.2  0.83  0.03   2.63  -3.41  -0.38   0.74  84   580     0  5.1
 11   618 I5   248  2298 I6  1618   303 I5   195  1260 10177  4.2  3.6  0.53  0.03  -8.07 -13.64 -10.71 -10.32  78   876     0  5.7
 12   211 I5    68   737 I7   884   150 I5    42   575  7990  6.8  5.8  0.71  0.03  -8.82 -14.53 -11.75 -11.36  79   930     0  6.3
 13  2336 I5  1671  2346 I6  1149  1411 I5  1033  5617 16662  7.0  6.2  1.11  0.07   3.00  -3.76  -0.37   0.36  79  6810     0  5.2
 1996
  1   353 I5   112   925 I7   940   260 I5   126   918  9241  6.2  5.3  0.55  0.05 -11.46 -16.27 -13.67 -13.27  76   998     0  5.9
  2   971 I5   285  1710 I6  1663   634 I5   260  2366 12639  6.0  5.4  0.53  0.07  -9.21 -17.08 -13.02 -12.20  77   913     0  6.1
  3  2550 I5   923  3554 I6  2630  1294 I5   539  4855 16331  5.4  4.6  0.65  0.09   0.75  -6.62  -2.89  -1.86  77   659     0  6.2
  4  4562 I5   821  4829 I6  2520  2286 I5   634  7786 19923  5.8  4.6  0.63  0.11   2.53  -6.23  -1.79  -0.58  68   605     0  5.3
  5  5321 I5  1687  5144 I6  3898  2535 I5   778 10257 23177  6.3  5.0  1.12  0.12  12.08   1.89   7.22   8.35  69   352     0  4.7
  6  5277 I5  1793  4719 I6  3958  2648 I5   689 11413 25018  7.3  5.9  1.49  0.11  15.09   5.92  10.55  11.21  73   235     0  5.0
  7  4669 J6  1607  3772 J7  2859  2516 J6   385 10722 23835  7.9  6.5  2.05  0.09  16.93   9.40  13.19  13.83  79   160     0  5.3
  8  3259 J6  1236  2668 J7  2662  1938 J6   453  8514 20699  8.2  7.3  1.79  0.07  13.98   7.56  10.60  11.37  85   234     0  5.7
  9  2199 J5   854  2113 J6  2097  1359 J5   383  5686 17222  7.8  7.0  1.15  0.05   9.17   1.75   5.22   6.56  79   386     0  5.1
 10  1233 J5   659  2313 J6  2465   637 J5   276  3028 13631  6.0  5.5  0.70  0.03  -0.14  -6.94  -3.55  -2.42  76   678     0  5.8
 11   472 J5   180   922 J6   958   354 J5   137  1229 10097  7.6  6.3  0.87  0.03  -2.30  -7.77  -4.87  -4.36  82   701     0  6.0
 12   186 J5    63   599 J7   791   142 J5    46   571  7976  6.0  5.5  0.44  0.03 -11.26 -18.67 -14.76 -14.20  76  1032     0  5.3
 13  2588 J5  1982  2772 J7  1612  1383 J5   969  5612 16649  6.7  5.7  1.00  0.07   3.01  -4.42  -0.65   0.20  76  6953     0  5.5
 1997
  1   367 J5   178  1097 J7  1164   242 J5   113   940  9312  6.1  5.3  0.59  0.05 -12.75 -18.37 -15.36 -14.97  73  1051     0  6.3
  2   986 J5   426  1288 J6  1268   692 J5   247  2382 12671  7.3  6.0  0.70  0.07  -4.40 -11.61  -7.87  -7.11  81   737     0  5.7
  3  2853 J5  1057  4941 J6  2975  1045 J5   379  4834 16309  3.1  2.6  0.38  0.09  -8.97 -17.35 -13.15 -11.88  70   976     0  6.5
  4  4122 J5  1594  4526 J6  4066  2013 J5   726  7767 19902  6.0  4.9  0.76  0.11   5.90  -3.94   0.81   2.34  70   521     0  4.9
  5  5038 J5  1799  4482 J6  3412  2522 J5   533 10245 23162  6.7  5.5  1.02  0.12  12.99   1.80   7.66   8.84  69   339     0  5.6
  6  4821 J5  1855  3744 J6  3489  2639 J5   524 11412 25020  7.8  6.8  1.55  0.11  17.97   7.74  12.90  13.64  71   164     0  4.2
  7  4107 J5  1415  2539 J6  2322  2664 J5   347 10734 23857  8.5  7.7  2.12  0.09  19.06  10.59  14.74  15.44  76   113     4  3.9
  8  2426 J5  1053   944 J6  1619  1949 J5   422  8532 20721  9.5  8.9  2.20  0.07  16.02  10.23  13.00  13.64  88   161     0  5.5
  9  2026 J5   624  1726 J6  1893  1387 J5   361  5706 17242  8.2  7.3  1.67  0.05  12.68   5.70   8.93  10.15  88   274     0  4.5
 10  1344 J5   451  2921 J6  1839   606 J5   264  3045 13651  5.2  4.5  0.60  0.03  -0.59  -8.01  -4.39  -2.89  80   702     0  5.4
 11   459 J5   228   743 J7  1150   348 J5   140  1239 10120  7.7  6.7  0.66  0.03  -2.70  -8.73  -5.24  -4.50  91   721     0  5.3
 12   200 J5    69   833 J7   922   137 J5    50   572  7978  6.0  4.9  0.39  0.03 -13.89 -21.88 -17.65 -17.13  83  1123     0  4.8
 13  2396 J5  1781  2482 J6  1596  1354 J5   970  5617 16662  6.8  5.9  1.05  0.07   3.44  -4.49  -0.47   0.46  78  6882     4  5.2
 1998
  1   330 J5   131   759 J7   804   249 J5    98   933  9288  6.7  5.8  0.56  0.05 -14.40 -20.22 -17.26 -17.13  80  1105     0  6.5
  2   955 J5   420  1483 J6  1436   619 J5   164  2365 12640  6.5  5.8  0.62  0.07  -8.91 -15.68 -12.38 -11.60  82   857     0  6.2
  3  1941 J5   782  1361 J6  1531  1428 J5   352  4811 16279  9.1  7.9  0.80  0.09   1.24  -6.04  -2.48  -1.52  82   643     0  5.1
  4  3369 J5  1519  2252 J6  2661  2317 J5   558  7743 19869  8.4  7.0  0.73  0.11   3.40  -4.23  -0.40   0.67  81   562     0  6.0
  5  3589 J5  1368  1620 J6  1752  2711 J5   531 10228 23137  9.5  8.4  1.03  0.12   7.68   0.65   4.04   4.65  85   439     0  5.6
  6  4608 J5  1396  2998 J6  2205  2883 J5   396 11409 25015  8.6  7.4  1.51  0.11  14.79   5.86  10.58  11.30  75   240     0  4.6
  7  3837 J5  1388  2050 J6  2277  2704 J5   517 10746 23874  8.9  8.1  2.03  0.09  17.92   9.69  13.87  14.61  82   140     0  3.3
  8  2651 J5  1018  1179 J6  1420  2064 J5   443  8554 20753  9.2  8.6  1.75  0.07  12.47   6.47   9.29   9.96  86   275     0  5.7
  9  1798 J5   647  1295 J6  1670  1321 J5   271  5730 17269  8.7  8.0  1.32  0.05  10.32   4.44   7.04   7.97  88   328     0  4.6
 10  1239 J5   692  2068 J6  2314   664 J5   213  3064 13684  6.9  6.2  0.76  0.03   2.54  -3.32  -0.42   0.64  89   580     0  4.7
 11   439 J8   237   807 J8  1092   327 J8   116  1249 10143  8.0  7.1  0.72  0.03  -3.80  -9.69  -6.62  -6.31  89   752     0  3.7
 12   226 J8    60  1300 J8   935   130 J8    44   574  7985  4.5  4.1  0.45  0.03 -12.61 -19.12 -15.90 -15.81  82  1060     0  4.6
 13  2082 J6  1508  1598 J7   644  1451 J6  1049  5617 16661  7.9  7.1  1.02  0.07   2.55  -4.26  -0.89  -0.21  83  6983     0  5.1
 1999
  1   343 J8   191  1022 J8  1112   221 J8    74   926  9267  4.9  4.5  0.46  0.05 -14.94 -22.02 -18.39 -17.69  79  1141     0  6.6
  2  1084 J8   341  2331 J8  1603   629 J8   265  2348 12612  5.0  4.1  0.39  0.07 -13.80 -21.51 -17.68 -16.69  80  1008     0  4.3
  3  2372 J8   596  3569 J8  2529  1220 J8   441  4788 16247  5.0  4.0  0.43  0.09  -8.34 -16.62 -12.47 -11.36  74   955     0  5.7
  4  3310 J8  1368  2224 J8  2224  2307 J8   507  7720 19844  8.4  7.3  0.73  0.11  -0.02  -7.50  -3.38  -2.66  81   663     0  5.4
  5  4533 J8  1748  3917 J8  3915  2493 J8   638 10211 23113  7.4  6.7  0.84  0.12   6.86  -1.59   2.73   3.56  76   487     0  4.5
  6  3982 J8  1554  2638 J8  2570  2602 J8   314 11407 25009  8.6  7.6  1.70  0.11  14.74   6.85  10.83  11.35  78   226     0  3.8
  7  3733 J8  1368  2129 J8  2155  2616 J8   503 10758 23895  9.0  7.9  1.92  0.09  15.04   8.32  11.48  11.92  85   206     0  4.6
  8  2620 J8   945  1428 J8  1689  1997 J8   368  8576 20780  8.7  8.1  1.82  0.07  14.38   7.37  10.78  11.56  86   231     0  3.9
  9  1983 J8   896  1870 J8  2351  1297 J8   264  5753 17301  8.1  7.4  1.33  0.05  11.43   4.57   7.84   9.04  88   310     0  4.6
 10  1234 J8   493  2076 J8  1680   740 J8   267  3083 13714  7.0  5.8  0.65  0.03  -0.95  -7.51  -4.20  -3.11  86   699     0  4.0
 11   496 J8   240   981 J8  1138   355 J8   157  1259 10174  7.2  6.5  0.57  0.03  -8.69 -15.50 -11.95 -11.61  84   913     0  5.0
 12   215 J8    66   860 J8   803   149 J8    43   575  7990  5.4  4.9  0.32  0.03 -20.51 -27.00 -23.79 -23.19  81  1305     0  5.3
 13  2159 J8  1505  2087 J8   966  1385 J8   973  5617 16662  7.0  6.2  0.93  0.07  -0.40  -7.68  -4.02  -3.24  81  8143     0  4.8
 2000
  1   328 J8   184   983 J8  1089   220 J8    87   919  9246  6.1  5.3  0.46  0.05 -14.29 -20.27 -17.14 -16.99  86  1104     0  6.3
  2   930 J8   370  1037 J8   804   714 J8   234  2368 12641  7.8  6.5  0.70  0.07   0.33  -6.81  -2.89  -2.41  87   626     0  4.6
  3  2264 J8   940  2592 J8  2220  1333 J8   266  4858 16336  7.3  6.2  0.65  0.09  -3.30  -9.54  -6.27  -5.50  85   767     0  5.2
  4  4115 J8  1379  4465 J8  3090  2107 J8   539  7789 19927  5.6  4.8  0.72  0.11   1.35  -7.21  -2.83  -1.77  79   638     0  4.9
  5  4176 J8  1468  2869 J8  2749  2690 J8   660 10259 23180  7.8  6.9  0.96  0.12   7.19  -0.93   3.09   3.93  76   471     0  4.2
  6  4808 J8  1525  3807 J8  2768  2752 J8   409 11413 25019  7.5  6.6  1.58  0.11  16.54   6.98  12.16  12.84  69   197     0  3.7
  7  4148 J8  1369  2740 J8  2280  2684 J8   492 10720 23831  8.8  7.5  1.77  0.09  15.41   8.33  11.89  12.41  82   200     0  4.2
  8  2402 J8  1050  1179 J8  1806  1854 J8   360  8511 20697  9.1  8.5  1.79  0.07  13.14   7.66  10.30  10.96  88   246     0  5.2
  9  2188 J8   776  2526 J8  2300  1297 J8   322  5683 17217  7.2  6.3  1.18  0.05   9.06   2.29   5.59   6.76  88   380     0  4.5
 10  1039 J8   571  1441 J8  1708   660 J8   212  3025 13628  8.2  7.3  0.84  0.03   2.85  -3.33  -0.28   0.79  88   576     0  4.4
 11   506 J8   184  1099 J8   874   369 J8   136  1228 10093  6.5  5.7  0.79  0.03  -1.00  -5.93  -3.36  -2.72  85   654     0  6.1
 12   171 J8    50   250 J8   329   154 J8    38   571  7977  7.3  6.6  0.83  0.03  -0.71  -6.92  -3.77  -3.33  82   687     0  6.4
 13  2256 J8  1696  2082 J8  1280  1403 J8   995  5612 16649  7.4  6.5  1.02  0.07   3.88  -2.97   0.54   1.25  83  6545     0  5.0
 2001
  1   342 J8   154   760 J8   807   253 J8    81   941  9314  7.6  6.8  0.62  0.05  -4.45 -10.25  -7.38  -7.35  86   796     0  5.2
  2   931 J8   407  1242 J8  1360   666 J8   243  2384 12674  7.6  6.7  0.66  0.07  -2.49  -9.03  -5.48  -4.48  84   675     0  5.5
  3  2466 J8  1033  3429 J8  2624  1239 J8   403  4837 16312  6.1  5.1  0.60  0.09  -6.37 -14.08 -10.13  -9.13  80   885     0  6.1
  4  3038 J8  1518  1997 J8  2611  2089 J8   522  7770 19905  8.1  7.6  0.73  0.11   1.74  -4.91  -1.56  -0.84  88   598     0  5.8
  5  4821 J8  1354  4139 J8  2750  2676 J8   473 10247 23164  6.4  5.5  0.85  0.12   6.62  -3.53   1.55   2.56  71   520     0  5.1
  6  4934 J8  1809  4120 J8  3480  2674 J8   577 11412 25022  7.5  6.2  1.67  0.11  16.00   6.18  11.31  12.03  76   217     0  4.6
  7  3599 J8  1168  1605 J8  1427  2766 J8   604 10732 23852  9.4  8.4  2.03  0.09  14.48   8.50  11.42  11.85  88   212     0  4.4
  8  2714 J8  1247  1777 J8  2219  1891 J8   427  8529 20721  8.8  8.2  2.06  0.07  14.90   8.27  11.39  12.15  89   209     0  4.5
  9  1879 J8   618  1378 J8  1402  1403 J8   257  5703 17238  8.4  7.7  1.39  0.05  10.89   3.52   7.12   8.35  85   334     0  4.0
 10  1022 J8   413  1381 J8  1578   691 J8   230  3042 13646  7.6  6.8  0.74  0.03  -1.21  -7.52  -4.14  -3.10  88   704     0  4.9
 11   587 J8   263  1735 J8  1540   333 J8   115  1238 10116  5.4  4.5  0.72  0.03  -8.79 -15.23 -11.84 -10.90  85   910     0  4.9
 12   223 J8    71  1076 J8  1006   139 J8    40   572  7977  5.6  4.9  0.49  0.03 -16.99 -23.74 -20.28 -19.70  82  1200     0  5.0
 13  2213 J8  1662  2053 J8  1171  1402 J8   997  5617 16662  7.4  6.5  1.05  0.07   2.03  -5.15  -1.50  -0.71  84  7259     0  5.0
 2002
  1   284 J8   158   361 J8   656   240 J8    99   934  9290  8.4  7.8  0.72  0.05  -8.09 -14.54 -11.22 -10.85  86   919     0  6.4
  2   837 J8   313   687 J8   632   683 J8   205  2367 12647  8.8  8.0  0.61  0.07  -6.62 -14.28 -10.31  -9.64  85   806     0  5.9
  3  2163 J8   854  2458 J8  2462  1320 J8   370  4814 16283  6.6  5.7  0.67  0.09  -1.76  -9.28  -5.51  -4.32  79   739     0  5.1
  4  3532 J8  1317  3566 J8  3399  1956 J8   635  7746 19875  6.5  5.7  0.78  0.11   1.18  -6.30  -2.53  -1.53  82   627     0  6.5
  5  4701 J8  1861  3889 J8  3423  2587 J8   505 10230 23139  7.4  6.2  1.24  0.12  12.12   2.68   7.46   8.48  74   339     0  4.6
  6  5576 J8  1194  4794 J8  2560  2891 J8   414 11410 25015  7.6  5.7  1.72  0.11  18.23   7.97  13.33  14.11  69   160     3  4.1
  7  3929 J8  1306  2187 J8  2186  2754 J8   508 10744 23873  9.0  7.6  2.16  0.09  16.73   9.51  13.07  13.67  84   162     0  3.8
  8  3275 J8  1211  2351 J8  2451  2117 J8   399  8551 20750  8.2  7.4  1.93  0.07  16.92   8.29  12.63  13.67  80   181     3  4.2
  9  2037 J8   751  1757 J8  1913  1381 J8   334  5727 17267  8.1  7.4  1.59  0.05  11.44   4.45   7.96   9.15  89   312     0  5.2
 10  1119 J8   488  1607 J8  1492   700 J8   210  3061 13678  8.2  6.9  1.28  0.03   5.67  -0.87   2.44   3.63  86   494     0  5.4
 11   474 J8   251   843 J8   987   348 J8   127  1247 10142  7.2  6.4  0.92  0.03  -0.23  -6.06  -3.34  -2.65  89   644     0  5.1
 12   188 J8    59   537 J8   727   146 J8    38   574  7984  7.7  6.9  0.72  0.03  -5.96 -11.31  -8.43  -8.15  86   836     0  4.3
 13  2343 J8  1836  2087 J8  1421  1427 J8  1014  5617 16662  7.8  6.8  1.19  0.07   4.97  -2.48   1.30   2.13  83  6218     6  5.0
 2003
  1   369 J8   179   791 J8   763   273 J8   118   927  9269  6.6  5.4  0.82  0.05  -7.89 -14.16 -11.08 -10.76  81   910     0  6.3
  2   905 J8   453   940 J8   936   684 J8   256  2350 12614  9.0  7.2  0.91  0.07  -2.02  -8.19  -4.89  -4.17  87   656     0  5.1
  3  2541 J8   846  3831 J8  2448  1224 J8   414  4790 16250  4.5  3.6  0.43  0.09  -4.92 -13.50  -9.30  -7.82  67   854     0  6.9
  4  3635 J8  1375  2786 J8  2623  2309 J8   629  7723 19849  7.5  6.2  0.83  0.11   4.58  -3.39   0.53   1.60  76   532     0  5.4
  5  4473 J8  1597  3020 J8  2955  2857 J8   630 10213 23115  8.2  6.7  1.09  0.12  10.14   1.33   5.89   6.75  71   390     0  4.3
  6  4618 J8  1155  2919 J8  1968  3027 J8   469 11407 25009  8.1  7.0  1.84  0.11  17.41   7.85  12.97  13.65  72   171     0  4.2
  7  3711 J8  1571  2396 J8  2764  2470 J8   395 10756 23892  8.1  7.7  2.17  0.09  17.51   9.33  13.43  14.12  80   152     0  4.8
  8  2880 J8  1275  1852 J8  2176  1973 J8   292  8572 20775  8.5  8.0  2.14  0.07  16.72   9.09  12.78  13.70  85   175     6  4.0
  9  2467 J8   840  3166 J8  2647  1298 J8   372  5750 17299  5.9  5.5  1.17  0.05  11.39   1.98   6.51   8.33  76   349     0  4.4
 10   912 J8   382   902 J8  1299   687 J8   226  3080 13711  8.3  7.9  1.20  0.03   4.85  -1.04   1.73   3.05  85   509     0  4.8
 11   474 J8   230   779 J8   901   367 J8   170  1258 10171  8.3  7.4  0.96  0.03  -1.03  -6.71  -3.75  -3.33  91   666     0  5.0
 12   202 J8    71   575 J8   570   157 J8    45   575  7991  7.1  6.1  0.55  0.03 -10.06 -17.59 -13.72 -13.66  84   997     0  4.6
 13  2265 J8  1641  1996 J8  1156  1444 J8  1044  5617 16662  7.5  6.5  1.18  0.07   4.72  -2.92   0.92   1.79  80  6362     7  5.0
 2004
  1   375 J8   123  1230 J8   927   244 J8    97   920  9247  4.8  3.7  0.47  0.05 -14.03 -19.54 -16.83 -16.50  79  1089     0  6.1
  2   929 J8   324  1100 J8  1170   697 J8   238  2370 12643  7.5  6.2  0.70  0.07  -7.06 -13.46 -10.10  -9.39  83   829     0  6.0
  3  2550 J8  1273  3888 J8  3451  1106 J8   322  4861 16338  5.2  4.5  0.53  0.09  -7.42 -14.99 -11.05 -10.11  80   916     0  5.0
  4  3787 J8  1068  2914 J8  2069  2420 J8   590  7792 19931  7.6  6.1  0.89  0.11   5.01  -3.77   0.48   1.81  78   531     0  4.5
  5  3849 J8  1177  1770 J8  1573  2934 J8   470 10261 23184  9.0  7.8  1.60  0.12  12.15   4.29   8.15   8.89  80   313     0  4.7
  6  4487 J8  1282  2826 J8  2359  2980 J8   337 11413 25018  8.4  7.2  1.91  0.11  18.16   8.23  13.51  14.25  73   158     4  4.1
  7  4494 J8  1589  3231 J8  2877  2709 J8   482 10718 23829  8.2  6.8  2.32  0.09  20.74  11.34  15.93  16.74  75    71     0  3.7
  8  3277 J8  1108  2646 J8  2456  2018 J8   465  8508 20689  8.0  6.9  2.56  0.07  18.94  11.31  15.08  16.11  78   103     4  4.0
  9  2163 J8   708  2049 J8  1627  1428 J8   332  5679 17213  8.3  7.3  1.37  0.05   9.72   3.15   6.26   7.33  82   357     0  4.0
 10  1041 J8   472  1297 J8  1537   703 J8   199  3023 13626  8.1  7.1  1.12  0.03   4.95  -0.51   2.17   3.08  88   499     0  5.4
 11   437 J8   202   720 J8   793   344 J8   141  1227 10089  8.6  7.7  0.80  0.03  -1.80  -7.33  -4.38  -3.92  86   687     0  5.6
 12   175 J8    64   344 J8   404   148 J8    45   571  7977  8.3  7.4  0.69  0.03  -6.06 -12.82  -9.35  -9.28  84   861     0  5.7
 13  2297 J8  1662  2001 J8  1102  1478 J8  1087  5612 16649  7.7  6.5  1.25  0.07   4.44  -2.84   0.82   1.58  81  6415     8  4.9
 2005
  1   399 J8   202  1218 J8  1189   248 J8    96   942  9318  6.4  4.8  0.71  0.05  -8.98 -14.54 -11.67 -11.25  78   933     0  7.2
  2   954 J8   325  1440 J8  1270   659 J8   248  2386 12679  7.2  6.3  0.66  0.07  -6.80 -13.47  -9.82  -9.00  80   797     0  5.1
  3  2453 J8   884  2965 J8  2281  1396 J8   324  4840 16317  6.4  5.2  0.63  0.09  -4.14 -10.89  -7.48  -6.59  79   801     0  5.6
  4  3911 J8  1320  3782 J8  2889  2189 J8   487  7773 19908  6.0  5.0  0.74  0.11  -1.56 -10.77  -6.05  -4.88  76   735     0  4.9
  5  4557 J8  1180  3253 J8  2314  2809 J8   454 10249 23169  7.8  6.8  1.33  0.12  12.75   2.91   7.88   8.95  71   326     0  4.4
  6  5340 J8  1618  4376 J8  3422  2833 J8   609 11412 25020  7.4  6.0  1.77  0.11  18.25   8.22  13.67  14.40  68   156     4  3.9
  7  4494 J8  1554  3479 J8  2676  2612 J8   465 10730 23849  8.4  6.9  2.06  0.09  18.57  10.23  14.30  15.00  74   122     0  4.0
  8  2990 J8  1203  2006 J8  2404  2029 J8   475  8526 20718  8.5  7.9  2.14  0.07  16.77   9.66  13.04  13.82  84   161     2  4.6
  9  1902 J8   555  1310 J8  1174  1422 J8   263  5700 17234  9.1  8.2  1.79  0.05  10.72   6.08   8.37   9.07  87   298     0  5.7
 10  1074 J8   571  1708 J8  1897   622 J8   201  3040 13643  7.3  6.8  0.88  0.03   2.09  -3.76  -0.88   0.11  87   594     0  4.2
 11   538 J8   244  1619 J8  1543   306 J8   114  1236 10114  6.6  5.5  0.48  0.03 -11.02 -17.50 -14.12 -13.63  81   978     0  5.0
 12   167 J8    56   415 J8   534   137 J8    34   572  7978  7.5  6.6  0.84  0.03  -6.93 -13.34 -10.12  -9.96  83   882     0  5.7
 13  2398 J8  1831  2297 J8  1228  1438 J8  1035  5617 16662  7.4  6.3  1.17  0.07   3.31  -3.93  -0.24   0.50  79  6783     6  5.0
 2006
  1   422 J8   202  1502 J8  1183   237 J8    76   935  9292  4.8  4.0  0.39  0.05 -19.74 -23.78 -21.74 -21.60  76  1243     0  5.0
  2  1064 J8   422  1541 J8  1226   711 J8   219  2369 12650  7.2  5.9  0.66  0.07  -3.56 -10.57  -6.60  -6.05  80   711     0  7.1
  3  2424 J8  1026  3236 J8  2888  1278 J8   384  4817 16286  5.8  5.0  0.60  0.09  -7.22 -16.55 -11.55 -10.45  78   937     0  5.3
  4  3787 J8  1309  3106 J8  2517  2321 J8   410  7749 19883  7.2  6.1  0.66  0.11  -3.27 -11.37  -7.10  -6.23  82   770     0  5.7
  5  4851 J8  1844  4455 J8  3671  2480 J8   600 10232 23141  7.1  5.8  1.12  0.12   9.42   0.26   4.93   5.80  75   418     0  5.1
  6  4762 J8  1496  3609 J8  2768  2717 J8   449 11410 25017  8.0  6.9  1.72  0.11  14.65   6.51  10.50  11.05  73   233     0  4.9
  7  3874 J8  1685  2611 J8  2878  2437 J8   480 10742 23870  8.4  7.6  2.10  0.09  17.55  10.11  13.71  14.26  75   141     1  4.7
  8  2817 J8  1143  1853 J8  2187  1960 J8   379  8548 20746  8.4  7.9  1.88  0.07  14.40   7.88  11.14  11.92  80   223     0  4.5
  9  2116 J8   878  2086 J8  1957  1323 J8   215  5723 17264  8.0  7.1  1.66  0.05  12.86   5.70   9.24  10.35  81   271     0  3.8
 10  1117 J8   411  1440 J8  1145   765 J8   213  3059 13675  8.1  6.8  1.18  0.03   6.08   1.02   3.39   4.23  86   458     0  4.9
 11   516 J8   213  1297 J8  1387   332 J8   131  1246 10139  6.6  5.6  0.65  0.03  -4.34 -10.09  -7.22  -6.86  79   766     0  5.4
 12   207 J8    73   628 J8   738   157 J8    50   574  7981  7.3  6.6  0.50  0.03 -10.46 -16.92 -13.42 -12.85  80   993     0  4.7
 13  2330 J8  1694  2280 J8  1127  1393 J8   957  5617 16662  7.2  6.3  1.09  0.07   2.20  -4.82  -1.23  -0.54  79  7163     1  5.1
 2007
  1   349 J8   140   654 J8   536   276 J8   104   928  9271  7.5  6.3  0.60  0.05  -9.02 -16.17 -12.52 -11.88  79   959     0  4.9
  2  1035 J8   422  1626 J8  1381   683 J8   225  2352 12616  6.9  5.9  0.68  0.07  -5.56 -12.69  -9.18  -8.24  77   769     0  5.3
  3  2752 J8   693  4915 J8  2514  1093 J8   492  4793 16255  3.4  2.8  0.33  0.09 -12.25 -20.68 -16.27 -14.96  69  1079     0  5.7
  4  3842 J8  1199  2982 J8  2284  2465 J8   405  7726 19851  7.9  6.2  0.93  0.11   6.27  -2.07   2.06   3.16  72   487     0  4.3
  5  4364 J8  1253  2825 J8  2179  2833 J8   512 10216 23119  8.3  7.1  1.30  0.12  11.52   2.38   6.98   7.91  70   353     0  4.2
  6  4439 J8  1376  2761 J8  2139  2943 J8   493 11407 25009  8.8  7.2  1.71  0.11  14.73   7.20  11.04  11.53  74   221     0  4.0
  7  3829 J8  1528  2307 J8  2310  2565 J8   475 10754 23889  8.8  7.7  2.24  0.09  17.28  10.60  13.80  14.31  78   138     2  3.9
  8  3100 J8  1086  2190 J8  2309  2091 J8   384  8569 20768  8.3  7.2  2.22  0.07  17.50  10.09  13.78  14.74  79   141     0  3.9
  9  1869 J8   574  1137 J8  1010  1445 J8   310  5747 17294  9.3  8.5  1.69  0.05  12.15   7.01   9.47  10.29  84   262     0  5.1
 10  1138 J8   444  1460 J8  1346   761 J8   258  3078 13709  8.5  7.4  0.92  0.03   2.73  -2.72  -0.16   0.79  84   568     0  3.9
 11   459 J8   179   690 J8   870   360 J8   129  1256 10167  8.5  7.7  0.89  0.03  -0.91  -6.93  -3.64  -3.21  81   667     0  5.2
 12   195 J8    50   660 J8   675   147 J8    37   575  7992  6.2  5.4  0.53  0.03  -8.22 -14.62 -11.29 -10.72  78   922     0  5.4
 13  2281 J8  1628  2017 J8  1256  1472 J8  1057  5617 16662  7.7  6.6  1.17  0.07   3.85  -3.22   0.34   1.14  77  6565     2  4.7
 2008
  1   296 J8    88   735 J8   826   225 J8    80   921  9249  6.6  5.9  0.52  0.05 -11.26 -19.17 -15.05 -14.91  77  1040     0  5.0
  2  1128 J8   513  2399 J8  1835   597 J8   227  2372 12648  4.3  3.7  0.39  0.07 -14.81 -21.64 -18.17 -17.44  72  1060     0  6.8
  3  1987 J8   873  1779 J8  2023  1369 J8   376  4864 16343  7.6  6.9  0.62  0.09  -7.44 -14.68 -10.79  -9.86  77   911     0  5.0
  4  3878 J8  1512  3837 J8  3095  2078 J8   531  7796 19934  6.8  5.7  0.75  0.11  -1.89  -8.98  -5.20  -4.66  77   713     0  5.6
  5  4284 J8  1250  2775 J8  2198  2816 J8   427 10263 23187  8.5  7.5  1.18  0.12   9.62   1.54   5.59   6.44  71   395     0  4.6
  6  4903 J8  1461  3704 J8  2758  2867 J8   475 11413 25019  8.5  6.5  1.76  0.11  14.30   6.62  10.42  10.93  73   236     0  4.1
  7  4085 J8  1350  2805 J8  2415  2664 J8   520 10716 23827  8.5  7.3  1.97  0.09  14.97   8.02  11.47  12.06  77   218     6  5.1
  8  3580 J8  1335  3365 J8  2984  1997 J8   476  8505 20687  7.5  6.4  1.75  0.07  16.51   7.68  12.13  13.28  75   193     0  3.2
  9  2117 J8   579  1878 J8  2003  1443 J8   355  5676 17208  8.3  7.6  1.59  0.05  12.19   4.64   8.30   9.53  83   297     0  3.3
 10  1128 J8   405  1949 J8  1763   658 J8   200  3021 13621  7.3  6.3  0.71  0.03  -2.73  -9.49  -5.91  -4.74  81   758     0  4.0
 11   519 J8   183  1228 J8   999   357 J8   116  1226 10087  7.0  5.9  0.52  0.03 -10.26 -17.25 -13.74 -13.36  84   963     0  4.0
 12   198 J8    56   635 J8   639   149 J8    39   571  7975  7.1  6.1  0.77  0.03  -6.13 -13.02  -9.59  -9.79  81   865     0  6.1
 13  2342 J8  1719  2257 J8  1082  1435 J8  1035  5612 16649  7.3  6.3  1.04  0.07   1.09  -6.31  -2.55  -1.88  77  7650     6  4.7
 2009
  1   341 J8   149  1088 J8  1038   225 J8    91   943  9322  5.7  4.9  0.52  0.05 -12.91 -18.68 -15.69 -15.12  77  1058     0  5.6
  2   818 J8   381  1012 J8  1343   605 J8   172  2388 12684  7.9  7.2  0.68  0.07  -6.79 -16.23 -11.20 -10.52  83   836     0  6.3
  3  2293 J8   946  2707 J8  2623  1348 J8   465  4843 16321  6.4  5.8  0.56  0.09  -7.81 -15.01 -11.42 -10.73  77   922     0  6.1
  4  3750 J8  1327  3531 J8  3136  2150 J8   527  7776 19912  6.8  5.9  0.81  0.11  -0.49  -9.29  -4.60  -3.70  79   697     0  5.5
  5  5364 J8  1628  5602 J8  3699  2445 J8   640 10251 23172  5.6  4.2  0.97  0.12  10.55   0.14   5.40   6.59  67   403     0  4.8
  6  4663 J8  1634  3377 J8  2664  2838 J8   398 11413 25021  8.1  6.7  1.60  0.11  14.60   6.65  10.71  11.31  71   231     0  4.6
  7  3786 J8  1592  2439 J8  3323  2499 J8   488 10728 23847  8.3  7.8  2.14  0.09  17.44   9.21  13.28  13.92  75   155     0  4.1
  8  3076 J8  1122  2382 J8  2374  1972 J8   355  8523 20711  7.9  7.4  1.88  0.07  14.95   7.35  11.07  11.99  82   223     0  4.4
  9  2253 J8   970  2372 J8  2533  1346 J8   345  5697 17229  7.7  6.6  1.45  0.05  11.78   4.35   7.76   9.09  85   308     0  3.5
 10  1149 J8   461  1730 J8  1674   729 J8   279  3038 13640  7.8  6.7  1.16  0.03   3.54  -1.78   0.91   1.71  85   541     0  5.3
 11   496 J8   234  1229 J8  1335   329 J8   145  1235 10112  6.4  5.9  0.52  0.03  -9.67 -15.95 -12.63 -11.81  82   934     0  4.9
 12   221 J8    53   790 J8   749   161 J8    35   572  7978  6.1  5.4  0.80  0.03  -4.43 -11.21  -8.04  -7.32  78   811     0  5.2
 13  2351 J8  1779  2355 J8  1369  1387 J8   973  5617 16662  7.1  6.2  1.09  0.07   2.56  -5.04  -1.20  -0.38  78  7117     0  5.0
 2010
  1   404 J8   165  1476 J8  1032   234 J8    96   936  9294  4.3  3.3  0.53  0.05 -14.10 -19.19 -16.57 -16.09  72  1084     0  7.6
  2  1051 J8   494  1728 J8  1670   663 J8   208  2371 12654  6.6  5.4  0.62  0.07  -7.64 -15.04 -11.30 -10.46  78   831     0  5.2
  3  2581 J8   825  3708 J8  2443  1301 J8   361  4820 16289  5.1  4.3  0.40  0.09 -11.25 -20.30 -15.76 -14.28  73  1057     0  4.8
  4  3572 J8  1200  2661 J8  2260  2360 J8   454  7752 19886  7.9  6.6  0.71  0.11  -0.47  -8.07  -4.08  -3.09  77   678     0  5.0
  5  4637 J8  1281  3290 J8  2418  2916 J8   482 10234 23146  7.6  6.3  1.17  0.12  11.65   1.13   6.67   7.82  64   370     0  3.7
  6  4355 J8  1621  2831 J8  2687  2763 J8   391 11410 25016  8.5  7.5  1.69  0.11  14.70   6.00  10.41  10.99  74   239     0  4.7
  7  3596 J8  1290  1658 J8  1577  2684 J8   492 10740 23865  9.2  8.4  2.14  0.09  14.80   8.75  11.63  12.10  85   203     0  4.2
  8  2458 J8   880  1042 J8  1334  1971 J8   397  8545 20743  9.4  8.7  2.16  0.07  14.28   8.95  11.38  12.03  87   208     0  4.3
  9  2320 J8   732  2952 J8  2648  1294 J8   352  5720 17260  7.0  6.2  1.62  0.05  12.20   4.95   8.37   9.61  76   293     0  5.0
 10  1021 J8   482  1499 J8  1585   663 J8   215  3057 13672  7.7  6.6  0.93  0.03   2.81  -3.20  -0.26   0.92  84   574     0  3.7
 11   439 J8   233   726 J8   851   340 J8   140  1245 10137  8.2  7.4  0.79  0.03  -4.00  -9.29  -6.36  -5.91  85   749     0  4.2
 12   227 J8    61  1184 J8  1002   137 J8    55   573  7981  4.7  4.4  0.48  0.03 -12.89 -19.92 -16.69 -16.28  79  1077     0  6.1
 13  2222 J8  1583  2063 J8   977  1444 J8  1054  5617 16662  7.2  6.3  1.10  0.07   1.67  -5.44  -1.88  -1.05  78  7364     0  4.9
