703165 SAND POINT             AK  -9  N55 19  W160 31     7  1012
 1991-2010
 MO AVGLO FL SDGLO AVDIR FL SDDIR AVDIF FL SDDIF AVETR AETRN  TOT  OPQ   H2O   TAU  MAX_T  MIN_T  AVG_T  AVGDT  RH  HTDD  CLDD AVWS
  1   573 J8    69  1205 J8   437   351 J8    31  1749 10982  6.9  6.7  0.83  0.07   1.77  -1.32   0.29   0.59  73   561     0  5.5
  2  1095 J8   157  1477 J8   536   666 J8    59  3287 13493  7.2  6.9  0.82  0.10   1.94  -1.38   0.32   0.58  71   510     0  5.4
  3  2169 J8   376  2444 J8  1082  1167 J8   101  5686 16359  6.7  6.4  0.75  0.13   2.09  -1.60   0.31   0.70  68   561     0  5.9
  4  3224 J8   302  2774 J8   530  1772 J8   108  8367 19180  7.0  6.7  0.94  0.15   4.03   0.15   2.12   2.58  70   487     0  5.1
  5  3990 J8   766  3089 J8  1407  2180 J8   170 10514 21603  7.1  6.8  1.23  0.15   7.36   3.12   5.19   5.65  71   406     0  4.3
  6  3963 J8   612  2504 J8  1124  2420 J8   123 11484 22851  7.9  7.7  1.70  0.15  10.43   6.42   8.34   8.74  76   297     0  3.8
  7  3822 J8   590  2619 J8  1135  2242 J8   132 10921 22060  7.8  7.6  2.24  0.12  12.68   8.79  10.69  11.08  78   235     0  3.5
  8  3159 J8   341  2422 J8   795  1869 J8   141  9039 19778  7.7  7.5  2.26  0.10  13.53   9.69  11.56  12.05  78   208     0  4.0
  9  2383 J8   344  2349 J8   940  1367 J8   115  6501 17066  7.4  7.1  1.69  0.07  11.38   7.72   9.54  10.08  73   263     0  4.8
 10  1540 J8   147  2209 J8   653   844 J8    79  3963 14239  6.8  6.5  1.16  0.05   7.09   3.71   5.47   5.93  70   401     0  5.7
 11   781 J8    84  1606 J8   453   450 J8    33  2094 11562  6.7  6.4  0.94  0.05   4.79   1.40   3.13   3.44  71   457     0  6.4
 12   441 J8    65  1120 J8   496   276 J8    26  1327 10064  6.8  6.6  0.84  0.05   2.26  -1.27   0.57   0.85  70   553     0  5.8
 13  2262 J8   161  2151 J8   422  1300 J8    58  6244 16603  7.2  6.9  1.28  0.10   6.61   2.95   4.79   5.19  72  4940     0  5.0
 1991
  1   486 J8   232   589 J8   984   370 J8   127  1742 10967  8.6  8.2  1.27  0.06   1.92  -0.59   0.71   0.91  70   548     0  6.1
  2  1102 J8   556  1752 J8  2062   606 J8   140  3264 13462  6.4  6.2  1.01  0.09  -1.04  -4.28  -2.68  -2.47  66   588     0  6.4
  3  1953 J8   907  1842 J8  2080  1200 J8   337  5645 16314  7.5  7.2  1.07  0.11   3.00  -0.55   1.38   1.73  67   530     0  5.3
  4  2996 J8  1381  2552 J8  2849  1714 J8   335  8329 19139  6.8  6.8  1.10  0.13   4.22   0.52   2.36   2.83  69   479     0  4.1
  5  3817 J8  1763  2598 J8  2846  2291 J8   457 10489 21574  7.6  7.3  1.28  0.14   6.77   2.31   4.70   5.12  70   428     0  4.6
  6  3951 J8  1899  2645 J8  3204  2302 J8   435 11481 22846  7.9  7.7  1.80  0.14   9.99   5.36   7.76   8.25  74   320     0  3.5
  7  4991 J8  2085  4551 J8  3836  2206 J8   539 10941 22085  6.1  5.8  1.99  0.12  13.95   9.34  11.69  12.14  69   207     0  3.0
  8  2913 J8  1433  1734 J8  2386  1918 J8   373  9074 19819  8.4  8.1  2.27  0.12  13.34  10.01  11.67  12.07  69   206     0  3.7
  9  1609 J8   869   915 J8  1926  1207 J8   206  6541 17110  8.8  8.6  1.81  0.13  11.87   8.56  10.22  10.63  74   243     0  4.3
 10  1501 J8   751  1924 J8  1929   831 J8   214  3997 14284  6.7  6.1  1.43  0.14   8.43   4.43   6.53   7.22  69   369     0  5.0
 11   624 J8   216   820 J8  1073   457 J8   125  2114 11596  7.2  6.7  1.22  0.16   4.81   2.26   3.53   3.85  67   444     0  6.9
 12   389 J8   130   610 J8   713   292 J8    55  1330 10071  6.1  6.0  1.04  0.18   2.21  -1.03   0.55   0.93  69   550     0  5.5
 13  2194 J8  1520  1878 J8  1131  1283 J8   779  6246 16606  7.3  7.0  1.44  0.13   6.62   3.03   4.87   5.27  69  4911     0  4.9
 1992
  1   480 J8   197   391 J8   553   402 J8   130  1734 10949  7.2  7.0  1.08  0.22   1.55  -0.54   0.43   0.70  70   552     0  6.4
  2  1118 J8   438  1002 J8  1046   798 J8   232  3284 13485  6.4  5.9  0.94  0.27  -0.69  -3.67  -2.09  -1.86  67   595     0  5.3
  3  1857 J8   752  1127 J8  1516  1381 J8   431  5712 16388  7.8  7.2  0.91  0.31   2.37  -1.64   0.48   0.99  73   557     0  5.2
  4  4007 J8  1439  3606 J8  2801  2047 J8   491  8391 19201  4.4  4.2  0.98  0.32   3.71  -0.35   1.67   2.21  68   499     0  5.7
  5  4784 J8  1810  3479 J8  2745  2610 J8   646 10529 21617  4.9  4.7  1.32  0.31   7.97   2.99   5.54   6.09  67   398     0  4.4
  6  3164 J8  1297   931 J8  1424  2568 J8   509 11486 22852  8.9  8.7  1.68  0.28   9.98   6.42   8.15   8.44  81   304     0  4.5
  7  3672 J8  1647  1891 J8  2181  2457 J8   451 10909 22044  8.1  7.7  2.15  0.24  12.37   8.34  10.42  10.79  80   247     0  3.7
  8  2816 J8  1411  1650 J8  2391  1887 J8   355  9017 19757  8.2  7.9  1.96  0.20  12.36   8.77  10.63  11.03  79   241     0  5.3
  9  2482 J8  1146  2273 J8  2344  1429 J8   427  6476 17043  6.8  6.4  1.73  0.16  10.08   6.36   8.26   8.79  71   303     0  4.3
 10  1357 J8   692  1524 J8  1688   846 J8   283  3940 14213  6.9  6.6  1.22  0.13   6.40   3.01   4.84   5.35  69   422     0  6.2
 11   647 J8   351   996 J8  1228   424 J8   124  2080 11542  6.7  6.2  1.11  0.12   3.74   1.34   2.57   2.86  69   474     0  5.8
 12   312 J8   141   425 J8   683   248 J8    53  1325 10060  7.6  7.5  1.23  0.11   2.82   0.18   1.58   1.71  72   522     0  5.9
 13  2225 J8  1490  1608 J8  1059  1425 J8   881  6240 16596  7.0  6.7  1.36  0.22   6.06   2.60   4.37   4.76  72  5115     0  5.2
 1993
  1   560 J8   336  1126 J8  1358   334 J8   100  1760 11002  6.8  6.5  0.74  0.12   0.41  -2.38  -0.99  -0.90  70   599     0  7.6
  2   848 J8   388   865 J8  1527   620 J8   198  3300 13514  8.1  8.0  0.77  0.14   2.30  -0.73   0.87   1.22  74   491     0  5.4
  3  1609 J8   736  1230 J8  1905  1111 J8   256  5693 16365  8.3  8.1  0.74  0.16   2.64  -0.52   1.16   1.58  73   535     0  4.8
  4  2914 J8  1418  2055 J8  2344  1809 J8   296  8374 19190  7.8  7.5  0.84  0.18   5.02   1.51   3.26   3.68  75   452     0  4.7
  5  3447 J8  1640  2180 J8  2897  2196 J8   380 10519 21612  7.9  7.7  1.21  0.18   7.38   3.72   5.46   5.85  76   396     0  4.2
  6  3962 J8  1863  2508 J8  3084  2403 J8   460 11486 22855  8.0  7.7  1.44  0.17  10.10   6.03   8.09   8.52  77   308     0  3.7
  7  3467 J8  1756  1881 J8  2822  2294 J8   491 10918 22055  8.5  8.3  2.30  0.14  12.71   8.42  10.48  10.90  81   241     0  3.7
  8  2792 J8  1367  1640 J8  2179  1884 J8   400  9033 19772  8.3  8.1  2.32  0.11  14.44  10.35  12.34  12.81  80   184     0  3.2
  9  2193 J8  1006  1983 J8  2281  1324 J8   382  6494 17058  7.8  7.3  1.81  0.08  12.09   8.01  10.09  10.67  79   248     0  4.1
 10  1645 J8   678  2691 J8  2032   786 J8   188  3957 14234  5.7  5.3  1.13  0.06   8.54   4.99   6.70   7.13  74   358     0  4.5
 11   686 J8   278  1074 J8  1227   456 J8   121  2090 11554  7.4  7.0  1.02  0.05   6.06   3.02   4.57   4.95  72   414     0  6.5
 12   428 J8   187  1026 J8  1267   270 J8    75  1327 10064  7.3  6.9  0.75  0.06   2.69   0.86   1.78   1.95  69   513     0  5.3
 13  2046 J8  1259  1688 J8   618  1291 J8   802  6246 16606  7.7  7.4  1.26  0.12   7.03   3.61   5.32   5.70  75  4740     0  4.8
 1994
  1   517 J8   270  1020 J8  1333   332 J8    93  1751 10987  6.8  6.5  0.92  0.08   2.77   0.65   1.71   2.01  72   515     0  4.7
  2  1076 J8   646  1559 J8  2081   612 J8   154  3283 13488  7.2  7.0  0.77  0.10   1.81  -0.99   0.45   0.61  70   502     0  6.0
  3  1914 J8   998  1696 J8  2204  1210 J8   270  5670 16345  7.5  7.2  0.75  0.12   0.30  -3.85  -1.65  -1.23  68   623     0  6.7
  4  3186 J8  1541  2598 J8  2799  1771 J8   414  8353 19165  7.5  7.0  0.76  0.15   3.69  -0.14   1.79   2.22  72   497     0  5.2
  5  3091 J8  1095  1299 J8  1541  2334 J8   374 10505 21589  9.1  8.7  1.15  0.15   6.74   3.22   4.93   5.33  76   414     0  3.8
  6  3935 J8  1916  2495 J8  2847  2343 J8   402 11484 22851  8.0  7.8  1.77  0.15  10.94   6.40   8.59   9.05  76   290     0  3.6
  7  3080 J8  1349  1260 J8  1898  2266 J8   363 10929 22071  9.2  8.9  2.57  0.12  12.35   9.29  10.68  10.99  81   233     0  3.3
  8  2890 J8  1351  1918 J8  2564  1855 J8   441  9052 19791  8.4  8.2  2.65  0.09  13.59  10.26  11.88  12.33  80   199     0  4.0
  9  2235 J8   810  1734 J8  1738  1482 J8   289  6516 17082  8.1  7.7  1.66  0.07  10.91   7.62   9.21   9.68  74   272     0  5.2
 10  1531 J8   417  1942 J8  1662   910 J8   271  3976 14254  7.4  6.9  0.98  0.05   5.94   2.85   4.41   4.78  67   432     0  6.5
 11   920 J8   256  2352 J8  1232   436 J8   145  2101 11577  4.8  4.5  0.86  0.04   4.34   0.25   2.36   2.55  67   481     0  8.2
 12   531 J8   133  1709 J8  1046   277 J8    62  1328 10065  4.8  4.6  0.75  0.05   2.23  -1.72   0.13   0.25  69   560     0  6.6
 13  2075 J8  1164  1799 J8   495  1319 J8   798  6246 16606  7.4  7.1  1.30  0.10   6.30   2.82   4.54   4.88  73  5017     0  5.3
 1995
  1   530 J8   215   905 J8  1011   367 J8   101  1743 10969  7.1  6.8  0.68  0.06   0.51  -3.74  -1.20  -0.95  67   618     0  4.8
  2   957 J8   532   974 J8  1319   659 J8   198  3266 13466  8.2  8.1  0.87  0.09   2.75  -0.48   1.21   1.58  66   481     0  4.8
  3  2147 J8   886  2054 J8  1870  1269 J8   262  5648 16316  7.8  7.5  0.68  0.11   0.67  -3.32  -1.31  -0.94  65   609     0  5.8
  4  3305 J8  1355  2970 J8  2591  1730 J8   299  8331 19143  7.2  6.9  0.95  0.13   5.28   1.14   3.24   3.74  68   454     0  5.7
  5  3201 J8  1356  1594 J8  1920  2188 J8   379 10490 21575  8.9  8.7  1.22  0.14   7.21   1.89   4.44   4.80  71   427     0  5.1
  6  4115 J8  1539  2458 J8  2316  2540 J8   408 11481 22848  8.0  7.9  1.64  0.14  10.36   6.36   8.22   8.65  77   299     0  3.8
  7  3419 J8  1589  1898 J8  2632  2208 J8   288 10939 22083  8.8  8.7  2.23  0.11  11.88   8.77  10.17  10.49  80   248     0  3.8
  8  3168 J8  1236  2193 J8  2172  1928 J8   331  9071 19816  8.2  7.8  2.34  0.09  13.27   9.43  11.16  11.65  77   216     0  4.1
  9  2255 J8   932  1772 J8  1770  1422 J8   302  6538 17105  8.6  8.1  1.98  0.06  12.09   9.07  10.56  11.00  79   233     0  3.8
 10  1547 J8   499  2028 J8  1532   867 J8   228  3995 14279  7.7  7.2  1.03  0.04   7.60   4.20   5.96   6.43  71   385     0  6.1
 11   869 J8   273  1762 J8  1088   501 J8   151  2113 11593  6.6  6.3  0.69  0.04   3.44   0.37   1.92   2.42  66   493     0  5.4
 12   337 J8   131   433 J8   687   276 J8    56  1330 10071  8.6  8.2  0.95  0.04   4.10   1.42   2.75   2.94  66   483     0  4.1
 13  2154 J8  1290  1753 J8   704  1330 J8   792  6245 16605  8.0  7.7  1.27  0.09   6.60   2.92   4.76   5.15  71  4947     0  4.8
 1996
  1   510 J8   189   868 J8   924   349 J8    68  1735 10953  7.9  7.6  0.73  0.06   1.69  -1.05   0.39   0.71  73   558     0  5.4
  2  1045 J8   435  1457 J8  1310   626 J8   133  3286 13487  7.5  7.3  0.80  0.09   0.88  -3.07  -1.07  -0.81  71   563     0  7.0
  3  1816 J8   936  1531 J8  2104  1181 J8   337  5714 16392  8.0  7.7  0.79  0.11   4.44   0.73   2.59   3.19  66   488     0  3.6
  4  3026 J8  1069  2146 J8  1896  1883 J8   314  8393 19205  7.7  7.6  0.77  0.14   3.91   0.28   1.99   2.44  75   487     0  5.1
  5  4013 J8  1612  2900 J8  2722  2278 J8   326 10530 21617  7.5  7.1  1.22  0.14   8.82   3.94   6.24   6.85  75   370     0  4.1
  6  4000 J8  1652  2501 J8  2848  2525 J8   396 11486 22852  7.6  7.4  1.74  0.14  10.32   5.94   8.06   8.52  77   306     0  5.2
  7  3228 J8  1249  1150 J8  1538  2550 J8   549 10907 22044  8.9  8.7  2.42  0.11  11.62   8.25   9.95  10.27  86   260     0  3.5
  8  3075 J8   965  1806 J8  2001  2181 J8   336  9015 19753  8.1  7.7  2.25  0.09  13.99  10.01  11.92  12.41  77   196     0  3.6
  9  2923 J8   948  3933 J8  2849  1278 J8   440  6473 17038  5.3  5.3  1.32  0.06   9.78   5.89   7.83   8.42  73   315     0  5.3
 10  1855 J8   903  3573 J8  2956   705 J8   262  3938 14211  5.1  4.9  1.03  0.04   6.63   3.44   5.07   5.56  71   412     0  6.5
 11   791 J8   415  1850 J8  1841   398 J8   136  2079 11539  7.1  6.5  1.06  0.04   4.66   1.72   3.20   3.61  77   454     0  6.8
 12   446 J8   187  1054 J8  1057   283 J8    77  1325 10058  7.3  6.9  0.68  0.04   2.10  -2.48  -0.03   0.29  74   574     0  7.9
 13  2227 J8  1317  2064 J8   987  1353 J8   888  6240 16596  7.3  7.1  1.23  0.09   6.57   2.80   4.68   5.12  75  4985     0  5.3
 1997
  1   624 J8   303  1141 J8  1108   403 J8   127  1761 11005  7.3  7.0  0.74  0.06   2.31  -0.89   0.75   1.15  82   546     0  4.8
  2   995 J8   498  1048 J8  1270   691 J8   242  3302 13518  8.2  8.0  0.85  0.09   3.43  -0.07   1.62   1.71  78   466     0  6.2
  3  2677 J8  1077  3714 J8  2797  1156 J8   350  5695 16371  5.1  4.9  0.48  0.11   0.86  -3.03  -0.85  -0.40  68   602     0  6.0
  4  2805 J8  1327  1988 J8  2100  1768 J8   395  8377 19193  7.8  7.5  0.79  0.13   3.97  -0.14   1.96   2.49  79   492     0  3.8
  5  4627 J8  2274  4439 J8  3910  2058 J8   441 10521 21614  5.5  5.2  1.20  0.14   8.28   3.80   6.08   6.50  74   381     0  4.0
  6  4093 J8  1810  2781 J8  3175  2419 J8   540 11486 22854  7.6  7.4  1.54  0.14  10.19   6.38   8.26   8.61  81   301     0  3.9
  7  4702 J8  1736  4118 J8  3445  2255 J8   628 10917 22054  6.6  6.3  2.29  0.11  14.30   9.99  12.19  12.58  80   192     0  3.9
  8  3139 J8  1171  2120 J8  2241  2046 J8   485  9031 19768  8.1  7.7  2.58  0.09  14.39   9.58  12.00  12.60  82   197     0  4.5
  9  2540 J8  1034  2881 J8  2575  1301 J8   347  6491 17054  7.1  6.8  1.76  0.06  12.06   8.11  10.15  10.68  78   247     0  5.7
 10  1759 J8   811  3475 J8  2933   680 J8   327  3954 14230  5.0  4.8  1.08  0.04   7.11   3.64   5.52   5.98  69   402     0  5.5
 11   755 J8   305  1665 J8  1602   430 J8   136  2089 11551  6.3  6.2  0.84  0.04   4.49   1.33   2.93   3.21  72   463     0  5.7
 12   445 J8   148   926 J8  1100   313 J8    93  1327 10063  7.1  6.8  0.57  0.04   1.12  -4.73  -1.70  -1.52  66   624     0  6.9
 13  2430 J8  1537  2525 J8  1227  1293 J8   788  6246 16606  6.8  6.5  1.23  0.09   6.88   2.83   4.91   5.30  76  4913     0  5.1
 1998
  1   619 J8   331  1564 J8  1559   322 J8    84  1752 10989  6.1  5.9  0.63  0.06  -0.63  -3.56  -2.02  -1.72  70   633     0  4.9
  2  1357 J8   694  2401 J8  2040   635 J8   179  3285 13492  5.4  5.2  0.67  0.09   1.21  -1.83  -0.40  -0.00  71   522     0  4.2
  3  1649 J8   925  1263 J8  1914  1129 J8   273  5673 16349  8.2  8.0  0.92  0.11   3.92   0.78   2.50   2.78  77   495     0  4.7
  4  3724 J8  1307  3664 J8  2776  1798 J8   393  8356 19167  6.7  6.3  0.89  0.13   4.79   0.98   2.92   3.34  70   463     0  6.5
  5  3544 J8  1474  2345 J8  2734  2255 J8   439 10507 21591  7.8  7.5  1.10  0.14   6.62   2.95   4.79   5.14  73   420     0  5.3
  6  3952 J8  1663  2278 J8  2618  2473 J8   439 11484 22850  8.3  8.1  1.77  0.14   9.62   6.47   7.98   8.28  78   308     0  4.1
  7  3561 J8  1648  2217 J8  3089  2265 J8   378 10927 22069  8.3  8.1  2.04  0.11  12.44   8.99  10.61  10.98  81   236     0  3.3
  8  3254 J8  1308  2623 J8  2509  1913 J8   300  9050 19789  7.5  6.9  2.11  0.09  12.66   8.71  10.65  11.11  79   237     0  4.8
  9  2449 J8   879  2561 J8  2288  1371 J8   307  6513 17080  7.3  7.1  1.62  0.06  10.65   7.15   8.88   9.39  77   283     0  5.3
 10  1632 J8   689  2558 J8  2166   816 J8   238  3973 14252  6.2  5.9  1.04  0.04   7.04   3.57   5.60   6.08  75   404     0  5.8
 11   853 J8   357  1868 J8  1637   461 J8   154  2100 11575  6.6  5.9  0.90  0.04   4.63   1.46   3.12   3.48  76   458     0  5.5
 12   494 J8   179  1502 J8  1414   272 J8    88  1328 10065  6.3  5.9  0.63  0.04   0.83  -2.29  -0.59  -0.33  71   591     0  6.5
 13  2257 J8  1306  2237 J8   640  1309 J8   813  6246 16606  7.1  6.7  1.19  0.09   6.15   2.78   4.50   4.88  75  5051     0  5.1
 1999
  1   654 J8   272  1615 J8  1353   359 J8   122  1744 10973  6.8  6.4  0.67  0.06   1.50  -2.29  -0.43  -0.13  73   581     0  6.3
  2  1439 J8   503  2533 J8  1676   726 J8   271  3268 13467  5.3  4.7  0.40  0.09  -2.15  -6.57  -4.38  -4.11  72   635     0  6.4
  3  2165 J8   918  2467 J8  2313  1187 J8   347  5651 16316  6.5  6.0  0.63  0.11   0.41  -3.48  -1.46  -1.13  72   616     0  5.5
  4  3008 J8  1454  2448 J8  2838  1727 J8   363  8334 19147  7.6  7.3  0.91  0.13   2.72  -0.43   1.20   1.52  76   516     0  5.5
  5  3497 J8  1630  2226 J8  2710  2195 J8   452 10492 21577  8.0  7.8  1.07  0.14   4.83   1.43   3.11   3.47  75   471     0  4.3
  6  3746 J8  1971  2408 J8  3320  2266 J8   374 11481 22848  7.9  7.8  1.72  0.14   9.45   5.82   7.50   7.86  81   321     0  3.0
  7  3439 J8  1891  2127 J8  3242  2180 J8   441 10937 22082  8.5  8.2  2.69  0.11  12.25   8.96  10.50  10.84  84   240     0  4.0
  8  3045 J8  1634  2515 J8  3427  1698 J8   391  9069 19812  7.7  7.6  2.08  0.09  12.24   8.57  10.31  10.80  84   246     0  4.0
  9  2403 J8  1037  2259 J8  2550  1450 J8   408  6535 17103  7.6  7.5  1.32  0.06  10.93   7.66   9.23   9.77  77   271     0  4.7
 10  1701 J8   431  2801 J8  1612   848 J8   279  3992 14276  6.3  6.0  0.88  0.04   6.05   2.81   4.49   4.90  72   431     0  5.8
 11   781 J8   335  1639 J8  1483   442 J8   150  2111 11592  6.6  6.5  0.69  0.04   3.47  -0.27   1.58   1.94  75   502     0  6.9
 12   494 J8   188  1539 J8  1419   263 J8    67  1330 10070  6.6  6.4  0.55  0.04  -1.51  -5.56  -3.48  -3.10  71   678     0  6.6
 13  2198 J8  1174  2215 J8   410  1278 J8   745  6245 16605  7.1  6.9  1.13  0.09   5.02   1.39   3.18   3.55  76  5506     0  5.3
 2000
  1   614 J8   321  1517 J8  1645   334 J8   100  1736 10953  6.0  5.7  0.59  0.06  -2.51  -6.37  -4.44  -4.03  73   706     0  7.4
  2   909 J8   406   975 J8  1258   636 J8   175  3288 13489  8.3  7.9  0.75  0.09   2.91   0.76   1.85   1.93  80   478     0  4.6
  3  1980 J8  1008  1954 J8  2217  1169 J8   273  5717 16396  7.6  7.2  0.72  0.11   2.30  -0.98   0.83   1.14  78   548     0  5.1
  4  3203 J8  1550  2981 J8  3240  1688 J8   382  8396 19208  6.9  6.6  0.78  0.14   3.27  -0.63   1.35   1.86  75   510     0  4.1
  5  4763 J8  2027  4783 J8  4271  2008 J8   544 10532 21622  5.1  5.0  0.96  0.14   6.78   2.42   4.43   4.99  72   426     0  4.5
  6  3584 J8  1465  1891 J8  2395  2483 J8   435 11486 22852  8.7  8.3  1.45  0.14   9.87   6.59   8.11   8.40  79   303     0  3.9
  7  3406 J8  1624  2066 J8  2650  2198 J8   378 10906 22040  8.0  7.7  2.10  0.11  11.71   8.25   9.85  10.20  83   259     0  3.8
  8  3809 J8  1737  3952 J8  3550  1695 J8   332  9012 19747  6.5  6.2  2.15  0.09  14.08  10.06  12.02  12.59  77   194     0  4.6
  9  2982 J8  1260  4181 J8  3322  1145 J8   377  6470 17037  5.3  5.0  1.58  0.06  11.72   7.59   9.69  10.38  73   260     0  4.5
 10  1544 J8   573  2178 J8  1869   838 J8   190  3936 14208  7.2  6.6  1.06  0.04   7.65   4.29   6.09   6.61  74   383     0  6.4
 11   824 J8   314  1742 J8  1446   471 J8   150  2078 11537  6.6  6.1  0.87  0.04   5.53   2.66   4.12   4.48  71   427     0  6.7
 12   480 J8   166  1444 J8  1235   275 J8    80  1325 10058  6.6  6.1  0.81  0.04   4.44   0.73   2.59   2.76  72   488     0  6.5
 13  2342 J8  1459  2472 J8  1218  1245 J8   760  6240 16596  6.9  6.5  1.15  0.09   6.48   2.95   4.71   5.11  76  4983     0  5.2
 2001
  1   695 J8   326  1851 J8  1588   346 J8   133  1762 11009  5.7  5.5  0.65  0.06   2.78   0.43   1.54   1.76  73   518     0  5.5
  2  1290 J8   466  1984 J8  1548   732 J8   254  3305 13521  6.0  5.6  0.74  0.09   3.62   0.57   2.14   2.40  70   455     0  6.0
  3  2386 J8  1211  3076 J8  2782  1111 J8   321  5698 16371  6.2  6.1  0.65  0.11   2.69  -0.84   0.90   1.26  66   540     0  7.5
  4  3468 J8  1362  3285 J8  2836  1781 J8   490  8380 19195  6.9  6.4  0.92  0.13   4.80   0.73   2.90   3.39  71   467     0  4.7
  5  4764 J8  1851  4364 J8  3667  2199 J8   534 10523 21616  6.0  5.8  0.87  0.14   7.09   2.13   4.80   5.30  68   425     0  5.3
  6  5927 J8  2093  6160 J8  4054  2208 J8   631 11486 22855  4.5  4.4  1.60  0.14  11.86   6.71   9.21   9.71  72   271     0  4.2
  7  4325 J8  1943  3519 J8  3399  2255 J8   508 10915 22051  6.8  6.6  2.50  0.11  13.71   9.01  11.41  11.88  73   216     0  4.1
  8  3913 J8  1676  4034 J8  3370  1776 J8   357  9028 19766  6.3  5.9  2.12  0.09  13.61   9.06  11.31  11.90  75   217     0  3.9
  9  2896 J8  1178  3966 J8  3187  1158 J8   375  6488 17051  5.5  5.3  1.57  0.06  11.34   7.17   9.31  10.00  73   272     0  4.9
 10  1601 J8   618  2512 J8  1939   821 J8   224  3952 14224  6.7  6.0  0.98  0.04   6.31   2.85   4.67   5.11  71   426     0  6.5
 11   778 J8   338  1789 J8  1679   421 J8   148  2088 11550  6.5  6.3  0.79  0.04   3.44  -0.56   1.47   1.80  71   507     0  6.2
 12   457 J8   184  1292 J8  1361   267 J8    87  1326 10063  6.6  6.3  0.63  0.04   2.39  -1.73   0.59   1.07  65   558     0  4.8
 13  2708 J8  1795  3153 J8  1378  1256 J8   759  6246 16606  6.1  5.8  1.17  0.09   6.97   2.96   5.02   5.46  71  4872     0  5.3
 2002
  1   611 J8   259  1528 J8  1371   339 J8   100  1754 10990  6.3  6.3  1.04  0.06   0.50  -3.24  -1.26  -0.81  70   611     0  6.0
  2  1031 J8   444  1363 J8  1310   657 J8   154  3287 13494  7.1  7.0  0.73  0.09   0.27  -3.27  -1.40  -1.17  70   555     0  4.5
  3  2459 J8   770  3269 J8  2350  1170 J8   362  5676 16354  5.7  5.5  0.89  0.11   3.47   0.49   1.96   2.22  72   507     0  5.5
  4  3204 J8  1490  3079 J8  3086  1633 J8   362  8358 19171  6.9  6.9  1.18  0.13   4.95   1.06   2.90   3.38  70   460     0  5.1
  5  3877 J8  1928  2942 J8  3411  2124 J8   480 10508 21596  7.3  7.1  1.58  0.14   9.09   4.25   6.48   6.98  76   361     0  3.7
  6  4112 J8  1998  2838 J8  3540  2337 J8   497 11484 22852  7.8  7.7  1.72  0.14  10.95   6.95   8.88   9.29  76   281     0  3.0
  7  3757 J8  1922  2664 J8  3645  2188 J8   436 10926 22066  7.4  7.3  2.04  0.11  13.77   9.50  11.54  12.00  74   207     0  3.3
  8  3211 J8  1589  2751 J8  3241  1736 J8   382  9047 19787  7.3  7.1  2.24  0.09  13.97  10.13  12.00  12.48  77   195     0  3.2
  9  2289 J8  1025  2233 J8  2526  1343 J8   327  6510 17075  7.6  7.4  1.69  0.06  11.61   8.56  10.01  10.42  70   247     0  5.4
 10  1238 J8   550  1185 J8  1410   872 J8   202  3971 14250  8.2  8.0  1.65  0.04   9.55   6.14   7.97   8.52  74   325     0  4.9
 11   747 J8   303  1561 J8  1615   430 J8   116  2099 11571  7.1  6.7  1.22  0.04   6.52   3.70   5.21   5.60  70   397     0  4.8
 12   498 J8   167  1792 J8  1493   235 J8    65  1328 10065  5.2  5.0  0.88  0.04   3.29   0.39   1.92   2.34  67   511     0  4.1
 13  2253 J8  1375  2267 J8   744  1255 J8   754  6246 16606  7.0  6.8  1.40  0.09   7.33   3.72   5.52   5.94  72  4658     0  4.5
 2003
  1   473 J8   177   598 J8   827   366 J8   118  1745 10980  8.5  8.2  1.08  0.06   4.00   1.35   2.70   2.92  71   485     0  4.4
  2   808 J8   355   471 J8   717   675 J8   206  3270 13471  9.1  9.0  1.20  0.09   5.11   2.43   3.76   3.99  73   408     0  4.2
  3  2675 J8  1098  3946 J8  2712  1040 J8   274  5654 16318  4.7  4.5  0.67  0.11   1.75  -1.91  -0.20   0.28  55   571     0  7.2
  4  3207 J8  1282  2748 J8  2415  1831 J8   383  8337 19150  6.4  6.0  1.03  0.13   5.57   1.43   3.56   4.04  60   445     0  5.5
  5  3866 J8  2278  3136 J8  4031  2018 J8   480 10494 21579  7.2  6.9  1.37  0.14   7.75   4.08   5.92   6.33  61   385     0  4.7
  6  3380 J8  1767  1541 J8  2853  2431 J8   480 11482 22847  8.7  8.5  1.92  0.14  10.30   7.16   8.56   8.85  68   288     0  3.6
  7  4505 J8  2409  4267 J8  4304  1975 J8   382 10936 22078  6.3  6.2  2.32  0.11  14.07   9.45  11.82  12.33  67   204     0  3.2
  8  2916 J8  1319  2079 J8  2658  1827 J8   412  9066 19810  8.3  8.0  2.45  0.09  13.81  10.61  12.04  12.47  68   190     0  3.7
  9  2543 J8  1055  2752 J8  2686  1377 J8   387  6532 17101  6.8  6.5  1.61  0.06  12.12   8.45  10.23  10.78  63   241     0  3.7
 10  1377 J8   576  1679 J8  1869   849 J8   252  3990 14272  7.6  7.4  1.37  0.04   8.13   5.24   6.71   7.19  62   361     0  5.6
 11   770 J8   278  1625 J8  1284   454 J8   133  2110 11591  6.6  6.2  1.20  0.04   5.97   2.53   4.27   4.50  60   422     0  6.1
 12   490 J8   174  1483 J8  1294   270 J8    68  1330 10070  6.2  5.8  0.87  0.04   2.65  -0.60   1.10   1.33  62   536     0  6.2
 13  2251 J8  1411  2194 J8  1203  1259 J8   745  6245 16606  7.2  6.9  1.42  0.09   7.60   4.18   5.87   6.25  64  4536     0  4.8
 2004
  1   671 J8   242  2045 J8  1727   320 J8   131  1737 10955  5.2  5.0  0.73  0.06   1.43  -1.65   0.03   0.30  57   572     0  4.0
  2  1137 J8   640  1817 J8  2232   603 J8   178  3290 13494  7.0  6.9  0.94  0.09   3.31  -0.24   1.69   2.09  62   487     0  4.8
  3  2346 J8   959  2889 J8  2323  1162 J8   251  5720 16397  5.9  5.6  0.67  0.11   1.65  -1.87  -0.13   0.23  54   572     0  6.3
  4  3019 J8  1439  2622 J8  2721  1653 J8   316  8399 19212  7.1  6.9  1.07  0.14   4.63   0.68   2.63   3.15  60   470     0  4.9
  5  2976 J8  1515  1712 J8  2820  2052 J8   409 10534 21627  8.5  8.4  1.70  0.14   8.00   4.84   6.29   6.63  64   369     0  4.1
  6  3207 J8  1343  1401 J8  2089  2368 J8   401 11486 22852  8.9  8.6  1.97  0.14  10.31   7.33   8.70   8.99  66   285     0  3.6
  7  4169 J8  2078  3152 J8  3501  2157 J8   395 10904 22038  7.6  7.3  2.39  0.11  14.01   9.99  11.84  12.25  71   196     0  2.9
  8  3381 J8  1627  3060 J8  3203  1768 J8   257  9009 19745  7.2  7.0  2.55  0.09  15.69  11.68  13.55  14.08  83   144     0  3.3
  9  2399 J8   935  2384 J8  2231  1344 J8   316  6467 17033  7.5  7.3  1.85  0.06  12.78   9.08  10.78  11.27  78   222     0  5.3
 10  1471 J8   498  2331 J8  1914   799 J8   244  3933 14206  6.8  6.5  1.34  0.04   8.68   5.58   7.08   7.51  75   347     0  6.2
 11   812 J8   338  1859 J8  1440   423 J8   122  2077 11532  6.5  6.4  1.03  0.04   5.79   2.30   4.16   4.35  76   428     0  7.7
 12   439 J8   195  1224 J8  1311   253 J8    56  1325 10058  7.0  6.7  0.96  0.04   3.23  -0.03   1.72   1.96  78   519     0  6.0
 13  2169 J8  1230  2208 J8   637  1242 J8   758  6240 16596  7.1  6.9  1.43  0.09   7.46   3.97   5.70   6.07  69  4612     0  4.9
 2005
  1   510 J8   286  1206 J8  1887   303 J8    84  1763 11012  6.7  6.7  1.12  0.06   4.55   1.32   2.99   3.50  82   477     0  3.2
  2  1053 J8   426  1404 J8  1467   677 J8   171  3307 13522  6.9  6.7  0.92  0.09   3.09  -0.30   1.54   1.91  76   474     0  6.3
  3  1916 J8   936  1717 J8  1889  1199 J8   291  5701 16373  7.7  7.5  0.91  0.11   3.12  -0.55   1.34   1.74  77   528     0  5.4
  4  3293 J8  1345  2743 J8  2620  1826 J8   411  8382 19200  7.2  6.7  1.00  0.13   4.44   0.15   2.39   2.87  67   481     0  5.0
  5  3319 J8  1608  2009 J8  2510  2123 J8   369 10524 21618  8.0  7.9  1.41  0.14   7.75   4.51   5.98   6.32  69   378     0  3.8
  6  4331 J8  1986  3153 J8  3338  2352 J8   450 11486 22855  7.5  7.2  1.91  0.14  11.09   6.35   8.59   9.07  75   288     0  3.2
  7  4575 J8  2096  4006 J8  4007  2160 J8   479 10913 22049  6.4  6.1  2.05  0.11  13.19   8.72  10.98  11.42  75   229     0  3.7
  8  3168 J8  1297  2220 J8  2365  1963 J8   409  9025 19762  8.3  7.8  2.21  0.09  12.88   8.75  10.78  11.32  79   233     0  4.9
  9  2364 J8   668  2358 J8  1881  1374 J8   241  6485 17048  7.6  7.4  1.95  0.06  10.40   6.97   8.65   9.20  75   289     0  6.0
 10  1591 J8   561  2469 J8  1919   831 J8   243  3950 14217  6.3  5.9  1.12  0.04   5.86   2.79   4.35   4.73  67   434     0  5.9
 11   763 J8   234  1554 J8  1388   468 J8   154  2087 11548  6.6  6.3  0.81  0.04   4.83   1.43   3.19   3.60  77   456     0  6.3
 12   370 J8   165   774 J8  1183   258 J8    55  1326 10063  7.9  7.8  1.17  0.04   0.55  -3.76  -1.60  -1.23  70   618     0  4.1
 13  2271 J8  1464  2135 J8   897  1295 J8   777  6246 16605  7.2  7.0  1.38  0.09   6.81   3.03   4.93   5.37  74  4886     0  4.8
 2006
  1   610 J8   323  1409 J8  1502   334 J8    91  1755 10993  6.9  6.5  0.66  0.06   3.97   0.97   2.59   2.82  71   492     0  5.9
  2  1138 J8   448  1554 J8  1404   680 J8   175  3290 13497  7.4  7.1  0.84  0.09   2.09  -1.31   0.43   0.81  74   502     0  6.5
  3  2329 J8  1160  3106 J8  2884  1072 J8   256  5679 16357  5.7  5.4  0.88  0.11   3.03   0.14   1.61   1.93  76   519     0  5.4
  4  3220 J8  1353  2874 J8  2538  1709 J8   333  8361 19173  7.1  6.7  0.91  0.13   3.23  -0.51   1.38   1.85  75   509     0  6.2
  5  4881 J8  2225  4816 J8  4278  2081 J8   483 10510 21600  5.4  5.2  1.16  0.14   6.71   2.28   4.34   4.89  72   429     0  4.7
  6  4830 J8  2440  4045 J8  4174  2277 J8   511 11484 22851  6.4  6.1  1.75  0.14  10.93   6.45   8.59   9.01  75   289     0  3.9
  7  3960 J8  1949  2892 J8  3403  2180 J8   447 10924 22064  7.9  7.6  2.13  0.11  11.78   6.13   9.21   9.63  81   291     0  3.5
  8  3141 J8  1484  2583 J8  3200  1784 J8   374  9044 19784  7.8  7.5  2.40  0.09  12.82   8.50  10.71  11.24  81   238     0  4.1
  9  2768 J8  1194  3285 J8  2810  1313 J8   373  6507 17071  6.5  6.2  1.70  0.06  11.04   7.64   9.29   9.75  69   270     0  4.6
 10  1624 J8   536  2590 J8  2089   826 J8   273  3969 14248  6.5  6.4  1.31  0.04   6.70   2.95   4.88   5.31  69   419     0  6.7
 11   965 J8   406  2600 J8  1994   401 J8   149  2098 11567  5.3  5.1  0.84  0.04   4.80   1.20   3.09   3.30  62   460     0  7.7
 12   570 J8   133  2157 J8  1166   252 J8    64  1328 10066  4.0  3.7  0.66  0.04  -1.49  -5.52  -3.36  -2.95  70   677     0  3.9
 13  2503 J8  1553  2826 J8   953  1243 J8   751  6246 16606  6.4  6.1  1.27  0.09   6.30   2.41   4.40   4.80  73  5094     0  5.3
 2007
  1   627 J8   207  1628 J8  1305   339 J8   108  1746 10982  6.3  6.0  0.77  0.06   2.06  -1.57   0.35   0.58  73   561     0  6.5
  2  1203 J8   705  1936 J8  2145   608 J8   190  3272 13473  6.6  6.2  0.92  0.09   2.32  -1.33   0.68   1.11  66   499     0  4.0
  3  3144 J8   975  5460 J8  2516   942 J8   347  5657 16320  2.9  2.7  0.45  0.11  -0.24  -4.55  -2.46  -2.04  66   642     0  8.8
  4  3712 J8  1470  3762 J8  2882  1709 J8   405  8340 19152  6.2  6.1  1.04  0.13   3.98   0.10   2.01   2.49  72   489     0  4.1
  5  5065 J8  1626  4831 J8  3257  2105 J8   534 10496 21582  6.1  5.6  1.27  0.14   8.99   4.21   6.49   7.07  72   364     0  3.4
  6  4180 J8  1979  2992 J8  3466  2373 J8   421 11482 22848  7.5  7.2  1.65  0.14  10.90   6.57   8.63   9.04  76   288     0  3.7
  7  4292 J8  2069  3799 J8  4032  2089 J8   533 10934 22076  6.8  6.6  2.11  0.11  12.35   9.31  10.68  10.99  81   233     0  3.4
  8  2912 J8  1538  2206 J8  3118  1754 J8   421  9063 19806  7.9  7.7  2.51  0.09  13.67  10.32  11.94  12.41  79   196     0  3.7
  9  1862 J8   668   959 J8  1256  1472 J8   264  6529 17096  8.8  8.7  1.79  0.06  11.53   7.51   9.52  10.19  73   264     0  5.7
 10  1564 J8   640  2163 J8  1984   862 J8   199  3988 14266  7.3  7.0  1.14  0.04   6.67   3.19   4.95   5.34  70   415     0  5.4
 11   716 J8   316  1171 J8  1251   462 J8   144  2109 11588  8.3  7.8  1.07  0.04   5.15   0.95   3.01   3.35  71   458     0  7.0
 12   425 J8   154   947 J8  1107   289 J8    68  1330 10069  7.5  7.4  0.82  0.04   3.09  -0.59   1.40   1.60  76   530     0  6.5
 13  2475 J8  1613  2654 J8  1516  1250 J8   753  6245 16605  6.9  6.6  1.29  0.09   6.71   2.84   4.77   5.18  73  4939     0  5.2
 2008
  1   511 J8   247   905 J8  1102   338 J8    98  1738 10957  8.0  7.8  0.78  0.06  -0.80  -4.34  -2.53  -2.15  76   648     0  6.9
  2  1173 J8   590  1689 J8  1764   671 J8   172  3292 13497  6.9  6.7  0.73  0.09   1.53  -1.75  -0.14   0.11  69   535     0  4.7
  3  2063 J8  1069  2158 J8  2519  1155 J8   358  5723 16400  7.5  7.4  0.75  0.11  -0.05  -4.28  -1.99  -1.53  61   635     0  5.8
  4  3195 J8  1606  2920 J8  3305  1677 J8   500  8402 19216  6.9  6.7  0.97  0.14   2.64  -1.34   0.76   1.14  64   530     0  5.0
  5  2992 J8  1331  1337 J8  2007  2226 J8   451 10536 21628  9.0  8.5  1.20  0.14   6.78   2.70   4.80   5.25  70   421     0  4.6
  6  3482 J8  1702  1706 J8  2676  2431 J8   432 11486 22852  8.8  8.4  1.78  0.14   9.24   6.28   7.69   7.96  78   317     0  2.9
  7  3794 J8  2090  2809 J8  4087  2151 J8   607 10903 22036  7.5  7.2  2.01  0.11  11.33   7.86   9.50   9.89  78   271     0  3.3
  8  3847 J8  1958  4038 J8  4105  1666 J8   388  9007 19743  6.3  6.1  1.85  0.09  12.81   8.71  10.73  11.20  75   235     0  3.4
  9  2145 J8   705  1590 J8  1935  1478 J8   345  6464 17028  8.5  8.0  1.66  0.06  11.55   7.75   9.60  10.24  69   260     0  3.6
 10  1456 J8   570  1886 J8  1773   871 J8   276  3931 14204  7.2  7.0  1.03  0.04   5.52   1.89   3.77   4.18  65   453     0  5.1
 11   794 J8   298  1760 J8  1463   446 J8   164  2075 11529  6.6  6.3  0.77  0.04   4.08  -0.11   1.93   2.17  70   490     0  5.1
 12   385 J8   177   890 J8  1338   255 J8    59  1325 10058  7.5  7.4  1.04  0.04   2.95  -0.18   1.47   1.67  66   525     0  5.6
 13  2153 J8  1288  1974 J8   903  1280 J8   769  6240 16596  7.5  7.3  1.21  0.09   5.63   1.93   3.80   4.18  70  5322     0  4.7
 2009
  1   545 J8   288  1155 J8  1540   335 J8    96  1764 11014  7.2  7.1  0.78  0.06   2.87  -0.19   1.43   1.69  75   527     0  4.7
  2  1154 J8   715  1847 J8  2282   617 J8   201  3309 13526  7.3  7.0  0.89  0.09   0.86  -3.44  -1.27  -1.08  69   549     0  5.9
  3  2104 J8  1184  2379 J8  2676  1114 J8   235  5704 16374  7.0  6.8  0.83  0.11   4.23   0.75   2.45   2.99  68   491     0  7.2
  4  2942 J8  1603  2390 J8  3107  1689 J8   442  8385 19203  7.3  7.1  1.07  0.13   2.94  -0.96   1.06   1.53  64   520     0  5.7
  5  5487 J8  2095  6357 J8  4289  1813 J8   588 10526 21619  4.3  4.1  1.14  0.14   6.93   2.61   4.71   5.25  71   420     0  3.7
  6  3430 J8  1202  1266 J8  1523  2681 J8   565 11486 22855  8.9  8.7  1.59  0.14  11.44   6.38   8.74   9.28  72   283     0  3.3
  7  3116 J8  1308  1217 J8  1636  2388 J8   530 10912 22048  8.9  8.7  2.32  0.11  11.53   8.32   9.84  10.15  83   261     0  3.3
  8  2999 J8  1075  1800 J8  1963  2109 J8   361  9022 19757  7.9  7.5  1.94  0.09  13.31  10.02  11.71  12.11  79   207     0  4.3
  9  2252 J8   849  1505 J8  1731  1599 J8   330  6483 17044  8.2  8.1  1.62  0.06  11.48   7.74   9.63  10.07  66   262     0  4.5
 10  1391 J8   471  1390 J8  1685   994 J8   307  3947 14212  8.0  7.7  1.38  0.04   7.05   3.55   5.40   5.94  69   404     0  5.1
 11   713 J8   240   843 J8   948   542 J8   128  2085 11546  8.3  7.9  0.77  0.04   5.45   1.19   3.38   3.54  71   450     0  6.9
 12   376 J8   121   312 J8   313   329 J8    82  1326 10063  9.1  8.9  1.15  0.04   3.48   0.46   2.08   2.53  68   507     0  4.8
 13  2209 J8  1489  1872 J8  1532  1351 J8   813  6246 16605  7.7  7.5  1.29  0.09   6.80   3.04   4.93   5.33  71  4881     0  5.0
 2010
  1   616 J8   249  1036 J8  1045   426 J8   132  1756 10996  7.2  6.8  0.91  0.06   4.55   1.29   3.03   3.55  83   478     0  5.1
  2  1067 J8   435   920 J8  1111   796 J8   208  3292 13500  7.9  7.8  0.73  0.09   5.12   1.95   3.55   3.72  73   414     0  4.8
  3  2182 J8   853  1999 J8  1839  1385 J8   322  5682 16359  6.8  6.4  0.53  0.11   1.22  -3.44  -0.93  -0.70  64   603     0  6.0
  4  3047 J8  1149  2044 J8  2404  2006 J8   406  8364 19177  7.6  7.2  0.78  0.13   2.91  -1.03   1.00   1.47  75   522     0  5.7
  5  3792 J8  1521  2425 J8  2940  2445 J8   466 10512 21602  7.5  7.2  1.12  0.14   6.75   2.14   4.30   4.90  72   430     0  4.0
  6  3872 J8  1503  2076 J8  2515  2623 J8   403 11484 22852  8.3  8.0  1.61  0.14  10.79   6.48   8.52   8.93  75   291     0  4.9
  7  2975 J8  1079   887 J8  1380  2425 J8   397 10922 22062  9.4  9.0  2.17  0.11  12.19   9.00  10.48  10.80  82   240     0  3.2
  8  2786 J8  1173  1523 J8  2184  2001 J8   413  9042 19781  8.6  8.4  2.30  0.09  13.59  10.21  11.87  12.33  79   199     0  3.9
  9  2074 J8   814  1452 J8  2347  1475 J8   414  6504 17067  8.6  8.3  1.74  0.06  11.65   7.45   9.58  10.24  73   263     0  4.4
 10  1416 J8   452  1282 J8  1188  1030 J8   250  3966 14245  7.6  7.4  1.08  0.04   5.89   2.74   4.37   4.79  67   434     0  5.2
 11   808 J8   332  1593 J8  1574   473 J8   169  2096 11564  7.1  6.7  0.97  0.04   4.51   1.31   2.90   3.22  74   463     0  6.0
 12   465 J8   126   850 J8   910   338 J8    61  1328 10065  7.0  6.7  0.66  0.04   3.99   0.77   2.52   2.77  79   494     0  9.2
 13  2092 J8  1214  1507 J8   534  1452 J8   841  6246 16606  7.8  7.5  1.22  0.09   6.93   3.24   5.10   5.50  75  4831     0  5.2
