703710 SITKA JAPONSKI AP      AK  -9  N57  3  W135 22     4  1013
 1991-2010
 MO AVGLO FL SDGLO AVDIR FL SDDIR AVDIF FL SDDIF AVETR AETRN  TOT  OPQ   H2O   TAU  MAX_T  MIN_T  AVG_T  AVGDT  RH  HTDD  CLDD AVWS
  1   466 J7    55  1014 J8   379   303 J7    16  1476 10512  7.4  6.9  1.05  0.07   4.25   0.22   2.27   2.71  79   499     0  3.9
  2  1139 J7   119  1799 J8   533   646 J7    40  2989 13246  7.1  6.2  1.02  0.09   5.03   0.51   2.77   3.43  77   440     0  3.6
  3  2135 J7   276  2488 J8   825  1159 J7    69  5411 16332  7.0  6.4  0.91  0.12   5.45   0.51   3.01   3.70  74   476     0  3.9
  4  3663 J7   411  3338 J8  1117  1971 J7   188  8172 19372  7.0  6.0  1.07  0.14   8.68   3.01   5.90   6.61  76   375     0  3.4
  5  4431 J7   433  3530 J8   895  2388 J7   149 10422 22019  7.2  6.4  1.38  0.14  11.37   5.99   8.72   9.23  79   299     0  3.1
  6  4409 J7   493  3175 J8  1034  2499 J7   190 11456 23423  7.7  7.1  1.79  0.14  13.83   9.13  11.45  11.84  82   206     0  2.9
  7  3774 J7   403  2180 J8   809  2493 J7   149 10865 22550  8.6  8.0  2.28  0.11  15.25  11.34  13.21  13.53  87   156     0  2.7
  8  3392 J7   501  2752 J8  1180  1944 J7   140  8891 20053  7.8  7.2  2.30  0.09  16.17  11.59  13.80  14.33  86   139     1  2.6
  9  2309 J7   307  2163 J8   851  1388 J7    91  6264 17128  7.9  7.5  1.97  0.06  13.90   9.28  11.59  12.24  84   202     0  3.1
 10  1264 J7   167  1635 J8   631   774 J7    44  3681 14085  7.9  7.4  1.47  0.05  10.10   5.68   7.92   8.53  81   324     0  3.9
 11   640 J7   103  1270 J8   619   409 J7    32  1820 11173  7.5  7.1  1.13  0.04   6.61   2.39   4.59   5.12  78   415     0  4.2
 12   341 J7    47   866 J8   416   233 J7    14  1074  9506  7.4  7.0  1.05  0.05   4.83   0.79   2.91   3.28  78   481     0  4.3
 13  2330 J7   163  2184 J8   483  1350 J7    60  6044 16617  7.5  6.9  1.45  0.09   9.62   5.04   7.35   7.88  80  4010     1  3.5
 1991
  1   463 J5   229  1013 J7  1355   306 J5   100  1470 10496  7.3  6.4  1.17  0.06   3.24  -1.29   0.96   1.57  81   538     0  3.3
  2   944 J5   569   886 J7  1504   679 J5   169  2966 13210  8.6  7.5  1.24  0.08   6.26   1.65   3.84   4.14  83   402     0  4.5
  3  2098 J5   971  2478 J7  2786  1152 J5   384  5370 16285  6.8  6.3  1.00  0.10   4.88  -0.39   1.98   2.80  78   499     0  3.4
  4  2789 J5  1044  1202 J7  1377  2169 J5   407  8133 19328  9.3  8.2  1.30  0.12   8.19   3.61   5.83   6.39  80   373     0  4.3
  5  4330 J5  1744  3184 J6  3213  2457 J5   488 10396 21987  8.2  7.1  1.44  0.13  11.17   5.81   8.38   8.84  83   305     0  3.8
  6  4098 J5  2034  2505 J6  3339  2553 J5   525 11452 23419  8.2  7.6  1.78  0.13  12.72   8.07  10.36  10.75  87   238     0  3.4
  7  3558 J5  1704  1629 J6  2818  2602 J5   380 10886 22579  9.5  8.6  2.24  0.11  14.37  10.47  12.34  12.66  87   183     0  3.1
  8  2756 J5  1110  1136 J7  1743  2161 J5   461  8928 20100  9.3  8.5  2.60  0.12  15.13  10.79  12.85  13.29  87   166     0  3.4
  9  1565 J5   626   384 J7   846  1390 J5   311  6305 17174  9.6  9.3  2.49  0.12  13.50   9.86  11.59  12.05  89   199     0  3.7
 10  1092 J5   465  1064 J7  1574   776 J5   240  3716 14132  7.3  7.0  1.62  0.13   9.55   4.48   6.97   7.64  77   351     0  4.2
 11   428 J5   134   181 J7   467   394 J5    97  1839 11214  9.3  9.1  1.58  0.15   8.26   4.73   6.37   6.74  79   355     0  5.2
 12   259 J5    78   127 J7   274   241 J5    52  1076  9514  8.7  8.2  1.31  0.18   6.03   2.29   4.26   4.59  83   439     0  5.2
 13  2032 J5  1460  1316 J7   968  1407 J5   933  6045 16620  8.5  7.8  1.65  0.12   9.44   5.01   7.14   7.62  83  4049     0  4.0
 1992
  1   327 J5   128    99 J7   299   307 J5    89  1462 10480  9.5  9.2  1.43  0.22   6.56   3.25   4.93   5.18  83   416     0  5.3
  2   926 J5   367   548 J7   823   769 J5   215  2986 13239  7.9  6.8  1.23  0.26   5.99   1.71   3.80   4.37  74   420     0  4.4
  3  1755 J5   805  1030 J7  1474  1324 J5   400  5437 16361  7.5  7.1  1.17  0.30   6.81   1.70   4.24   4.86  75   436     0  4.4
  4  3461 J5  1214  1741 J7  1801  2514 J5   523  8197 19397  7.8  6.5  1.22  0.31   9.22   3.21   6.15   7.01  72   364     0  4.1
  5  3904 J5  1707  1872 J6  2312  2763 J5   609 10438 22037  8.0  7.3  1.50  0.30  11.31   5.95   8.63   9.10  76   301     0  4.6
  6  4464 J5  2052  2617 J6  3254  2811 J5   557 11458 23423  7.5  7.0  1.79  0.27  14.08   8.94  11.57  12.04  81   205     0  4.1
  7  3291 J5  1592  1127 J6  2148  2580 J5   588 10852 22532  9.4  8.8  2.28  0.24  14.69  11.32  12.77  13.03  86   165     0  3.6
  8  2618 J5  1114  1172 J7  1814  2016 J5   421  8869 20027  8.6  8.2  2.24  0.19  15.51  10.98  13.13  13.64  85   158     0  3.2
  9  1932 J5  1013  1092 J7  1908  1427 J5   365  6238 17102  8.2  8.0  1.70  0.16  11.67   6.70   9.29  10.01  81   274     0  3.7
 10  1149 J5   590  1028 J7  1549   818 J5   292  3658 14057  7.9  7.4  1.47  0.13   9.00   4.57   6.72   7.33  76   358     0  4.2
 11   423 J5   161   247 J7   733   377 J5    86  1806 11148  8.5  8.3  1.44  0.11   7.71   3.31   5.70   6.36  81   385     0  4.7
 12   277 J5   122   451 J7   793   218 J5    55  1072  9501  7.2  6.9  1.14  0.11   3.39  -0.84   1.41   1.82  74   529     0  4.3
 13  2044 J5  1479  1085 J7   724  1494 J5  1006  6040 16609  8.2  7.6  1.55  0.22   9.66   5.07   7.36   7.90  79  4010     0  4.2
 1993
  1   401 J5   164   528 J7   770   314 J5    97  1487 10532  6.9  6.4  0.82  0.12   3.15  -1.11   0.99   1.57  78   537     0  4.1
  2  1203 J5   633  1814 J7  1878   681 J5   248  3002 13268  6.2  5.4  1.08  0.14   6.23   0.70   3.40   4.49  73   416     0  3.2
  3  2045 J5  1083  1995 J7  2535  1229 J5   333  5418 16341  6.9  6.1  0.82  0.15   7.14   1.53   4.15   5.03  70   434     0  4.1
  4  3170 J5  1432  2129 J7  2855  2054 J5   388  8180 19382  7.8  7.1  1.15  0.17  10.52   4.42   7.61   8.36  76   326     0  2.7
  5  4818 J5  2015  3922 J6  3580  2517 J5   601 10428 22029  6.7  5.5  1.56  0.17  13.34   7.35  10.20  10.79  80   247     0  2.7
  6  4404 J5  1641  2570 J6  2354  2836 J5   502 11457 23424  7.7  7.1  1.70  0.16  14.90   9.59  12.29  12.77  80   183     0  2.9
  7  4111 J5  1851  2652 J6  2991  2530 J5   442 10862 22546  8.4  7.4  2.14  0.14  16.95  12.53  14.55  14.94  82   111     0  2.9
  8  3582 J5  1815  2987 J7  3576  1985 J5   471  8886 20048  7.1  6.7  2.21  0.11  17.38  12.09  14.75  15.40  80   112     0  3.0
  9  2320 J5  1216  2105 J7  2664  1385 J5   340  6258 17117  8.1  7.4  2.03  0.08  14.55  10.08  12.28  12.93  86   180     0  2.8
 10   999 J5   570   725 J7  1644   769 J5   221  3675 14077  8.8  8.5  1.77  0.06  11.99   8.03   9.91  10.47  87   258     0  3.5
 11   533 J5   226   686 J7  1102   414 J5   124  1816 11165  8.3  7.9  1.11  0.05   7.33   2.64   5.32   5.92  83   400     0  4.5
 12   250 J5    82   139 J7   267   232 J5    56  1073  9502  9.1  9.0  1.11  0.05   7.21   3.37   5.42   5.59  79   404     0  5.2
 13  2320 J5  1661  1854 J7  1136  1412 J5   945  6045 16619  7.7  7.0  1.46  0.12  10.89   5.93   8.41   9.02  79  3608     0  3.5
 1994
  1   397 J5   216   471 J7   885   316 J5   104  1479 10522  8.8  8.3  1.18  0.07   5.53   1.81   3.71   4.14  87   454     0  3.3
  2  1144 J5   604  1898 J7  2158   625 J5   146  2985 13242  6.0  5.6  0.72  0.09   1.23  -3.55  -1.28  -0.34  64   546     0  3.5
  3  1516 J5   696   608 J7   925  1252 J5   372  5395 16314  9.2  8.8  0.99  0.12   7.05   2.12   4.58   5.15  83   426     0  4.3
  4  3339 J5  1413  2596 J7  2799  2041 J5   490  8158 19357  8.0  6.6  1.10  0.13   9.36   3.99   6.57   7.23  83   350     0  3.3
  5  3500 J5  1705  1806 J6  2825  2492 J5   327 10413 22006  8.9  7.9  1.38  0.14  11.19   6.09   8.50   8.93  81   300     0  3.6
  6  3836 J5  1883  2039 J6  2913  2539 J5   437 11455 23424  8.7  8.2  1.85  0.13  13.82   9.51  11.55  11.91  86   200     0  2.6
  7  4116 J5  1930  2703 J6  3397  2570 J5   423 10873 22562  7.7  7.1  2.10  0.11  15.77  10.83  13.30  13.72  86   156     0  2.6
  8  3472 J5  1505  2779 J7  2893  1925 J5   386  8905 20068  7.6  7.1  2.48  0.09  17.29  12.23  14.51  15.10  86   112     1  2.7
  9  1971 J5   810  1168 J7  2046  1501 J5   318  6280 17147  8.7  8.5  1.86  0.06  13.91   8.93  11.30  11.97  86   207     0  3.4
 10  1035 J5   439   685 J7  1429   831 J5   191  3694 14102  8.9  8.6  1.29  0.04   9.85   5.42   7.55   8.07  86   331     0  4.4
 11   575 J5   285   825 J7  1433   420 J5   130  1827 11189  8.1  7.6  0.75  0.04   4.66  -0.48   2.17   2.62  85   487     0  4.4
 12   329 J5   134   612 J7  1025   250 J5    59  1074  9510  7.3  6.9  0.84  0.04   3.45  -0.53   1.57   2.04  85   523     0  3.7
 13  2102 J5  1453  1516 J7   889  1397 J5   902  6045 16620  8.2  7.6  1.38  0.09   9.43   4.70   7.00   7.54  83  4093     1  3.5
 1995
  1   474 J5   217  1067 J7  1298   311 J5    99  1471 10496  6.3  5.6  0.96  0.06   4.85   0.05   2.66   3.50  82   492     0  3.3
  2  1115 J5   596  1707 J7  2175   644 J5   228  2968 13213  7.1  6.4  0.80  0.08   4.71  -0.56   2.13   2.69  68   455     0  3.4
  3  1863 J5   813  2123 J7  2647  1105 J5   311  5373 16287  6.9  6.5  0.81  0.10   5.85   0.27   2.98   3.75  70   473     0  3.3
  4  3469 J5  1623  2694 J7  3155  2043 J5   448  8135 19331  7.3  6.5  1.06  0.12  10.68   4.52   7.41   8.16  77   322     0  3.2
  5  4248 J5  1979  3083 J6  3448  2414 J5   487 10398 21991  7.7  6.6  1.46  0.13  12.30   6.93   9.52  10.02  84   270     0  2.2
  6  3919 J5  1957  2494 J6  3413  2426 J5   449 11452 23420  8.3  7.9  1.89  0.13  14.09   9.26  11.58  12.01  84   200     0  3.1
  7  3144 J5  1458  1191 J6  2283  2385 J5   393 10884 22576  9.3  9.0  2.43  0.10  14.61  11.48  12.98  13.24  92   164     0  2.9
  8  3335 J5  1463  2263 J7  2770  2119 J5   400  8925 20095  8.7  7.6  2.08  0.08  15.21  10.68  12.79  13.27  91   167     0  2.4
  9  2235 J5  1096  1748 J7  2506  1451 J5   307  6302 17169  8.2  8.0  2.45  0.06  16.59  11.26  13.85  14.67  89   132     0  2.7
 10  1218 J5   517  1550 J7  2222   786 J5   248  3713 14128  8.0  7.6  1.23  0.04  10.53   5.78   8.00   8.87  86   315     0  4.0
 11   563 J5   215   849 J7  1390   416 J5   122  1838 11212  8.1  7.8  1.00  0.03   5.43   1.58   3.67   4.09  75   445     0  4.3
 12   334 J5   138   678 J7  1111   245 J5    59  1076  9513  8.2  7.6  1.02  0.04   4.40  -0.14   2.24   2.72  80   502     0  4.1
 13  2160 J5  1424  1787 J7   762  1362 J5   879  6045 16619  7.8  7.3  1.43  0.08   9.94   5.09   7.48   8.08  81  3938     0  3.2
 1996
  1   562 J5   282  1633 J7  1641   286 J5    88  1463 10480  5.6  5.4  0.61  0.06   0.75  -4.38  -1.98  -1.17  71   624     0  3.0
  2  1051 J5   688  1524 J7  2120   608 J5   206  2988 13243  7.4  7.0  1.01  0.08   4.74  -0.30   2.00   2.70  83   467     0  3.7
  3  2493 J5  1161  3374 J7  3084  1160 J5   351  5440 16364  5.8  5.1  0.89  0.10   6.74   0.60   3.51   4.42  67   455     0  3.3
  4  3356 J5  1294  2626 J7  2941  2076 J5   507  8200 19398  7.7  6.4  0.97  0.12  10.06   2.87   6.60   7.49  71   356     0  3.8
  5  4953 J5  1861  4451 J6  3721  2400 J5   582 10440 22037  6.1  5.4  1.08  0.13  12.54   5.07   8.99   9.82  75   295     0  2.7
  6  3991 J5  1765  2171 J7  2714  2631 J5   477 11458 23423  9.1  8.1  1.61  0.13  13.37   9.19  11.09  11.43  84   211     0  3.6
  7  3418 J7  1567  1479 J7  2678  2513 J7   451 10851 22530  9.4  8.8  2.04  0.10  15.29  11.03  13.00  13.37  89   160     0  2.7
  8  2730 J6  1033  1147 J7  1967  2162 J6   404  8866 20025  8.9  8.6  2.21  0.08  15.59  11.42  13.35  13.82  91   150     0  3.0
  9  2563 J5  1224  2746 J7  3263  1373 J5   424  6235 17099  7.1  6.6  1.67  0.05  13.94   7.82  10.67  11.75  83   223     0  3.3
 10  1038 J5   410   687 J7  1250   844 J5   231  3656 14053  8.9  8.3  1.27  0.04   9.05   4.61   6.84   7.52  81   357     0  4.4
 11   725 J5   312  1864 J7  2035   395 J5   184  1805 11146  6.0  5.6  0.89  0.03   5.57   0.76   3.18   4.04  66   455     0  4.0
 12   394 J8   123  1340 J8  1351   237 J8    71  1072  9501  5.6  5.3  0.68  0.04   2.13  -2.10  -0.00   0.30  64   568     0  4.3
 13  2273 J6  1503  2087 J7  1058  1390 J6   924  6040 16608  7.3  6.7  1.24  0.08   9.15   3.88   6.44   7.12  77  4322     0  3.5
 1997
  1   430 J8   247   886 J8  1509   287 J8    90  1488 10537  7.3  7.2  0.93  0.06   3.39  -0.84   1.42   1.84  76   529     0  4.1
  2   998 J8   539  1188 J8  1558   670 J8   225  3004 13272  8.8  7.5  1.16  0.08   5.97   2.53   4.36   4.79  86   394     0  4.1
  3  1969 J8   950  2302 J8  2809  1113 J8   321  5421 16346  7.2  6.5  0.71  0.10   4.19  -0.04   2.07   2.59  73   504     0  3.9
  4  3955 J8  1585  4179 J8  3594  1828 J8   523  8182 19384  6.1  5.2  0.94  0.12   9.50   3.03   6.30   7.01  78   362     0  3.4
  5  4453 J8  2242  4089 J8  4110  2125 J8   457 10430 22033  6.4  5.9  1.41  0.13  12.10   6.42   9.35   9.90  82   281     0  2.8
  6  4541 J8  1848  3219 J8  3265  2554 J8   540 11458 23424  7.8  7.1  1.87  0.13  14.30   9.96  12.24  12.58  85   186     0  2.6
  7  3482 J8  1309  1528 J8  2161  2587 J8   257 10861 22543  8.8  8.5  2.31  0.10  15.90  11.93  13.97  14.29  89   137     0  2.4
  8  3604 J8  1615  3335 J8  3389  1820 J8   406  8883 20042  7.4  6.8  2.46  0.08  17.81  12.78  15.25  15.86  88    94     0  2.5
  9  2667 J8  1135  3386 J8  3328  1237 J8   374  6255 17115  6.5  6.1  1.88  0.06  15.43   9.86  12.67  13.64  86   170     0  2.7
 10  1458 J8   871  2296 J8  2951   740 J8   218  3673 14075  7.3  6.7  1.24  0.04   9.60   5.22   7.45   8.11  74   339     0  3.8
 11   709 J8   323  1552 J8  1768   408 J8   155  1815 11160  6.9  6.2  1.16  0.03   8.11   3.57   5.94   6.70  83   375     0  3.9
 12   294 J8   116   497 J8   867   232 J8    46  1073  9502  8.9  8.5  1.05  0.04   6.29   2.29   4.28   4.45  86   435     0  5.4
 13  2380 J8  1599  2371 J8  1258  1300 J8   862  6045 16619  7.4  6.9  1.43  0.08  10.22   5.56   7.94   8.48  82  3805     0  3.5
 1998
  1   529 J8   164  1600 J8  1322   286 J8    96  1480 10523  6.1  5.6  0.94  0.06   3.78  -0.49   1.76   2.40  73   517     0  4.2
  2  1220 J8   514  2138 J8  1917   653 J8   159  2987 13246  7.2  5.5  1.01  0.08   7.68   3.82   5.79   6.34  72   352     0  5.1
  3  2254 J8   904  3079 J8  2940  1115 J8   369  5398 16317  5.9  5.4  0.95  0.10   7.10   1.61   4.47   5.41  76   433     0  3.2
  4  3470 J8  1351  2722 J8  2619  2058 J8   427  8160 19359  7.8  6.5  1.03  0.12   8.51   3.07   6.03   6.77  81   376     0  3.7
  5  4465 J8  1865  3697 J8  3697  2343 J8   676 10415 22008  7.4  6.4  1.46  0.13  10.55   6.15   8.60   9.00  84   309     0  3.4
  6  5365 J8  2215  5319 J8  4239  2151 J8   565 11455 23423  6.2  5.6  1.97  0.13  13.54   9.44  11.32  11.71  85   205     0  3.6
  7  3921 J8  1758  2779 J8  3439  2314 J8   439 10872 22559  7.9  7.7  2.23  0.10  15.04  11.50  13.10  13.42  87   157     0  3.1
  8  3525 J8  1832  3210 J8  3929  1843 J8   460  8903 20067  7.5  7.0  2.08  0.08  15.42  10.50  12.98  13.52  86   166     0  3.1
  9  2258 J8  1078  2139 J8  2985  1351 J8   334  6277 17141  8.2  7.7  1.79  0.06  12.97   8.73  10.96  11.53  84   224     0  3.1
 10  1350 J8   757  1955 J8  2756   751 J8   283  3692 14099  7.5  7.2  1.53  0.04  10.85   5.83   8.47   9.27  79   310     0  3.7
 11   774 J8   382  2300 J8  2260   344 J8   125  1826 11186  5.6  5.2  0.93  0.03   7.07   1.87   4.68   5.71  78   416     0  3.7
 12   386 J8   123  1133 J8  1175   242 J8    66  1074  9510  6.6  6.5  0.83  0.04   4.03   0.16   2.21   2.65  77   503     0  4.4
 13  2460 J8  1664  2673 J8  1098  1288 J8   827  6045 16620  7.0  6.4  1.40  0.08   9.71   5.18   7.53   8.14  80  3970     0  3.7
 1999
  1   486 J8   251  1158 J8  1511   294 J8    85  1472 10499  7.3  6.9  0.88  0.06   3.48  -0.23   1.66   2.18  83   518     0  3.8
  2  1155 J8   599  1878 J8  1992   629 J8   185  2970 13217  7.1  6.5  0.71  0.08   3.93  -0.54   1.93   2.55  72   466     0  5.0
  3  2228 J8  1128  2800 J8  2812  1109 J8   278  5375 16290  6.9  6.2  0.75  0.10   5.34   0.45   2.92   3.70  75   478     0  3.8
  4  3239 J8  1276  2512 J8  2381  1982 J8   349  8138 19332  7.8  7.2  1.04  0.12   7.50   2.38   4.87   5.49  79   402     0  4.0
  5  3768 J8  1666  2463 J8  3039  2354 J8   526 10400 21992  8.1  7.6  1.18  0.13   8.64   4.26   6.62   7.00  80   368     0  3.7
  6  4510 J8  2335  3802 J8  4287  2256 J8   452 11453 23420  7.5  6.8  1.80  0.13  13.00   8.28  10.65  11.00  82   231     0  2.9
  7  4106 J8  1955  3276 J8  3653  2165 J8   350 10882 22574  7.7  7.3  2.23  0.10  14.28  10.35  12.14  12.47  87   186     0  3.2
  8  3212 J8  1595  2395 J8  3137  1921 J8   444  8922 20091  7.9  7.5  2.22  0.08  15.17  10.83  12.94  13.42  88   165     0  2.7
  9  2077 J8   777  1441 J8  1976  1462 J8   334  6299 17168  9.0  8.6  1.91  0.06  12.60   8.82  10.73  11.15  86   229     0  3.6
 10  1021 J8   295   776 J8  1148   801 J8   176  3711 14125  9.2  9.0  1.38  0.04   9.42   5.90   7.64   7.93  84   331     0  4.9
 11   608 J8   235   893 J8  1158   452 J8   128  1837 11207  8.6  7.9  0.99  0.03   6.77   2.88   4.87   5.30  78   405     0  4.9
 12   306 J8   111   567 J8   828   237 J8    53  1076  9513  8.8  8.4  1.10  0.04   5.70   2.24   3.97   4.14  85   445     0  4.4
 13  2226 J8  1510  1997 J8  1043  1305 J8   812  6045 16619  8.0  7.5  1.35  0.08   8.82   4.64   6.75   7.20  82  4224     0  3.9
 2000
  1   430 J8   200   916 J8  1333   291 J8   101  1464 10483  7.8  7.2  0.73  0.06   2.83  -1.02   0.96   1.48  77   540     0  4.3
  2  1266 J8   396  2292 J8  1704   670 J8   231  2990 13244  6.2  5.2  0.84  0.08   4.67   0.07   2.36   3.24  84   463     0  2.6
  3  2018 J8   785  2058 J8  2713  1236 J8   338  5443 16367  7.7  7.2  0.91  0.10   6.13   1.77   3.94   4.54  79   446     0  4.3
  4  3643 J8  1523  3469 J8  3169  1887 J8   461  8203 19404  7.2  6.3  0.87  0.12   7.66   2.33   5.12   5.75  76   400     0  3.4
  5  4684 J8  1958  4247 J8  3995  2265 J8   500 10442 22038  6.8  6.0  1.04  0.13  10.75   5.29   8.12   8.64  80   320     0  3.3
  6  4631 J8  2270  3791 J8  4346  2365 J8   650 11458 23423  7.1  6.8  1.59  0.13  13.28   8.43  10.95  11.37  85   224     0  2.6
  7  3322 J8  1418  1476 J8  2626  2437 J8   397 10849 22527  8.9  8.7  2.07  0.10  14.73  10.87  12.79  13.13  89   171     0  2.5
  8  3404 J8  1490  2799 J8  3253  1962 J8   526  8863 20024  8.0  7.3  2.10  0.08  15.34  11.06  13.12  13.60  86   159     0  2.9
  9  2333 J8  1272  2519 J8  3311  1242 J8   345  6232 17096  7.4  7.2  1.85  0.05  12.87   8.36  10.70  11.27  87   231     0  3.1
 10  1335 J8   561  1900 J8  2257   787 J8   259  3654 14049  8.0  7.3  1.29  0.04   9.66   5.32   7.55   8.10  83   336     0  4.3
 11   700 J8   309  1577 J8  1763   407 J8   146  1804 11144  7.5  6.9  1.10  0.03   7.51   3.67   5.75   6.19  82   382     0  4.1
 12   374 J8   141  1173 J8  1293   228 J8    54  1071  9502  6.7  6.0  0.90  0.04   5.38   1.34   3.41   3.86  75   464     0  4.2
 13  2345 J8  1567  2351 J8  1055  1315 J8   841  6039 16608  7.4  6.8  1.27  0.08   9.23   4.79   7.06   7.60  82  4137     0  3.5
 2001
  1   427 J8   205   688 J8   991   313 J8    91  1489 10539  8.5  7.9  1.06  0.06   6.51   3.07   4.89   5.15  80   420     0  5.7
  2  1287 J8   622  2310 J8  2112   660 J8   223  3007 13272  6.0  4.5  0.82  0.08   4.74  -0.77   2.03   2.95  76   458     0  2.8
  3  2054 J8  1128  2478 J8  3001  1059 J8   256  5423 16348  7.2  6.6  0.77  0.10   4.99   0.33   2.84   3.50  75   486     0  4.5
  4  3932 J8  1495  4059 J8  3347  1856 J8   515  8185 19388  6.3  5.5  0.80  0.12   7.84   2.04   5.08   5.88  78   402     0  3.4
  5  4013 J8  1575  2527 J8  2687  2567 J8   465 10431 22034  8.4  7.3  1.07  0.13   9.21   4.59   7.02   7.43  79   354     0  4.0
  6  3900 J8  1745  2304 J8  2969  2492 J8   304 11458 23425  8.5  8.0  1.61  0.13  13.71   9.03  11.37  11.78  82   209     0  2.5
  7  3469 J8  1861  1961 J8  3371  2307 J8   355 10859 22543  8.7  8.4  2.04  0.10  14.59  10.82  12.65  12.97  87   174     0  2.9
  8  3840 J8  1784  3891 J8  4025  1767 J8   473  8880 20034  6.9  6.6  2.12  0.08  17.08  11.83  14.42  15.04  81   120     0  2.7
  9  2303 J8  1121  1984 J8  2659  1450 J8   398  6252 17111  8.5  8.0  1.71  0.06  13.48   9.50  11.46  11.97  82   205     0  3.8
 10  1243 J8   638  1534 J8  2220   773 J8   224  3671 14069  8.5  8.0  1.15  0.04   9.06   5.00   7.02   7.48  82   350     0  4.4
 11   724 J8   288  2039 J8  1962   375 J8   152  1814 11159  6.1  5.4  0.79  0.03   5.35   1.39   3.41   3.94  70   449     0  4.5
 12   327 J8   134   651 J8  1065   243 J8    58  1073  9501  7.9  7.3  0.85  0.04   4.53   0.09   2.55   3.02  74   497     0  5.0
 13  2293 J8  1476  2202 J8  1035  1322 J8   867  6045 16619  7.6  6.9  1.23  0.08   9.26   4.74   7.06   7.59  79  4123     0  3.8
 2002
  1   455 J8   258   895 J8  1489   303 J8   115  1481 10524  8.3  8.0  1.16  0.06   4.65   1.01   2.90   3.13  84   481     0  4.0
  2  1127 J8   609  1851 J8  2161   631 J8   231  2989 13249  7.6  6.1  0.95  0.08   3.79  -0.76   1.48   2.05  90   471     0  4.0
  3  2649 J8  1100  4127 J8  3412  1060 J8   406  5401 16321  4.5  4.3  0.66  0.10   3.20  -2.28   0.58   1.62  62   554     0  3.1
  4  4314 J8  1451  5191 J8  3340  1729 J8   449  8163 19364  4.3  3.8  0.92  0.12   7.06   0.67   4.11   5.06  63   434     0  3.0
  5  4319 J8  2201  3636 J8  4223  2199 J8   589 10417 22009  7.0  6.5  1.46  0.13  10.51   5.34   8.03   8.50  74   323     0  3.0
  6  4037 J8  1994  2775 J8  3587  2382 J8   426 11455 23422  8.0  7.5  1.94  0.13  13.47   9.07  11.23  11.56  81   212     0  2.8
  7  3656 J8  1668  1981 J8  2958  2505 J8   580 10870 22558  8.6  8.1  2.35  0.10  14.15  10.54  12.40  12.69  87   186     0  2.2
  8  3319 J8  1978  2663 J8  3857  1856 J8   364  8900 20062  7.8  7.3  2.51  0.08  15.51  11.54  13.47  13.91  88   149     0  2.8
  9  2338 J8  1321  2506 J8  3421  1275 J8   403  6274 17138  7.6  7.4  2.01  0.06  13.69   9.31  11.48  12.11  87   205     0  2.6
 10  1141 J8   532  1457 J8  2093   736 J8   230  3689 14096  8.1  7.8  1.94  0.04  11.60   7.53   9.62  10.18  88   272     0  3.0
 11   650 J8   266  1442 J8  1647   391 J8   137  1825 11183  7.8  7.3  1.68  0.03  10.73   6.43   8.71   9.22  80   292     0  4.1
 12   366 J8   144  1138 J8  1343   225 J8    55  1074  9508  6.7  6.0  1.21  0.04   5.94   2.22   4.15   4.48  89   442     0  3.7
 13  2364 J8  1558  2472 J8  1300  1274 J8   838  6045 16619  7.2  6.7  1.57  0.08   9.52   5.05   7.35   7.88  81  4019     0  3.2
 2003
  1   495 J8   227  1355 J8  1461   285 J8   102  1473 10502  6.8  6.3  1.38  0.06   7.12   2.82   5.10   5.47  83   414     0  4.2
  2  1120 J8   545  1696 J8  1808   657 J8   240  2972 13222  8.0  7.1  1.26  0.08   6.04   2.58   4.25   4.82  85   393     0  2.3
  3  2322 J8   912  3224 J8  2628  1078 J8   291  5378 16293  6.2  5.3  0.95  0.10   5.06  -0.02   2.66   3.47  66   490     0  4.2
  4  4269 J8  1616  5387 J8  3790  1605 J8   477  8141 19338  5.3  4.3  1.07  0.12   9.24   3.50   6.35   7.15  76   359     0  3.4
  5  5064 J8  1810  4874 J8  3846  2237 J8   626 10402 21995  5.9  5.2  1.26  0.13  12.17   5.81   9.00   9.65  73   289     0  3.1
  6  4528 J8  2047  3282 J8  3513  2552 J8   502 11453 23421  8.1  7.1  1.92  0.13  13.70   9.50  11.53  11.89  84   202     0  2.9
  7  4040 J8  1824  2687 J8  3450  2464 J8   509 10881 22573  8.2  7.6  2.51  0.10  16.22  12.45  14.28  14.58  87   124     0  2.4
  8  4139 J8  1858  4361 J8  4118  1828 J8   575  8920 20081  6.0  5.6  2.08  0.08  16.70  11.50  14.22  14.85  85   132     1  2.4
  9  2269 J8   985  2258 J8  3027  1371 J8   436  6296 17163  7.7  7.5  2.08  0.06  14.48   9.95  12.30  12.92  87   183     0  3.3
 10  1351 J8   735  2267 J8  2939   695 J8   244  3709 14123  6.6  6.4  1.60  0.04  12.29   7.80  10.10  10.66  79   257     0  3.4
 11   707 J8   325  1406 J8  1866   439 J8   148  1835 11203  7.4  7.1  1.09  0.03   6.90   1.89   4.35   4.99  79   418     0  3.1
 12   328 J8   133   757 J8  1184   236 J8    73  1076  9512  7.8  7.6  1.16  0.04   5.96   2.01   4.10   4.48  78   445     0  4.3
 13  2553 J8  1761  2796 J8  1473  1287 J8   848  6045 16619  7.0  6.4  1.53  0.08  10.49   5.81   8.19   8.74  80  3706     1  3.3
 2004
  1   493 J8   269  1458 J8  1744   264 J8    92  1465 10486  6.3  6.0  1.00  0.06   3.29  -1.08   1.04   1.32  70   534     0  3.5
  2  1252 J8   661  2347 J8  2220   590 J8   197  2992 13247  6.9  6.1  1.32  0.08   7.16   2.37   4.78   5.48  78   393     0  3.7
  3  1920 J8   956  1896 J8  2503  1153 J8   259  5446 16370  7.8  7.5  1.04  0.10   5.92   1.44   3.74   4.29  79   454     0  4.0
  4  3593 J8  1640  3458 J8  3518  1837 J8   434  8205 19408  6.7  6.1  1.32  0.12   9.52   3.96   6.87   7.42  76   348     0  3.2
  5  4580 J8  1984  4034 J8  3907  2213 J8   582 10444 22040  6.5  6.3  1.50  0.13  12.04   7.17   9.49   9.97  81   270     0  2.7
  6  5176 J8  2463  4976 J8  4670  2210 J8   621 11458 23423  6.1  5.5  2.00  0.13  15.93  10.62  13.18  13.61  80   157     6  2.6
  7  4179 J8  1594  2647 J8  3716  2674 J8   641 10847 22524  8.0  7.7  2.53  0.10  16.39  12.76  14.58  14.87  89   116     0  1.9
  8  4507 J8  1548  5533 J8  3434  1689 J8   418  8861 20020  4.6  4.2  2.44  0.08  19.62  13.31  16.28  17.17  82    67     9  1.7
  9  2607 J8  1381  3175 J8  3808  1250 J8   407  6230 17091  6.9  6.7  1.83  0.05  14.18   9.05  11.70  12.49  80   201     0  3.3
 10  1498 J8   687  2709 J8  2643   688 J8   242  3651 14047  6.7  6.3  1.53  0.04  10.07   5.20   7.85   8.61  80   332     0  3.3
 11   598 J8   318  1059 J8  1727   393 J8   106  1803 11142  8.2  8.0  1.31  0.03   6.68   2.98   4.88   5.19  87   405     0  3.9
 12   329 J8   152   934 J8  1353   212 J8    47  1071  9501  7.2  7.1  1.15  0.04   5.50   0.65   3.50   3.97  76   473     0  4.3
 13  2561 J8  1778  2852 J8  1466  1264 J8   850  6039 16608  6.8  6.4  1.58  0.08  10.53   5.70   8.16   8.70  80  3751    14  3.2
 2005
  1   456 J8   203   989 J8  1378   305 J8   102  1490 10542  7.2  6.8  1.24  0.06   4.72   0.43   2.66   3.06  79   489     0  3.0
  2   972 J8   499  1324 J8  2115   622 J8   204  3009 13277  7.7  7.2  1.16  0.08   5.21   1.03   3.14   3.73  82   426     0  3.4
  3  2479 J8  1107  3313 J8  2955  1159 J8   367  5426 16351  6.5  5.2  1.05  0.10   7.13   2.21   4.92   5.54  72   423     0  4.0
  4  4357 J8  1435  4938 J8  3075  1817 J8   414  8188 19392  5.7  4.7  1.21  0.12   9.93   4.20   7.15   7.85  76   338     0  3.0
  5  5124 J8  1946  4866 J8  3954  2307 J8   557 10433 22036  6.2  5.4  1.59  0.13  14.75   8.48  11.55  12.16  73   208     0  2.4
  6  5235 J8  2295  5087 J8  4499  2252 J8   603 11458 23424  6.0  5.4  1.81  0.13  15.35   9.76  12.73  13.23  80   173     0  2.6
  7  3867 J8  1556  2203 J8  2607  2648 J8   350 10857 22538  8.8  7.8  2.33  0.10  16.11  12.09  14.16  14.53  86   131     0  2.2
  8  3697 J8  1838  3585 J8  4290  1829 J8   619  8877 20031  6.8  6.5  2.37  0.08  17.35  12.44  14.98  15.58  84   109     2  2.3
  9  2227 J8   920  1636 J8  2353  1552 J8   429  6249 17108  8.4  8.0  2.06  0.06  13.79   9.96  12.00  12.48  85   194     0  3.2
 10  1441 J8   674  2051 J8  2292   798 J8   253  3668 14065  7.5  7.2  1.43  0.04  10.13   5.63   7.97   8.51  77   324     0  4.1
 11   661 J8   256  1343 J8  1651   426 J8   157  1813 11156  7.5  7.1  1.38  0.03   7.37   3.15   5.11   5.53  77   392     0  4.7
 12   383 J8   141  1220 J8  1350   230 J8    65  1073  9501  7.4  6.8  1.43  0.04   6.97   3.13   5.11   5.48  78   412     0  4.3
 13  2575 J8  1824  2713 J8  1573  1329 J8   851  6045 16618  7.1  6.5  1.59  0.08  10.73   6.04   8.46   8.97  79  3619     2  3.3
 2006
  1   535 J8   197  1239 J8  1024   330 J8    99  1482 10525  7.6  6.7  1.01  0.06   4.16   0.69   2.50   2.79  80   493     0  3.6
  2  1319 J8   489  2499 J8  1984   643 J8   224  2992 13252  5.5  5.2  0.89  0.08   4.40  -0.75   1.91   2.62  70   462     0  4.1
  3  2523 J8  1091  3502 J8  2825  1108 J8   326  5404 16325  5.9  5.4  0.83  0.10   3.97  -1.97   1.11   2.00  65   537     0  2.9
  4  3460 J8  1411  2798 J8  3135  2055 J8   454  8166 19366  8.1  6.7  1.18  0.12   7.12   2.21   4.87   5.42  78   410     0  3.1
  5  4289 J8  1668  3136 J8  3173  2539 J8   478 10418 22015  7.4  6.6  1.52  0.13  10.45   5.88   8.19   8.55  80   315     0  3.0
  6  4271 J8  2060  2755 J8  3747  2621 J8   612 11456 23423  8.1  7.4  1.81  0.13  13.26   9.22  11.09  11.40  84   213     0  2.6
  7  3876 J8  1543  2218 J8  2947  2585 J8   482 10868 22556  8.5  8.0  2.22  0.10  15.41  11.14  13.15  13.49  83   157     0  2.5
  8  2598 J8  1079  1000 J8  1792  2086 J8   281  8897 20059  9.6  8.9  2.44  0.08  14.16  11.20  12.55  12.85  88   175     0  2.4
  9  2523 J8  1080  2476 J8  2926  1471 J8   411  6271 17134  8.0  7.3  2.12  0.06  13.74   9.46  11.75  12.34  82   202     0  3.1
 10  1471 J8   759  2538 J8  2822   712 J8   275  3687 14092  7.0  6.6  1.69  0.04  10.54   5.31   8.03   8.69  84   323     0  2.9
 11   812 J8   343  2470 J8  1932   354 J8   139  1823 11182  4.7  4.2  0.73  0.03   1.34  -2.66  -0.55   0.05  65   570     0  3.6
 12   332 J8   109   669 J8   910   247 J8    45  1074  9508  8.7  8.1  1.27  0.04   6.16   2.07   4.14   4.28  79   441     0  5.7
 13  2334 J8  1436  2275 J8   865  1396 J8   944  6045 16620  7.4  6.8  1.47  0.08   8.73   4.32   6.56   7.04  78  4297     0  3.3
 2007
  1   505 J8   219  1060 J8  1223   333 J8   113  1474 10507  8.1  6.9  1.11  0.06   3.87   0.30   2.13   2.47  82   503     0  4.0
  2  1176 J8   582  2107 J8  2051   613 J8   178  2975 13224  6.9  6.0  1.03  0.08   3.55  -0.27   1.67   2.25  77   467     0  2.8
  3  2094 J8  1062  2201 J8  2648  1212 J8   308  5381 16300  8.1  7.0  0.87  0.10   3.22  -0.80   1.22   1.63  77   531     0  4.5
  4  3656 J8  1251  3467 J8  3337  1991 J8   605  8144 19340  6.8  6.2  1.13  0.12   8.18   2.92   5.68   6.32  71   383     0  3.7
  5  4368 J8  1923  3230 J8  3545  2469 J8   481 10403 21997  7.8  6.8  1.54  0.13  10.40   5.71   8.12   8.57  80   319     0  2.8
  6  5043 J8  1716  3987 J8  3272  2644 J8   622 11453 23421  7.5  6.7  1.84  0.13  14.27   9.16  11.71  12.08  80   198     0  2.4
  7  3555 J8  1213  1603 J8  1722  2590 J8   410 10879 22571  9.1  8.6  2.53  0.10  15.28  11.72  13.42  13.69  87   150     0  2.0
  8  3930 J8  1732  3963 J8  3894  1876 J8   501  8917 20081  6.7  6.0  2.16  0.08  17.04  11.78  14.34  15.01  82   121     0  1.9
  9  2535 J8  1215  2575 J8  3143  1426 J8   420  6294 17160  8.0  7.2  2.06  0.06  13.86   9.64  11.70  12.24  85   197     0  3.0
 10  1459 J8   634  2084 J8  2171   796 J8   229  3706 14120  7.9  7.3  1.39  0.04   9.55   5.25   7.51   8.11  80   339     0  4.0
 11   723 J8   309  1510 J8  1751   447 J8   181  1834 11200  7.4  6.8  1.13  0.03   6.42   2.66   4.60   5.10  78   414     0  3.6
 12   367 J8   175  1103 J8  1536   224 J8    55  1076  9513  7.3  6.7  0.98  0.04   3.02  -0.64   1.27   1.59  76   531     0  3.8
 13  2451 J8  1627  2407 J8  1042  1385 J8   911  6045 16619  7.6  6.9  1.48  0.08   9.05   4.78   6.95   7.42  80  4155     0  3.2
 2008
  1   526 J8   243  1307 J8  1472   309 J8    87  1466 10489  6.8  6.4  0.96  0.06   2.67  -1.50   0.58   1.04  78   550     0  3.7
  2  1029 J8   536  1350 J8  1743   663 J8   194  2995 13252  8.7  7.3  1.09  0.08   3.78  -0.40   1.75   2.18  79   483     0  4.2
  3  2250 J8  1050  2556 J8  2373  1200 J8   307  5449 16374  7.7  6.8  1.03  0.10   4.83   0.60   2.78   3.20  80   484     0  3.9
  4  3890 J8  1814  3903 J8  3930  1887 J8   487  8208 19410  6.5  5.7  1.07  0.12   7.13   1.72   4.50   5.11  73   417     0  3.1
  5  4201 J8  2093  3211 J8  3849  2332 J8   502 10446 22047  7.4  6.9  1.41  0.13   9.74   5.27   7.66   8.04  78   336     0  3.8
  6  3691 J8  1440  1994 J8  2654  2634 J8   404 11458 23424  8.5  8.1  1.67  0.13  11.77   7.41   9.70  10.04  79   262     0  2.7
  7  3651 J8  1514  1864 J8  2516  2581 J8   390 10846 22523  9.0  8.3  2.28  0.10  13.91  10.05  11.82  12.08  83   197     0  2.7
  8  3143 J8  1172  1918 J8  2070  2175 J8   421  8858 20018  8.7  8.2  2.33  0.08  14.39  10.88  12.67  13.01  84   177     0  2.3
  9  2118 J8   745  1605 J8  2313  1468 J8   380  6227 17087  8.6  8.3  2.24  0.05  12.75   9.22  10.90  11.29  88   220     0  2.3
 10  1333 J8   659  1742 J8  1993   801 J8   222  3649 14044  8.1  7.6  1.54  0.04   8.79   4.71   6.80   7.29  83   359     0  4.9
 11   675 J8   278  1419 J8  1694   412 J8   146  1801 11139  7.6  7.3  1.19  0.03   5.81   2.06   4.17   4.53  82   432     0  4.2
 12   405 J8   158  1728 J8  1628   194 J8    67  1071  9500  5.6  5.4  0.83  0.04   2.24  -1.94   0.33   1.03  68   563     0  3.5
 13  2243 J8  1432  2050 J8   794  1388 J8   914  6039 16609  7.8  7.2  1.47  0.08   8.15   4.01   6.14   6.57  80  4480     0  3.4
 2009
  1   469 J8   203  1014 J8  1261   312 J8    92  1491 10542  7.6  7.1  1.24  0.06   3.78  -0.27   1.71   1.87  83   514     0  3.7
  2  1275 J8   664  2475 J8  2375   586 J8   163  3011 13281  6.1  5.8  0.85  0.08   3.15  -1.53   0.78   1.64  77   491     0  2.3
  3  2115 J8   895  2370 J8  2433  1183 J8   374  5429 16354  7.6  6.8  0.91  0.10   3.31  -0.69   1.41   1.92  75   528     0  4.1
  4  3946 J8  1733  3907 J8  3797  1925 J8   499  8191 19397  6.7  5.9  1.01  0.12   7.65   2.33   5.02   5.71  75   400     0  3.1
  5  4929 J8  1884  4480 J8  3982  2345 J8   628 10435 22039  6.4  5.7  1.29  0.13  11.99   5.59   8.98   9.64  73   296     0  2.3
  6  4526 J8  2249  3555 J8  4417  2418 J8   550 11458 23425  7.3  6.8  1.61  0.13  14.18   9.12  11.59  12.03  79   200     0  2.6
  7  4868 J8  2308  4538 J8  4610  2188 J8   642 10856 22537  6.6  6.1  2.36  0.10  16.98  12.11  14.32  14.75  84   120     2  2.5
  8  3076 J8  1635  2287 J8  3419  1889 J8   397  8874 20029  8.3  7.9  2.47  0.08  15.89  11.96  13.80  14.20  85   137     0  2.7
  9  2322 J8  1101  2209 J8  2868  1378 J8   345  6246 17106  7.8  7.5  1.95  0.06  14.14   9.55  11.83  12.35  80   195     0  3.4
 10  1297 J8   695  1754 J8  2376   751 J8   191  3666 14063  7.7  7.4  1.67  0.04  10.31   6.11   8.31   9.01  79   314     0  3.1
 11   589 J8   174   679 J8   675   472 J8   128  1811 11152  8.4  7.9  1.14  0.03   6.41   2.73   4.66   4.86  77   413     0  5.1
 12   383 J8   148  1250 J8  1346   224 J8    51  1073  9501  6.0  5.8  1.09  0.04   3.56  -0.60   1.40   1.91  83   522     0  2.8
 13  2483 J8  1743  2543 J8  1312  1306 J8   827  6045 16619  7.2  6.7  1.47  0.08   9.28   4.70   6.98   7.49  79  4128     2  3.2
 2010
  1   458 J8   188   904 J8  1164   311 J8    89  1483 10526  7.4  7.0  1.28  0.06   6.65   3.16   4.91   5.19  75   416     0  4.0
  2  1198 J8   607  2144 J8  2246   620 J8   188  2994 13254  6.9  5.9  1.14  0.08   7.31   3.24   5.27   5.87  76   365     0  3.5
  3  2065 J8   956  2245 J8  2317  1179 J8   257  5407 16328  7.9  6.9  1.06  0.10   6.13   1.85   4.15   4.59  77   445     0  4.8
  4  3963 J8  1200  3787 J8  2946  2057 J8   509  8169 19369  6.6  5.6  1.09  0.12   8.68   3.19   5.92   6.70  73   372     0  3.1
  5  4620 J8  1880  3798 J8  3496  2428 J8   468 10420 22018  7.0  6.3  1.38  0.13  12.23   6.61   9.46   9.97  76   276     0  2.5
  6  4018 J8  1630  2261 J8  2479  2657 J8   364 11456 23424  8.4  7.6  1.77  0.13  13.76   8.97  11.30  11.67  78   209     0  3.6
  7  3858 J8  1537  2051 J8  2625  2629 J8   630 10867 22553  9.0  8.4  2.31  0.10  14.33  10.88  12.48  12.70  86   177     0  2.6
  8  3354 J8  1593  2609 J8  3376  1960 J8   415  8894 20057  8.5  7.7  2.39  0.08  15.84  12.07  13.70  14.16  87   136     0  2.2
  9  3014 J8  1260  4098 J8  3710  1290 J8   502  6268 17129  5.7  5.2  1.75  0.06  15.85   9.61  12.66  13.60  76   168     0  2.3
 10  1353 J8   534  1886 J8  2078   816 J8   257  3685 14089  7.5  6.9  1.47  0.04  10.18   5.82   8.11   8.68  79   320     0  4.2
 11   633 J8   261  1061 J8  1397   439 J8   149  1822 11181  7.8  7.3  1.21  0.03   6.75   2.71   4.84   5.40  73   408     0  4.1
 12   404 J8   119  1149 J8   981   257 J8    58  1074  9510  6.4  6.0  1.04  0.04   4.76   0.79   2.90   3.30  69   482     0  3.7
 13  2411 J8  1565  2333 J8  1080  1387 J8   920  6045 16620  7.4  6.7  1.49  0.08  10.21   5.74   7.98   8.49  77  3775     0  3.4
