700260 BARROW W POST-W ROGERS AK  -9  N71 19  W156 37    10  1012
 1991-2010
 MO AVGLO FL SDGLO AVDIR FL SDDIR AVDIF FL SDDIF AVETR AETRN  TOT  OPQ   H2O   TAU  MAX_T  MIN_T  AVG_T  AVGDT  RH  HTDD  CLDD AVWS
  1     3 J7     1    67 J8    43     2 J7     0    11   912  5.6  4.5  0.32  0.05 -21.84 -28.31 -25.06  -6.86  78  1346     0  5.7
  2   281 J7    27  1035 J8   355   181 J7    15   725  9357  5.4  4.3  0.33  0.06 -22.33 -28.60 -25.39 -25.11  77  1238     0  5.9
  3  1540 J7   144  3389 J7   782   754 J7    65  3062 16074  5.1  3.8  0.33  0.08 -21.25 -28.07 -24.46 -23.73  76  1333     0  5.4
  4  3020 J7   200  3622 J7   798  1744 J7   139  6502 22561  6.9  5.9  0.50  0.09 -12.43 -19.35 -15.58 -15.10  82  1027     0  5.4
  5  3797 J7   469  2934 J7   990  2554 J7   189  9986 30642  8.4  7.6  0.80  0.10  -3.46  -7.99  -5.51  -5.46  87   746     0  5.7
  6  4351 J7   491  4105 J7  1176  2492 J7   147 11841 31777  8.0  7.1  1.29  0.09   4.46  -0.51   1.91   1.91  87   491     0  5.4
  7  4084 J7   477  3953 J7  1097  2311 J7   116 10830 31744  8.2  7.0  1.62  0.08   8.08   1.77   4.78   4.78  88   416     0  5.6
  8  2128 J7   283  1562 J7   655  1524 J7    88  7583 24858  9.1  8.5  1.50  0.06   6.63   1.55   4.04   4.28  89   441     0  5.5
  9  1021 J7   129   684 J8   333   836 J7    68  4086 17931  9.4  9.0  1.03  0.05   2.40  -1.17   0.67   1.00  87   532     0  5.8
 10   434 J7    37   465 J8   205   371 J7    32  1328 11600  9.2  8.5  0.62  0.03  -4.96  -9.47  -6.96  -6.82  83   792     0  6.3
 11    24 J7     3   176 J8    88    19 J7     2    82  2900  7.5  6.6  0.46  0.03 -12.85 -18.68 -15.61  -7.81  81  1023     0  6.0
 12     0 I0     0     0 I0     0     0 I0     0     0     0  6.0  5.0  0.36  0.04 -18.96 -25.05 -21.90   0.00  78  1250     0  5.8
 13  1724 J7    94  1833 J7   283  1066 J7    45  4670 16696  7.4  6.5  0.76  0.06  -8.04 -13.66 -10.76  -6.58  83 10633     0  5.7
 1991
  1     3 I5     8   122 I7   302     2 I5     4    11   883  5.8  4.7  0.35  0.04 -21.02 -29.13 -24.88  -5.51  72  1346     0  6.4
  2   278 I5   204  1170 I7   999   173 I5   126   707  9270  4.7  3.7  0.35  0.05 -24.95 -30.67 -27.71 -27.11  70  1292     0  5.5
  3  1589 I5   738  3678 I6  2526   725 I5   301  3017 15979  4.7  3.4  0.30  0.07 -23.96 -31.27 -27.32 -26.37  70  1424     0  4.7
  4  2982 I5   948  4107 I6  3299  1578 I5   509  6447 22455  6.8  5.7  0.48  0.08 -12.41 -19.50 -15.79 -15.22  79  1028     0  5.1
  5  2651 I5  1039   908 I6  2060  2274 I5   435  9941 30552  9.4  9.1  0.84  0.08  -0.44  -4.07  -2.17  -2.11  87   638     0  6.1
  6  5034 I5  2465  6548 I6  5844  2032 I5   449 11834 31778  6.6  5.7  1.25  0.08   5.54  -0.39   2.49   2.49  80   473     0  6.0
  7  4599 I5  2085  5637 I6  4905  2006 I5   473 10866 31744  7.3  6.1  1.30  0.07   6.04   0.08   3.16   3.16  86   473     0  5.3
  8  2767 I5  1370  3460 I6  3753  1440 I5   417  7637 25015  7.6  6.8  1.42  0.08   5.74  -1.35   2.18   2.71  85   500     0  6.4
  9   973 I5   798   878 I6  2002   700 I5   308  4136 18024  9.0  8.7  1.06  0.10   0.57  -2.91  -1.13  -0.87  89   585     0  6.8
 10   403 I5   263   405 I6   714   343 I5   189  1359 11703  8.4  7.7  0.61  0.11  -4.68 -11.36  -7.44  -7.14  87   817     0  5.6
 11    23 I5    38   117 I7   265    18 I5    31    88  3009  3.4  2.5  0.46  0.13 -18.40 -26.01 -22.19  -9.71  76  1216     0  4.8
 12     0 I0     0     0 I0     0     0 I0     0     0     0  3.7  2.8  0.28  0.15 -23.78 -29.20 -26.33   0.00  73  1389     0  5.5
 13  1775 I5  1808  2252 I6  2322   941 I5   875  4670 16701  6.5  5.6  0.73  0.09  -9.31 -15.48 -12.26  -7.14  79 11182     0  5.7
 1992
  1     1 I6     3     9 I7    33     1 I6     3    10   842  4.1  3.2  0.28  0.19 -25.97 -30.34 -28.17  -8.43  73  1441     0  6.6
  2   255 I5   194   414 I7   509   207 I5   147   725  9331  3.7  2.6  0.30  0.22 -26.10 -31.96 -28.92 -28.24  70  1373     0  4.6
  3  1105 I5   454   883 I6   845   895 I5   335  3093 16134  7.2  5.8  0.34  0.25 -19.58 -26.32 -22.58 -21.95  75  1280     0  4.8
  4  3009 I5  1119  2513 I6  2245  2014 I5   522  6537 22626  6.8  5.7  0.39  0.27 -13.75 -20.95 -17.01 -16.51  79  1070     0  6.2
  5  3791 I5  1479  2314 I6  2358  2713 I5   638 10016 30689  8.5  7.4  0.70  0.27  -3.19  -9.40  -5.89  -5.82  83   763     0  6.3
  6  3553 I5  1942  2300 I6  3114  2428 I5   655 11845 31772  8.5  7.6  1.27  0.25   4.54  -0.40   1.98   1.98  85   488     0  6.2
  7  4375 I5  2108  4607 I6  4316  2237 I5   512 10807 31747  6.5  5.5  1.58  0.21   7.32   0.78   3.90   3.90  84   443     0  5.8
  8  2208 I5   780  1610 I6  1719  1560 I5   319  7549 24763  8.5  7.7  1.41  0.18   6.98   0.38   3.57   4.01  86   454     0  5.9
  9   836 I5   339   242 I6   430   762 I5   238  4054 17873  9.7  9.5  0.57  0.15  -2.03  -5.63  -3.48  -3.19  83   665     0  5.8
 10   395 I5   255   324 I6   478   342 I5   183  1307 11532  8.7  7.7  0.54  0.13  -7.68 -13.81 -10.41 -10.31  84   901     0  6.2
 11    19 I5    34    58 I7   148    17 I5    28    78  2816  6.7  5.8  0.38  0.11 -14.41 -22.04 -18.19  -8.69  80  1097     0  6.4
 12     0 I0     0     0 I0     0     0 I0     0     0     0  5.0  4.1  0.28  0.10 -18.82 -26.32 -22.56   0.00  77  1268     0  6.9
 13  1629 I5  1661  1273 I6  1429  1098 I5  1037  4668 16677  7.0  6.1  0.67  0.19  -9.39 -15.50 -12.31  -7.77  80 11243     0  6.0
 1993
  1     2 I5     5    24 I7    64     2 I5     4    13   961  6.5  5.7  0.31  0.11 -20.14 -29.39 -25.03  -9.19  79  1336     0  6.5
  2   262 I5   205   609 I7   564   203 I5   153   734  9413  5.8  4.4  0.43  0.11 -19.90 -27.72 -23.88 -23.73  77  1180     0  6.3
  3  1443 I5   699  2559 I6  2114   818 I5   332  3070 16090  5.9  4.6  0.35  0.12 -21.13 -28.15 -24.18 -23.37  73  1332     0  5.6
  4  3068 I5  1652  4335 I6  4565  1461 I5   348  6511 22581  5.8  5.2  0.53  0.13 -11.32 -17.13 -14.07 -13.69  80   977     0  6.0
  5  3747 I5  1835  3468 I6  4818  2262 I5   612  9995 30661  7.5  7.0  0.90  0.13  -2.78  -7.21  -4.88  -4.81  84   723     0  6.7
  6  3984 I5  1739  3111 I6  3064  2444 I5   520 11843 31778  8.6  7.6  1.28  0.12   4.60  -0.10   2.15   2.15  87   482     0  5.2
  7  3979 I5  1710  3785 I6  3291  2236 I5   486 10825 31744  8.2  7.2  1.99  0.10  10.86   3.38   6.91   6.91  85   348     0  5.7
  8  1652 I5   706   664 I6  1161  1387 I5   338  7575 24835  9.6  9.3  1.32  0.08   4.41   0.64   2.31   2.48  88   490     0  5.2
  9   986 I5   377   508 I6   766   846 I5   244  4079 17913  9.5  9.2  0.80  0.06   2.01  -1.56   0.38   0.69  82   543     0  7.2
 10   354 I5   238   214 I6   406   325 I5   192  1323 11579  9.4  8.8  0.70  0.05  -2.87  -7.12  -4.77  -4.54  84   723     0  7.8
 11    18 I5    35    58 I7   195    15 I5    28    81  2882  8.0  7.3  0.46  0.04 -11.52 -18.19 -14.83  -5.86  80   996     0  5.4
 12     0 I0     0     0 I0     0     0 I0     0     0     0  6.0  5.1  0.38  0.04 -19.72 -24.49 -22.05   0.00  76  1253     0  7.8
 13  1625 I5  1637  1611 I6  1688  1000 I5   938  4671 16703  7.6  6.8  0.79  0.09  -7.29 -13.09 -10.16  -6.08  81 10383     0  6.3
 1994
  1     2 I5     6    35 I7   128     2 I5     6    12   925  3.7  3.3  0.38  0.05 -20.22 -25.23 -22.85  -5.77  74  1273     0  7.8
  2   304 I5   236  1205 I7  1081   174 I5   114   722  9346  4.3  3.6  0.40  0.07 -19.70 -25.65 -22.73 -22.80  75  1148     0  6.5
  3  1494 I5   621  3109 I6  2157   778 I5   317  3045 16042  5.3  3.9  0.30  0.08 -24.28 -31.15 -27.67 -26.96  70  1427     0  5.5
  4  2829 I5  1208  3693 I6  3910  1530 I5   406  6481 22520  6.7  5.8  0.42  0.09 -14.22 -21.35 -17.56 -16.91  78  1084     0  4.7
  5  3692 I5  1744  3174 I6  4207  2341 I5   487  9969 30622  7.8  7.4  0.73  0.09  -5.35  -9.54  -7.22  -7.20  83   799     0  7.1
  6  4148 I5  1556  3391 I6  3405  2607 I5   352 11839 31778  8.5  7.5  1.13  0.09   2.29  -1.95   0.25   0.25  86   545     0  5.0
  7  4017 I5  1751  3826 I6  3900  2287 I5   552 10844 31744  8.3  7.1  1.84  0.07   9.07   1.20   4.87   4.87  88   409     0  5.1
  8  2295 I5  1297  2030 I6  3106  1520 I5   339  7604 24915  8.5  8.0  1.64  0.06   9.51   2.78   6.16   6.37  86   378     0  6.0
  9  1043 I5   612  1132 I6  2260   745 I5   190  4105 17969  8.9  8.5  0.87  0.04  -0.56  -4.71  -2.58  -2.25  86   629     0  6.4
 10   426 I5   281   883 I6  1507   304 I5   142  1340 11639  8.3  7.9  0.52  0.03  -9.33 -16.72 -12.73 -12.34  87   972     0  5.6
 11    25 I5    39   257 I7   543    17 I5    28    85  2946  6.1  4.9  0.34  0.03 -19.52 -25.47 -22.44 -11.12  77  1225     0  7.1
 12     0 I0     0     0 I0     0     0 I0     0     0     0  6.0  5.1  0.29  0.03 -22.54 -30.58 -26.39   0.00  74  1392     0  5.5
 13  1690 I5  1640  1894 I6  1482  1025 I5   992  4670 16704  6.9  6.1  0.74  0.06  -9.57 -15.70 -12.57  -7.82  80 11280     0  6.0
 1995
  1     3 I5     7    85 I7   200     2 I5     4    11   889  5.7  4.8  0.38  0.04 -21.19 -27.54 -24.46  -8.49  80  1324     0  5.7
  2   279 I5   213  1143 I7  1208   163 I5   110   709  9281  5.0  4.3  0.37  0.05 -23.13 -30.28 -26.33 -25.62  80  1261     0  6.2
  3  1557 I5   810  3724 I6  2838   654 I5   283  3020 15985  4.9  3.8  0.33  0.07 -22.98 -30.88 -26.70 -25.86  79  1403     0  6.0
  4  2844 I5  1019  3123 I6  2865  1733 I5   477  6451 22462  7.6  6.4  0.58  0.08  -9.91 -17.17 -12.93 -12.34  84   956     0  5.9
  5  3573 I5  1694  2874 I6  4163  2363 I5   605  9944 30559  8.5  7.8  0.89  0.08  -1.19  -5.12  -3.07  -3.04  89   666     0  6.3
  6  4019 I5  1684  3428 I6  3615  2484 I5   486 11835 31778  8.1  7.4  1.21  0.08   4.87  -0.02   2.19   2.19  88   477     0  5.0
  7  3505 I5  1241  2622 I6  2302  2306 I5   446 10863 31744  9.0  8.1  1.79  0.07   7.64   1.28   4.39   4.39  91   430     0  6.0
  8  2413 I5  1020  2130 I6  2235  1553 I5   383  7633 25001  8.8  8.2  1.52  0.05   4.83  -0.06   2.29   2.57  91   494     0  5.2
  9  1144 I5   474  1173 I6  1694   837 I5   235  4132 18016  8.7  8.1  1.26  0.04   4.02  -0.23   1.77   2.36  86   493     0  6.7
 10   421 I5   234   212 I6   303   399 I5   212  1357 11698  9.3  9.1  0.56  0.02  -5.45  -9.43  -7.07  -6.84  81   799     0  7.4
 11    29 I5    48   295 I7   648    18 I5    28    88  3002  6.6  5.9  0.52  0.02 -11.66 -19.39 -15.03  -7.62  83  1016     0  5.8
 12     0 I0     0     0 I0     0     0 I0     0     0     0  4.6  3.4  0.34  0.02 -21.50 -27.14 -24.45   0.00  75  1322     0  6.6
 13  1649 I5  1552  1734 I6  1407  1043 I5   989  4670 16701  7.2  6.5  0.81  0.05  -7.97 -13.83 -10.79  -6.52  84 10641     0  6.1
 1996
  1     2 I6     6    32 I7   104     2 I6     5    10   847  6.7  4.9  0.38  0.04 -18.07 -25.15 -21.70  -4.77  77  1238     0  5.4
  2   266 I5   181   944 I7   983   178 I5   108   727  9337  5.4  4.1  0.22  0.05 -22.78 -30.73 -26.76 -26.29  79  1307     0  6.3
  3  1609 I5   634  3629 I6  2257   745 I5   308  3096 16142  5.3  3.7  0.43  0.07 -15.50 -26.01 -20.53 -19.45  78  1212     0  5.6
  4  3136 I5  1298  3859 I6  3219  1730 I5   543  6541 22637  6.7  5.7  0.38  0.08 -13.96 -21.67 -17.38 -16.71  79  1084     0  4.6
  5  4007 I5  1630  3294 I6  3823  2599 I5   724 10019 30695  8.4  7.4  0.94  0.08  -0.87  -5.98  -3.18  -3.11  88   674     0  5.6
  6  4374 I5  1615  3713 I6  3466  2575 I5   415 11845 31772  8.3  7.5  1.27  0.08   6.23   0.03   2.92   2.92  84   456     0  5.4
  7  3882 J5  1541  3075 J6  2862  2446 J5   426 10804 31747  9.0  7.7  1.70  0.07   9.10   2.16   5.36   5.36  86   394     0  6.1
  8  1809 J5   782   876 J6  1885  1489 J5   418  7545 24749  9.5  9.1  1.32  0.05   4.15   0.10   2.14   2.29  87   502     0  6.7
  9   886 J5   338   288 J6   727   813 J5   226  4051 17867  9.6  9.5  0.88  0.03  -0.67  -3.98  -2.31  -2.27  87   620     0  6.2
 10   429 J5   235   589 J6   969   362 J5   211  1305 11529  8.5  8.1  0.43  0.02 -10.97 -18.31 -14.41 -14.19  81  1022     0  6.4
 11    24 J6    39   109 J7   233    21 J6    35    78  2811  8.3  7.2  0.58  0.02  -9.08 -16.00 -12.62  -6.45  82   926     0  6.7
 12     0 I0     0     0 I0     0     0 I0     0     0     0  7.6  6.7  0.42  0.02 -17.02 -23.24 -20.08   0.00  79  1192     0  6.5
 13  1702 I5  1712  1701 I6  1639  1080 I5  1043  4668 16678  7.8  6.8  0.75  0.05  -7.45 -14.07 -10.71  -6.89  82 10629     0  6.0
 1997
  1     3 J6     7    23 J7    64     2 J6     6    13   966  6.1  4.8  0.30  0.04 -24.22 -30.79 -27.45  -6.53  76  1421     0  5.6
  2   298 J5   238  1193 J7  1145   175 J5   125   736  9421  4.9  3.8  0.36  0.05 -23.13 -28.09 -25.64 -25.32  75  1230     0  5.5
  3  1689 J5   781  4149 J6  2555   697 J5   229  3073 16098  4.6  3.2  0.26  0.07 -21.24 -28.72 -24.57 -23.56  75  1343     0  5.2
  4  3035 J5  1333  3704 J6  3395  1680 J5   618  6515 22586  6.7  5.6  0.56  0.08 -12.04 -19.36 -15.61 -15.15  83  1021     0  5.3
  5  3914 J5  1850  3304 J6  3837  2532 J5   771  9998 30666  8.4  7.6  0.73  0.08  -4.18  -9.59  -6.66  -6.63  85   782     0  5.3
  6  4079 J5  2054  3580 J6  4200  2414 J5   654 11843 31778  8.5  7.5  1.45  0.08   3.24  -1.23   0.92   0.92  91   520     0  5.3
  7  4439 J5  1707  4627 J6  3938  2343 J5   665 10822 31744  7.7  6.6  1.65  0.07   7.97   1.64   4.80   4.80  89   419     0  5.3
  8  1811 J5   966   893 J6  1904  1453 J5   422  7571 24822  9.4  9.2  1.68  0.05   7.79   3.20   5.36   5.46  90   398     0  6.0
  9   769 J5   283    81 J6   243   744 J5   210  4075 17907  9.9  9.8  1.15  0.04   2.89   0.28   1.58   1.83  91   502     0  6.4
 10   433 J5   297   418 J6   938   369 J5   186  1321 11575  9.6  8.7  0.47  0.02  -4.64  -8.94  -6.61  -6.53  82   779     0  5.6
 11    21 J6    41   147 J7   434    16 J6    31    81  2878  8.4  7.2  0.53  0.02  -7.94 -15.06 -11.28  -4.21  86   895     0  6.6
 12     0 I0     0     0 I0     0     0 I0     0     0     0  5.9  4.9  0.25  0.02 -22.13 -26.28 -24.06   0.00  76  1319     0  6.6
 13  1708 J5  1729  1843 J6  1852  1035 J5  1000  4671 16703  7.5  6.6  0.78  0.05  -8.14 -13.58 -10.77  -6.24  83 10628     0  5.7
 1998
  1     2 J6     5    32 J7    78     2 J6     5    12   930  5.2  4.0  0.29  0.04 -23.75 -28.12 -25.94  -6.54  75  1372     0  6.8
  2   250 J6   172  1026 J7  1144   160 J6   113   723  9353  5.5  4.6  0.32  0.05 -23.07 -28.79 -25.86 -25.43  74  1239     0  6.3
  3  1274 J5   650  2020 J6  1959   812 J5   363  3048 16043  7.4  6.0  0.56  0.07 -16.08 -22.61 -19.15 -18.45  80  1168     0  5.9
  4  2583 J5  1275  2106 J6  2320  1798 J5   619  6485 22529  8.3  7.5  0.58  0.08  -7.86 -15.34 -10.97 -10.45  87   898     0  6.0
  5  3367 J5  1540  1587 J6  2040  2651 J5   754  9973 30626  9.5  8.8  0.91  0.08  -2.60  -6.74  -4.55  -4.51  87   713     0  7.2
  6  3916 J7  1717  2884 J8  3170  2624 J7   608 11839 31778  8.8  7.9  1.35  0.08   5.86   0.34   2.98   2.98  88   457     0  5.3
  7  4370 J8  1876  4601 J8  3739  2239 J8   530 10841 31744  7.8  6.7  1.81  0.07   9.83   3.92   6.63   6.63  89   355     0  6.7
  8  1838 J8   879   883 J8  1722  1487 J8   429  7600 24905  9.6  9.2  1.74  0.05   8.30   3.12   5.85   6.05  89   391     0  5.6
  9  1086 J8   509   718 J8  1123   901 J8   297  4102 17960  9.1  8.5  1.15  0.04   5.21   1.17   3.24   3.63  88   454     0  5.3
 10   429 J8   262   502 J8   942   363 J8   192  1338 11627  8.8  8.3  0.68  0.02  -1.63  -6.37  -3.74  -3.62  81   692     0  6.5
 11    21 J8    33    70 J8   193    19 J8    30    84  2939  9.8  9.0  0.64  0.02  -7.54 -11.23  -9.33  -3.31  76   831     0  6.4
 12     0 I0     0     0 I0     0     0 I0     0     0     0  6.4  5.0  0.44  0.02 -14.87 -22.64 -18.74   0.00  74  1150     0  3.7
 13  1595 J7  1605  1369 J7  1370  1088 J7  1035  4670 16703  8.0  7.1  0.87  0.05  -5.68 -11.11  -8.30  -4.42  82  9721     0  6.0
 1999
  1     3 J8     7    79 J8   184     2 J8     5    11   893  6.0  4.8  0.29  0.04 -24.22 -32.12 -28.40  -8.66  79  1441     0  4.1
  2   223 J8   187   512 J8   711   178 J8   129   710  9291  8.1  6.8  0.27  0.05 -22.61 -27.87 -25.21 -24.83  78  1220     0  5.1
  3  1512 J8   711  3618 J8  2599   669 J8   244  3023 15996  6.1  4.3  0.38  0.07 -23.69 -29.44 -26.39 -26.00  75  1392     0  4.7
  4  3182 J8  1223  4120 J8  3401  1727 J8   439  6455 22470  6.3  5.4  0.55  0.08 -15.67 -22.37 -18.88 -18.34  75  1121     0  5.9
  5  3273 J8  1619  2496 J8  3544  2238 J8   527  9947 30568  8.7  8.2  0.76  0.08  -2.94  -7.27  -5.00  -4.96  86   727     0  5.2
  6  4194 J8  2012  3890 J8  4045  2485 J8   529 11835 31778  7.9  7.1  1.40  0.08   3.74  -0.37   1.80   1.80  86   499     0  5.0
  7  4009 J8  1931  3612 J8  3939  2321 J8   532 10860 31744  8.4  7.4  1.66  0.07   9.09   2.43   5.40   5.40  85   390     0  5.5
  8  2080 J8  1012  1473 J8  2264  1514 J8   420  7629 24989  9.3  8.8  1.95  0.05   7.98   3.01   5.47   5.67  89   398     0  6.1
  9   913 J8   365   403 J8  1120   816 J8   264  4129 18011  9.5  9.3  1.18  0.04   2.72  -1.12   0.87   1.32  86   526     0  4.7
 10   412 J8   232   253 J8   509   385 J8   213  1355 11689  9.8  9.2  0.60  0.02  -6.25  -9.57  -7.68  -7.71  76   813     0  6.4
 11    28 J8    39   318 J8   475    21 J8    31    88  2996  6.5  5.7  0.48  0.02 -14.89 -20.98 -17.66 -10.61  72  1088     0  4.5
 12     0 I0     0     0 I0     0     0 I0     0     0     0  5.0  4.3  0.41  0.02 -24.45 -29.66 -27.09   0.00  73  1407     0  5.8
 13  1652 J8  1635  1731 J8  1686  1030 J8   973  4670 16702  7.6  6.8  0.83  0.05  -9.26 -14.61 -11.90  -7.24  80 11021     0  5.2
 2000
  1     2 J8     7    50 J9   138     2 J8     5    10   853  7.8  6.3  0.21  0.04 -21.96 -28.96 -25.41  -6.67  80  1357     0  5.6
  2   301 J8   238  1145 J8  1216   181 J8   118   729  9345  5.8  4.6  0.29  0.05 -23.16 -29.73 -26.58 -26.39  77  1298     0  5.5
  3  1480 J8   593  3470 J8  2451   699 J8   247  3099 16149  4.3  3.2  0.32  0.07 -22.19 -26.71 -24.45 -23.77  76  1326     0  7.5
  4  3156 J8   989  4409 J8  3603  1697 J8   658  6545 22644  6.2  5.2  0.41  0.08 -14.85 -21.42 -17.88 -17.38  81  1094     0  5.4
  5  3727 J8  1882  2519 J8  3407  2629 J8   709 10022 30700  9.0  7.7  0.62  0.08  -7.11 -12.93  -9.61  -9.57  86   879     0  4.3
  6  3836 J8  1813  3148 J8  3718  2472 J8   582 11846 31772  8.4  7.8  1.36  0.08   5.61  -0.40   2.50   2.50  89   472     0  4.5
  7  3162 J8  1616  2100 J8  2969  2183 J8   648 10801 31747  9.1  8.5  1.52  0.07   5.98   0.74   3.25   3.25  93   464     0  5.6
  8  2220 J8  1033  1830 J8  2442  1532 J8   392  7541 24741  9.3  8.3  1.23  0.05   6.08   0.88   3.49   3.77  89   460     0  6.1
  9  1236 J8   614   980 J8  1492   963 J8   281  4047 17861  9.5  8.7  0.80  0.03   2.01  -2.24  -0.00   0.34  87   553     0  5.2
 10   458 J8   294   504 J8   759   384 J8   199  1303 11522  9.3  8.6  0.49  0.02  -5.39 -10.75  -7.91  -7.96  87   818     0  6.1
 11    19 J8    28   129 J8   377    16 J8    25    78  2805  8.0  7.3  0.43  0.02 -15.47 -19.57 -17.57  -8.91  83  1076     0  7.0
 12     0 I0     0     0 I0     0     0 I0     0     0     0  5.0  4.2  0.41  0.02 -18.69 -22.61 -20.60   0.00  80  1208     0  7.6
 13  1633 J8  1523  1690 J8  1469  1063 J8  1002  4668 16678  7.6  6.7  0.67  0.05  -9.09 -14.48 -11.73  -7.57  84 11007     0  5.9
 2001
  1     3 J8     6    35 J8   115     2 J8     5    13   968  7.9  7.0  0.36  0.04 -21.10 -26.14 -23.49  -5.97  79  1300     0  7.4
  2   265 J8   179   664 J8   783   206 J8   131   738  9426  6.5  5.3  0.36  0.05 -15.53 -22.93 -19.03 -18.70  80  1052     0  6.7
  3  1510 J8   665  3266 J8  2516   779 J8   366  3076 16107  5.3  3.7  0.26  0.07 -23.41 -29.70 -26.55 -25.83  74  1391     0  6.1
  4  3300 J8  1367  4555 J8  3663  1691 J8   525  6518 22596  5.9  5.2  0.44  0.08 -13.69 -20.10 -16.64 -16.12  81  1057     0  5.7
  5  4186 J8  1752  3180 J8  3470  2772 J8   662 10001 30671  8.6  7.5  0.62  0.08  -8.87 -14.25 -10.90 -10.84  88   927     0  4.2
  6  4373 J8  1783  4029 J8  3801  2596 J8   625 11844 31778  8.4  7.3  1.18  0.08   4.02  -0.93   1.48   1.48  90   503     0  5.3
  7  3840 J8  1626  3402 J8  3529  2366 J8   467 10819 31744  8.2  7.5  1.37  0.07   6.54   0.46   3.32   3.32  88   460     0  5.4
  8  1762 J8   806   824 J8  1337  1410 J8   344  7567 24805  9.7  9.2  1.27  0.05   4.12  -0.66   1.59   1.76  94   515     0  5.8
  9   862 J8   401   301 J8   738   772 J8   219  4072 17900  9.8  9.7  1.07  0.04   1.34  -1.44   0.02   0.25  92   551     0  5.2
 10   464 J8   335   905 J8  1410   334 J8   154  1319 11570  8.8  8.1  0.45  0.02 -10.00 -14.81 -12.07 -11.93  86   953     0  4.7
 11    24 J8    37   152 J8   327    19 J8    29    81  2871  6.8  6.0  0.45  0.02 -13.96 -20.64 -16.92  -8.74  84  1069     0  5.7
 12     0 I0     0     0 I0     0     0 I0     0     0     0  6.5  5.7  0.28  0.02 -19.74 -25.05 -22.29   0.00  80  1262     0  4.5
 13  1716 J8  1742  1776 J8  1746  1079 J8  1056  4671 16703  7.7  6.9  0.68  0.05  -9.19 -14.68 -11.79  -7.61  85 11040     0  5.6
 2002
  1     4 J8     8   157 J8   324     2 J8     5    12   935  4.8  3.5  0.31  0.04 -23.91 -30.35 -26.94  -9.11  81  1409     0  4.4
  2   320 J8   239  1564 J8  1315   173 J8   121   725  9365  3.5  2.2  0.26  0.05 -24.85 -30.29 -27.56 -27.32  77  1285     0  6.1
  3  1511 J8   719  3716 J8  2450   657 J8   248  3051 16050  4.5  3.8  0.44  0.07 -14.65 -22.66 -18.48 -17.80  82  1147     0  4.7
  4  2960 J8  1232  3787 J8  3736  1655 J8   581  6489 22535  6.8  6.1  0.43  0.08 -12.19 -21.40 -16.32 -15.89  83  1054     0  6.0
  5  4503 J8  1775  4695 J8  4927  2540 J8   769  9976 30631  6.9  6.3  0.81  0.08  -1.38  -6.52  -3.75  -3.63  87   691     0  6.2
  6  3965 J8  1488  2893 J8  2700  2670 J8   438 11840 31778  8.8  7.8  1.12  0.08   3.07  -1.65   0.63   0.63  89   529     0  5.2
  7  4812 J8  1493  5315 J8  3768  2477 J8   602 10838 31744  7.8  6.1  1.48  0.07   7.23   0.55   3.85   3.85  87   448     0  5.2
  8  2137 J8  1254  1436 J8  2486  1544 J8   424  7596 24891  9.4  8.8  1.45  0.05   4.96   0.04   2.33   2.55  93   491     0  5.2
  9  1194 J8   570  1084 J8  1341   908 J8   317  4098 17951  9.2  8.4  1.30  0.04   4.04   0.39   2.27   2.67  93   483     0  5.3
 10   414 J8   254   426 J8   849   358 J8   200  1336 11624  9.6  9.0  0.76  0.02  -2.76  -6.30  -4.46  -4.51  83   709     0  6.4
 11    30 J8    46   225 J8   412    22 J8    34    84  2932  7.6  6.6  0.53  0.02 -11.75 -16.18 -13.91  -7.33  84   969     0  7.2
 12     0 I0     0     0 I0     0     0 I0     0     0     0  7.4  6.2  0.42  0.02 -16.23 -21.65 -18.75   0.00  83  1155     0  6.1
 13  1821 J8  1826  2108 J8  1893  1084 J8  1051  4670 16703  7.2  6.2  0.78  0.05  -7.37 -13.00 -10.09  -6.32  85 10369     0  5.7
 2003
  1     4 J8     9   135 J8   273     2 J8     4    11   898  4.6  3.9  0.39  0.04 -20.72 -26.45 -23.37  -6.62  81  1299     0  5.4
  2   265 J8   204  1016 J8  1033   165 J8   113   712  9300  5.6  4.7  0.29  0.05 -24.07 -28.84 -26.36 -26.22  77  1254     0  5.5
  3  1649 J8   777  4045 J8  2730   685 J8   293  3026 16000  4.8  3.1  0.35  0.07 -20.67 -26.51 -23.40 -22.64  78  1300     0  4.7
  4  3005 J8  1150  3572 J8  3512  1796 J8   773  6459 22477  7.2  6.1  0.60  0.08  -9.91 -16.48 -13.14 -12.73  85   946     0  5.2
  5  3475 J8  1400  1961 J8  2921  2637 J8   729  9951 30573  9.0  8.4  0.73  0.08  -3.79  -7.77  -5.53  -5.49  86   747     0  6.0
  6  4873 J8  1983  4861 J8  4264  2621 J8   617 11835 31778  7.8  6.7  1.24  0.08   3.41  -1.04   1.23   1.23  88   514     0  5.6
  7  3383 J8  1504  2296 J8  2722  2372 J8   518 10857 31744  9.1  8.2  1.53  0.07   8.05   1.63   4.49   4.49  88   418     0  6.0
  8  1965 J8  1032  1158 J8  1786  1501 J8   386  7625 24979  9.6  9.0  1.39  0.05   4.03   0.04   1.90   2.05  90   505     0  5.5
  9  1134 J8   545   861 J8  1573   905 J8   304  4125 18006  9.4  9.0  0.99  0.04   1.46  -1.60   0.08   0.33  82   552     0  6.0
 10   398 J8   203   211 J8   410   374 J8   192  1353 11677  9.8  9.2  0.91  0.02  -6.25  -9.57  -7.68  -7.71  76   813     0  5.6
 11    28 J8    39   373 J9   571    20 J8    30    87  2991  6.5  5.7  0.49  0.02 -14.89 -20.98 -17.66 -10.61  72  1088     0  4.8
 12     0 I0     0     0 I0     0     0 I0     0     0     0  5.1  4.4  0.33  0.02 -24.13 -29.55 -26.89   0.00  74  1400     0  5.5
 13  1681 J8  1664  1707 J8  1657  1090 J8  1050  4670 16702  7.4  6.5  0.77  0.05  -8.96 -13.93 -11.36  -6.99  81 10838     0  5.5
 2004
  1     3 J8     7    87 J9   255     2 J8     4    10   858  4.4  3.3  0.29  0.04 -19.73 -25.04 -22.40  -5.98  77  1262     0  6.7
  2   330 J8   261  1625 J8  1250   168 J8   121   730  9355  4.2  3.1  0.22  0.05 -28.13 -32.67 -30.38 -30.22  72  1413     0  5.6
  3  1568 J8   662  3487 J8  2039   771 J8   339  3102 16153  4.8  3.8  0.33  0.07 -22.45 -29.75 -25.98 -25.56  77  1377     0  5.8
  4  3441 J8  1200  5309 J8  4180  1601 J8   620  6548 22650  5.2  4.5  0.49  0.08 -13.98 -20.44 -16.93 -16.42  82  1066     0  5.0
  5  3703 J8  1593  2860 J8  3839  2531 J8   585 10025 30705  8.3  7.7  0.95  0.08  -2.65  -6.92  -4.44  -4.40  88   716     0  6.4
  6  5020 J8  1796  5563 J8  4145  2489 J8   492 11846 31772  7.0  6.2  1.52  0.08   6.56   0.59   3.44   3.44  89   443     0  5.3
  7  3709 J8  1727  3138 J8  3574  2340 J8   656 10798 31747  8.9  7.5  1.79  0.07   9.05   2.35   5.60   5.60  90   392     0  5.6
  8  2129 J8   908  1401 J8  1669  1596 J8   413  7537 24729  9.2  8.8  1.78  0.05   9.38   4.14   6.84   7.06  90   359     0  4.9
  9  1123 J8   493   687 J8  1057   923 J8   276  4044 17853  9.4  9.0  0.90  0.03   2.15  -1.10   0.63   0.93  82   534     0  5.2
 10   488 J8   259   698 J8   842   407 J8   222  1301 11515  9.0  8.0  0.70  0.02  -3.93  -7.70  -5.78  -5.82  85   748     0  6.8
 11    22 J8    35   209 J8   408    18 J8    29    77  2792  7.2  6.4  0.40  0.02 -14.00 -18.98 -16.45  -9.71  83  1045     0  7.2
 12     0 I0     0     0 I0     0     0 I0     0     0     0  6.0  5.2  0.27  0.02 -19.35 -25.87 -22.39   0.00  79  1269     0  6.5
 13  1795 J8  1770  2089 J8  1967  1071 J8  1004  4668 16678  7.0  6.1  0.80  0.05  -8.09 -13.45 -10.69  -6.76  83 10624     0  5.9
 2005
  1     3 J8     9   107 J8   326     1 J8     3    13   972  5.4  4.3  0.40  0.04 -18.88 -25.45 -22.19  -6.12  80  1255     0  5.3
  2   264 J8   198   696 J8   928   189 J8   125   739  9437  7.1  6.4  0.31  0.05 -22.21 -27.43 -24.63 -24.29  77  1208     0  5.6
  3  1543 J8   646  3382 J8  1947   786 J8   312  3079 16113  4.8  3.2  0.35  0.07 -19.36 -24.96 -22.10 -21.41  78  1255     0  6.6
  4  3117 J8  1109  3398 J8  2895  1914 J8   406  6522 22605  7.3  6.1  0.50  0.08 -13.40 -19.56 -16.24 -15.82  82  1044     0  5.2
  5  3419 J8  1697  2319 J8  3584  2414 J8   533 10004 30676  8.8  8.3  0.95  0.08  -3.61  -7.04  -5.24  -5.23  89   733     0  5.8
  6  4941 J8  2134  5753 J8  4714  2388 J8   577 11844 31778  7.6  6.1  1.13  0.08   3.26  -1.22   0.94   0.94  87   519     0  5.8
  7  4314 J8  1631  4538 J8  3801  2391 J8   571 10816 31744  7.9  6.6  1.31  0.07   6.51   1.06   3.85   3.85  85   451     0  5.6
  8  2121 J8  1009  1444 J8  1642  1586 J8   459  7563 24797  9.2  8.7  1.67  0.05   8.39   3.06   5.68   5.96  89   391     0  5.0
  9  1040 J8   567   662 J8  1187   859 J8   290  4068 17894  9.7  9.1  0.99  0.04   2.16  -0.35   0.97   1.24  85   523     0  7.9
 10   394 J8   239   311 J8   665   351 J8   173  1317 11565  9.4  9.2  0.61  0.02  -3.68  -7.42  -5.35  -5.18  82   740     0  5.7
 11    24 J8    40   182 J8   425    18 J8    29    80  2863  8.7  8.2  0.31  0.02 -15.43 -21.31 -18.45  -9.82  80  1101     0  4.7
 12     0 I0     0     0 I0     0     0 I0     0     0     0  8.4  7.3  0.39  0.02 -16.89 -22.72 -19.63   0.00  80  1182     0  5.0
 13  1765 J8  1790  1899 J8  1952  1075 J8  1004  4671 16704  7.9  7.0  0.74  0.05  -7.76 -12.78 -10.20  -6.32  83 10403     0  5.7
 2006
  1     2 J8     5    43 J9   112     2 J8     4    12   938  8.3  6.6  0.26  0.04 -21.26 -27.28 -24.18  -7.27  80  1321     0  4.0
  2   275 J8   196   937 J8   822   192 J8   133   726  9371  6.5  5.5  0.42  0.05 -17.77 -26.61 -21.91 -21.94  81  1135     0  6.3
  3  1665 J8   687  4151 J8  2604   719 J8   323  3054 16061  3.9  2.9  0.27  0.07 -24.61 -30.91 -27.59 -26.76  78  1429     0  4.5
  4  3022 J8  1092  3422 J8  3085  1839 J8   591  6492 22542  7.6  6.5  0.38  0.08 -16.85 -23.00 -19.79 -19.42  80  1148     0  4.3
  5  3923 J8  1482  2278 J8  2495  2940 J8   785  9979 30636  9.2  8.3  0.92  0.08  -2.61  -6.46  -4.32  -4.29  88   709     0  4.8
  6  4907 J8  1745  4789 J8  3631  2721 J8   502 11840 31778  8.2  6.5  1.44  0.08   6.13  -0.13   2.85   2.85  86   460     0  4.3
  7  4129 J8  1806  3944 J8  3957  2375 J8   502 10835 31744  8.5  7.0  1.61  0.07   6.69   0.91   3.64   3.64  90   451     0  5.1
  8  2228 J8   891  1436 J8  1760  1688 J8   394  7592 24876  9.2  8.7  1.37  0.05   4.45   0.15   2.28   2.46  91   497     0  4.4
  9  1156 J8   736   945 J8  1570   885 J8   337  4095 17944  9.2  8.8  1.42  0.04   4.60  -0.08   2.23   2.77  91   482     0  5.0
 10   463 J8   246   451 J8   611   408 J8   202  1333 11618  9.2  8.7  0.79  0.02  -2.07  -5.04  -3.39  -3.19  86   678     0  7.6
 11    24 J8    37   129 J9   282    21 J8    34    84  2924  7.4  6.5  0.40  0.02 -11.70 -17.13 -14.18  -6.03  82   982     0  6.0
 12     0 I0     0     0 I0     0     0 I0     0     0     0  6.8  5.2  0.34  0.02 -16.17 -22.17 -19.11   0.00  82  1163     0  5.4
 13  1816 J8  1795  1877 J8  1768  1149 J8  1111  4670 16703  7.8  6.8  0.80  0.05  -7.60 -13.15 -10.29  -6.43  85 10453     0  5.1
 2007
  1     2 J8     6    30 J9    94     2 J8     4    11   901  6.2  5.2  0.32  0.04 -23.56 -29.37 -26.29  -5.87  78  1389     0  5.0
  2   322 J8   234  1742 J8  1042   167 J8   131   714  9305  3.8  2.4  0.29  0.05 -20.37 -26.55 -23.58 -23.47  79  1170     0  5.8
  3  1604 J8   532  3553 J8  1961   819 J8   362  3030 16001  5.0  3.5  0.26  0.07 -22.95 -29.46 -25.83 -25.13  76  1381     0  4.5
  4  2950 J8  1049  3274 J8  2446  1803 J8   444  6463 22486  7.2  6.1  0.57  0.08 -10.46 -15.78 -12.87 -12.57  85   944     0  5.6
  5  4822 J8  1829  5317 J8  4431  2630 J8   735  9954 30581  7.1  5.8  0.63  0.08  -5.94 -10.73  -8.12  -8.08  87   827     0  4.2
  6  5200 J8  2042  5967 J8  5245  2492 J8   710 11836 31778  6.7  5.8  1.34  0.08   4.20   0.00   2.23   2.23  88   487     0  6.4
  7  5186 J8  1511  6459 J8  4228  2304 J8   610 10855 31744  7.0  5.5  1.51  0.07  10.01   3.35   6.59   6.59  86   361     0  5.5
  8  2382 J8  1315  2339 J8  3233  1495 J8   471  7621 24964  8.2  7.8  1.60  0.05  10.18   4.10   7.27   7.67  91   347     0  4.6
  9  1114 J8   429  1088 J8  1380   855 J8   237  4121 17995  8.7  8.3  1.09  0.04   5.32   0.83   2.98   3.56  91   458     0  6.5
 10   501 J8   349   666 J8  1246   395 J8   222  1350 11672  9.3  8.9  0.56  0.02  -3.26  -6.17  -4.52  -4.34  83   715     0  6.6
 11    25 J8    37   118 J9   281    22 J8    33    87  2984  8.8  7.9  0.52  0.02  -7.60 -12.41  -9.70  -5.23  85   850     0  7.1
 12     0 I0     0     0 I0     0     0 I0     0     0     0  6.1  5.1  0.33  0.02 -14.49 -21.16 -17.56   0.00  81  1121     0  5.4
 13  2009 J8  2074  2546 J8  2361  1082 J8  1021  4670 16701  7.0  6.0  0.75  0.05  -6.58 -11.95  -9.12  -5.39  84 10048     0  5.6
 2008
  1     2 J8     5    56 J9   136     2 J8     5    10   862  4.2  3.2  0.26  0.04 -22.77 -30.10 -26.61  -7.06  79  1388     0  5.6
  2   288 J8   233  1224 J8  1174   173 J8   113   732  9364  5.1  4.4  0.34  0.05 -22.10 -28.69 -25.10 -24.86  78  1268     0  4.4
  3  1691 J8   719  3623 J8  2082   830 J8   325  3105 16161  4.7  3.5  0.24  0.07 -23.30 -29.87 -26.38 -25.42  76  1392     0  4.7
  4  2626 J8   833  1990 J8  2012  1926 J8   526  6552 22658  8.4  7.8  0.62  0.08  -9.66 -17.20 -12.87 -12.46  85   953     0  5.1
  5  4230 J8  1848  3529 J8  3822  2738 J8   707 10028 30711  7.9  7.1  0.77  0.08  -3.36  -7.51  -5.19  -5.16  88   737     0  5.4
  6  4327 J8  1782  4140 J8  3776  2516 J8   541 11846 31772  8.0  7.1  1.42  0.08   5.22   0.20   2.67   2.67  88   469     0  4.3
  7  3974 J8  1496  3340 J8  3023  2496 J8   439 10795 31741  8.6  7.4  1.47  0.07   6.72   1.67   4.12   4.12  90   438     0  5.2
  8  1897 J8   947  1415 J8  2566  1400 J8   262  7533 24717  8.9  8.6  1.19  0.05   4.97   1.10   3.00   3.23  89   474     0  4.4
  9   929 J8   270   411 J8   734   820 J8   147  4040 17849  9.6  9.5  0.78  0.03   2.39  -0.18   1.22   1.51  86   517     0  4.5
 10   474 J8   275   570 J8   835   402 J8   237  1298 11503  8.9  8.4  0.57  0.02  -2.87  -7.37  -4.58  -4.47  80   727     0  5.7
 11    25 J8    43   207 J9   504    17 J8    28    77  2779  7.3  6.4  0.40  0.02 -13.26 -17.96 -15.37  -7.05  81  1018     0  6.4
 12     0 I0     0     0 I0     0     0 I0     0     0     0  7.5  6.3  0.41  0.02 -13.61 -21.32 -17.02   0.00  82  1110     0  5.0
 13  1705 J8  1707  1709 J8  1562  1110 J8  1066  4668 16677  7.4  6.6  0.71  0.05  -7.64 -13.10 -10.18  -6.24  83 10490     0  5.0
 2009
  1     3 J8     9    99 J9   266     2 J8     5    13   986  4.5  4.0  0.30  0.04 -21.12 -28.62 -24.88  -6.87  79  1339     0  4.9
  2   272 J8   205   932 J8   914   189 J8   130   741  9442  5.7  4.8  0.33  0.05 -22.83 -30.34 -26.43 -26.11  81  1258     0  6.3
  3  1713 J8   568  4132 J8  1524   776 J8   336  3082 16119  2.9  2.1  0.24  0.07 -23.00 -29.67 -26.34 -25.77  78  1385     0  5.6
  4  3057 J8   787  3644 J8  2809  1853 J8   470  6526 22613  7.1  5.9  0.53  0.08 -12.92 -19.99 -16.00 -15.46  83  1044     0  5.1
  5  4148 J8  1691  3559 J8  3878  2717 J8   758 10007 30682  7.9  7.2  0.81  0.08  -1.48  -5.85  -3.62  -3.60  86   682     0  4.4
  6  3754 J8  1600  3226 J8  3168  2434 J8   577 11844 31778  8.3  7.6  1.28  0.08   3.89  -0.50   1.56   1.56  90   499     0  6.6
  7  4068 J8  1712  4003 J8  3983  2358 J8   627 10813 31744  7.9  7.2  1.79  0.07   9.92   2.92   6.16   6.16  86   369     0  6.0
  8  2503 J8  1112  2023 J8  2089  1709 J8   451  7559 24791  9.2  8.3  1.39  0.05   7.85   2.83   5.23   5.44  87   403     0  5.4
  9   967 J8   416   443 J8   946   854 J8   222  4065 17887  9.6  9.4  1.06  0.04   3.03   0.13   1.60   1.80  85   502     0  5.2
 10   467 J8   225   407 J8   531   416 J8   184  1314 11557  9.4  8.4  0.86  0.02  -1.95  -5.88  -3.48  -3.23  86   690     0  5.9
 11    24 J8    33   244 J8   500    18 J8    27    80  2856  8.0  7.0  0.32  0.02 -14.78 -19.93 -16.96  -8.50  81  1071     0  5.0
 12     0 I0     0     0 I0     0     0 I0     0     0     0  5.8  5.4  0.53  0.02 -15.87 -23.20 -19.23   0.00  81  1174     0  5.2
 13  1748 J8  1677  1893 J8  1702  1111 J8  1043  4670 16705  7.2  6.4  0.79  0.05  -7.44 -13.18 -10.20  -6.22  84 10414     0  5.5
 2010
  1     3 J8     7   104 J9   226     2 J8     5    12   943  3.7  3.0  0.26  0.04 -23.05 -30.71 -26.51  -5.85  79  1401     0  4.8
  2   296 J8   237   949 J8   898   201 J8   144   728  9379  6.1  4.8  0.38  0.05 -20.17 -26.09 -23.26 -23.32  80  1161     0  6.9
  3  1593 J8   735  3582 J8  2717   761 J8   381  3057 16066  5.4  4.0  0.33  0.07 -19.88 -26.57 -23.02 -22.47  77  1288     0  5.1
  4  3092 J8  1058  3519 J8  2472  1859 J8   436  6496 22552  7.4  6.2  0.62  0.08  -9.61 -16.86 -12.79 -12.37  85   947     0  5.2
  5  3797 J8  1737  3041 J8  3644  2559 J8   600  9982 30641  8.3  7.6  0.85  0.08  -4.85  -8.94  -6.81  -6.77  89   782     0  5.7
  6  4526 J8  2275  4883 J8  5185  2351 J8   571 11840 31778  7.3  6.5  1.22  0.08   2.89  -0.99   0.96   0.96  90   521     0  6.6
  7  3930 J8  1920  4130 J8  4465  2142 J8   554 10833 31744  8.3  6.9  1.65  0.07   8.01   2.88   5.36   5.36  89   399     0  5.3
  8  2351 J8  1098  1922 J8  2309  1620 J8   476  7588 24867  9.1  8.3  1.71  0.05   8.45   3.53   5.85   6.10  94   383     0  5.8
  9  1026 J8   544   801 J8  1583   810 J8   164  4091 17938  9.4  9.1  1.26  0.04   5.26   0.88   3.01   3.40  91   458     0  5.2
 10   457 J8   294   355 J8   602   408 J8   222  1331 11614  9.7  8.8  0.56  0.02  -3.59  -6.76  -5.04  -4.90  88   729     0  7.5
 11    26 J8    46   121 J9   241    23 J8    41    83  2918  8.9  7.9  0.56  0.02  -9.20 -14.10 -11.40  -6.74  90   899     0  5.8
 12     0 I0     0     0 I0     0     0 I0     0     0     0  5.4  4.1  0.31  0.02 -19.15 -26.12 -22.72   0.00  80  1270     0  5.3
 13  1758 J8  1712  1951 J8  1786  1061 J8   985  4670 16703  7.4  6.4  0.81  0.05  -7.07 -12.49  -9.70  -5.55  86 10239     0  5.8
